15.960
13.259
16.717
15.776
18.674
17.211
16.011
22.323
17.620
22.464
16.189
16.291
17.020
15.632
16.564
16.116
18.504
17.951
17.109
17.759
15.941
18.066
16.566
16.726
14.959
15.845
17.022
15.820
17.979
16.196
14.249
15.463
15.178
17.219
15.794
15.324
15.935
17.148
15.170
14.471
16.061
13.850
15.581
16.861
17.282
18.948
16.848
16.198
16.988
16.139
18.550
16.541
16.010
16.027
27.808
15.748
16.170
16.782
17.078
19.102
16.163
60.212
23.238
31.808
21.729
16.715
15.590
15.226
21.268
15.424
25.900
23.580
18.306
20.021
18.204
17.322
17.649
16.960
15.832
16.126
16.376
15.305
17.781
17.020
45.565
4.531
17.331
17.648
16.708
16.021
15.859
15.188
17.094
16.595
17.208
15.751
18.875
18.444
14.073
17.757
16.187
15.103
16.040
16.503
15.973
14.160
14.526
14.315
15.823
15.834
16.074
16.252
19.666
17.389
17.619
16.416
15.900
16.474
16.261
15.796
15.671
15.711
16.709
17.178
16.180
17.672
13.968
16.678
16.296
16.288
15.973
15.470
15.312
15.881
16.445
19.172
19.891
15.708
15.466
17.303
16.656
15.174
15.526
15.097
14.453
15.180
15.467
15.854
15.868
17.524
16.490
14.584
16.102
15.606
15.456
15.355
15.439
15.830
14.993
15.047
14.729
25.077
18.097
16.749
15.988
16.970
15.287
14.994
14.896
2.360
15.305
15.177
15.063
15.364
16.192
17.164
17.301
17.429
18.089
17.996
17.854
15.846
15.196
15.713
16.229
