13.025
10.642
14.372
13.733
14.560
13.202
13.052
13.840
13.198
12.294
14.875
14.073
12.794
13.785
13.234
13.468
13.767
15.783
14.863
14.649
13.157
12.766
12.254
12.222
12.891
13.466
14.038
13.033
12.235
15.359
13.474
12.970
13.563
12.306
12.313
13.255
12.443
12.772
12.788
15.684
12.299
11.630
11.799
12.633
12.854
14.008
76.549
13.084
31.108
14.952
13.682
12.448
14.195
13.342
14.835
13.301
12.871
12.321
11.953
11.844
12.024
13.646
12.273
13.890
12.493
19.856
12.908
12.685
12.785
12.177
13.414
11.915
11.311
12.015
14.435
13.636
13.081
12.769
12.604
12.913
13.063
12.236
12.216
12.497
12.319
14.339
12.984
12.062
14.747
14.476
14.020
13.288
12.817
12.610
12.473
12.552
12.461
9.589
12.640
12.282
15.057
14.028
11.355
11.907
12.373
12.348
12.582
12.633
13.340
11.716
11.772
11.409
12.742
13.317
13.080
12.440
15.784
12.606
12.679
11.977
13.216
12.782
12.684
12.488
13.717
12.224
14.562
14.941
13.392
13.018
13.205
13.212
12.873
12.766
12.877
12.602
12.398
12.486
13.258
13.164
13.481
12.800
12.662
12.253
12.330
12.575
12.459
11.639
12.333
12.216
13.037
12.385
12.680
13.277
14.335
12.312
12.603
12.321
12.025
13.033
12.656
13.102
11.970
12.272
11.793
13.186
13.076
13.593
13.008
13.193
12.839
12.283
13.215
12.611
12.805
12.559
13.278
13.118
12.301
13.501
14.223
15.140
13.723
13.442
15.058
16.080
12.336
12.171
13.110
12.728
