126120331
126148384
126179252
126204112
126225033
126250460
126275666
126301006
126326225
126350664
126351659
126377462
126402639
126406893
126406913
126409600
126409602
126409605
126409611
126429008
126444280
126469924
126494978
126520194
126545335
126570773
126596908
126626812
126627289
126652649
126678532
126705822
126724129
126749445
126776280
126804468
126827824
126840330
126850300
126850322
126868251
126896705
126924833
126950890
126976199
127003094
127028832
127050894
127055245
127083388
127108504
127128060
127136853
127159870
127194850
127223683
127251607
127277298
127304576
127330066
127357203
127383360
127410811
127435963
127461978
127476378
127485341
127489989
127516362
127541786
127569350
127597955
127625311
127651270
127676776
127702113
127727174
127742666
127742785
127746608
127767380
127793781
127819598
127830853
127848787
127849351
127874274
127902789
127933236
127950739
127961419
127987877
128013496
128037714
128062853
128063267
128078966
128079000
128102355
128127180
128153592
128179512
128205057
128233832
128259804
128284399
