13.272
13.845
14.314
13.563
12.985
13.870
15.128
13.542
13.953
12.949
14.008
15.156
14.320
13.592
12.246
13.199
13.864
13.592
12.793
14.748
13.304
15.445
14.060
13.257
13.192
15.987
13.148
13.593
13.247
14.733
18.976
28.657
15.957
15.142
14.504
25.201
13.679
14.190
14.648
16.475
13.440
13.421
14.041
14.482
13.548
13.581
35.618
14.489
15.477
14.372
14.078
16.242
14.165
15.166
13.847
14.824
14.944
15.219
14.141
14.987
12.946
12.983
13.902
14.027
13.266
13.140
13.858
13.915
14.601
14.612
17.878
13.887
13.724
12.792
12.630
12.886
14.631
13.305
13.282
12.658
17.279
14.360
14.539
14.592
22.019
21.792
23.401
21.082
23.210
24.017
24.552
3.379
23.067
17.437
12.819
6.221
22.499
13.400
13.292
18.621
22.082
