51.767
46.905
52.583
52.969
47.826
48.521
50.786
49.826
51.925
52.696
47.367
52.197
47.709
53.461
54.054
51.219
48.168
48.699
49.589
52.934
50.587
52.390
54.261
55.049
51.877
53.041
49.948
57.914
53.949
50.178
52.132
65.522
61.956
49.493
55.735
53.395
53.944
54.870
53.635
52.571
50.635
46.964
47.941
53.460
48.489
54.513
54.444
49.481
55.581
58.147
54.322
56.182
50.954
46.248
55.423
55.482
54.558
51.645
47.179
50.979
53.976
48.892
50.026
50.139
54.120
51.157
54.297
50.776
49.199
48.398
51.896
56.505
50.066
49.650
47.430
49.479
56.718
51.646
50.251
51.697
59.250
56.190
57.221
57.919
56.544
61.982
59.556
53.940
55.987
52.612
56.246
49.920
51.350
49.517
51.518
