15.020
15.659
15.138
20.392
14.138
15.957
15.124
16.739
16.538
16.365
1.484
16.585
16.697
15.745
13.467
15.327
13.714
16.771
16.538
15.980
17.472
15.095
14.975
16.737
15.118
16.858
16.021
15.150
15.821
17.524
20.956
16.911
14.810
21.460
27.644
29.653
17.522
15.593
17.229
14.653
15.371
14.919
15.384
14.143
14.713
13.023
16.169
14.009
15.539
14.199
15.236
17.413
15.677
16.750
15.033
31.874
16.611
16.108
18.217
16.953
16.482
14.928
16.109
17.935
15.589
15.572
14.484
16.102
16.440
17.948
14.859
14.918
15.628
10.885
12.830
11.313
11.531
12.166
15.538
15.340
12.302
10.766
21.722
23.118
20.167
23.486
22.061
23.292
21.239
16.975
13.261
21.876
13.714
16.732
17.326
16.735
