13.249
13.478
13.320
10.959
15.403
41.399
16.890
9.785
2.003
2.836
15.465
20.708
14.298
17.085
36.764
15.685
14.362
14.895
13.511
14.433
13.948
13.752
15.260
16.051
14.828
14.318
15.785
14.023
13.389
13.647
14.809
15.951
14.098
14.385
17.734
14.438
11.582
10.561
15.294
17.042
17.270
20.249
15.593
17.416
14.532
14.482
21.283
14.283
15.573
14.881
15.447
13.616
15.897
16.327
15.735
17.649
13.871
15.905
14.083
13.999
13.498
14.862
16.538
15.282
14.538
18.619
14.591
14.243
13.767
15.588
14.123
14.904
14.218
13.417
14.122
16.998
14.492
15.108
19.699
14.462
14.366
15.989
15.846
15.582
16.688
14.948
16.085
17.949
14.064
16.089
16.123
18.808
16.030
15.928
14.418
14.505
15.079
14.907
14.644
14.736
14.204
13.818
14.281
14.993
15.860
14.865
1.915
14.835
17.147
23.171
15.778
15.106
14.456
14.875
15.033
19.716
14.026
15.577
15.008
16.125
16.164
15.945
1.484
15.869
16.161
15.042
13.066
14.422
13.380
16.111
15.678
15.244
16.587
14.670
14.619
16.349
14.732
15.752
15.364
14.827
15.025
16.657
20.701
16.657
14.495
21.390
28.131
29.273
17.371
15.428
17.003
14.505
