15.874
15.879
15.720
16.674
19.078
17.792
22.221
16.150
20.868
18.288
16.750
17.026
15.873
16.096
15.329
17.207
17.620
18.152
17.823
17.755
18.515
18.693
18.472
16.420
16.244
18.140
17.035
17.521
18.174
17.525
19.120
18.758
20.117
19.483
20.138
16.081
18.520
19.554
16.306
16.148
16.241
18.082
16.616
18.231
18.683
19.012
18.438
17.327
16.336
16.467
16.121
16.895
17.236
19.171
17.356
18.848
17.830
22.733
17.898
17.161
16.397
17.172
16.434
16.848
16.752
16.874
17.196
17.736
16.281
17.561
18.891
16.416
17.412
17.285
17.792
16.891
15.750
16.455
15.701
18.345
17.269
15.892
18.236
16.782
18.271
16.336
17.101
15.633
15.829
16.700
15.826
17.416
15.711
19.859
16.906
16.250
17.271
16.810
21.625
17.554
18.353
17.114
17.677
16.258
17.465
17.219
17.225
16.607
16.070
17.918
17.907
18.585
17.398
15.886
16.939
17.164
19.786
17.147
17.387
16.155
15.234
15.136
15.934
17.738
18.135
17.039
17.061
17.475
18.344
17.195
18.035
16.015
17.058
15.599
17.843
20.008
17.428
17.794
18.675
16.787
