52.611
52.473
53.890
56.172
54.061
55.972
50.602
53.096
51.810
51.636
49.590
50.914
52.020
50.077
50.016
56.009
55.242
55.042
54.304
53.803
56.730
53.539
54.385
55.575
54.663
55.995
55.964
57.990
51.513
52.171
53.589
17.827
52.365
52.777
49.470
55.317
54.301
52.699
50.239
52.120
55.166
51.586
50.435
53.531
47.978
52.263
54.077
51.333
53.449
54.634
55.747
56.186
53.804
58.990
58.159
61.573
61.096
54.200
55.305
49.879
52.847
57.123
57.623
54.176
53.160
56.140
49.832
54.547
54.421
55.993
54.545
55.040
56.843
54.335
51.958
48.145
49.485
51.130
51.342
45.237
48.532
51.006
51.553
55.235
49.571
52.895
55.649
53.251
53.713
54.850
53.280
54.356
53.169
49.165
53.009
49.996
52.900
51.734
50.076
51.768
52.777
48.294
45.856
50.911
52.347
47.062
53.087
53.369
48.551
49.249
49.684
48.820
50.447
51.857
46.289
51.101
46.077
51.872
53.036
49.794
47.147
47.643
49.628
53.489
51.002
53.018
54.751
55.608
52.275
51.565
48.454
56.521
53.179
49.152
51.080
67.969
62.696
49.820
56.993
54.296
54.862
55.575
