94611464
94611471
94611475
94611483
94611510
94611521
94611753
94611769
94611944
94611950
94611990
94611998
94612001
94612007
94612009
94612014
94612017
94612031
94612220
94617045
94617064
94617067
94617077
94617078
94617084
94617232
94617247
94617264
94617498
94617506
94617592
94617604
94617614
94617623
94617625
94617634
94617640
94617645
94621321
94621557
94621650
94621653
94621661
94621669
94621681
94621683
94621689
94621700
94621707
94621798
94622051
94622066
94622206
94622227
94622246
94622272
94622293
94625394
94625402
94625508
94625757
94625907
94625935
94625955
94625972
94625991
94626015
94626026
94626071
94626311
94626329
94626526
94626569
94626576
94626581
94626586
94631728
94631768
94632002
94632019
94632237
94632286
94632295
94632297
94632304
94632309
94632314
94632318
94632325
94632329
94632486
94632728
94632826
94632828
94632837
94635616
94635619
94635726
94635974
94636108
94636123
94636144
94636164
94636185
94636202
94636219
94636221
94636264
94636276
94636521
94636536
94636711
94636769
94636792
94639684
94639686
94639687
94639710
94639730
94639733
94639735
94639758
94639848
94640096
94640255
94640275
94640283
94640287
94640293
94640299
94640306
94640307
94640332
94643294
94643299
94643473
94643700
94643800
94643805
94643809
94643812
94643815
94643820
94643825
94643900
94644144
94644157
94644169
94644314
94644330
94644334
94644338
94647344
94647352
94647362
94647475
94647726
94647857
94647884
94647898
94647904
94647912
94647919
94647920
94647921
94647923
94647929
94647986
94648248
94648416
94648461
94651178
94651390
94651450
94651455
94651456
94651457
94651461
94651466
94651472
94651476
94651486
94651632
94651648
94651880
94651986
94651995
94652001
94652008
94652020
94655085
94655118
94655326
94655537
94655602
94655614
94655628
94655644
94655662
94655664
94655670
94655680
94655860
94656083
94656161
94656171
94656176
94656177
94656178
94658500
94658514
94658752
94658763
94658861
94658863
94658882
94658885
94658908
94658914
94658915
94658919
94658926
94658932
94659046
94659059
94659075
94659310
94659428
94661685
94661686
94661692
94661769
94661782
94662029
94662185
94662220
94662234
94662241
94662243
94662244
94662249
94662253
94662257
94662295
94662305
94662544
94662560
94664923
94664927
94664930
94664931
94664960
94665173
94665376
94665441
94665455
94665457
94665458
94665469
94665472
94665478
94665481
94665486
94665639
94665870
94665884
94668251
94668258
94668265
94668267
94668268
94668277
94668437
94668670
94668788
94668810
94668813
94668827
94668833
94668840
94668848
94668851
94668933
94669174
94669325
95073237
95073328
95073346
95073352
95073353
95073354
95073410
95073656
95073823
95073856
95073857
95073867
95073873
95073878
95073884
95073885
95073892
95073908
95074108
95074324
95078173
95078180
95078187
95078191
95078197
95078219
95078226
95078448
95078652
95078703
95078712
95078718
95078724
95078831
95078838
95078856
95079000
95079248
95079264
95079373
95082530
95082544
95082564
95082806
95082944
95082951
95082953
95082954
95083016
95083081
95083085
95083098
95083126
95083137
95083146
95083212
95083460
95083622
95083658
95083668
95086335
95086345
95086595
95086744
95086768
95086772
95086780
95086791
95086793
95086795
95086800
95086802
95086804
95086852
95087089
95087253
95087305
95087306
95087309
95090038
95090042
95090043
95090050
95090052
95090058
95090064
95090175
95090425
95090561
95090565
95090579
95090580
95090591
95090592
95090603
95090607
95090615
95090620
95090690
95093747
95093835
95093836
95093843
95093844
95093847
95093852
95093853
95093856
95093861
95093864
95093866
95093867
95094023
95094261
95094358
95094367
95094368
95094372
95097383
95097392
95097430
95097518
95097522
95097733
95097949
95097956
95098016
95098027
95098028
95098034
95098040
95098046
95098051
95098059
95098064
95098068
95098078
95098289
95101390
95101531
95101535
95101540
95101552
95101557
95101560
95101566
95101568
95101573
95101616
95101844
95102019
95102024
95102083
95102096
95102112
95102125
95102127
95105021
95105168
95105212
95105221
95105223
95105230
95105237
95105249
95105254
95105281
95105285
95105523
95105550
95105742
95105799
95105824
95105838
95105839
95105947
95105954
95108938
95108942
95108949
95108951
95109039
95109051
95109297
95109438
95109467
95109487
95109488
95109506
95109517
95109525
95109526
95109535
95109671
95109902
95109919
95110095
95112678
95112684
95112690
95112725
95112950
95112969
95113151
95113202
95113259
95113318
95113327
95113343
95113362
95113377
95113535
95113766
95113876
95113878
95113890
95113891
95116631
95116647
95116654
95116659
95116663
95116670
95116693
95116698
95116704
95116924
95117125
95117178
95117179
95117186
95117191
95117196
95117201
95117209
95117213
95117363
95119997
95119999
95120004
95120184
95120198
95120424
95120500
95120506
95120510
95120515
95120519
95120522
95120528
95120610
95120853
95120868
95121005
95121029
95121034
95121036
95123709
95123714
95123715
95123720
95123870
95123883
95124124
95124137
95124145
95124222
95124232
95124239
95124240
95124245
95124255
95124259
95124261
95124271
95124423
95124657
95233377
95233607
95233696
95233700
95236669
95236670
95236777
95236783
95236790
95236797
95236927
95237174
95237187
95237296
95237299
95237307
95237315
95237320
95237326
95237331
95237337
95237396
95237641
95240326
95240327
95240380
95240390
95240518
95240530
95240779
95240938
95240963
95240977
95240986
95240987
95241001
95241008
95241010
95241016
95241083
95241335
95241345
95241505
95244656
95244658
95244664
95244671
95244676
95244682
95244689
95244773
95245035
95245045
95245066
95245203
95245207
95245211
95245223
95245240
95245254
95245258
95245278
95245294
95248218
95248219
95248225
95248328
95248333
95248334
95248381
95248392
95248403
95248646
95248653
95248808
95248846
95248855
95248859
95248863
95248872
95248879
95248905
95249122
95406476
95406479
95406502
95406507
95406509
95406510
95406515
95406519
95406524
95406531
95406590
95406834
95406844
95407011
95407045
95407060
95407066
95407067
95407172
95407177
95410261
95410508
95410657
95410682
95410694
95410697
95410701
95410707
95410709
95410710
95410714
95410847
95411064
95411083
95411272
95411320
95411324
95411327
95411334
95411340
95414460
95414519
95414530
95414785
95414945
95414983
95414994
95415006
95415014
95415016
95415029
95415032
95415041
95415042
95415082
95415303
95415323
95415517
95415573
95415584
95418748
95418753
95418757
95418760
95418764
95418847
95419091
95419235
95419241
95419262
95419267
95419271
95419273
95419276
95419278
95419305
95419528
95419551
95419738
95419893
95422565
95422789
95422800
95422893
95422896
95422897
95422907
95422914
95422919
95422920
95422929
95422940
95422948
95423080
95423323
95423446
95423487
95423507
95423509
95423517
95426507
95426515
95426516
95426526
95426709
95426933
95426944
95427026
95427036
95427043
95427051
95427056
95427057
95427065
95427070
95427071
95427201
95427463
95427595
95427615
95430587
95430651
95430661
95430672
95430697
95430722
95430734
95430735
95430736
95430756
95430981
95431213
95431297
95431315
95431334
95431354
95431362
95431363
95431373
95431378
95434674
95434688
95434697
95434698
95434705
95434706
95434711
95434714
95434761
95434775
95435022
95435185
95435227
95435233
95435243
95435250
95435254
95435258
95435272
95435280
95438339
95438583
95438710
95438717
95438732
95438836
95438840
95438864
95438865
95438866
95438873
95438876
95438939
95439183
95439343
95439386
95439387
95439400
95439406
95439407
95442361
95442366
95442377
95442392
95442510
95442760
95442891
95442914
95442921
95443004
95443032
95443040
95443048
95443102
95443356
95443535
95443583
95443594
95443600
95443608
95446615
95446620
95446725
95446743
95446958
95447166
95447170
95447174
95447182
95447187
95447229
95447238
95447242
95447243
95447248
95447253
95447257
95447266
95447273
95447468
95555911
95556143
95556332
95556392
95556400
95556406
95556411
95556418
95556425
95556432
95556585
95556831
95556943
95556958
95556967
95557009
95557082
95557083
95557091
95557097
95560089
95560121
95560346
95560536
95560588
95560591
95560598
95560602
95560606
95560614
95560619
95560721
95560726
95560902
95561135
95561210
95561215
95561216
95561220
95561225
95564322
95564350
95564568
95564774
95564829
95564839
95564844
95564854
95564860
95564868
95564872
95565004
95565017
95565257
95565380
95565394
95565411
95565420
95565426
95565430
95568473
95568479
95568480
95568481
95568487
95568488
95568515
95568738
95568938
95569000
95569006
95569010
95569011
95569013
95569020
95569027
95569032
95569040
95569198
95569439
95572449
95572450
95572452
95572461
95572473
95572474
95572484
95572493
95572501
95572502
95572535
95572760
95572963
95573027
95573037
95573047
95573048
95573062
95573072
95573080
95576153
95576359
95576431
95576432
95576442
95576451
95576474
95576486
95576496
95576501
95576675
95576904
95577024
95577048
95577059
95577068
95577075
95577093
95577102
95577160
95580401
95580484
95580495
95580497
95580498
95580499
95580507
95580508
95580509
95580510
95580515
95580522
95580533
95580543
95580726
95580966
95581051
95581060
95581061
95583750
95583756
95583765
95583770
95583791
95583797
95584008
95584211
95584276
95584277
95584284
95584289
95584295
95584299
95584306
95584310
95584451
95584688
95584811
95584816
95587262
95587503
95587630
95587641
95587647
95587655
95587658
95587659
95587666
95587669
95587734
95587980
95588134
95588140
95588173
95588182
95588183
95588185
95590896
95590900
95590903
95590904
95590905
95590906
95590912
95590923
95591109
95591342
95591431
95591444
95591445
95591452
95591460
95591461
95591470
95591480
95591493
95591601
95594629
95594649
95594824
95594876
95594879
95594884
95594889
95594899
95594905
95594914
95594924
95595100
95595122
95595343
95595420
95595430
95595431
95595438
95595443
95595451
95598886
95598892
95598902
95598959
95599200
95599380
95599428
95599441
95599452
95599463
95599464
95599465
95599466
95599474
95599482
95599514
95599519
95599746
95599761
95599957
95602741
95602747
95602751
95602760
95602761
95602762
95602770
95602838
95602851
95603099
95603249
95603269
95603270
95603275
95603280
95603284
95603290
95603293
95603318
95603325
95606717
95607334
95607338
95607853
95607858
95607866
95607873
95607879
95607881
95607884
95607887
95607897
95608085
95608101
95608321
95608333
95608401
95608409
95608417
95608420
95608428
95610839
95610842
95610852
95610868
95610954
95611201
95611358
95611385
95611391
95611397
95611399
95611411
95611428
95611434
95611435
95611489
95611718
95611921
95611980
95612002
95619265
95619386
95619415
95619416
95619533
95619534
95619665
95619666
95619789
95620041
95620401
95620407
95620419
95620650
95620820
95620900
95620901
95620905
95620909
95620910
96248074
96248256
96248684
96248837
96248962
96248972
96248983
96248992
96248993
96248994
96249007
96249018
96249044
96249287
96249505
96249570
96249572
96249586
96249588
96249600
96252376
96252608
96252838
96252910
96252929
96252949
96252970
96252989
96253008
96253021
96253165
96253466
96253600
96253624
96253647
96253667
96253686
96253706
96253724
96253778
96257337
96257353
96257366
96257377
96257391
96257514
96257529
96257541
96257558
96257572
96257588
96257604
96257692
96257949
96258111
96258147
96258167
96258182
96258184
96258199
96261645
96261746
96261784
96261801
96261803
96261820
96261835
96261854
96262041
96262059
96262302
96262392
96262419
96262450
96262476
96262512
96262515
96262539
96262567
96262702
96266654
96266704
96266879
96267159
96267176
96267359
96267366
96267427
96267449
96267498
96267514
96267516
96267551
96267589
96267637
96267644
96267895
96268120
96268203
96268206
96271259
96271299
96271537
96271554
96271576
96271762
96271815
96271832
96271850
96271866
96271881
96271897
96271914
96272102
96272124
96272363
96272449
96272467
96272469
96275508
96275710
96275948
96276029
96276042
96276044
96276046
96276048
96276064
96276082
96276098
96276099
96276116
96276133
96276303
96276320
96276340
96276589
96276679
96276710
96280304
96280407
96280410
96280429
96280431
96280448
96280468
96280487
96280505
96280526
96280647
96280908
96281048
96281054
96281078
96281097
96281117
96281136
96281153
96284191
96284270
96284281
96284282
96284297
96284306
96284313
96284321
96284329
96284427
96284683
96284826
96284852
96284870
96284871
96284893
96284917
96284929
96284939
96284976
96287929
96288170
96288184
96288193
96288269
96288270
96288276
96288281
96288287
96288293
96288296
96288300
96288404
96288655
96288785
96288791
96288793
96291419
96291577
96291585
96291627
96291645
96291666
96291681
96291682
96291693
96291711
96291752
96291980
96291997
96292012
96292197
96292250
96292264
96292265
96292273
96292287
96295091
96295094
96295106
96295122
96295124
96295125
96295126
96295147
96295334
96295353
96295578
96295652
96295658
96295668
96295677
96295686
96295694
96295704
96295705
96295832
96299534
96299546
96299733
96299767
96299770
96299799
96299807
96299845
96299849
96299850
96299890
96299918
96300163
96300185
96300383
96300449
96300469
96300502
96300516
96300549
96302953
96302988
96302992
96303125
96303144
96303156
96303414
96303502
96303509
96303510
96303514
96303526
96303527
96303538
96303545
96303547
96303549
96430816
96430826
96430841
96430863
96430871
96430879
96430951
96431198
96431367
96431501
96431515
96431516
96431528
96431541
96431553
96431561
96431562
96431586
96431794
96432012
96435264
96435270
96435448
96435462
96435692
96435767
96435768
96435775
96435777
96435780
96435781
96435787
96435791
96435794
96435797
96435936
96436182
96436339
96436393
96438823
96438936
96439176
96439192
96439210
96439218
96439324
96439334
96439341
96439342
96439343
96439351
96439356
96439362
96439369
96439449
96439698
96439708
96439717
96442272
96442276
96442281
96442285
96442290
96442393
96442394
96442397
96442400
96442520
96442760
96442773
96442892
96442905
96442909
96442912
96442914
96442917
96442920
96442927
96446013
96446026
96446030
96446229
96446453
96446529
96446545
96446546
96446551
96446557
96446561
96446562
96446563
96446571
96446578
96446718
96446980
96447089
96447099
96450086
96450094
96450097
96450102
96450103
96450107
96450118
96450296
96450531
96450611
96450612
96450623
96450628
96450631
96450632
96450636
96450641
96450642
96450643
96450646
96453945
96454017
96454028
96454029
96454037
96454049
96454051
96454061
96454068
96454069
96454081
96454090
96454094
96454325
96454557
96454632
96454646
96454659
96454661
96457501
96457511
96457521
96457551
96457765
96458002
96458062
96458068
96458079
96458080
96458081
96458086
96458093
96458098
96458111
96458264
96458280
96458297
96458311
96458545
96461727
96461728
96461740
96461762
96461840
96461851
96461856
96461857
96461862
96461906
96461918
96462152
96462166
96462325
96462374
96462375
96462376
96462384
96462389
96462392
96465089
96465256
96465264
96465299
96465300
96465304
96465307
96465310
96465311
96465314
96465317
96465318
96465343
96465563
96465769
96465772
96465780
96465788
96465832
96465835
96468436
96468677
96468878
96468937
96468941
96468951
96468957
96468967
96468974
96468978
96469104
96469341
96469467
96469597
96469598
96469608
96469613
96469616
96469620
96469621
96472590
96472596
96472605
96472620
96472805
96473024
96473116
96473119
96473126
96473133
96473134
96473174
96473249
96473256
96473261
96473365
96473381
96473396
96473647
96473769
96476949
96476954
96476955
96476956
96476964
96476971
96476972
96476977
96476990
96477172
96477405
96477471
96477472
96477473
96477474
96477478
96477480
96477483
96477484
96799483
96799694
96799746
96799751
96799788
96800014
96800035
96800162
96800269
96800301
96800316
96800321
96800323
96800332
96800348
96800372
96800376
96800583
96800728
96800737
96804008
96804009
96804011
96804073
96804086
96804088
96804096
96804097
96804101
96804107
96804113
96804237
96804460
96804568
96804574
96804576
96804647
96804651
96804657
96804691
96807935
96807940
96807989
96808023
96808036
96808037
96808045
96808056
96808057
96808119
96808369
96808480
96808569
96808574
96808577
96808610
96808661
96808735
96808741
96808742
96812050
96812070
96812178
96812403
96812409
96812529
96812595
96812611
96812623
96812648
96812663
96812676
96812745
96812750
96812804
96813042
96813179
96813253
96813284
96813291
96816406
96816459
96816480
96816481
96816489
96816490
96816496
96816498
96816505
96816514
96816638
96816845
96816853
96816961
96817030
96817032
96817049
96817055
96817060
96820112
96820119
96820125
96820130
96820132
96820169
96820399
96820420
96820579
96820648
96820671
96820677
96820682
96820787
96820796
96820798
96820818
96823798
96823802
96823957
96823974
96824214
96824297
96824304
96824312
96824316
96824317
96824322
96824326
96824331
96824410
96824650
96824797
96824801
96824829
96824834
96824839
96827879
96827884
96827889
96827899
96828062
96828292
96828403
96828512
96828518
96828527
96828531
96828537
96828543
96828619
96828869
96829026
96829059
96829067
96829076
96829077
96831505
96831510
96831514
96831652
96831890
96832011
96832020
96832024
96832028
96832132
96832135
96832141
96832145
96832195
96832211
96832466
96832616
96832650
96835188
96835438
96835455
96835625
96835642
96835649
96835751
96835753
96835762
96835775
96835781
96835794
96835795
96835830
96836054
96836265
96836327
96836337
96836342
96836346
96838887
96838931
96839164
96839351
96839396
96839403
96839404
96839405
96839412
96839424
96839533
96839534
96839548
96839568
96839770
96840004
96840073
96840079
96840094
96840098
96843159
96843166
96843168
96843183
96843192
96843199
96843270
96843516
96843686
96843726
96843727
96843739
96843749
96843756
96843763
96843770
96843789
96843985
96844211
96844223
96847026
96847182
96847198
96847199
96847200
96847209
96847210
96847214
96847215
96847216
96847217
96847221
96847228
96847231
96847313
96847557
96847709
96847712
96847735
96847736
96850929
96850935
96850949
96850955
96850958
96851134
96851358
96851371
96851380
96851459
96851462
96851486
96851496
96851511
96851521
96851527
96967161
96967164
96967209
96967210
96967215
96967220
96967226
96967231
96967233
96967234
96967252
96967258
96967466
96967698
96967766
96967779
96967785
96967790
96967803
96967810
96970536
96970543
96970546
96970675
96970934
96971087
96971103
96971111
96971121
96971130
96971132
96971138
96971148
96971209
96971447
96971611
96971675
96971688
96974466
96974475
96974483
96974490
96974497
96974505
96974689
96974925
96975013
96975021
96975023
96975035
96975042
96975048
96975056
96975065
96975162
96975409
96975427
96975567
96978296
96978443
96978467
96978481
96978486
96978495
96978501
96978502
96978507
96978553
96978788
96978967
96978974
96978986
96979009
96979010
96979016
96979020
96979021
96979025
96982866
96982886
96983129
96983271
96983289
96983296
96983297
96983302
96983307
96983313
96983319
96983375
96983621
96983781
96983835
96983843
96983850
96983851
96983861
96983866
96986533
96986535
96986538
96986539
96986542
96986543
96986573
96986796
96986988
96987034
96987036
96987039
96987042
96987047
96987052
96987054
96987210
96987489
96987587
96987593
96990481
96990488
96990492
96990499
96990503
96990672
96990919
96991026
96991033
96991036
96991043
96991051
96991052
96991056
96991060
96991061
96991157
96994262
96994264
96994268
96994273
96994278
96994289
96994468
96994700
96994709
96994784
96994785
96994793
96994797
96994798
96994802
96994807
96994810
96994817
96994967
96995214
96998209
96998210
96998217
96998218
96998223
96998225
96998231
96998238
96998245
96998246
96998331
96998577
96998734
96998752
96998757
96998760
96998764
96998769
96998771
97001644
97001653
97001664
97001674
97001739
97002008
97002188
97002230
97002231
97002241
97002246
97002257
97002264
97002265
97002279
97002280
97002281
97002321
97002332
97002569
97005689
97005691
97005698
97005706
97005708
97005712
97005718
97005723
97005784
97006028
97006040
97006201
97006215
97006225
97006226
97006227
97006234
97006235
97006239
97008947
97008954
97008981
97009197
97009400
97009461
97009468
97009472
97009473
97009480
97009481
97009482
97009483
97009489
97009490
97009494
97009512
97009724
97009933
97009997
97012156
97012161
97012164
97012166
97012170
97012311
97012337
97012356
97012582
97012667
97012671
97012672
97012676
97012679
97012681
97012685
97012690
97012693
97012825
97014233
97014242
97014314
97014558
97014706
97015705
97015815
97017536
97017540
97017640
97017892
97018029
97018060
97018070
97018074
97018081
97018088
97018094
97018120
97018127
97018353
97018367
97018547
97018591
97018595
97018602
