14.070
13.555
12.827
13.973
15.313
13.755
14.809
14.334
14.332
13.613
13.138
13.651
13.349
13.910
13.273
12.362
12.990
14.565
14.825
13.443
13.242
12.878
17.805
14.607
15.538
13.425
13.149
13.755
14.150
13.386
12.806
13.736
14.908
13.453
13.869
12.796
13.814
14.965
14.129
13.481
12.140
13.088
13.723
13.486
12.698
14.595
13.240
15.445
13.915
13.116
13.069
15.720
12.905
13.410
13.105
14.570
18.756
28.657
15.790
14.984
14.436
25.129
13.543
14.074
14.512
13.792
13.158
13.229
13.760
14.354
13.340
13.475
35.618
14.356
15.310
14.220
13.918
16.171
13.482
15.014
13.699
14.738
14.799
15.102
14.161
14.937
12.875
12.826
13.800
13.905
13.162
13.066
13.790
13.681
14.465
14.448
17.718
13.741
13.583
12.650
12.495
12.755
14.508
13.199
13.219
