50.809
49.154
48.137
50.013
48.781
44.602
47.748
49.447
50.224
53.659
48.023
50.902
54.848
51.998
52.371
53.544
51.550
53.142
51.453
48.016
53.399
50.471
54.108
53.340
50.947
52.178
53.135
49.002
46.462
51.967
51.346
46.500
52.150
52.603
47.635
48.482
50.855
49.540
51.579
52.334
47.084
52.257
47.775
53.144
53.689
50.930
47.864
48.763
49.290
52.602
50.279
52.046
53.938
54.712
51.941
52.719
49.609
57.550
53.598
49.891
52.215
65.599
62.033
49.226
55.456
53.086
51.250
54.838
53.218
52.153
50.227
46.617
47.572
53.016
48.066
54.064
54.364
49.075
55.112
57.650
53.721
55.698
50.532
46.003
55.342
55.403
54.088
51.098
46.718
50.497
53.839
48.758
49.395
49.641
53.676
50.804
53.930
50.416
48.860
48.041
51.453
56.061
49.680
49.276
