15.834
16.329
16.064
18.583
17.365
16.076
18.559
16.521
20.233
15.923
16.902
15.894
16.338
16.461
15.964
17.071
15.437
19.845
16.742
16.158
17.240
16.576
21.327
17.240
18.513
17.445
17.459
16.547
17.881
17.061
17.093
17.048
15.718
18.127
18.012
18.433
17.246
16.309
16.887
17.475
20.310
17.084
18.119
16.079
15.566
15.018
15.921
17.958
18.060
16.955
17.042
17.655
18.449
17.111
18.295
15.899
17.034
15.562
18.556
20.477
17.789
17.734
18.610
16.824
18.204
18.132
17.881
17.417
18.145
16.609
19.093
18.237
20.588
18.109
18.503
18.769
19.913
18.578
19.468
20.417
19.830
17.937
17.845
18.047
18.981
18.005
17.978
17.932
17.464
19.368
18.708
19.501
17.316
17.260
18.379
17.600
18.580
17.195
17.430
16.944
18.154
