12.143
12.488
14.033
12.643
14.252
12.741
11.479
14.461
13.309
16.286
15.728
14.991
13.211
14.332
15.428
20.410
14.357
15.313
12.997
14.103
13.591
12.551
11.982
12.563
13.110
14.083
14.920
13.237
12.510
11.512
11.531
13.454
15.358
13.578
13.846
14.330
13.715
13.323
13.404
13.795
16.010
13.426
14.857
13.439
13.040
12.608
13.020
13.719
12.776
12.550
12.415
13.130
13.893
13.030
12.578
12.624
13.745
13.038
13.229
13.167
11.495
13.041
14.279
11.857
11.932
13.556
13.355
12.818
13.577
16.271
33.706
6.276
12.337
14.021
13.001
14.274
12.426
12.129
15.908
12.257
1.448
14.246
12.611
16.397
13.362
13.360
147.366
13.119
20.813
13.400
12.608
13.045
14.172
13.613
14.642
12.297
19.413
14.261
