73.614
72.447
77.647
83.566
77.357
60.279
60.559
75.066
62.116
66.021
63.719
63.639
62.318
63.987
61.992
62.968
61.215
64.462
62.760
43.528
64.517
59.957
62.015
65.400
61.712
60.865
59.869
67.665
67.134
71.184
62.893
61.097
62.889
69.820
66.967
69.849
61.725
63.588
62.571
63.924
61.370
66.058
64.024
61.512
63.923
68.760
64.943
84.717
77.918
75.229
76.229
76.381
82.033
79.617
82.275
76.692
75.632
74.674
77.883
85.566
84.521
76.511
74.012
75.791
81.821
79.180
85.400
77.695
74.962
76.717
80.851
83.088
89.412
74.620
71.062
60.075
77.044
86.946
87.450
80.161
75.410
78.039
82.270
76.979
84.408
54.718
53.853
51.583
53.203
55.052
51.137
55.760
53.097
