13.774
11.922
13.374
13.038
14.660
13.757
14.929
11.807
13.498
13.532
12.011
12.897
13.915
12.701
15.007
14.105
15.122
16.308
13.698
16.163
15.928
14.917
13.532
13.560
15.023
15.040
14.517
14.202
14.780
14.702
12.848
16.109
14.439
15.563
15.593
14.792
14.840
15.352
15.806
13.923
13.884
13.255
14.202
17.695
14.930
14.483
15.240
13.547
13.310
49.371
14.406
13.646
14.452
14.831
13.984
16.039
14.199
13.505
13.665
13.215
16.707
16.450
12.641
13.314
12.537
13.963
13.647
14.017
13.949
13.536
14.518
12.993
15.454
16.571
12.988
15.242
13.316
1.237
13.884
12.608
13.972
1.885
14.025
12.879
13.966
14.168
15.577
8.175
11.568
6.591
18.250
13.473
13.704
148.258
13.811
13.621
13.376
12.425
12.532
12.198
14.935
14.316
14.098
13.365
13.116
