18.317
18.414
19.171
20.576
19.062
19.704
21.178
20.309
19.281
19.275
20.027
18.662
18.139
20.128
21.263
20.424
23.916
17.853
18.735
16.334
18.346
19.380
18.093
17.474
19.527
17.731
18.425
20.639
20.676
20.078
16.733
19.047
19.873
18.575
18.375
19.298
18.127
17.318
20.037
19.784
18.241
18.479
20.249
20.349
21.465
18.601
18.010
17.625
19.268
19.192
19.890
17.601
20.321
18.509
18.390
19.901
18.040
18.886
16.945
18.376
17.433
18.151
15.891
15.964
14.413
17.185
18.305
17.898
17.910
16.093
17.484
17.444
17.856
16.374
19.693
16.681
17.019
16.460
18.215
16.721
16.075
15.984
18.465
17.873
18.451
17.793
18.370
152.847
17.431
17.484
17.214
16.474
16.197
17.951
15.807
18.637
17.477
16.597
16.717
