86873710
86877934
86878988
86880985
86883523
86884071
86884103
86884232
86886276
86886461
86887322
86887325
86887328
86887331
86887334
86887337
86887342
86887378
86887412
86887415
86887418
86887421
86887424
86887427
86887430
86887553
86887601
86887604
86887607
86887610
86887613
86887616
86887619
86887622
86887636
86887788
86887791
86887794
86887797
86887800
86887803
86887806
86887809
86887845
86887902
86887905
86887909
86887912
86887915
86887918
86887921
86887924
86888062
86888109
86888112
86888115
86888118
86888121
86888124
86888127
86888130
86888171
86888337
86888340
86888343
86888346
86888350
86888353
86888356
86888359
86888362
86888390
86888393
86888396
86888399
86888402
86888406
86888409
86888433
86888436
86888439
86888555
86888558
86888561
86888564
86888567
86888570
86888573
86888580
86888592
86888595
86888635
86888641
86888645
86888650
86888655
86888660
86888665
86888879
86888882
86888930
86888933
86888936
86888939
86888942
86888945
86888948
86888987
86888990
86889149
86889152
86889155
86889159
86889162
86889165
86889168
86889199
86889211
86889214
86889246
86889280
86889283
86889286
86889289
86889292
86889295
86889298
86889437
86889440
86889458
86889461
86889464
86889467
86889470
86889473
86889476
86889506
86889509
86889626
86889629
86889632
86889635
86889638
86889641
86889644
86889675
86889678
86889741
86889744
86889747
86889750
86889753
86889756
86889759
86889886
86889889
86889894
86889898
86889933
86889936
86889939
86889942
86889945
86889948
86889951
86889999
86890004
86890010
86890175
86890178
86890181
86890185
86890188
86890191
86890194
86890242
86890245
86890418
86890424
86890430
86890435
86890441
86890446
86890452
86890514
86890517
86890549
86890552
86890555
86890558
86890561
86890564
86890567
86890701
86890704
86890741
86890744
86890747
86890750
86890753
86890756
86890759
86890774
86890777
86890925
86890928
86890931
86890934
86890937
86890940
86890943
86890977
86890980
86891028
86891031
86891034
86891037
86891040
86891043
86891046
86891199
86891202
86891309
86891312
86891315
86891318
86891321
86891324
86891327
86891376
86891379
86891382
86891601
86891604
86891607
86891610
86891613
86891616
86891619
86891647
86891650
86891653
86891728
86891731
86891734
86891738
86891741
86891745
86891748
86891878
86891881
86891884
86891954
86891957
86891960
86891963
86891966
86891969
86891972
86891994
86891997
86892000
86892211
86892214
86892217
86892220
86892223
86892226
86892229
86892268
86892271
86892274
86892373
86892376
86892380
86892383
86892386
86892389
86892392
86892525
86892528
86892531
86892632
86892635
86892638
86892641
86892644
86892647
86892650
86892696
86892699
86892702
86892712
86892925
86892928
86892931
86892934
86892937
86892940
86892972
86892975
86892978
86893087
86893096
86893099
86893102
86893105
86893108
86893111
86893114
86893117
86893120
86893136
86893280
86893283
86893286
86893289
86893417
86893420
86893423
86893427
86893430
86893512
86893519
86893528
86893538
86893716
86893719
86893722
86893725
86893755
86893758
86893761
86893764
86893866
86893869
86893872
86893875
86894078
86894081
86894084
86894087
86894131
86894134
86894137
86894140
86894206
86894209
86894212
86894216
86894415
86894418
86894421
86894424
86894524
86894527
86894530
86894533
86894611
86894614
86894618
86894621
86894820
86894823
86894826
86894829
86894889
86894892
86894895
86894898
86895048
86895051
86895054
86895058
86895221
86895224
86895227
86895230
86895321
86895324
86895327
86895330
86895384
86895387
86895391
86895394
86895582
86895585
86895588
86895591
86895637
86895640
86895643
86895646
86895801
86895806
86895812
86895817
86895823
86895918
86895921
86895925
86895928
86896033
86896036
86896040
86896043
86896046
86896197
86896204
86896210
86896215
86896343
86896346
86896349
86896352
86896355
86896437
86896440
86896446
86896449
86896698
86896703
86896706
86896709
86896712
86896804
86896808
86896811
86896814
86896932
86896935
86896938
86896941
86896944
86896973
86897091
86897094
86897097
86897100
86897193
86897196
86897199
86897203
86897206
86897244
86897247
86897250
86897253
86897273
86897473
86897476
86897479
86897482
86897485
86897506
86897509
86897512
86897515
86897616
86897619
86897622
86897625
86897628
86897632
86897786
86897789
86897792
86897795
86897920
86897923
86897926
86897929
86897932
86897935
86897998
86898001
86898004
86898008
86898262
86898265
86898268
86898271
86898274
86898278
86898332
86898335
86898338
86898343
86898489
86898492
86898495
86898498
86898501
86898666
86898669
86898672
86898675
86898797
86898800
86898805
86898808
86898811
86898884
86898887
86898890
86898893
86899105
86899108
86899111
86899114
86899117
86899176
86899179
86899182
86899185
86899324
86899328
86899331
86899334
86899337
86899340
86899509
86899512
86899515
86899629
86899632
86899635
86899638
86899641
86899644
86899647
86899651
86899654
86899736
86899740
86899744
86899747
86899750
86899753
86899756
86899759
86899996
86900038
86900041
86900044
86900048
86900051
86900054
86900057
86900060
86900168
86900365
86900368
86900371
86900374
86900377
86900380
86900383
86900386
86900431
86900539
86900565
86900568
86900571
86900575
86900578
86900581
86900584
86900707
86900780
86900783
86900787
86900790
86900795
86900798
86900802
86900806
86900864
86901047
86901050
86901053
86901056
86901059
86901062
86901065
86901068
86901088
86901190
86901193
86901196
86901199
86901202
86901205
86901208
86901211
86901409
86901547
86901550
86901554
86901557
86901560
86901563
86901566
86901569
86901609
86901821
86901824
86901827
86901830
86901834
86901837
86901840
86901843
86901882
86901980
86902040
86902043
86902046
86902049
86902055
86902061
86902066
86902072
86902198
86902321
86902324
86902327
86902330
86902333
86902336
86902339
86902342
86902345
86902471
86902640
86902644
86902647
86902650
86902653
86902656
86902659
86902662
86902666
86902721
86903137
86903141
86903145
86903149
86903154
86903158
86903162
86903166
86903170
86903297
86903338
86903341
86903344
86903347
86903350
86903353
86903356
86903359
86903362
86903507
86903570
86903573
86903576
86903579
86903583
86903586
86903590
86903593
86903596
86903811
86903814
86903817
86903820
86903823
86903826
86903829
86903832
86903835
86903946
86903949
86903952
86903955
86903959
86903962
86903965
86903968
86903971
86904200
86904204
86904209
86904212
86904215
86904218
86904221
86904224
86904227
86904491
86904494
86904497
86904501
86904504
86904507
86904511
86904514
86904517
86904588
86904591
86904594
86904597
86904600
86904603
86904606
86904609
86904612
86904798
86904801
86904804
86904808
86904811
86904814
86904817
86904821
86904824
86905028
86905032
86905035
86905038
86905041
86905044
86905047
86905050
86905053
86905156
86905159
86905162
86905165
86905168
86905171
86905174
86905177
86905181
86905402
86905405
86905408
86905411
86905414
86905417
86905477
86905480
86905632
86905635
86905638
86905641
86905644
86905647
86905651
86905682
86905685
86905688
86905691
86905694
86905697
86905700
86905703
86905744
86905890
86905893
86905896
86905899
86905903
86905906
86905909
86905912
86905996
86906051
86906071
86906076
86906081
86906084
86906087
86906091
86906094
86906097
86906229
86906272
86906275
86906278
86906281
86906284
86906287
86906291
86906294
86906298
86906379
86906519
86906522
86906525
86906528
86906531
86906534
86906538
86906541
86906546
86906601
86906702
86906705
86906709
86906713
86906716
86906719
86906723
86906727
86906730
86906864
86906901
86906904
86906907
86906910
86906913
86906917
86906920
86906923
86906926
86906967
86907107
86907110
86907113
86907116
86907119
86907122
86907125
86907128
86907131
86907180
86907184
86907254
86907257
86907260
86907263
86907266
86907269
86907272
86907275
86907406
86907474
86907478
86907481
86907485
86907489
86907492
86907495
86907498
86907604
86907758
86907761
86907764
86907768
86907771
86907774
86907777
86907780
86907859
86908002
86908007
86908014
86908020
86908025
86908029
86908034
86908039
86908085
86908147
86908150
86908153
86908156
86908160
86908163
86908166
86908169
86908309
86908356
86908359
86908362
86908365
86908368
86908371
86908374
86908377
86908428
86908590
86908593
86908596
86908599
86908602
86908606
86908609
86908612
86908645
86908672
86908675
86908678
86908681
86908684
86908687
86908690
86908693
86908805
86908837
86908840
86908843
86908846
86908849
86908852
86908855
86908858
86908888
86909047
86909050
86909053
86909056
86909059
86909062
86909065
86909068
86909105
86909140
86909143
86909146
86909149
86909152
86909155
86909159
86909162
86909293
86909344
86909347
86909350
86909353
86909356
86909359
86909362
86909365
86909407
86909427
86909567
86909570
86909573
86909577
86909580
86909584
86909648
86909651
86909654
86909657
86909660
86909663
86909666
86909834
86909837
86909840
86909844
86909847
86909851
86910128
86910134
86910137
86910140
86910143
86910146
86910252
86910255
86910258
86910261
86910264
86910267
86910409
86910413
86910416
86910419
86910422
86910478
86910481
86910484
86910542
86910545
86910549
86910552
86910555
86910757
86910760
86910763
86910801
86910804
86910807
86910810
86933801
86933804
86933951
86933954
86933957
86933960
86933963
86933966
86933969
86933972
86934006
86934040
86934043
86934046
86934050
86934053
86934056
86934059
86934062
86934220
86934314
86934317
86934320
86934323
86934326
86934329
86934332
86934336
86934341
86934405
86934625
86934630
86934634
86934638
86934642
86934646
86934649
86934652
86934655
86934722
86934754
86934757
86934760
86934763
86934766
86934769
86934772
86934775
86934778
86934894
86934909
86934912
86934915
86934918
86934921
86934924
86934927
86934931
86934934
86935072
86935404
86935407
86935410
86935413
86935416
86935420
86935423
86935426
86935429
86935466
86935508
86935511
86935514
86935517
86935520
86935523
86935526
86935529
86935708
86935806
86935809
86935812
86935816
86935821
86935824
86935827
86935830
86935934
86936095
86936098
86936101
86936105
86936108
86936113
86936116
86936119
86936177
86936256
86936263
86936270
86936275
86936279
86936285
86936290
86936422
86936469
86936472
86936475
86936478
86936481
86936484
86936487
86936490
86936678
86936826
86936829
86936832
86936835
86936838
86936841
86936845
86936848
86936888
86937010
86937013
86937016
86937019
86937022
86937025
86937028
86937031
86937074
86937105
86937108
86937111
86937114
86937117
86937120
86937123
86937127
86937278
86937310
86937313
86937316
86937319
86937322
86937325
86937328
86937331
86937346
86937462
86937465
86937468
86937471
86937474
86937477
86937480
86937483
86937552
86937619
86937622
86937625
86937628
86937631
86937634
86937814
86937817
86937820
86937908
86937911
86937914
86937917
86937921
86937924
86937973
86937976
86937979
86938112
86938115
86938118
86938122
86938125
86938128
86938131
86938170
86938173
86938176
86938207
86938210
86938213
86938216
86938219
86938222
86938225
86938246
86938394
86938398
86938417
86938420
86938423
86938426
86938429
86938432
86938435
86938452
86938455
86938458
86938580
86938583
86938586
86938589
86938592
86938595
86938598
86938644
86938647
86938650
86938777
86938781
86938784
86938787
86938791
86938794
86938797
86938996
86938999
86939002
86939069
86939072
86939075
86939078
86939081
86939084
86939088
86939160
86939163
86939166
86939170
86939173
86939176
86939179
86939182
86939186
86939363
86939442
86939445
86939448
86939451
86939454
86939457
86939460
86939464
86939472
86939557
86939674
86939677
86939680
86939683
86939686
86939689
86939692
86939696
86939699
86939729
86939808
86939811
86939814
86939817
86939820
86939823
86939826
86939829
86939833
86939965
86939991
86939994
86939997
86940000
86940003
86940006
86940009
86940012
86940015
86940048
86940209
86940212
86940215
86940218
86940221
86940224
86940227
86940230
86940233
86940310
86940365
86940368
86940371
86940374
86940377
86940380
86940383
86940386
86940389
86940554
86940620
86940623
86940626
86940629
86940632
86940636
86940639
86940642
86940645
86940737
86940892
86940895
86940898
86940901
86940904
86940907
86940910
86940913
86940916
86940962
86941031
86941037
86941042
86941047
86941053
86941058
86941064
86941069
86941073
86941162
86941191
86941194
86941197
86941200
86941203
86941206
86941209
86941212
86941215
86941356
86941420
86941423
86941426
86941429
86941432
86941435
86941438
86941441
86941445
86941521
86941689
86941692
86941696
86941699
86941702
86941705
86941708
86941711
86941714
86941776
86941850
86941853
86941856
86941859
86941862
86941866
86941869
86941873
86941876
86941915
86942150
86942153
86942156
86942159
86942162
86942165
86942168
86942171
86942174
86942218
86942365
86942368
86942371
86942374
86942377
86942380
86942383
86942386
86942389
86942430
86942484
86942487
86942490
86942493
86942496
86942500
86942503
86942506
86942769
86942804
86942807
86942810
86942813
86942816
86942819
86942823
86942826
86943090
86943093
86943097
86943100
86943103
86943106
86943109
86943112
86943219
86943222
86943225
86943228
86943231
86943234
86943237
86943241
86943479
86943482
86943485
86943488
86943491
86943494
86943497
86943500
86943636
86943639
86943642
86943645
86943648
86943651
86943654
86943657
86943738
86943742
86943745
86943748
86943751
86943755
86943758
86943960
86943963
86943966
86943969
86943972
86943975
86943978
86943981
86944041
86944044
86944047
86944051
86944055
86944058
86944062
86944065
86944251
86944314
86944317
86944320
86944323
86944326
86944329
86944332
86944335
86944379
86944561
86944564
86944567
86944570
86944573
86944577
86944580
86944584
86944656
86944693
86944696
86944699
86944702
86944705
86944708
86944712
86944716
86944847
86944944
86944947
86944950
86944953
86944956
86944959
86944962
86944966
86944969
86945169
86945172
86945175
86945178
86945181
86945184
86945187
86945190
86945193
86945291
86945294
86945297
86945300
86945303
86945307
86945310
86945313
86945463
86945585
86945589
86945592
86945595
86945598
86945601
86945604
86945607
86945663
86945862
86945865
86945869
86945872
86945875
86945878
86945881
86945884
86945930
86945959
86945962
86945965
86945970
86945974
86945979
86945985
86945990
86946115
86946139
86946142
86946145
86946148
86946151
86946154
86946157
86946160
86946163
86946276
86946349
86946363
86946366
86946369
86946372
86946375
86946378
86946381
86946384
86946428
86946595
86946598
86946601
86946604
86946608
86946612
86946615
86946618
86946621
86946674
86946724
86946727
86946731
86946734
86946737
86946740
86946743
86946746
86946749
86946906
86946940
86946943
86946946
86946949
86946952
86946956
86946959
86946962
86946965
86946986
86947112
86947116
86947119
86947122
86947125
86947128
86947131
86947134
86947137
86947162
86947181
86947184
86947187
86947190
86947193
86947196
86947199
86947202
86947205
86947241
86947393
86947396
86947399
86947402
86947405
86947408
86947411
86947414
86947417
86947469
86947609
86947612
86947615
86947618
86947621
86947624
86947627
86947630
86947633
86947678
86947723
86947726
86947729
86947732
86947735
86947738
86947741
86947744
86947920
86947951
86947954
86947957
86947960
86947963
86947966
86947969
86947972
86947975
86947997
86948122
86948125
86948129
86948132
86948135
86948138
86948141
86948144
86948147
86948171
86948207
86948210
86948213
86948216
86948219
86948222
86948225
86948228
86948231
86948384
86948444
86948447
86948450
86948453
86948457
86948460
86948463
86948466
86948469
86948517
86948521
86948524
86948528
86948531
86948534
86948537
86948540
86948730
86948734
86948740
86948808
86948812
86948815
86948818
86948821
86948824
86948827
86948899
86948903
86948913
86949094
86949097
86949100
86949104
86949112
86949115
86949118
86949184
86949187
86949190
86949210
86949214
86949217
86949220
86949223
86949226
86949229
86949345
86949348
86949351
86949371
86949374
86949377
86949380
86949384
86949388
86949393
86949453
86949456
86949459
86949597
86949600
86949603
86949606
86949609
86949612
86949671
86949674
86949677
86949732
86949735
86949738
86949741
86949745
86949748
86949751
86949948
86950055
86950058
86950061
86950064
86950067
86950070
86950185
86950337
86950340
86950343
86950346
86950350
86950353
86950390
86950424
86950427
86950430
86950433
86950440
86950445
86950567
86950615
86950619
86950622
86950625
86950628
86950631
86950894
86950897
86951138
86951143
86951147
86951150
86951153
86951297
86951301
86951305
86951311
86951546
86951550
86951553
86951590
86951594
86951597
86951600
86951604
86951607
86951652
86951655
86951658
86951907
86951910
86951913
86951916
86951919
86951922
86951972
86951975
86951978
86952010
86952013
86952016
86952019
86952022
86952025
86952207
86952210
86952213
86952276
86952279
86952282
86952285
86952288
86952291
86952294
86952374
86952377
86952381
86952564
86952567
86952570
86952573
86952576
86952579
86952643
86952646
86952649
86952728
86952731
86952735
86952738
86952741
86952744
86952747
86952773
86952945
86953038
86953041
86953045
86953048
86953051
86953054
86953057
86953086
86953089
86953261
86953264
86953267
86953270
86953273
86953276
86953417
86953420
86953423
86953426
86953429
86953432
86953680
86953683
86953686
86953761
86953764
86953767
86953770
86953773
86953776
86953843
86953846
86953849
86953852
86954016
86954020
86954024
86954027
86954030
86954033
86954036
86954039
86954043
86954120
86954123
86954126
86954129
86954132
86954135
86954211
86954214
86954218
86954221
86954396
86954399
86954402
86954405
86954408
86954411
86954487
86954490
86954494
86954497
86954589
86954593
86954597
86954601
86954604
86954608
86954876
86954879
86954882
86954931
86954934
86954937
86954940
86954943
86954946
86954949
86954999
86955002
86955196
86955201
86955204
86955207
86955210
86955214
86955217
86955275
86955278
86955356
86955359
86955362
86955365
86955368
86955371
86955374
86955611
86955614
86955673
86955676
86955679
86955682
86955685
86955689
86955692
86955790
86955793
86955958
86955961
86955964
86955967
86955970
86955973
86955976
86956030
86956033
86956090
86956093
86956096
86956099
86956102
86956105
86956108
86956251
86956254
86956295
86956298
86956301
86956304
86956307
86956310
86956314
86956436
86956442
86956582
86956585
86956588
86956591
86956594
86956597
86956601
86956688
86956691
86956842
86956851
86956856
86956862
86956867
86956872
86995656
86995666
86995675
86995793
86995802
86995811
86995851
86995860
86995870
86995902
86995912
86995921
86996055
86996064
86996074
86996114
86996123
86996133
86996163
86996202
86996211
86996220
86996345
86996354
86996363
86996426
86996432
86996438
86996488
86996505
86996519
86996658
86996668
86996676
86996727
86996733
86996739
86996966
86996981
86996998
86997091
86997097
86997103
86997163
86997173
86997182
86997430
86997438
86997447
86997743
86997752
86997761
86997855
86997862
86997868
86998061
86998072
86998081
86998147
86998153
86998159
86998182
86998191
86998200
86998318
86998327
86998336
86998358
86998367
86998376
86998397
86998406
86998416
86998619
86998629
86998641
86998672
86998681
86998690
86998732
86998741
86998751
86998897
86998909
86998919
86999008
86999014
86999020
86999094
86999103
86999109
86999305
86999311
86999318
86999386
86999392
86999398
86999423
86999432
86999441
86999561
86999570
86999579
86999598
86999607
86999617
86999636
86999645
86999654
86999810
86999820
86999829
86999958
86999967
86999976
87000032
87000041
87000051
87000216
87000225
87000231
87000321
87000330
87000339
87000409
87000445
87000455
87000461
87000622
87000631
87000642
87000687
87000696
87000705
87000723
87000732
87000741
87000865
87000874
87000883
87000899
87000908
87000917
87000972
87000982
87000991
87001115
87001124
87001133
87001170
87001179
87001188
87001254
87001269
87001285
87001434
87001443
87001449
87001519
87001528
87001538
87001718
87001734
87001747
87001825
87001834
87001840
87001893
87001902
87001911
87002050
87002059
87002068
87002107
87002116
87002125
87002147
87002157
87002166
87002315
87002324
87002333
87002363
87002373
87002382
87002436
87002445
87002456
87002591
87002601
87002612
87002679
87002688
87002697
87002752
87002761
87002767
87002945
87002954
87002963
87003036
87003042
87003048
87003081
87003090
87003099
87003237
87003246
87003255
87003306
87003315
87003321
87003361
87003370
87003379
87003551
87003562
87003568
87003607
87003616
87003626
87003682
87003691
87003700
87003860
87003870
87003880
87003935
87003946
87003956
87004069
87004080
87004082
87004316
87004322
87004328
87004411
87004417
87004485
87004943
87004955
87004967
87005196
87005203
87005210
87005318
87005325
87005331
87005428
87005925
87005932
87005938
87006137
87006143
87006150
87007037
87007043
87007120
87007126
87007132
87007319
87007328
87007334
87007438
87007445
87007541
87007548
87007745
87008149
87008156
87008305
87008311
87008317
87008617
87008624
87008631
87008903
87009147
87009387
87009447
87009457
87009466
87009582
87009591
87009600
87009618
87009627
87009636
87009661
87009670
87009679
87009704
87009861
87009870
87009880
87009912
87009922
87009931
87009997
87010006
87010015
87010160
87010169
87010178
87010215
87010225
87010234
87010290
87010304
87010318
87010477
87010486
87010496
87010518
87010527
87010536
87010565
87010574
87010583
87010736
87010745
87010754
87010777
87010786
87010796
87010863
87010872
87010882
87011035
87011044
87011054
87011143
87011153
87011162
87011228
87011238
87011255
87011430
87011439
87011446
87011530
87011539
87011545
87011752
87011769
87011786
87011872
87011885
87011895
87011984
87011991
87011997
87012130
87012139
87012148
87012191
87012200
87012209
87012234
87012244
87012254
87012399
87012437
87012446
87012480
87012489
87012498
87012540
87012549
87012558
87012695
87012704
87012713
87012801
87012810
87012821
87012893
87012904
87012910
87012934
87013090
87013100
87013109
87013175
87013182
87013189
87013249
87013259
87013267
87013397
87013406
87013415
87013448
87013457
87013466
87013526
87013535
87013541
87013707
87013717
87013723
87013789
87013798
87013807
87013894
87013902
87013911
87014080
87014089
87014095
87014170
87014181
87014192
87014290
87014300
87014307
87014484
87014493
87014502
87014542
87014552
87014562
87014604
87014614
87014623
87014763
87014772
87014782
87014842
87014851
87014860
87014945
87014954
87014963
87015092
87015102
87015113
87015175
87015184
87015193
87015245
87015254
87015263
87015432
87015442
87015451
87015510
87015519
87015528
87015637
87015646
87015652
87015826
87015835
87015841
87015883
87015893
87015902
87015962
87015979
87015996
87016108
87016114
87016120
87016147
87016156
87016165
87016347
87016358
87016369
87016430
87016440
87016449
87016505
87016514
87016520
87016680
87016689
87016698
87016751
87016760
87016769
87016837
87016847
87016858
87016895
87017045
87017054
87017060
87017113
87017124
87017133
87017181
87017187
87017193
87017348
87017359
87017365
87017404
87017413
87017419
87017459
87017469
87017478
87017674
87017680
87017688
87017746
87017755
87017764
87017846
87017852
87017858
87018012
87018021
87018030
87018106
87018112
87018120
87018188
87018198
87018207
87018391
87018401
87018407
87018458
87018467
87018476
87018556
87018563
87018569
87018728
87018737
87018747
87018801
87018810
87018819
87018863
87018872
87018881
87019057
87019066
87019075
87019130
87019139
87019148
87019240
87019250
87019258
87019431
87019441
87019453
87019523
87019533
87019543
87019647
87019656
87019665
87019814
87019823
87019832
87019875
87019884
87019893
87019924
87019933
87019942
87020059
87020068
87020077
87020099
87020109
87020118
87020182
87020191
87020200
87020326
87020336
87020345
87020413
87020425
87020434
87020529
87020549
87020562
87020711
87020720
87020729
87020785
87020794
87020800
87020838
87020975
87020994
87021008
87021083
87021092
87021098
87021171
87021181
87021190
87021343
87021349
87021355
87021407
87021416
87021427
87021490
87021499
87021506
87021659
87021668
87021677
87021715
87021724
87021733
87021818
87021827
87021833
87022001
87022007
87022013
87022094
87022104
87022112
87022232
87022239
87022246
87022468
87022475
87022481
87022549
87022558
87022564
87022580
87022589
87022598
87022710
87022719
87022728
87022750
87022759
87022769
87022792
87022801
87022810
87022966
87022977
87022987
87023047
87023056
87023066
87023119
87023130
87023140
87023315
87023324
87023333
87023423
87023436
87023445
87023515
87023524
87023534
87023742
87023751
87023760
87023809
87023818
87023827
87023853
87023862
87023871
87023992
87024001
87024010
87024049
87024059
87024069
87024121
87024130
87024139
87024273
87024283
87024292
87024345
87024354
87024363
87024422
87024431
87024440
87024653
87024662
87024668
87024747
87024757
87024766
87024834
87024889
87024895
87024901
87025080
87025090
87025101
87025148
87025157
87025167
87025231
87025248
87025265
87025337
87025346
87025355
87025414
87025424
87025433
87025565
87025582
87025593
87025632
87025641
87025650
87025700
87025709
87025718
87025890
87025900
87025909
87025982
87025988
87025994
87026068
87026078
87026089
87026283
87026296
87026302
87026379
87026385
87026391
87026430
87026440
87026449
87026576
87026585
87026594
87026617
87026626
87026635
87026650
87026659
87026668
87026848
87026857
87026866
87026906
87026915
87026927
87026976
87026985
87026994
87027150
87027159
87027238
87027246
87027252
87027335
87027341
87027347
87027543
87027549
87027556
87027611
87027617
87027623
87027642
87027651
87027660
87027774
87027783
87027792
87027807
87027817
87027826
87027835
87027862
87027871
87027880
87028050
87028059
87028068
87028141
87028151
87028160
87028239
87028248
87028257
87028428
87028438
87028448
87028521
87028530
87028539
87028598
87028633
87028642
87028651
87028770
87028779
87028788
87028803
87028812
87028821
87028858
87028867
87028876
87029010
87029019
87029025
87029067
87029077
87029086
87029229
87029238
87029247
87029370
87029379
87029388
87029425
87029435
87029444
87029563
87029585
87029605
87029937
87029946
87029955
87030026
87030035
87030044
87030191
87030200
87030209
87030237
87030241
87030250
87030259
87030280
87030289
87030298
87030426
87030435
87030446
87030469
87030478
87030487
87030531
87030540
87030549
87030796
87030803
87030811
87030908
87030918
87030927
87031017
87031024
87031032
87031209
87031218
87031228
87031283
87031293
87031303
87031359
87031369
87031378
87031550
87031561
87031570
87031598
87031608
87031617
87031672
87031681
87031691
87031810
87031819
87031828
87031852
87031861
87031870
87031916
87031925
87031931
87032124
87032130
87032138
87032233
87032239
87032246
87032323
87032336
87032345
87032506
87032515
87032524
87032575
87032584
87032593
87032694
87032710
87032719
87032729
87032914
87032924
87032933
87032987
87032996
87033006
87033035
87033044
87033053
87033171
87033180
87033189
87033208
87033217
87033226
87033359
87033369
87033376
87033595
87033605
87033615
87033688
87033699
87033705
87033816
87033826
87033832
87033987
87033996
87034005
87034078
87034087
87034096
87034195
87034211
87034226
87034339
87034349
87034358
87034404
87034414
87034424
87034731
87034740
87034749
87034779
87034788
87034797
87034859
87034868
87034877
87035072
87035079
87035086
87035161
87035170
87035181
87035273
87035280
87035287
87035457
87035467
87035473
87035651
87035660
87035669
87035714
87035723
87035733
87035986
87035995
87036005
87036040
87036049
87036058
87036085
87036094
87036103
87036332
87036341
87036350
87036380
87036390
87036399
87036443
87036452
87064806
87064815
87064821
87064899
87064905
87064911
87065008
87065015
87065023
87065309
87065315
87065321
87065371
87065380
87065390
87065544
87065553
87065562
87065601
87065764
87065770
87065777
87065844
87065850
87065856
87066025
87066036
87066045
87066191
87066200
87066209
87066266
87066275
87066284
87066367
87066384
87066400
87066590
87066599
87066609
87066642
87066651
87066661
87066696
87066705
87066715
87067165
87067175
87067184
87067242
87067251
87067260
87067336
87067346
87067355
87067585
87067595
87067604
87067668
87067677
87067683
87067737
87067746
87067755
87068013
87068022
87068028
87068086
87068095
87068104
87068167
87068176
87068188
87068406
87068415
87068424
87068457
87068466
87068475
87068562
87068577
87068593
87068818
87068829
87068838
87068879
87068888
87068897
87069047
87069056
87069065
87069107
87069116
87069127
87069154
87069163
87069165
87069179
87069193
87069200
87069206
87069237
87069244
87069247
87069365
87069376
87069445
87069451
87069459
87069521
87069531
87069537
87069689
87069698
87069707
87069738
87069748
87069757
87069807
87069816
87069825
87069973
87069982
87069991
87070047
87070056
87070065
87070104
87070114
87070123
87070141
87070381
87070390
87070399
87070452
87070461
87070470
87070536
87070542
87070549
87070804
87070813
87070819
87070892
87070898
87070904
87070962
87070971
87070977
87071134
87071143
87071152
87071228
87071235
87071243
87071302
87071312
87071319
87071549
87071559
87071686
87071698
87071711
87071837
87071850
87072206
87072520
87072529
87072567
87072577
87072586
87072649
87072658
87072667
87072802
87072812
87072821
87072879
87072888
87072899
87072945
87072954
87072964
87073148
87073157
87073164
87073246
87073256
87073266
87073372
87073381
87073390
87073553
87073562
87073568
87073623
87073632
87073641
87073699
87073716
87073733
87073797
87073806
87073815
87073845
87073854
87073863
87074071
87074080
87074089
87074131
87074140
87074149
87074207
87074218
87074228
87074382
87074394
87074403
87074486
87074492
87074498
87074590
87074600
87074609
87074654
87074820
87074826
87074833
87074893
87074903
87074913
87074965
87074974
87074983
87075126
87075135
87075142
87075175
87075185
87075196
87075231
87075240
87075249
87075503
87075512
87075560
87075570
87075626
87075635
87075645
87075808
87075817
87075920
87075926
87075932
87076017
87076026
87076265
87076271
87076278
87076364
87076370
87076415
87076424
87076433
87076554
87076563
87076595
87076604
87076637
87076647
87076822
87076832
87076841
87076880
87076946
87076955
87077117
87077126
87077225
87077234
87077327
87077336
87077345
87077510
87077519
87077586
87077595
87077677
87077687
87077834
87077856
87077866
87077933
87077942
87077996
87078006
87078175
87078184
87078193
87078228
87078237
87078247
87078299
87078310
87078319
87078464
87078473
87078482
87078556
87078565
87078575
87078637
87078724
87078741
87078759
87078837
87078846
87078855
87078874
87078881
87078890
87078899
87079052
87079062
87079072
87079212
87079221
87079232
87079355
87079366
87079376
87079631
87079642
87079651
87079781
87079790
87079801
87079973
87079982
87079994
87080250
87080260
87080269
87080432
87080443
87080452
87080547
87080557
87080570
87080754
87080763
87080773
87080818
87080827
87080837
87080868
87080877
87080886
87081006
87081015
87081024
87081076
87081085
87081094
87081164
87081170
87081176
87081388
87081397
87081403
87081482
87081489
87081495
87081602
87081608
87081614
87081815
87081821
87081827
87081952
87081958
87081964
87082041
87082050
87082059
87082218
87082227
87082237
87082266
87082275
87082285
87082335
87082345
87082354
87082476
87082485
87082494
87082528
87082538
87082547
87082571
87082580
87082589
87082745
87082754
87082763
87082836
87082846
87082855
87082929
87082941
87082950
87083101
87083129
87083138
87083147
87083240
87083249
87083259
87083351
87083371
87083381
87083390
87083542
87083552
87083561
87083605
87083614
87083623
87083691
87083702
87083712
87083835
87083844
87083853
87083879
87083889
87083898
87083970
87083987
87084005
87084130
87084139
87084219
87084229
87084240
87084393
87084410
87084426
87084537
87084547
87084553
87084649
87084659
87084668
87084860
87084870
87084935
87084944
87084953
87085006
87085015
87085021
87085155
87085164
87085174
87085224
87085233
87085239
87085287
87085296
87085305
87085477
87085553
87085562
87085571
87085882
87085891
87085902
87085990
87085996
87086003
87086077
87086086
87086092
87086270
87086279
87086289
87086343
87086353
87086362
87086440
87086446
87086452
87086606
87086615
87086621
87086679
87086691
87086698
87086758
87086769
87086779
87086962
87086971
87086977
87087054
87087063
87087070
87087138
87087148
87087157
87087325
87087334
87087343
87087403
87087412
87087422
87087527
87087532
87087545
87087560
87087710
87087719
87087728
87087770
87087779
87087788
87087842
87087851
87087860
87088013
87088022
87088031
87088070
87088079
87088089
87088178
87088188
87088198
87088364
87088374
87088383
87088457
87088466
87088476
87088540
87088549
87088558
87088738
87088751
87088757
87088844
87088853
87088863
87088959
87088970
87088983
87089141
87089150
87089156
87089223
87089233
87089242
87089368
87089385
87089402
87089475
87089484
87089493
87089564
87089574
87089583
87089811
87089821
87089832
87089974
87089983
87089989
87090155
87090164
87090173
87090319
87090328
87090337
87090395
87090404
87090414
87090580
87090589
87090599
87090823
87090834
87090843
87090900
87090909
87090918
87091018
87091028
87091038
87091172
87091181
87091190
87091273
87091282
87091291
87091351
87091360
87091369
87091597
87091603
87091609
87091688
87091700
87091706
87091871
87091889
87091905
87092143
87092153
87092166
87092287
87092296
87092305
87092365
87092484
87092502
87092514
87092744
87092754
87092763
87092832
87092841
87092850
87093096
87093102
87093108
87093180
87093190
87093200
87093347
87093353
87093359
87093559
87093568
87093577
87093622
87093632
87093639
87093707
87093717
87093726
87093910
87093924
87093936
87094070
87094079
87094089
87094144
87094153
87094163
87094453
87094462
87094472
87094537
87094546
87094555
87094626
87094636
87094646
87094884
87094890
87094896
87095025
87095037
87095044
87095142
87095336
87095345
87095448
87095458
87095467
87095577
87095586
87095595
87095796
87095807
87095816
87095916
87095925
87095934
87095994
87096003
87096013
87096191
87096201
87096210
87096246
87096255
87096264
87096317
87096326
87096335
87096514
87096523
87096622
87096632
87096642
87096753
87096763
87096772
87096918
87096928
87096940
87097026
87097036
87097042
87097155
87097167
87097178
87097356
87097366
87097376
87097462
87097471
87097482
87097566
87097604
87097615
87097625
87097803
87097812
87097821
87097857
87097866
87097875
87097922
87097934
87097951
87098078
87098087
87098096
87098152
87098162
87098172
87098390
87098405
87098418
87098461
87098469
87098481
87098489
87098497
87098499
87098550
87098559
87098693
87098696
87098707
87098715
87098726
87098738
87098751
87098764
87098777
87098784
87098791
87098813
87098817
87098820
87098828
87098831
87098834
87099027
87099034
87099041
87099046
87099048
87099053
87099059
87099065
87099066
87099074
87099077
87099082
87099204
87099296
87099298
87099322
87099363
87099405
87099422
87099431
87099439
87099450
87099452
87099462
87099478
87099483
87099643
87099656
87099659
87099704
87099709
87099714
87099723
87099731
87099733
87099736
87099739
87099741
87099748
87099753
87099832
87099869
87099908
87099991
87099993
87099995
87099997
87100048
87100108
87100120
87100130
87100142
87100151
87100157
87100247
87100249
87100251
87100267
87100285
87100427
87100428
87100429
87100433
87100437
87100446
87100455
87100529
87100531
87100658
87100664
87100674
87100677
87100742
87100745
87100748
87100778
87100784
87100790
87100967
87100973
87100979
87101176
87101182
87101188
87101288
87101294
87101302
87101511
87101517
87101523
87101669
87101675
87101682
87101707
87101716
87101725
87101845
87101854
87101863
87102006
87102015
87102024
87102053
87102062
87102071
87102226
87102236
87102247
87102390
87102399
87102408
87102460
87102469
87102479
87102646
87102655
87102666
87102804
87102831
87102851
87102945
87102950
87102959
87102965
87103146
87103158
87103167
87103175
87103177
87103251
87103260
87103269
87103389
87103398
87103407
87103527
87103536
87103545
87103571
87103580
87103589
87103841
87103851
87103861
87104010
87104019
87104029
87104070
87104079
87104088
87104158
87104171
87104183
87104630
87104641
87104647
87104770
87104781
87104791
87104893
87104926
87104943
87104957
87105070
87105080
87105090
87105148
87105157
87105166
87105301
87105311
87105317
87105378
87105384
87105390
87105448
87105459
87105468
87105707
87105714
87105721
87105818
87105827
87105836
87105890
87105900
87105909
87106051
87106061
87106070
87106134
87106143
87106152
87106244
87106253
87106263
87106437
87106446
87106455
87106503
87106509
87106516
87106743
87106752
87106816
87106822
87106829
87106886
87106896
87106905
87107074
87107093
87107100
87107107
87107180
87107189
87107198
87107260
87107269
87107275
87107409
87107419
87107428
87107481
87107491
87163173
87163183
87163192
87163521
87163530
87163539
87163869
87163878
87163888
87164307
87164316
87164325
87164608
87164666
87164675
87164955
87164964
87164973
87165065
87165421
87165430
87165439
87165761
87165770
87165779
87166105
87166114
87166123
87166527
87166536
87166545
87166794
87166803
87166812
87167228
87167245
87167260
87167702
87167711
87167721
87168042
87168051
87168061
87168352
87168401
87168410
87169126
87169135
87169144
87169208
87169217
87169226
87169339
87169348
87169358
87169486
87169495
87169504
87169534
87169543
87169552
87169581
87169599
87169617
87169731
87169740
87169749
87169801
87169811
87169817
87169970
87169988
87170007
87170091
87170100
87170110
87170193
87170201
87170207
87170353
87170362
87170371
87170439
87170448
87170454
87170538
87170547
87170556
87170724
87170733
87170742
87170804
87170813
87170823
87170886
87170893
87170899
87171062
87171068
87171074
87171114
87171124
87171133
87171195
87171204
87171211
87171403
87171409
87171419
87171514
87171523
87171532
87171689
87171697
87171704
87172151
87172157
87172164
87172549
87172562
87172572
87172996
87173003
87173009
87173117
87173472
87173479
87173487
87173884
87173890
87173896
87174252
87174261
87174267
87174666
87174675
87174684
87175012
87175022
87175031
87175328
87175337
87175403
87175800
87175811
87175820
87176160
87176170
87176179
87176549
87176558
87176567
87177094
87177105
87177115
87177430
87177439
87177496
87177908
87177918
87177928
87178381
87178394
87178404
87178748
87178757
87178766
87179152
87179172
87179182
87179648
87179660
87179667
87180010
87180021
87180030
87180428
87180437
87180443
87180871
87180880
87180889
87181223
87181233
87181242
87181562
87181571
87181582
87182010
87182019
87182028
87182378
87182387
87182396
87182837
87182854
87182871
87183242
87183248
87183254
87183566
87183572
87183578
87184005
87184014
87184023
87184309
87184318
87184327
87184657
87184666
87184676
87185059
87185068
87185094
87185426
87185437
87185447
87185798
87185808
87185817
87186267
87186276
87186285
87186644
87186654
87186663
87186970
87186979
87186988
87187130
87187445
87187455
87187464
87187810
87187819
87187828
87188169
87188178
87188188
87188597
87188606
87188615
87188875
87188884
87188950
87189276
87189286
87189294
87189816
87189826
87189835
87190214
87190220
87190226
87190587
87190598
87190607
87190999
87191013
87191081
87191379
87191388
87191398
87191758
87191767
87191776
87192259
87192269
87192280
87192640
87192650
87192659
87192942
87192951
87192960
87193380
87193389
87193399
87193723
87193734
87194161
87194171
87194181
87194562
87194571
87194580
87194955
87194965
87194979
87195374
87195383
87195393
87195873
87195883
87195892
87196272
87196281
87196291
87196641
87196652
87197098
87197107
87197116
87197458
87197468
87197737
87197804
87197815
87198202
87198211
87198217
87198563
87198572
87198581
87199013
87199029
87199045
87199447
87199458
87199464
87199821
87199852
87199858
87200261
87200273
87200285
87200653
87200661
87200667
87201098
87201107
87201113
87201317
87201632
87201642
87201648
87201961
87201986
87201995
87202059
87202385
87202392
87202398
87202881
87202891
87202898
87203260
87203269
87203275
87203653
87203665
87203675
87204125
87204132
87204138
87204499
87204508
87204518
87204935
87204942
87204949
87205446
87205452
87205458
87205778
87205787
87205842
87206184
87206194
87206200
87206662
87206671
87206681
87207013
87207022
87207031
87207365
87207374
87207383
87207764
87207773
87207839
87208145
87208151
87208158
87208508
87208521
87208527
87209015
87209024
87209033
87209409
87209419
87209428
87209737
87209747
87209773
87210165
87210175
87210184
87210554
87210563
87210574
87210972
87210982
87210992
87211463
87211472
87211481
87211789
87211798
87211808
87212164
87212174
87212183
87212629
87212638
87212648
87213008
87213018
87213027
87213380
87213443
87213452
87213856
87213866
87213877
87214172
87214181
87214190
87214284
87214293
87214303
87214486
87214495
87214504
87214599
87214613
87214623
87214699
87214779
87214796
87214811
87214940
87214951
87214960
87215067
87215077
87215083
87215243
87215253
87215262
87215347
87215356
87215365
87215473
87215484
87215493
87215676
87215682
87215688
87216061
87216070
87216080
87216456
87216463
87216470
87216948
87216959
87216970
87217378
87217385
87217391
87217720
87217729
87217738
87218228
87218234
87218240
87218629
87218638
87218645
87219039
87219045
87219051
87219519
87219525
87219532
87219850
87219856
87219862
87220254
87220261
87220268
87220771
87220778
87220784
87221547
87221557
87222056
87222063
87222069
87222469
87222475
87222482
87222890
87222896
87222902
87223357
87223363
87223385
87223759
87223768
87223774
87224136
87224146
87224156
87224674
87224686
87224692
87225048
87225058
87225068
87225392
87225401
87225413
87225921
87225930
87225939
87226357
87226367
87226789
87226798
87230610
87231019
87231025
87231033
87231338
87231347
87231367
87231844
87231853
87231859
87232248
87232257
87232266
87232693
87232706
87232719
87233138
87233147
87233156
87233486
87233492
87233499
87233967
87233976
87233983
87234372
87234383
87234389
87234783
87234794
87234800
87235206
87235258
87235280
87235602
87235608
87235614
87235886
87235892
87235899
87236088
87236098
87236106
87236207
87236218
87236224
87236316
87236325
87236332
87236536
87236542
87236550
87236664
87236671
87236678
87236756
87236765
87236773
87236959
87236966
87236973
87237055
87237064
87237070
87237133
87237142
87237151
87237299
87237305
87237311
87237353
87237362
87237371
87237428
87237437
87237443
87237570
87237580
87237589
87237668
87237677
87237686
87237758
87237767
87237776
87237933
87237942
87237952
87238014
87238024
87238033
87238165
87238174
87238183
87238328
87238346
87238360
87238380
87239355
87239377
87239386
87239662
87239732
87239741
87240658
87240687
87240730
87240939
87241005
87241014
87241842
87241851
87241861
87242292
87242350
87242366
87243195
87243204
87243214
87243623
87243687
87243696
87244431
87244440
87244446
87244896
87244955
87244964
87245588
87245598
87245607
87246253
87246263
87246272
87246905
87246914
87246924
87247025
87247042
87247060
87247154
87247163
87247169
87247216
87247226
87247235
87247384
87247393
87247403
87247484
87247493
87247502
87247545
87247554
87247563
87247721
87247730
87247739
87247792
87247801
87247810
87248904
87248919
87248925
87249079
87249088
87249097
87249189
87249198
87249209
87249271
87249277
87249284
87249443
87249452
87249458
87249524
87249530
87249536
87249606
87249612
87249618
87249779
87249785
87249791
87249886
87249893
87249899
87249976
87249982
87249990
87250162
87250168
87250175
87250255
87250262
87250268
87250330
87250339
87250345
87250523
87250533
87250542
87250583
87250648
87250654
87250660
87250721
87250727
87250733
87250895
87250905
87250915
87250952
87250963
87250972
87250991
87251001
87251010
87251130
87251139
87251152
87251206
87251215
87251224
87251276
87251285
87251294
87251453
87251463
87251473
87251537
87251546
87251555
87251613
87251622
87251631
87251805
87251815
87251824
87251863
87251872
87251882
87251900
87251909
87251918
87252037
87252046
87252055
87252089
87252098
87252107
87252131
87252140
87252149
87252427
87252436
87252623
87252639
87252656
87252739
87252748
87252757
87252806
87252815
87252824
87252959
87252968
87252977
87253053
87253063
87253073
87253107
87253116
87253125
87253247
87253256
87253265
87253283
87253292
87253301
87253322
87253331
87253340
87253454
87253463
87253472
87253522
87253531
87253540
87253573
87253582
87253591
87253725
87253735
87253744
87253781
87253791
87253803
87253838
87253847
87253856
87253989
87253998
87254007
87254056
87254081
87254090
87254099
87254130
87254139
87254148
87254275
87254284
87254293
87254317
87254326
87254335
87254362
87254371
87254380
87254527
87254536
87254542
87254714
87254724
87254733
87254804
87254813
87254823
87255007
87255017
87255026
87255401
87255412
87255421
87255519
87255528
87255539
87255721
87255736
87255752
87255803
87255812
87255821
87255860
87255869
87255881
87256006
87256015
87256022
87256075
87256084
87256095
87256149
87256158
87256167
87256327
87256337
87256346
87256455
87256464
87256473
87256535
87256545
87256553
87256727
87256737
87256746
87256824
87256833
87256839
87256950
87256966
87256979
87257115
87257125
87257134
87257174
87257183
87257192
87257301
87257317
87257326
87257348
87257357
87257366
87257388
87257397
87257407
87257540
87257549
87257558
87257608
87257617
87257627
87257665
87257674
87257683
87257866
87257872
87257878
87257971
87257982
87257988
87258072
87258080
87258086
87258270
87258280
87258287
87258316
87258350
87258360
87258369
87258408
87258417
87258426
87258552
87258561
87258570
87258588
87258597
87258606
87258627
87258636
87258646
87258763
87258772
87258781
87258831
87258840
87258850
87258895
87258904
87258913
87259055
87259064
87259073
87259126
87259135
87259144
87259228
87259234
87259243
87259409
87259419
87259428
87259524
87259534
87259544
87259597
87259607
87259616
87259776
87259786
87259796
87259845
87259854
87259863
87259911
87259920
87259929
87260091
87260100
87260109
87363790
87363799
87363808
87364483
87364493
87364502
87365680
87365689
87365748
87365886
87366045
87366056
87366065
87366100
87366109
87366119
87366150
87366159
87366168
87366292
87366301
87366310
87366459
87366468
87366477
87366518
87366527
87366537
87366666
87366675
87366684
87367017
87367030
87367044
87367106
87367115
87367125
87367267
87367281
87367295
87367342
87367351
87367360
87367379
87367388
87367397
87367531
87367541
87367552
87367600
87367609
87367639
87367649
87367658
87367815
87367824
87367833
87367929
87367938
87367947
87367980
87367990
87367999
87368134
87368143
87368152
87368198
87368207
87368217
87368291
87368300
87368306
87368512
87368523
87368533
87368610
87368619
87368627
87368724
87368741
87368759
87368867
87368876
87368885
87368918
87368927
87368936
87369067
87369076
87369085
87369156
87369165
87369174
87369222
87369231
87369240
87369392
87369402
87369411
87369463
87369473
87369483
87369533
87369542
87369552
87369709
87369718
87369727
87369784
87369795
87369803
87369812
87369821
87369852
87369861
87369870
87369981
87369990
87369999
87370018
87370028
87370037
87370060
87370069
87370078
87370193
87370202
87370212
87370262
87370271
87370280
87370311
87370320
87370329
87370472
87370482
87370491
87370532
87370541
87370550
87370591
87370601
87370610
87370748
87370757
87370766
87370829
87370838
87370849
87370872
87370881
87370890
87371037
87371046
87371055
87371115
87371124
87371133
87371174
87371183
87371194
87371338
87371349
87371358
87371388
87371397
87371407
87371470
87371480
87371489
87371655
87371664
87371673
87371742
87371751
87371760
87371828
87371837
87371847
87372032
87372041
87372050
87372122
87372133
87372187
87372196
87372205
87372350
87372359
87372368
87372391
87372400
87372409
87372440
87372456
87372474
87372602
87372611
87372620
87372652
87372661
87372671
87372782
87372800
87372817
87372861
87372870
87372879
87372920
87372929
87372939
87373068
87373078
87373087
87373148
87373167
87373177
87373186
87373229
87373238
87373248
87373386
87373395
87373404
87373433
87373442
87373451
87373483
87373492
87373501
87373633
87373642
87373651
87373808
87373817
87373827
87373888
87373899
87373908
87374067
87374076
87374086
87374147
87374156
87374165
87374234
87374243
87374253
87374397
87374408
87374418
87374505
87374515
87374524
87374563
87374572
87374581
87374692
87374701
87374710
87374727
87374736
87374745
87374774
87374783
87374792
87374903
87374912
87374921
87374980
87374989
87374998
87375031
87375040
87375049
87375198
87375207
87375216
87375254
87375263
87375272
87375321
87375330
87375339
87375501
87375511
87375521
87375553
87375562
87375571
87375594
87375603
87375612
87375726
87375735
87375745
87375766
87375775
87375784
87375807
87375816
87375826
87375967
87375976
87375986
87376019
87376028
87376037
87376064
87376073
87376082
87376216
87376225
87376234
87376268
87376278
87376287
87376346
87376363
87376379
87376460
87376501
87376510
87376520
87376548
87376557
87376566
87376676
87376693
87376702
87376723
87376732
87376741
87376761
87376770
87376779
87376908
87376917
87376927
87376992
87377001
87377011
87377046
87377055
87377064
87377216
87377226
87377235
87377294
87377303
87377314
87377360
87377369
87377379
87377564
87377573
87377586
87377673
87377682
87377688
87377723
87377733
87377742
87377874
87377884
87377893
87377937
87377946
87377955
87377987
87377997
87378130
87378140
87378150
87378220
87378229
87378238
87378280
87378289
87378299
87378447
87378456
87378465
87378521
87378530
87378539
87378600
87378610
87378621
87378782
87378793
87378802
87378857
87378867
87378876
87378902
87378911
87378920
87379042
87379051
87379062
87379075
87379084
87379093
87379114
87379123
87379132
87379278
87379287
87379297
87379326
87379335
87379365
87379374
87379510
87379521
87379530
87379568
87379578
87379623
87379632
87379641
87379806
87379813
87379822
87379874
87379883
87379892
87379914
87379924
87379933
87380050
87380059
87380082
87380092
87380101
87380103
87380128
87380146
87380162
87380279
87380288
87380323
87380333
87380342
87380450
87380468
87380517
87380526
87380535
87380580
87380590
87380780
87380790
87380800
87380893
87380902
87380912
87380948
87380957
87380967
87381078
87381087
87381120
87381130
87381155
87381164
87381173
87381289
87381298
87381361
87381371
87381408
87381417
87381426
87381561
87381570
87381614
87381623
87381632
87381672
87381681
87381828
87381838
87381847
87381912
87381921
87381931
87381960
87381969
87381978
87382103
87382113
87382122
87382156
87382165
87382204
87382214
87382223
87382346
87382355
87382364
87382432
87382441
87382450
87382501
87382510
87382668
87382678
87382724
87382734
87382743
87382800
87382809
87383007
87383014
87383024
87383034
87383103
87383112
87383172
87383181
87383190
87383319
87383328
87383360
87383369
87383378
87383425
87383436
87383442
87383583
87383592
87383601
87383634
87383643
87383683
87383692
87383701
87383832
87383842
87383900
87383909
87383953
87383969
87383986
87384133
87384142
87384151
87384183
87384192
87384295
87384313
87384331
87384387
87384396
87384436
87384445
87384454
87384566
87384575
87384640
87384649
87384689
87384698
87384854
87384864
87384873
87384927
87384936
87384947
87385021
87385030
87385039
87385178
87385187
87385256
87385265
87385274
87385304
87385313
87385480
87385486
87385492
87385573
87385579
87385585
87385621
87385627
87385654
87385660
87385667
87385805
87385814
87385823
87385890
87385899
87385908
87385947
87385956
87385965
87386111
87386120
87386129
87386174
87386183
87386192
87386230
87386239
87386248
87386384
87386393
87386402
87386441
87386506
87386516
87386530
87386607
87386618
87386629
87386805
87386814
87386824
87386901
87386910
87386916
87386986
87386997
87387006
87387204
87387218
87387231
87387311
87387321
87387334
87387437
87387446
87387452
87387617
87387626
87387637
87387696
87387705
87387714
87387781
87387790
87387800
87387962
87387975
87387990
87388058
87388067
87388076
87388112
87388121
87388130
87388248
87388257
87388266
87388300
87388311
87388320
87388405
87388419
87388434
87388614
87388624
87388634
87388708
87388714
87388721
87388969
87388993
87389060
87389981
87389990
87389999
87390689
87390698
87390707
87391263
87391273
87391282
87391967
87392018
87392042
87392103
87392162
87392164
87392166
87392476
87392486
87392845
87392854
87392863
87392886
87392895
87392904
87392943
87392953
87392962
87393128
87393134
87393140
87393246
87393252
87393259
87393356
87393363
87393369
87393527
87393536
87393547
87393929
87393938
87393948
87394840
87394849
87394858
87395401
87395411
87395420
87395444
87395492
87395502
87395511
87395542
87395551
87395560
87395677
87395686
87395695
87395716
87395725
87395734
87395778
87395787
87395793
87395957
87395968
87395978
87396023
87396027
87396029
87396032
87396034
87396039
87396041
87396043
87396047
87396049
87396051
87396053
87396057
87396059
87396064
87396256
87396266
87396276
87396307
87396312
87396316
87396337
87396378
87396472
87396482
87396519
87396521
87396524
87396527
87396560
87396569
87396579
87396649
87396658
87396669
87396689
87396726
87396764
87396790
87396791
87396793
87396839
87396849
87396865
87396867
87396870
87396928
87396939
87396948
87396972
87396976
87396977
87396978
87396982
87396983
87397005
87397014
87397051
87397086
87397126
87397161
87397170
87397179
87397201
87397203
87397204
87397206
87397208
87397210
87397250
87397259
87397282
87397283
87397307
87397354
87397363
87397372
87397382
87397385
87397419
87397510
87397511
87397515
87397587
87397592
87397598
87397654
87397662
87397734
87397743
87397752
87397767
87397768
87397773
87397778
87397783
87397855
87397861
87398061
87398071
87398081
87398134
87398143
87398153
87398285
87398301
87398321
87398439
87398449
87398458
87398518
87398528
87398538
87398665
87398675
87398684
87398714
87398723
87398732
87398764
87398773
87398782
87398902
87398911
87398920
87398986
87398995
87399005
87399038
87399047
87399056
87399188
87399198
87399207
87399253
87399262
87399271
87399316
87399325
87399334
87399471
87399481
87399490
87399538
87399560
87399569
87399578
87399601
87399610
87399619
87399736
87399745
87399754
87399783
87399792
87399801
87399823
87399832
87399841
87399965
87399974
87399983
87400134
87400143
87400152
87400203
87400212
87400222
87400369
87400378
87400387
87400703
87400717
87400732
87400812
87400821
87400830
87400994
87401010
87401026
87401059
87401068
87401077
87401100
87401109
87401118
87401240
87401249
87401258
87401279
87401288
87401297
87401316
87401325
87401334
87401477
87401486
87401495
87401589
87401598
87401608
87401642
87401651
87401660
87401792
87401801
87401810
87401858
87401867
87401876
87401920
87401938
87401955
87402102
87402111
87402121
87402159
87402168
87402177
87402296
87402314
87402330
87402362
87402371
87402380
87402413
87402422
87402432
87402558
87402567
87402576
87402638
87402648
87402657
87402747
87402930
87402939
87403007
87403016
87403022
87403076
87403085
87403094
87403589
87403598
87403607
87403831
87404239
87404248
87404257
87404808
87404817
87404826
87405340
87405349
87405358
87405953
87405962
87405971
87431152
87431616
87431618
87434465
87437599
87438679
87438680
87438681
87438682
87438683
87438684
87438685
87438686
87438687
87438689
87438690
87438691
87438692
87438693
87438694
87438695
87438696
87438697
87438698
87438699
87438701
87438702
87438703
87438704
87441202
87442860
87444835
87448870
87453135
87457133
87457230
87458438
87458443
87458444
87458445
87458657
87458668
87459353
87459903
87462854
87463198
87465177
87465968
87467757
87469616
87469707
87469708
87471695
87473651
87474189
87474366
87476714
87478891
87478892
87478893
87478894
87478895
87478896
87478897
87478898
87478899
87478900
87478901
87478902
87478903
87478904
87478905
87478906
87478909
87478911
87478912
87478914
87484282
87509386
87509387
87509388
87509389
87509391
87509392
87509393
87509394
87509395
87509396
87509397
87509398
87509399
87509400
87509401
87509402
87509403
87509404
87509405
87509406
87509407
87509408
87509410
87509411
87509741
87510415
87510417
87510422
87510424
87510426
87510428
87510433
87510435
87510439
87510441
87510447
87510449
87510451
87510452
87510457
87510460
87510464
87510467
87510473
87510474
87510847
87510850
87510852
87510858
87510863
87510866
87510870
87510875
87510881
87510884
87510887
87510894
87510900
87510903
87510912
87510915
87510917
87510920
87510922
87511371
87511375
87511383
87511386
87511387
87511390
87511391
87511392
87511400
87511402
87511629
87511640
87511645
87511693
87511695
87511700
87511703
87511704
87511708
87511711
87511713
87511831
87511837
87511838
87511842
87511991
87511993
87511996
87512108
87512112
87512175
87512182
87512184
87512186
87512192
87514088
87529596
87543601
87554183
87554184
87555867
87555868
87555900
87555934
87556291
87556292
87556698
87556699
87557052
87557112
87557350
87557468
87557473
87557479
87557726
87558372
87558413
87558598
87559172
87559378
87559507
87559508
87574119
87591357
87591489
87604033
87605129
87632146
87634016
87634017
87639436
87671902
87703661
87733486
87733641
