25.240
25.483
27.502
29.659
29.859
27.866
28.770
28.545
26.438
27.227
26.384
27.396
32.080
29.502
25.673
27.013
25.386
26.551
26.473
25.813
31.561
29.326
27.463
27.063
26.329
27.703
26.793
26.062
26.600
28.279
27.652
27.597
27.379
28.189
26.268
27.358
29.623
28.978
29.403
27.808
26.638
27.609
26.527
28.537
30.796
28.902
30.190
29.975
28.587
28.487
29.253
31.688
35.392
34.332
31.800
28.814
29.522
30.186
30.076
33.748
33.090
28.281
29.353
27.534
29.197
27.961
28.084
34.569
35.172
35.274
29.403
28.165
27.945
29.538
34.456
29.925
33.567
24.923
25.439
25.314
27.649
26.231
30.944
34.116
27.676
25.789
25.160
25.358
25.290
27.361
29.484
31.354
25.093
26.467
25.130
27.583
29.156
28.947
31.047
29.465
29.511
30.418
30.441
34.362
36.588
31.746
32.894
29.868
27.394
30.282
29.395
29.503
29.991
60.354
83.947
56.730
35.961
31.687
28.064
27.925
