12.280
13.221
11.958
12.875
14.316
13.469
11.693
13.565
12.492
13.405
12.504
13.323
15.381
12.326
12.833
14.422
12.829
14.079
12.970
13.773
13.332
13.385
12.705
12.788
13.562
13.857
13.603
12.532
12.337
12.349
12.697
13.948
13.786
13.915
14.129
12.583
13.081
12.547
13.368
12.423
13.057
16.112
13.795
12.612
13.186
12.167
12.799
12.957
12.987
16.975
13.129
13.593
14.734
14.664
13.561
13.491
13.066
13.310
13.211
14.033
1.480
15.564
14.102
13.599
13.424
13.778
13.612
14.073
13.918
59.342
12.838
13.257
14.821
14.264
14.054
13.550
13.785
13.777
13.696
14.115
13.083
13.986
13.961
13.579
15.066
13.316
13.670
13.110
