14.309
12.776
15.193
19.694
13.772
13.091
13.881
14.397
14.015
13.979
14.867
13.635
12.767
17.415
13.262
13.933
13.656
13.790
13.411
15.731
16.795
13.699
13.343
23.697
13.318
14.187
13.547
13.134
13.087
13.690
13.206
12.972
13.834
19.429
14.908
13.476
13.368
14.244
8.695
14.188
19.181
12.894
12.609
13.776
17.209
17.167
13.786
17.356
13.064
13.804
13.148
16.790
13.786
16.977
13.386
13.108
13.373
16.237
14.688
16.782
14.056
13.181
13.513
14.902
14.913
16.633
13.227
12.331
13.410
14.851
13.011
18.330
12.516
12.626
12.997
15.580
13.351
20.045
12.472
12.884
12.524
13.387
13.287
13.209
17.453
14.840
12.886
12.205
17.465
13.978
18.743
12.612
12.504
