13.353
12.012
12.383
14.100
13.677
12.702
12.467
11.938
12.313
11.349
11.153
12.142
11.764
15.712
13.535
12.436
13.598
12.756
11.714
14.823
16.778
12.899
18.932
14.597
11.296
11.451
12.428
12.413
11.931
12.323
12.474
12.335
11.854
12.157
12.985
14.547
13.689
11.883
12.230
12.149
15.380
15.633
12.649
12.501
13.702
12.476
13.165
12.692
12.932
12.714
12.142
15.394
14.678
12.275
12.344
12.746
12.021
11.507
13.420
13.057
11.862
7.904
3.444
12.807
12.684
12.280
11.754
14.149
12.485
12.453
11.868
11.594
12.428
14.876
11.816
16.094
12.521
11.972
12.310
14.171
12.534
15.112
13.008
12.289
12.474
13.904
13.299
13.661
14.078
11.802
12.154
12.303
14.452
14.671
13.097
12.187
