50.075
51.798
50.450
52.337
53.589
50.166
52.323
50.131
51.712
48.646
46.840
43.669
45.476
41.946
48.237
48.351
50.606
51.332
51.242
49.715
49.465
54.621
51.791
48.464
51.771
46.555
47.735
47.622
48.113
46.122
49.474
45.431
45.695
46.816
48.510
49.910
50.491
45.407
48.889
47.322
48.355
47.593
49.341
49.273
48.365
49.701
48.209
47.976
47.463
51.020
50.519
49.742
50.308
49.733
48.393
47.081
47.504
45.061
46.272
46.169
46.900
48.120
46.943
40.992
44.854
45.491
42.323
48.940
47.853
43.668
44.967
44.007
45.956
49.535
52.053
47.397
46.462
48.838
47.386
46.245
36.611
45.762
44.654
46.926
48.073
48.353
51.883
50.047
50.382
47.788
45.504
53.047
32.210
30.540
29.371
27.098
