19.917
20.556
19.197
18.069
18.745
17.488
18.003
19.555
18.722
17.024
18.394
17.593
18.020
18.205
22.775
19.225
17.369
17.725
17.755
21.169
22.519
18.291
18.537
18.726
17.228
17.087
18.545
18.446
19.493
17.782
18.094
18.301
17.150
18.366
18.944
20.278
20.288
18.929
17.863
18.512
18.589
19.185
19.511
18.588
18.677
17.917
18.569
17.992
17.695
18.427
18.781
17.652
18.174
20.061
19.132
19.088
17.694
19.056
18.863
19.625
20.438
19.858
18.295
18.584
20.155
18.569
17.688
19.070
18.653
18.420
16.878
20.103
19.556
21.218
18.442
18.078
17.877
19.356
18.578
19.767
17.629
17.214
17.665
18.936
20.208
19.526
19.408
18.224
17.607
18.416
19.536
18.788
20.433
18.559
