18.676
17.668
19.293
18.432
26.304
25.652
19.228
19.434
18.953
18.357
18.494
17.628
17.424
17.606
24.632
24.189
24.455
17.781
19.691
20.165
19.320
17.361
17.388
16.078
55.357
17.199
15.648
19.305
20.405
18.970
18.297
20.183
20.947
16.912
18.193
17.121
16.927
16.901
17.033
42.156
21.853
20.418
22.482
20.595
19.638
18.532
19.416
17.067
16.736
16.851
17.406
17.789
22.872
22.995
3.018
19.425
19.573
20.751
20.496
16.763
17.582
16.693
17.072
17.194
16.603
19.737
19.584
18.857
19.861
21.004
19.299
17.928
18.324
18.705
18.863
17.256
17.879
18.173
19.031
19.969
24.397
20.989
8.684
16.926
17.337
16.710
17.199
17.416
17.314
18.207
19.067
3.417
21.858
20.843
21.049
21.454
19.300
21.129
19.654
20.420
19.849
18.656
18.826
19.644
19.395
19.992
22.327
20.993
17.471
17.623
17.448
17.288
18.541
18.073
21.174
18.963
18.472
19.206
17.848
18.916
21.161
20.780
18.360
17.155
18.076
18.712
21.165
19.902
18.150
29.705
26.233
17.641
18.266
18.137
18.545
18.805
18.589
19.015
18.255
19.937
18.772
18.936
22.705
17.473
18.334
18.637
16.527
17.947
16.497
21.668
18.228
21.552
18.198
34.564
35.484
18.745
19.187
19.077
19.504
19.423
18.784
19.832
19.824
19.545
20.268
20.888
18.017
25.113
20.242
20.542
18.357
18.906
19.072
19.712
20.422
20.193
20.623
17.521
17.325
16.773
