28.069
28.123
29.513
28.835
29.096
29.859
28.202
28.182
29.335
28.768
28.788
27.943
29.062
29.471
33.526
34.698
34.584
31.263
30.382
30.017
27.519
28.704
28.295
28.199
28.530
27.367
27.815
29.539
29.026
28.417
21.160
20.910
19.408
20.460
19.216
18.896
19.255
18.473
23.847
23.683
21.613
21.411
21.462
20.889
20.679
20.591
19.840
20.640
19.125
18.891
23.984
23.478
21.729
21.709
20.146
21.707
19.164
19.513
18.697
18.472
19.472
19.146
20.820
20.689
19.502
20.062
16.124
16.511
16.051
15.943
16.526
15.956
16.877
16.382
16.829
16.744
17.472
20.657
18.901
16.084
17.323
15.384
16.646
19.808
19.277
19.287
20.380
19.435
19.357
19.455
19.681
16.590
18.304
16.899
18.852
17.964
16.152
18.575
17.282
17.492
20.060
21.411
15.482
15.400
15.706
15.645
15.860
15.280
16.172
16.297
15.606
15.953
16.795
19.004
16.495
17.554
17.718
17.432
15.846
15.788
18.106
18.077
16.547
17.945
20.555
19.556
16.044
15.529
15.933
15.861
15.999
16.457
17.055
17.238
17.063
20.662
21.496
16.715
16.572
17.464
17.216
17.058
16.780
18.120
18.092
18.120
18.390
18.666
19.443
16.757
17.319
15.958
15.816
15.843
15.797
18.150
17.684
17.325
17.880
17.736
17.015
18.075
17.840
17.784
17.332
16.772
16.336
16.377
17.910
17.633
17.452
17.083
16.254
16.914
16.036
16.193
