13.199
13.562
14.661
12.905
13.061
14.077
13.376
12.875
13.921
12.704
12.711
12.808
14.199
14.403
17.676
18.496
20.539
15.913
14.008
14.424
13.579
12.508
13.448
13.047
13.472
14.366
13.836
15.102
13.425
13.911
15.519
14.985
12.825
14.161
12.886
12.711
13.184
11.889
63.256
14.282
14.080
13.775
13.891
14.074
13.955
13.865
13.736
13.204
13.612
13.039
13.420
14.515
14.216
13.533
13.465
13.964
13.776
12.177
13.464
7.777
17.544
3.585
11.859
12.075
13.119
11.986
13.725
13.021
13.550
12.651
15.165
13.067
28.892
12.767
13.184
12.769
13.841
13.159
12.861
13.024
15.108
14.378
14.759
14.573
8.184
13.095
13.072
12.552
12.527
12.844
12.852
13.472
13.511
15.002
14.391
13.990
15.196
13.359
13.807
22.651
14.365
15.328
15.484
15.918
13.065
14.353
13.305
14.080
15.090
15.643
12.597
12.844
12.379
12.834
13.294
13.304
14.008
12.903
12.862
12.842
13.234
13.587
14.483
13.110
13.981
13.266
12.988
13.034
15.108
15.874
13.789
13.864
14.883
15.377
13.329
13.466
12.858
12.687
13.641
13.798
13.934
13.245
13.650
13.554
13.147
13.084
12.651
13.832
12.889
13.003
13.342
14.627
13.448
13.501
13.671
3.577
14.945
13.443
13.007
12.630
12.321
12.422
12.231
13.769
12.861
14.523
14.802
14.291
13.987
12.955
14.259
15.574
15.027
13.216
13.167
12.855
14.294
12.893
13.779
13.875
13.719
13.838
13.007
13.567
13.002
13.458
