133501904
133502444
133519370
133549554
133579034
133603584
133633580
133646926
133647038
133663294
133689235
133719309
133749296
133774629
133803613
133832758
133861151
133891739
133914841
133936671
133957936
133979183
133995574
134022778
134051229
134071520
134071536
134080552
134108224
134136646
134156006
134182454
134210290
134223311
134246288
134269571
134300223
134328319
134357661
134387539
134393869
134410604
134435341
134466035
134495963
134524922
134554413
134578844
134602876
134632016
134655550
134660837
134688766
134718703
134744062
134767560
134796093
134824431
134833442
134852412
134882322
134909696
134912958
134934824
134962804
134991359
135019082
135048580
135073159
135096890
135124403
135154620
135181649
135193885
135193991
135210733
135235367
135252827
135259530
135286931
135314215
135341277
135370207
135394745
135418387
135419155
135446167
135474698
135503529
135532847
135557590
135581426
135596790
135609134
135638396
135664014
135687469
135710572
135734762
135763412
135798954
135823615
135906625
135982988
