75.463
74.337
80.053
77.356
80.086
74.827
73.742
72.653
77.143
83.665
82.141
74.680
72.309
73.875
80.007
77.366
83.799
76.092
73.303
74.989
80.165
80.888
87.567
72.675
71.184
60.061
74.322
84.666
84.949
77.952
72.951
75.608
79.853
74.647
82.025
52.121
51.257
50.449
52.058
53.993
49.845
54.730
52.206
53.853
49.746
22.687
50.463
56.502
53.717
54.764
57.226
57.939
52.314
53.285
53.977
54.255
55.335
53.675
58.067
55.935
54.487
53.182
53.469
55.632
55.302
55.472
55.550
60.048
51.928
48.726
52.091
60.216
58.008
58.040
58.511
55.983
59.365
61.531
56.446
58.027
58.106
60.208
57.686
60.570
58.353
52.166
53.597
53.368
53.800
53.007
54.867
54.016
55.121
