20.640
18.326
21.113
19.137
19.013
20.656
18.734
19.620
17.602
18.882
17.895
18.673
16.166
16.440
14.831
17.619
18.736
18.342
18.279
16.396
17.794
17.806
18.180
16.644
20.003
17.133
17.587
16.798
18.664
17.190
16.502
16.325
18.858
18.209
18.877
18.162
18.629
155.084
17.796
17.882
17.470
16.697
16.431
18.182
16.060
18.895
17.787
16.901
16.900
18.676
18.758
18.419
18.581
17.716
19.246
16.702
17.549
17.797
18.548
19.311
18.702
17.676
17.374
21.429
18.971
18.485
18.315
18.725
16.612
20.157
19.063
17.993
23.373
18.276
17.410
24.808
19.096
18.397
17.983
18.199
19.226
19.021
18.202
18.164
20.482
19.325
17.842
17.652
19.428
17.522
16.843
17.812
17.388
18.498
17.817
19.571
19.447
