17.961
18.895
19.650
18.152
18.645
17.733
18.988
18.253
18.493
18.247
18.759
17.287
18.811
18.048
19.044
17.492
18.340
17.544
17.524
17.543
17.281
20.586
20.069
18.150
18.430
18.987
18.459
19.105
19.641
17.206
18.555
18.933
18.926
18.476
19.357
19.591
18.867
19.782
20.588
19.090
19.606
18.802
19.232
19.124
18.228
19.545
18.579
21.046
17.862
17.379
17.837
20.406
22.664
17.513
18.777
17.626
18.630
17.974
21.008
18.919
18.535
17.602
18.774
18.311
20.776
19.530
18.820
17.325
19.555
19.375
18.694
20.928
19.614
19.262
16.374
19.943
19.979
18.378
17.414
17.156
18.055
20.670
20.976
21.104
20.205
18.330
18.217
18.389
19.233
20.632
19.298
