13.062
13.807
14.871
12.774
12.950
12.572
13.496
14.047
13.419
14.318
13.225
13.169
13.248
14.615
12.706
12.081
12.788
14.239
13.817
12.962
13.787
14.042
13.930
14.855
13.257
12.389
16.911
14.014
13.839
14.710
13.236
14.143
14.342
12.948
14.982
14.239
13.277
14.646
15.152
13.445
14.677
14.175
13.622
13.983
14.283
14.568
13.973
16.195
14.943
11.960
14.919
15.024
14.712
16.007
13.378
12.815
12.837
13.249
13.070
14.542
13.577
14.501
11.869
11.835
12.163
12.596
12.407
12.927
12.005
12.687
13.961
13.010
12.842
18.114
24.339
12.370
12.959
12.957
14.944
12.183
13.589
12.315
12.924
14.068
13.194
17.781
15.535
14.537
14.405
12.520
12.850
14.309
12.985
14.359
12.871
