13.389
18.228
14.473
16.215
18.604
13.466
13.962
12.724
14.019
17.540
14.199
17.671
17.260
12.815
12.898
13.694
14.051
12.980
17.166
12.952
12.959
14.118
15.188
14.040
17.249
13.752
13.744
14.040
12.715
14.703
17.025
12.659
36.868
13.360
14.016
13.711
16.023
12.651
13.525
14.042
13.332
13.481
11.834
24.520
14.477
4.440
11.239
9.934
9.927
11.914
16.301
13.976
12.876
12.279
14.745
13.263
18.957
12.835
12.628
12.713
14.477
13.856
14.063
12.510
12.404
11.982
12.620
14.516
14.064
15.209
1.359
13.798
13.777
12.740
13.058
13.486
12.748
13.268
12.809
12.739
13.695
14.506
13.288
13.736
13.322
14.724
12.992
13.320
13.012
13.016
13.182
13.527
14.818
13.504
24.049
13.360
12.706
13.778
12.057
13.374
13.153
14.658
13.856
14.951
11.992
