122819140
122819162
122819182
122819204
122819225
122819247
122819267
122819298
122819339
122819413
122819511
122819605
122819681
122819733
122819779
122819811
122819839
122819864
122819873
122821537
122821555
122821565
122821574
122821586
122821598
122821605
122821617
122821628
122821663
122821693
122821723
122821756
122821787
122821814
122821826
122821834
122821841
122821856
122823688
122823697
122823711
122823720
122823733
122823753
122823801
122823869
122823968
122824065
122824166
122824245
122824301
122824343
122824382
122824405
122824419
122824435
122824439
122826272
122826281
122826304
122826332
122826341
122826349
122826362
122826378
122826403
122826433
122826465
122826489
122826522
122826553
122826559
122826570
122826587
122826604
122826620
122827800
122827803
122827804
122827805
122827830
122827876
122827945
122828022
122828098
122828145
122828202
122828253
122828296
122828329
122828351
122828373
122828394
122828414
122828424
122829632
122829645
122829650
122829658
122829661
122829664
122829668
122829671
122829673
122829694
122829720
122829742
122829764
122829765
122829769
122829771
122829772
122829774
122829799
122830997
122830999
122831024
122831072
122831147
122831225
122831309
122831383
122831453
122831500
122831525
122831540
122831543
122831547
122831550
122831555
122831576
122831597
122831604
122832747
122832749
122832762
122832779
122832780
122832782
122832785
122832787
122832789
122832796
122832817
122832838
122832858
122832878
122832882
122832886
122832911
122832960
122833036
122834241
122834298
122834386
122834467
122834550
122834617
122834672
122834713
122834743
122834763
122834773
122834786
122834801
122834833
122834862
122834884
122834912
122834942
122834962
122836288
122836289
122836290
122836294
122836301
122836302
122836304
122836305
122836307
122836311
122836331
122836352
122836372
122836396
122836450
122836515
122836590
122836668
122836743
122837901
122837975
122838044
122838098
122838144
122838181
122838216
122838245
122838262
122838279
122838314
122838346
122838367
122838387
122838394
122838397
122838399
122838404
122838406
122839649
122839650
122839653
122839657
122839664
122839686
122839708
122839729
122839750
122839772
122839787
122839791
122839821
122839872
122839947
122840031
122840108
122840173
122840216
122913746
122915994
122916570
123029414
123029434
123029453
123029474
123029503
123029551
123029623
123029665
123029743
123029803
123029857
123029894
123029924
123029937
123029944
123029945
123029947
123029951
123029953
123031289
123031311
123031337
123031366
123031392
123031417
123031440
123031462
123031484
123031505
123031526
123031547
123031567
123031587
123031596
123031597
123031600
123031603
123031604
123032830
123032832
123032835
123032838
123032863
123032923
123032990
123033079
123033177
123033257
123033338
123033391
123033437
123033470
123033493
123033514
123033527
123033534
123033538
123034834
123034838
123034840
123034843
123034847
123034849
123034858
123034860
123034864
123034868
123034871
123034874
123034879
123034900
123034920
123034942
123034962
123034982
123035008
123036547
123036550
123036557
123036591
123036647
123036721
123036800
123036867
123036933
123036977
123037010
123037026
123037029
123037030
123037033
123037038
123037043
123037046
123037048
123038319
123038323
123038324
123038326
123038327
123038328
123038329
123038331
123038334
123038336
123038337
123038340
123038341
123038342
123038344
123038345
123038353
123038385
123038455
123039666
123039698
123039756
123039829
123039907
123039975
123040032
123040080
123040109
123040127
123040134
123040137
123040139
123040150
123040167
123040178
123040199
123040221
123040239
123041451
123041453
123041456
123041461
123041462
123041464
123041467
123041468
123041473
123041475
123041477
123041479
123041487
123041509
123041537
123041595
123041671
123041766
123041860
123042907
123042991
123043071
123043133
123043186
123043227
123043257
123043277
123043310
123043320
123043336
123043354
123043379
123043403
123043426
123043446
123043467
123043469
123043471
123044644
123044646
123044648
123044649
123044651
123044653
123044654
123044673
123044695
123044716
123044736
123044757
123044779
123044811
123044868
123044942
123045013
123045091
123045151
123046186
123046245
123046302
123046349
123046382
123046423
123046452
123046474
123046494
123046513
123046537
123046541
123046544
123046545
123046549
123046551
123046553
123046554
123046556
123047811
123047819
123047839
123047861
123047883
123047904
123047924
123047933
123047937
123047942
123047947
123047979
123048032
123048107
123048186
123048258
123048316
123048367
123048403
123221335
123221338
123221343
123221344
123221345
123221346
123221349
123221354
123221358
123221359
123221364
123221366
123221367
123221369
123221370
123221373
123221393
123221412
123221433
123222905
123222907
123222908
123222917
123222950
123223084
123223161
123223228
123223281
123223326
123223356
123223376
123223384
123223387
123223391
123223394
123223395
123223396
123224833
123224855
123224877
123224887
123224898
123224909
123224912
123224914
123224916
123224919
123224920
123224921
123224922
123224923
123224925
123224926
123224928
123224941
123224978
123226111
123226247
123227827
123227866
123227887
123227909
123227930
123227951
123227972
123227993
123228013
123228034
123228055
123228075
123228096
123228119
123228141
123228157
123228179
123228208
123228260
123230550
123230647
123231934
123231956
123231979
123232007
123232060
123232133
123232225
123232317
123232405
123232490
123232559
123232603
123232634
123232655
123232675
123232694
123232717
123232737
123232758
123234866
123234894
123234895
123234896
123234897
123234898
123234904
123234906
123234911
123234914
123234916
123234920
123234924
123234926
123234929
123234931
123234934
123234944
123234984
123236331
123236344
123236379
123236439
123236517
123236599
123236677
123236732
123236771
123236803
123236822
123236827
123236829
123236831
123236834
123236836
123236840
123236841
123236844
123238303
123238332
123238355
123238377
123238396
123238419
123238429
123238432
123238436
123238440
123238443
123238445
123238448
123238449
123238453
123239582
123239638
123239670
123239697
123239707
123239708
123239711
123239716
123239717
123239719
123239726
123239727
123239732
123239735
123239736
123239738
123239741
123239742
123239745
123241156
123241160
123241162
123241163
123241167
123241171
123241173
123241176
123241178
123241203
123241250
123241323
123241398
123241480
123241539
123241591
123241631
123241648
123241652
123243073
123243110
123243136
123243155
123243173
123243195
123243231
123243261
123243263
123243266
123243268
123243269
123243271
123243272
123243273
123243274
123243275
123243277
123243279
123244411
123244417
123245097
123245099
123245101
123245104
123245106
123245107
123245108
123245109
123245110
123245130
123245174
123245235
123245316
123245405
123245487
123245561
123245616
123245659
123245692
123247111
123247144
123247155
123247157
123247160
123247164
123247190
123247198
123247214
123247218
123247221
123248460
123248492
123248522
123248547
123248570
123248593
123248615
123248636
123248657
123248674
123248696
123248713
123248733
123248744
123248748
123248750
123248754
123248756
123248758
123251226
123251248
123251274
123251316
123251339
123251362
123251382
123251402
123251424
123251435
123251436
123251437
123251438
123251439
123251440
123251442
123251445
123251446
123251448
123252299
123252615
123252634
123252635
123254085
123254088
123254091
123254093
123254094
123254095
123254110
123254149
123254210
123254284
123254361
123254417
123254465
123254510
123254540
123254574
123254595
123254608
123254615
123255356
123256154
123256158
123256163
123256166
123256171
123256174
123256176
123256181
123256183
123256186
123256189
123256214
123256260
123256329
123256409
123256492
123256555
123256609
123256645
123258077
123258664
123259505
123260083
123260140
123260170
123260194
123260199
123260201
123260203
123260205
123260206
123260208
123260210
123260211
123260213
123260216
123260217
123260219
123260220
123260221
123260222
123264889
123455692
123455713
123455715
123455721
123455722
123455724
123455726
123455729
123455731
123455733
123455734
123455735
123455738
123455739
123455740
123455759
123455805
123455873
123455946
123457234
123457301
123457376
123457453
123457516
123457575
123457606
123457632
123457642
123457644
123457646
123457650
123457653
123457656
123457660
123457662
123457665
123457670
123457672
123459005
123459009
123459013
123459017
123459019
123459023
123459024
123459026
123459029
123459031
123459032
123459035
123459037
123459042
123459063
123459116
123459188
123459258
123459337
123460535
123460627
123460725
123460786
123460841
123460872
123460895
123460906
123460911
123460913
123460915
123460936
123460945
123460948
123460950
123460952
123460954
123460955
123460957
123462218
123462233
123462253
123462272
123462292
123462312
123462331
123462351
123462371
123462392
123462405
123462407
123462433
123462482
123462550
123462629
123462699
123462753
123462803
123463954
123464004
123464049
123464084
123464118
123464160
123464184
123464215
123464243
123464268
123464292
123464316
123464338
123464349
123464352
123464353
123464356
123464357
123464358
123465571
123465574
123465577
123465599
123465641
123465706
123465800
123465895
123465982
123466045
123466099
123466131
123466157
123466173
123466180
123466184
123466188
123466190
123466195
123467481
123467484
123467487
123467490
123467495
123467515
123467535
123467554
123467577
123467596
123467620
123467623
123467624
123467626
123467628
123467630
123467633
123467638
123467667
123468893
123468907
123468949
123469015
123469109
123469204
123469294
123469366
123469429
123469486
123469523
123469546
123469562
123469564
123469565
123469567
123469568
123469570
123469574
123700494
123700495
123820129
123881750
123881758
123883138
123883144
123883931
123884534
123884537
124031664
124031665
124031666
124031668
124031670
124031671
124031672
124031674
124031675
124031676
124031677
124031678
124031679
124031680
124031681
124032514
124032515
124032516
124032517
124032518
124032519
124032520
124032521
124032522
124032523
124032524
124032525
124032526
124032527
124032528
124098414
124098438
124205105
124205113
124205115
124205119
124205121
124205123
124205124
124205127
124205128
124205130
124205132
124205133
124205134
124205135
124205136
124205137
124205150
124205171
124205191
124206502
124206505
124206509
124206512
124206515
124206539
124206580
124206645
124206720
124206798
124206851
124206905
124206944
124206979
124206997
124207005
124207009
124207012
124207025
124208448
124208456
124208484
124208488
124208491
124208493
124208496
124208498
124208499
124208502
124208503
124208505
124208507
124208508
124208510
124208512
124208514
124208516
124208521
124209948
124209950
124209953
124209960
124209994
124210048
124210119
124210195
124210262
124210317
124210371
124210406
124210429
124210436
124210444
124210450
124210451
124210453
124210455
124211944
124211952
124211960
124211965
124211968
124211971
124211974
124211980
124211986
124211993
124211997
124211998
124211999
124212001
124212002
124212003
124212004
124212007
124212040
124213380
124213403
124213446
124213502
124213578
124213653
124213712
124213770
124213815
124213851
124213884
124213896
124213905
124213908
124213909
124213910
124213918
124213920
124213921
124215298
124215303
124215305
124215311
124215312
124215313
124215316
124215319
124215325
124215357
124215416
124215492
124215564
124215619
124215665
124215702
124215733
124215760
124215792
124217193
124217215
124217227
124217232
124217234
124217237
124217241
124217243
124217247
124217249
124217251
124217253
124217256
124217258
124217260
124217261
124217264
124217266
124217268
124218593
124218595
124218597
124218598
124218601
124218602
124218605
124218634
124218685
124218760
124218839
124218909
124218965
124219014
124219048
124219071
124219076
124219080
124219083
124220541
124220545
124220551
124220555
124220580
124220588
124220591
124220593
124220595
124220596
124220597
124220598
124220599
124220600
124220601
124220602
124220603
124220604
124220605
124221909
124221929
124221938
124221942
124221945
124221965
124222010
124222079
124222154
124222226
124222282
124222337
124222379
124222403
124222416
124222419
124222424
124222426
124222433
124223739
124223762
124223789
124263161
124418825
124418826
124418827
124418828
124418830
124418831
124418832
124418833
124418834
124418835
124418836
124418837
124418838
124418839
124418840
124418841
124418842
124418843
124418844
124419243
124419250
124419254
124419259
124419266
124419274
124419874
124419886
124419896
124419905
124419915
124419927
124419978
124419985
124419995
124420004
124420014
124420022
124420028
124420034
124420039
124420047
124420053
124420060
124420067
124420370
124420372
124420378
124420383
124420933
124420935
124420937
124420939
124420941
124420943
124420946
124420948
124420950
124420952
124420954
124420955
124420956
124420957
124421479
124421564
124421572
124421636
124421645
124422396
124422399
124422403
124422406
124422479
124422484
124422490
124422496
124422507
124422512
124422562
124422573
124422579
124422592
124423834
124423836
124423839
124423842
124423868
124423870
124423872
124423874
124423877
124423879
124423881
124423883
124423884
124423885
124423886
124423887
124425302
124425338
124425342
124425348
124425352
124425356
124425363
124425367
124425372
124425397
124425402
124425406
124425409
124425414
124425418
124425423
124425428
124425432
124425437
124425507
124425509
124425511
124425513
124425515
124425876
124426257
124426261
124426267
124426272
124426276
124426281
124426285
124426290
124426295
124426890
124426892
124426894
124426896
124426899
124426901
124427039
124427049
124427622
124427624
124427625
124427626
124427627
124427628
124427631
124427633
124427634
124427635
124427636
124427637
124427639
124427640
124427644
124428082
124428092
124428097
124428102
124428130
124428139
124428150
124428156
124428205
124428245
124428430
124428431
124428432
124428433
124428434
124428435
124428436
124428437
124428443
124428449
124428455
124428459
124428463
124428470
124428475
124428942
124428943
124428944
124428945
124428946
124428952
124428959
124428965
124428972
124428980
124613156
124626940
124626941
124626942
124626944
124626945
124626946
124626947
124626948
124626949
124626951
124626952
124626953
124626954
124626955
124626956
124626959
124626960
124626961
124626962
124627792
124627793
124627832
124627833
124627834
124627836
124627838
124627839
124627840
124627842
124627843
124627844
124627846
124627847
124627848
124627849
124627866
124627871
124627876
124627880
124627885
124628589
124628590
124628591
124629098
124629100
124629101
124629102
124629103
124629105
124629106
124629107
124629109
124629112
124629113
124629114
124629115
124629116
124629118
124629120
124629121
124629122
124629123
124629267
124629271
124629275
124629832
124629838
124629839
124629886
124629887
124629888
124629923
124629924
124629927
124629928
124629930
124629931
124629932
124629933
124629934
124629935
124630162
124630177
124630192
124630640
124630663
124630666
124630668
124630670
124630671
124630674
124630675
124630676
124631210
124631228
124631233
124631236
124631242
124631245
124631247
124631367
124631371
124631375
124631378
124631382
124631386
124631392
124631399
124631404
124631411
124631532
124631534
124631535
124631536
124631537
124631538
124631539
124631541
124632217
124632220
124632223
124632225
124632226
124632227
124632229
124632363
124632377
124632383
124632392
124632400
124632407
124632413
124632473
124632482
124632977
124632978
124632979
124632980
124632981
124632983
124632984
124632985
124632986
124632989
124632991
124632992
124632993
124632994
124633007
124633013
124633696
124633699
124633720
124633772
124633774
124633775
124633776
124633777
124633778
124634152
124634160
124634170
124634583
124634584
124634586
124634587
124634588
124634589
124634591
124634593
124634596
124634597
124634598
124634599
124634600
124634601
124634602
124634604
124634608
124634614
124634622
124813971
124814134
124814159
124814168
124814179
124814182
124814353
124814778
124814792
124815195
124815228
124815231
124815235
124815240
124815241
124815246
124815250
124815253
124815255
124815277
124815279
124815283
124815288
124815289
124815292
124815328
124815367
124815375
124815614
124815615
124815617
124815619
124815621
124815624
124815989
124815993
124816004
124816005
124816006
124816012
124816014
124816180
124816204
124816208
124816234
124816239
124816243
124816269
124816273
124816277
124816282
124816286
124816290
124816607
124816682
124816724
124816725
124816728
124816730
124816738
124816740
124816741
124816743
124816745
124816749
124817028
124817121
124817362
124817365
124817370
124817372
124817376
124817379
124817381
124817384
124817395
124817397
124817398
124817399
124817401
124817547
124817750
124817752
124817755
124817759
124817760
124817762
124817766
124817776
124817777
124817780
124817783
124818163
124818165
124818167
124818168
124818169
124818171
124818175
124818215
124818216
124818220
124818228
124818232
124818237
124818247
124818661
124818664
124818667
124818668
124818669
124818674
124818675
124818676
124818679
124818809
124818813
124818829
124818834
124818856
124818860
124818865
124818887
124818911
124819241
124819636
124819639
124819641
124819644
124819647
124819649
124819652
124819753
124819763
124819772
124819778
124819791
124819798
124819807
124819828
124819841
124819859
124819871
124819887
124819901
124819917
124819936
124819950
124819966
124820552
124820553
124820555
124820557
124820558
124820563
124820564
124820566
124821109
124821110
124821111
124821112
124821113
124821115
124821116
124821117
124821119
124821121
124821125
124821129
124821132
124821137
124821141
124821145
124821268
124821297
124821323
124821367
124821377
124821389
124821467
124821546
124821610
124821990
124821995
124821998
124822020
124822023
124822028
124822032
124822036
124822041
124822044
124822047
124822051
124822052
124822055
124822327
124822337
124822350
124822410
124822417
124822433
124822441
124822633
124822637
124822669
124823374
124823394
124823395
124823397
124823398
124823401
124823444
124823458
124823931
124823935
124823940
124823954
124823960
124823997
124824007
124824012
124824036
124824040
124824045
124824049
124824053
124824059
124824065
124824068
124824072
124824361
124824874
124824876
124824880
124824909
124824937
124824941
124824946
124824957
124824966
124825236
124961339
124961341
124961344
124961346
124961349
124961350
124961351
124961355
124961375
124961377
124961380
124961384
124961387
124961389
124961393
124961395
124961398
124961404
124961406
124961608
124961616
124961624
124961637
124961650
124961665
124962693
124962695
124962698
124962702
124962704
124962705
124962706
124962710
124962715
124962716
124962722
124962732
124962735
124962737
124962741
124962752
124963747
124963752
124963757
124963759
124963762
124964012
124964023
124964040
124964044
124964048
124964066
124964072
124964078
124964086
124964097
124964117
124964188
124964851
124964854
124964860
124964867
124964874
124964877
125038395
125156549
125358194
