16.821
17.183
17.870
17.261
18.541
16.236
18.585
16.208
16.320
17.855
5.310
18.682
25.727
16.005
18.089
17.182
18.808
18.745
20.090
17.178
16.427
17.961
17.443
18.364
17.101
17.358
17.200
18.699
18.426
17.077
21.438
17.024
17.056
16.868
17.172
18.706
18.610
17.277
54.958
4.738
22.564
22.005
6.495
37.379
4.696
6.592
17.985
17.476
17.302
16.157
16.845
55.321
24.723
19.360
18.141
18.983
21.942
16.221
48.663
33.189
20.553
17.886
16.528
16.370
17.716
19.001
48.765
38.681
19.056
16.681
48.510
16.905
48.750
24.170
16.864
16.972
16.879
16.971
17.765
18.623
16.957
41.945
75.059
62.044
15.273
17.688
79.908
18.747
17.909
