27.697
26.989
27.617
29.364
28.598
28.651
28.379
29.085
27.224
28.271
30.632
29.922
30.563
28.755
27.643
28.643
27.541
29.460
31.817
30.016
31.278
31.058
29.624
29.347
30.149
32.829
36.605
35.581
32.814
29.845
30.592
31.251
31.142
34.863
33.911
29.349
30.372
28.611
30.277
29.009
29.198
35.794
36.133
36.574
30.480
29.247
29.051
30.675
35.643
31.066
34.746
25.876
26.428
26.304
28.730
27.350
32.269
35.417
28.754
26.846
26.206
26.381
26.338
28.613
30.483
32.461
26.009
27.422
26.075
28.756
31.231
30.002
29.896
31.859
30.335
30.303
31.271
31.301
35.766
37.885
33.159
34.189
31.008
28.489
31.491
30.567
30.585
31.222
60.354
83.947
56.730
35.961
32.849
29.268
28.790
28.651
29.887
36.447
37.892
35.808
35.754
33.358
32.187
31.456
31.478
33.246
34.657
33.918
30.217
29.756
31.638
29.392
29.198
30.949
35.703
30.761
29.902
28.456
30.417
