13.218
13.282
13.728
15.211
13.869
13.011
12.854
13.649
12.830
12.672
13.529
14.595
13.814
14.063
13.435
13.604
12.713
12.879
13.679
13.277
13.842
13.857
6.647
13.470
14.567
12.948
13.728
12.721
13.365
13.111
13.274
12.624
12.895
13.128
13.653
12.853
13.212
13.342
17.452
13.640
13.524
13.322
13.785
13.703
16.571
13.610
13.209
14.285
1.480
15.564
14.368
13.862
13.663
14.122
13.901
14.339
14.015
59.342
12.924
13.407
15.139
14.570
14.458
13.880
14.052
14.038
13.942
14.324
13.273
14.210
14.162
13.916
15.412
13.597
13.844
13.254
13.987
16.604
11.924
13.999
15.656
14.579
14.385
14.098
13.583
14.247
15.577
15.637
14.257
14.955
14.309
13.787
14.089
14.248
14.284
14.466
14.390
69.153
14.208
15.287
14.196
13.399
14.607
