132410162
132410202
132410224
132410262
132410310
132410379
132410427
132410465
132410488
132410514
132411500
132411502
132411504
132411508
132411547
132411611
132411690
132412613
132412648
132412668
132412694
132412716
132412727
132412766
132412779
132412787
132412794
132412828
132412834
132412908
132413063
132413174
132413225
132413312
132413337
132413357
132413368
132413383
132413391
132413400
132413409
132413414
132413447
132413455
132413462
132413476
132413485
132413492
132413494
132428815
132446960
132454038
132467866
132483269
132511842
132526034
132555967
132584834
132617738
132678982
132692529
132713315
132723073
132748251
132754158
132767270
132776427
132784276
132812804
132840327
132846399
132860717
132876905
132880175
132890186
132908850
132938393
132950178
132961208
132969624
132975220
132991041
132991083
132991151
132991231
132991314
132991378
132991434
132991475
132991511
132991532
132991540
132991546
132991549
132991558
132991563
132991574
132991576
132991579
132991584
132991586
132991592
132991593
132991594
132991598
132991600
132991927
132991963
132992019
132992086
132992135
132992166
132992192
132992213
132992238
132992259
132992285
132992305
132992319
132992326
132992342
132995027
132996093
132996121
132996130
132996154
132996178
132996214
132996235
132996256
132996946
132996988
132997056
132997144
132997229
132997353
132997394
132997417
132997423
132997427
132997436
132997439
132997441
132997444
132997446
132997455
132997458
132997460
132997464
132997473
132997476
132997477
132997478
132997532
132997674
132997826
132997866
132997938
133000486
133000963
133000973
133000975
133000977
133000982
133000985
133000987
133001024
133001076
133001238
133001304
133002685
133002734
133002736
133002737
133002741
133002743
133002752
133002754
133002760
133002768
133002769
133002771
133002772
133002880
133002966
133003031
133003090
133003135
133003244
133006537
133006585
133006612
133006645
133006686
133006744
133006800
133006841
133006864
133006895
133007725
133007728
133007730
133007740
133007780
133007845
133007930
133008850
133008867
133008882
133008900
133008915
133008936
133008941
133008945
133008949
133008963
133008969
133008973
133009056
133009214
133009336
133009382
133009439
133009457
133009476
133009485
133009492
133009498
133009504
133009515
133009519
133009524
133009536
133009538
133009540
133009544
133009554
133009997
133024483
133054773
133084849
133093779
133111903
133143132
133169458
133191829
133191837
133191930
133200932
133230207
133254827
133276090
133283128
133305297
133333546
133363160
133392262
133420964
133434487
133449697
133471830
133471868
133471933
133471997
133472039
133472102
133472148
133472192
133472242
133472272
133472299
133472307
133472317
133472339
133472347
133472360
133472362
133472365
133472366
133472368
133472374
133472375
133472376
133472378
133472381
133472583
133472618
133472658
133472694
133472716
133472748
133472772
133472794
133472803
133472831
133472855
133472896
133472903
133472933
133472951
133475529
133476377
133476395
133476410
133476428
133476448
133476463
133476486
133477179
133477230
133477290
133477352
133477418
133477500
133477550
133477587
133477614
133477634
133477640
133477642
133477643
133477645
133477653
133477655
133477656
133477657
133477664
133477665
133477666
133477667
133477669
133477748
133477827
133477858
133477890
133477938
133477989
133481093
133481104
133481117
133481126
133481133
133481139
133481142
133481153
133481185
133481271
133481300
133482541
133482701
133482727
133482738
133482744
133482760
133482775
133482787
133482792
133482795
133482805
133482807
133482808
133482850
133482903
133482954
133483012
133483033
133483071
133486135
133486156
133486181
133486195
133486231
133486281
133486298
133486312
133486333
133486345
133487198
133487200
133487201
133487208
133487222
133487263
133487331
133488109
133488127
133488151
133488170
133488187
133488207
133488254
133488267
133488284
133488298
133488356
133488375
133488418
133488500
133488568
133488606
133488666
133488706
133488749
133488786
133488808
133488829
133488846
133488873
133488890
133488920
133488927
133488943
133488951
133488963
133488969
133488971
133501901
133519383
133549568
133579032
133589288
133603581
133633581
133657798
133657799
133657808
133663298
133689237
133719313
133749289
133774632
133791940
133792082
133803620
133804517
133832753
133856903
133861144
133891776
133892982
133914840
133936675
133957935
133979182
133995564
133998158
133998159
134018356
134020160
134022782
134051232
134070989
134071147
134080540
134083897
134096628
134104475
134104513
134104580
134104666
134104748
134104796
134104842
134104881
134104908
134104928
134104937
134104940
134104941
134104946
134104951
134104953
134104955
134104956
134104957
134104960
134104961
134104962
134104963
134104964
134104967
134105258
134105298
134105354
134105407
134105459
134105480
134105501
134105523
134105545
134105578
134105610
134105638
134105652
134105685
134105696
134108226
134109218
134109247
134109269
134109296
134109312
134109335
134109351
134110027
134110069
134110143
134110220
134110298
134110405
134110440
134110464
134110472
134110473
134110474
134110476
134110478
134110480
134110481
134110483
134110484
134110485
134110487
134110488
134110489
134110490
134110491
134110540
134110681
134110806
134110842
134110934
134112136
134113517
134114008
134114010
134114012
134114015
134114017
134114018
134114021
134114044
134114091
134114222
134114270
134115681
134115749
134115751
134115758
134115761
134115766
134115768
134115772
134115775
134115777
134115778
134115781
134115840
134115913
134115986
134116058
134116091
134116194
134119539
134119575
134119600
134119649
134119701
134119755
134119800
134119829
134119851
134119876
134120672
134120673
134120675
134120686
134120748
134120828
134120904
134121724
134121743
134121771
134121790
134121814
134121826
134121855
134121866
134121874
134121881
134121893
134121898
134121982
134122139
134122227
134122269
134122354
134122388
134122413
134122429
134122442
134122451
134122459
134122463
134122470
134122474
134122477
134122479
134122480
134122482
134122484
134136643
134156004
134179482
134182462
134188745
134210279
134223326
134246184
134246289
134269567
134284481
134300221
134328329
134339163
134357662
134387534
134393837
134410603
134435325
134466040
134467202
134495967
134524921
134554419
134576462
134576501
134576563
134576645
134576724
134576726
134576728
134576732
134576744
134576759
134576769
134576770
134576771
134576779
134576782
134576784
134576786
134576789
134576791
134576793
134576795
134576798
134576800
134576801
134576803
134577066
134577084
134577103
134577118
134577143
134577159
134577174
134577183
134577195
134577205
134577212
134577227
134577235
134577239
134577246
134578846
134579486
134579500
134579510
134579515
134579522
134579528
134579534
134579929
134579993
134580070
134580112
134580128
134580162
134580181
134580186
134580189
134580191
134580192
134580193
134580194
134580195
134580196
134580198
134580199
134580200
134580202
134580204
134580205
134580206
134580207
134580298
134580437
134580465
134580479
134580496
134580536
134582332
134582333
134582335
134582337
134582338
134582340
134582342
134582349
134582385
134582526
134582580
134583355
134583404
134583407
134583409
134583411
134583415
134583419
134583421
134583425
134583426
134583430
134583466
134583523
134583605
134583671
134583686
134583713
134585796
134585832
134585894
134585958
134585998
134586012
134586042
134586073
134586105
134586135
134586858
134586868
134586906
134586975
134587055
134587133
134587178
134587970
134587994
134588011
134588028
134588047
134588060
134588082
134588092
134588103
134588109
134588119
134588141
134588342
134588437
134588535
134588577
134588618
134588619
134588630
134588637
134588643
134588647
134588649
134588652
134588655
134588661
134588663
134588664
134588665
134588668
134588683
134588730
134602881
134632023
134643821
134654845
134660838
134688776
134690375
134690591
134714640
134718701
134731457
134744063
