13.563
13.635
12.119
12.992
14.021
12.789
15.023
14.135
15.032
16.377
13.717
16.155
15.989
14.942
13.575
13.759
15.099
15.031
14.505
14.265
14.911
14.832
13.003
16.125
14.548
15.661
15.698
14.900
14.858
15.458
15.891
13.794
13.990
13.255
14.223
17.748
15.074
14.585
15.340
13.618
13.373
49.371
14.434
13.671
14.458
14.926
14.019
16.042
14.311
13.590
13.760
13.303
16.751
16.490
12.597
13.268
12.504
13.945
13.623
14.076
13.985
13.600
14.497
13.086
15.512
16.335
13.046
15.292
13.382
1.237
13.861
12.597
13.958
1.885
14.005
12.876
13.966
14.256
15.427
8.175
11.568
6.591
18.250
13.343
13.559
147.392
13.675
13.544
13.231
12.284
12.417
12.085
14.932
14.172
13.969
13.212
12.962
12.742
13.104
13.943
16.375
12.942
14.346
