60.114
73.540
61.931
65.557
63.278
63.190
61.831
63.462
61.554
62.508
60.828
63.115
62.368
42.860
64.107
59.572
61.612
65.047
61.291
60.439
59.459
67.244
66.704
70.909
62.478
60.694
62.474
69.359
66.521
69.394
61.352
63.463
62.197
63.477
60.998
65.615
63.592
61.101
63.556
68.279
64.550
83.102
76.320
73.659
74.643
74.813
80.377
78.021
80.542
75.234
74.185
73.141
77.530
83.863
82.606
75.072
72.584
74.344
80.365
77.820
83.795
76.274
73.563
75.236
79.182
81.423
87.698
73.011
70.487
59.571
75.394
85.139
85.555
78.708
74.008
76.604
80.411
75.413
82.946
53.203
52.303
51.501
53.109
54.941
51.113
55.683
53.202
54.983
50.813
22.687
52.023
57.585
54.722
55.948
