19.993
21.450
20.530
19.611
19.572
20.224
18.875
18.301
20.318
21.482
20.580
24.175
18.086
18.952
16.597
18.655
19.656
18.356
17.640
19.721
18.041
18.704
20.930
20.859
20.335
16.995
19.288
20.199
18.812
18.716
19.574
18.227
17.628
20.202
19.999
18.471
18.693
20.501
20.605
21.713
18.857
18.267
17.910
19.466
19.404
20.159
17.809
20.528
18.809
18.696
20.199
18.302
19.156
17.204
18.607
17.551
18.272
15.982
16.067
14.504
17.363
18.486
18.105
18.197
16.354
17.672
17.708
18.080
16.591
19.738
16.937
17.485
16.714
18.374
16.903
16.263
16.187
18.599
18.081
18.447
17.742
18.326
152.008
17.393
17.493
17.150
16.421
16.145
17.892
15.773
18.568
17.493
16.621
16.609
18.328
18.352
18.112
18.490
17.394
18.899
