92807065
92807113
92843084
92843147
92886073
92886135
92921325
92937109
92937175
92966957
92967013
92995695
92995722
93004299
93004355
93035650
93035757
93068212
93068334
93099347
93099415
93130709
93130771
93164517
93164577
93195747
93195822
93227304
93227384
93258440
93258528
93293800
93293874
93326738
93326776
93354576
93391823
93391880
93429236
93429325
93451954
93452002
93464866
93464905
93489679
93489776
93533348
93533429
93573651
93573728
93610276
93610349
93633480
93633503
93650422
93650497
93689327
93689416
93727357
93727443
93764884
93764999
93804044
93804139
93838300
93838376
93875919
93912789
93912873
94400135
94400262
94431975
94432061
94462604
94462688
94494316
94524950
94525028
94555354
94555433
94584311
94584390
94616491
94616614
94648083
94648174
94674828
94674911
94701601
94701690
94738307
94738399
94773763
94773858
94809195
94809299
94847226
94847312
94881049
94881200
94918778
94918871
94983998
94984132
95037853
95038000
95076141
95076245
95105444
95105532
95132823
95132927
95158466
95158549
95183854
95183953
95209878
95209977
95236274
95236381
95264811
95264903
95290563
95290651
95316321
95316413
95341815
95341915
95368037
95368138
95395713
95395834
95423876
95423980
95452141
95452250
95478580
95478669
95505498
95505604
95538110
95538217
95566317
95566430
95593437
95593540
95634784
95634978
95672837
95672955
95700133
95700248
