13.332
12.232
13.852
13.157
14.074
12.996
15.550
13.503
28.892
12.978
13.394
12.972
14.041
13.418
13.104
13.272
15.273
14.529
14.950
14.778
8.184
13.383
13.360
12.838
12.806
13.200
13.211
13.585
13.623
15.183
14.578
14.296
15.461
13.633
14.081
22.651
14.643
15.614
15.779
16.222
13.205
14.483
13.593
14.644
15.915
12.851
13.273
12.774
13.190
13.659
13.748
14.408
13.372
13.113
13.105
14.259
14.714
13.320
14.097
13.397
13.145
13.236
15.306
15.976
13.983
14.085
15.021
15.517
13.502
13.622
13.162
12.988
13.841
14.098
14.331
13.507
13.900
13.781
13.377
13.303
12.846
14.039
13.095
13.289
13.624
14.765
13.604
13.740
13.895
3.577
15.423
13.697
13.291
12.884
12.592
12.756
12.568
14.216
13.231
14.716
15.007
14.405
14.091
13.147
14.445
15.598
15.235
13.212
13.144
12.725
14.204
13.092
14.172
13.875
13.934
13.867
12.794
13.360
12.928
13.398
12.483
12.811
13.497
12.957
13.397
14.254
13.661
14.665
13.754
13.810
13.237
12.883
13.277
13.438
13.366
13.710
13.565
13.128
13.712
13.167
12.655
12.925
13.611
12.569
13.809
12.824
13.491
13.385
7.588
14.147
13.884
14.555
26.050
13.202
15.333
13.981
13.296
13.244
13.170
14.400
13.853
13.950
13.989
17.127
16.033
16.370
13.969
12.961
13.707
15.893
13.892
14.552
15.451
15.419
12.923
13.258
13.907
13.470
14.396
