19.747
19.435
20.942
19.821
20.380
16.500
16.793
16.309
16.235
16.799
16.235
17.143
16.455
16.889
16.791
17.516
20.355
18.731
16.372
17.592
15.701
16.942
20.040
19.506
19.384
20.472
19.684
19.669
19.392
19.553
16.929
18.616
18.829
18.005
16.175
18.564
17.449
17.756
20.329
21.474
15.676
15.565
16.150
16.086
16.665
16.775
15.908
16.247
17.232
19.459
16.747
17.799
17.969
17.691
15.919
15.877
18.009
18.006
16.545
16.481
20.646
19.497
16.005
15.613
16.037
16.089
16.043
18.131
17.763
17.204
17.771
17.622
16.904
17.947
17.766
17.697
17.245
16.719
16.194
16.258
18.101
17.861
17.364
16.976
16.149
16.818
15.895
16.083
18.447
17.548
16.945
16.275
16.201
16.028
17.911
18.251
16.693
17.283
17.084
17.666
16.356
17.557
18.301
17.805
16.796
17.018
16.422
17.947
17.208
17.367
16.264
16.937
16.425
16.010
15.902
16.768
17.666
17.172
20.327
22.648
16.019
16.133
16.973
18.581
16.611
16.188
15.772
16.654
17.620
17.517
18.992
18.423
19.441
19.335
16.662
16.451
17.431
18.170
17.238
15.852
19.360
18.877
20.044
20.574
17.151
16.251
17.479
16.417
