73.230
75.641
80.386
48.911
69.148
73.062
81.204
73.475
70.651
71.615
69.983
69.328
72.089
72.933
76.611
77.339
79.616
76.509
81.052
84.319
5.848
75.995
76.682
77.901
77.791
73.470
71.857
72.066
72.741
83.379
76.076
78.184
84.427
70.633
71.514
67.055
67.349
70.806
71.847
70.669
71.219
83.824
80.995
77.402
84.453
72.403
70.781
69.511
68.920
67.400
67.237
71.157
68.599
68.327
67.700
83.369
71.973
70.092
66.842
69.292
66.515
65.070
69.257
69.785
69.007
69.807
80.900
78.277
74.463
72.281
71.470
73.138
74.099
70.068
69.812
90.655
82.314
78.185
81.898
74.797
73.936
73.092
73.350
73.839
72.776
74.854
78.199
76.606
76.965
80.988
84.709
77.329
76.728
75.464
75.321
77.949
76.253
76.267
78.119
75.634
76.741
79.204
77.308
75.253
75.767
76.098
76.910
73.418
74.350
71.857
73.160
84.222
83.112
74.321
77.899
70.747
70.639
69.447
69.593
71.292
69.936
58.905
57.449
231.571
77.377
76.034
81.914
78.719
73.128
73.581
74.963
77.781
74.537
76.292
74.384
73.994
74.879
78.376
83.396
83.784
78.627
77.932
76.548
76.279
72.397
72.508
71.479
72.364
78.494
77.018
85.659
83.716
80.096
89.546
74.150
75.631
76.141
76.750
79.802
77.214
75.743
79.016
85.046
84.705
76.887
75.605
74.522
78.085
58.831
62.383
82.076
84.060
82.807
71.134
71.911
73.016
