18.645
18.033
19.239
19.288
18.748
19.873
20.236
18.715
19.244
18.588
18.966
18.984
18.058
19.675
18.468
20.906
17.937
17.248
17.693
20.511
22.487
17.418
18.663
17.545
18.446
17.972
20.797
18.897
18.613
17.623
18.630
18.370
20.681
19.614
18.872
17.488
19.349
19.323
18.667
20.827
19.600
19.509
16.434
20.137
20.241
18.014
17.622
17.412
18.264
20.985
21.192
21.284
20.357
18.659
18.446
18.560
19.419
20.767
19.488
20.018
21.501
20.629
19.665
19.627
20.241
18.929
18.377
20.192
21.305
20.729
23.999
18.012
18.844
16.521
18.570
19.558
18.232
17.584
19.711
18.098
18.557
21.010
20.913
20.321
17.263
19.475
20.297
18.959
18.711
19.604
18.229
