60.536
63.739
63.107
61.295
62.344
63.199
64.381
64.488
60.893
62.614
61.140
62.200
61.203
60.596
64.202
62.759
61.620
66.095
62.191
61.329
61.842
64.986
65.737
78.524
88.059
70.088
67.913
69.288
69.123
72.913
61.584
64.265
65.099
65.581
65.545
70.450
67.240
67.057
58.168
61.381
60.304
59.601
65.802
59.598
72.158
71.539
72.143
72.404
78.297
72.064
71.890
73.077
72.137
76.800
78.419
71.184
71.050
72.823
71.708
76.720
82.281
76.341
59.816
60.082
74.183
61.749
65.438
63.315
63.160
62.010
63.545
61.387
62.571
60.872
64.027
62.399
43.020
64.578
59.625
61.585
65.089
61.469
60.577
59.644
66.951
70.508
62.448
60.806
62.494
69.083
66.312
69.123
61.463
63.361
