13.351
13.914
14.247
16.283
12.534
13.778
13.781
13.257
13.306
11.834
21.099
14.477
4.821
11.239
9.934
9.927
11.914
16.346
13.926
12.982
12.382
14.680
13.467
18.828
13.086
12.758
12.906
14.661
13.999
14.306
12.783
12.527
12.275
12.773
14.738
14.310
15.799
1.359
13.968
14.038
13.077
13.442
13.811
13.145
13.635
13.229
13.396
14.262
14.997
13.876
14.120
13.646
15.271
13.517
13.393
13.506
13.399
13.804
14.237
15.227
13.908
24.049
13.679
13.164
14.101
12.314
13.374
13.451
14.853
14.094
15.040
12.103
13.680
13.860
12.306
13.156
14.139
13.057
15.207
14.344
15.245
16.542
13.838
16.312
16.148
15.064
13.736
13.906
15.214
15.201
14.648
14.550
15.188
14.877
13.421
16.298
14.690
15.902
15.930
15.187
15.145
15.524
16.119
14.017
