129964264
129991501
130018121
130044535
130071827
130099070
130126520
130142129
130144631
130147851
130163197
130190913
130218135
130218922
130246016
130276696
130313348
130347077
130373479
130400105
130426835
130444139
130446191
130448156
130450230
130452937
130455021
130457193
130459188
130461256
130463102
130465200
130467529
130471532
130482213
130484350
130486365
130488652
130490452
130492566
130494781
130509280
130536623
130564349
130592708
130624441
130654905
130680564
130712321
130745064
130745924
130776063
130776623
130804049
130830183
130841728
130845399
130849316
130855044
130860424
130863876
130891712
130921148
130950936
130980871
131010302
131036436
131044438
131048097
131052194
131055600
131061063
131064554
131091508
131121601
131151654
131184254
131213318
131237473
131262746
131290449
131318704
131338898
131369803
131395989
131421984
131448431
131475600
131502946
131536532
131566079
131593816
131609588
