129949515
129949517
129949519
129949522
129949547
129949615
129949696
129949787
129949828
129949873
129950663
129950664
129950665
129950670
129950671
129950672
129952372
129952373
129952374
129952375
129952376
129952377
129952380
129952381
129952382
129952383
129952533
129952700
129952838
129952852
129952854
129952855
129952856
129952857
129952859
129952860
129952862
129952863
129952864
129952866
129952867
129952869
129952871
129952913
129952991
129953137
129953168
129953211
129964268
129978069
129991499
130018116
130032010
130037595
130044539
130070904
130071828
130099071
130126516
130142128
130143249
130144632
130144949
130144951
130145070
130145216
130145253
130147852
130148030
130150690
130163198
130170961
130190916
130210777
130217406
130218138
130246017
130276705
130286858
130300226
130313364
130347070
130373477
130400103
130403290
130426836
130444141
130444413
130444415
130446193
130448159
130448173
130449823
130449824
130449827
130449831
130449834
130449837
130449839
130449842
130449844
130449846
130449849
130449853
130449855
130449883
130449894
130449896
130449899
130449909
130449911
130449915
130449917
130449921
130449923
130449925
130449929
130449939
130449943
130449950
130449954
130449959
130449961
130449964
130449967
130449970
130449973
130449977
130449980
130449984
130449987
130449995
130449998
130450226
130450330
130450336
130450337
130450338
130450342
130450344
130450481
130450483
130450486
130450490
130450491
130450492
130450496
130450497
130450503
130450505
130450506
130450507
130450508
130450509
130450510
130450512
130450515
130450516
130450517
130450519
130450520
130450523
130450525
130450526
130450535
130450536
130450539
130450541
130450544
130450792
130450795
130450799
130450801
130450805
130450806
130450812
130450816
130450817
130450822
130450824
130451006
130451007
130451011
130451012
130451017
130451018
130451021
130451024
130451034
130451036
130451037
130451039
130451043
130451045
130451048
130451049
130451050
130451051
130451053
130451055
130451309
130451310
130451313
130451314
130451317
130451319
130451322
130451323
130451328
130451332
130451415
130451420
130451423
130451427
130451428
130451432
130451568
130451570
130451571
130451573
130451577
130451578
130451581
130451583
130451584
130451585
130451589
130451590
130451594
130451598
130451600
130451601
130451604
130451606
130451607
130451608
130451611
130451612
130451614
130451617
130451620
130451623
130451624
130451625
130451630
130451634
130451637
130451639
130452935
130454410
130454414
130454424
130454425
130454428
130454430
130454432
130454449
130454450
130454452
130455018
130457195
130459190
130461258
130462102
130462108
130462117
130462118
130462121
130462123
130462127
130462140
130462141
130462143
130462248
130462249
130462255
130462256
130462258
130462259
130462260
130462267
130462268
130462269
130462343
130462345
130462347
130462351
130462352
130462353
130462357
130462366
130462367
130462368
130463104
130463129
130463131
130463132
130463133
130463135
130463145
130463147
130463149
130463170
130463171
130463172
130463173
130463175
130463248
130463249
130463251
130465204
130465389
130465390
130465391
130465392
130465393
130465412
130465414
130465415
130465425
130465426
130465428
130465429
130465430
130465441
130465443
130465445
130465606
130465608
130465650
130465654
130465672
130465675
130465682
130465688
130465694
130465699
130467530
130469657
130471005
130471536
130482214
130484362
130486367
130488649
130490458
130492559
130492597
130493970
130494057
130494063
130494066
130494784
130509277
130514175
130527891
130530059
130534197
130534202
130534204
130534207
130534224
130534281
130534366
130534460
130534520
130534598
130534642
130534684
130534711
130534739
130534778
130534783
130534797
130534805
130534808
130534810
130534813
130534816
130534818
130534820
130534823
130534835
130534858
130534919
130534998
130535166
130535228
130535271
130535300
130535327
130535332
130535335
130535340
130535345
130535348
130535356
130535359
130536614
130537795
130537797
130537804
130537843
130537904
130537977
130539463
130539465
130539466
130539468
130539509
130539579
130539664
130539744
130539797
130539856
130539892
130539922
130539938
130539945
130539947
130539948
130539949
130539950
130539952
130539953
130539954
130539955
130539957
130539959
130539993
130540055
130540126
130540279
130543093
130543172
130543252
130543306
130543359
130543409
130543459
130543487
130543489
130543494
130543498
130545149
130545150
130545151
130545152
130545153
130545155
130545156
130545157
130545167
130545215
130545292
130545387
130545506
130545554
130545631
130545632
130545636
130545639
130545642
130545644
130547313
130547323
130548533
130548663
130548665
130548667
130548670
130548671
130548673
130548698
130548756
130548829
130548917
130549810
130549821
130549826
130549837
130549844
130549845
130551548
130551563
130551570
130551581
130551588
130551595
130551602
130551604
130551608
130551654
130551869
130551970
130552096
130552126
130552172
130552174
130552177
130552178
130552180
130552183
130552184
130552186
130552187
130552189
130552190
130552263
130552355
130552439
130552503
130552582
130552610
130552632
130564345
130577921
130592716
130622828
130624436
130642285
130647285
130654901
130655748
130680552
130685113
130685209
130712324
130729354
130745065
130776061
130804052
130807745
130816668
130830177
130841341
130841735
130842638
130843687
130845403
130847243
130847245
130848666
130849314
130850841
130851824
130854079
130855039
130860428
130862060
130863873
130891714
130908156
130908204
130908227
130918379
130918459
130921153
130950941
130980885
131010297
131036443
131037336
131037345
131044439
131046916
131047567
131047569
131047575
131047578
131047582
131047594
131047599
131047602
131047604
131047606
131047617
131047622
131047627
131047658
131047665
131047677
131047680
131047686
131047690
131047701
131047703
131047706
131047711
131047712
131047715
131047732
131047734
131047752
131047756
131047760
131047773
131047777
131047780
131047783
131047786
131047788
131047797
131047804
131047808
131047822
131047824
131048096
131048265
131048268
131048269
131048279
131048280
131048281
131048474
131048475
131048476
131048485
131048487
131048488
131048489
131048497
131048498
131048499
131048500
131048501
131048510
131048511
131048512
131048514
131048516
131048526
131048527
131048529
131048537
131048538
131048539
131048549
131048564
131048566
131048568
131048575
131048579
131049017
131049026
131049028
131049030
131049032
131049034
131049037
131049049
131049050
131049055
131049063
131049302
131049304
131049305
131049306
131049314
131049317
131049318
131049327
131049328
131049329
131049330
131049332
131049344
131049346
131049355
131049356
131049357
131049359
131049805
131049807
131049809
131049812
131049813
131049824
131049826
131049828
131049830
131049834
131049966
131049973
131049976
131049978
131049980
131049982
131049985
131050215
131050216
131050217
131050223
131050225
131050226
131050256
131050257
131050270
131050271
131050273
131050279
131050281
131050292
131050293
131050296
131050303
131050306
131050308
131050309
131050310
131050311
131050323
131050324
131050326
131050336
131050337
131050340
131050342
131050350
131050351
131050353
131052195
131055599
131059044
131061062
131064552
131091522
131121600
131142057
131151652
131184246
131213311
131218439
131221270
131229203
131229224
131230948
131233436
131236950
131236960
131237102
131237485
131256601
131262741
131290442
131294927
131314646
131318702
131332558
131338906
131369805
131395976
131396492
131397531
131421980
131446005
131446019
131446087
131446194
131446287
131446343
131446399
131446450
131446480
131446509
131446522
131446526
131446530
131446571
131446580
131446589
131446591
131446599
131446607
131446614
131446617
131446619
131446624
131446636
131446642
131446997
131447059
131447105
131447144
131447153
131447157
131447161
131447164
131447174
131447177
131447181
131447186
131447188
131447205
131447208
131447216
131447219
131448432
131449798
131449879
131449939
131449993
131450033
131451452
131451533
131451637
131451692
131451748
131451797
131451803
131451807
131451809
131451817
131451819
131451822
131451825
131451826
131451829
131451839
131451842
131451843
131451853
131451854
131451875
131451930
131452018
131452231
131452314
131452348
131452354
131452359
131452373
131455163
131455197
131455230
131455247
131455252
131455256
131455258
131455271
131455272
131455275
131455278
131456995
131457068
131457146
131457244
131457322
131457377
131457481
131457495
131457509
131457512
131457514
131457531
131457557
131457863
131457922
131457954
131458001
131458008
131458014
131461391
131461392
131461406
131461408
131461410
131461412
131461413
131461415
131461422
131461424
131462352
131462425
131462463
131462483
131462488
131462494
131462495
131464186
131464187
131464191
131464199
131464202
131464203
131464205
131464206
131464215
131464216
131464220
131464229
131464289
131464470
131464592
131464644
131464698
131464714
131464723
131464728
131464735
131464745
131464746
131464747
131464749
131464761
131464762
131464764
131464766
131464776
131464777
131464813
131475612
131502949
131536514
131566072
131569558
131570687
131578996
131593824
131609587
