18.636
18.395
19.219
19.439
18.910
17.830
18.257
19.645
18.217
17.523
18.628
18.402
18.033
16.472
19.728
19.144
20.945
18.057
17.772
17.547
19.021
18.178
19.245
17.293
16.944
17.418
18.678
19.947
19.293
19.202
17.886
17.272
18.077
19.076
18.732
20.188
18.329
18.095
18.742
19.468
18.319
18.960
17.850
18.987
18.270
18.759
18.521
18.917
17.378
19.176
18.127
19.045
17.549
18.487
17.816
17.537
17.736
17.423
20.398
20.209
18.233
18.317
18.803
18.337
19.076
20.003
17.600
21.963
21.561
20.270
21.422
22.632
21.896
22.025
22.496
20.816
21.315
20.145
20.105
19.049
19.120
21.713
20.598
22.380
18.672
19.264
19.711
21.925
24.481
19.561
21.064
19.667
