12.302
11.703
13.707
13.452
12.422
8.796
3.444
13.335
12.989
12.489
11.895
14.481
13.016
12.840
12.106
11.809
12.660
15.255
12.105
16.656
12.941
12.291
12.629
13.302
12.954
15.437
13.374
12.529
12.715
14.268
13.661
13.959
14.462
12.048
12.467
12.650
14.637
15.058
13.460
12.450
13.283
13.787
14.804
12.953
13.303
12.848
13.818
14.120
13.592
14.459
13.401
13.322
13.471
14.743
12.863
12.306
13.113
14.171
13.996
13.138
14.321
15.081
14.115
14.867
13.212
12.367
16.911
14.009
13.655
16.202
14.787
15.903
15.521
15.449
14.112
15.803
15.305
14.625
16.135
16.235
14.586
15.569
15.299
14.022
13.793
14.614
16.057
15.730
18.195
16.560
12.960
16.324
16.306
15.801
17.396
15.173
14.535
13.801
