45.628
46.568
47.465
46.566
40.282
44.067
44.637
41.485
48.201
47.317
43.225
44.228
43.279
45.415
49.220
51.899
46.934
45.701
48.155
46.648
45.786
37.393
45.263
43.800
46.108
47.670
47.974
50.905
49.179
49.587
46.864
44.466
52.070
32.247
31.178
29.977
27.574
27.789
30.459
31.774
29.251
28.868
29.873
30.748
30.692
28.425
48.753
44.454
47.167
46.669
46.772
48.622
33.977
33.631
32.978
32.863
49.716
51.119
45.421
49.583
36.449
20.475
47.825
47.625
46.042
64.311
62.483
64.070
63.866
64.449
60.026
63.224
62.080
60.626
61.215
62.659
63.702
63.958
60.279
62.904
61.752
61.786
60.293
59.993
64.561
63.151
61.755
66.630
62.076
61.115
61.631
64.814
65.518
77.913
87.366
69.525
