18.489
16.771
20.101
20.759
18.223
18.443
22.098
22.118
19.598
16.293
16.551
17.706
18.120
17.042
19.706
17.202
18.011
18.905
23.647
23.484
21.135
22.186
15.535
16.186
17.615
20.444
18.267
18.049
19.642
18.110
9.193
21.556
22.660
18.653
17.851
17.156
16.686
16.356
17.929
17.274
20.361
20.070
22.943
23.811
18.759
18.669
15.838
15.527
16.543
17.120
18.647
17.665
18.264
19.371
19.444
17.030
17.534
16.644
15.951
16.098
18.023
16.655
17.128
19.206
19.440
22.341
17.575
18.453
19.352
19.207
16.600
16.414
17.523
18.097
21.057
20.722
18.953
17.109
16.135
16.552
16.604
16.117
16.422
18.980
18.290
14.188
17.843
17.677
19.549
18.020
17.607
16.659
16.097
16.395
15.927
16.049
18.393
18.516
18.571
18.001
61.188
20.984
15.060
15.831
15.504
15.353
17.335
16.952
17.215
15.208
18.909
17.633
19.866
18.220
18.805
16.989
15.486
16.151
16.285
16.880
16.160
15.199
16.553
15.975
17.137
16.410
15.175
17.232
14.527
17.539
16.433
16.685
15.577
16.173
34.536
16.016
14.740
15.451
15.258
16.762
15.149
17.405
16.461
16.279
18.814
16.774
21.283
18.401
15.919
15.188
15.959
13.319
16.459
15.702
18.447
17.110
16.224
22.420
17.750
22.224
16.287
16.407
16.995
15.842
17.015
16.455
18.427
17.900
17.037
17.654
16.103
18.248
16.790
