13.988
12.844
14.150
13.031
13.774
13.649
7.588
14.444
14.207
14.793
27.603
13.380
15.330
14.226
13.489
13.470
13.322
14.658
14.076
14.144
14.193
17.127
16.402
16.863
14.260
13.397
14.017
16.411
14.048
14.809
15.806
15.775
13.203
13.231
13.998
13.558
14.598
13.212
13.009
14.376
13.098
13.655
13.574
15.892
16.852
14.051
14.465
13.094
14.022
12.868
14.042
14.697
14.450
13.737
15.295
13.547
14.574
13.039
12.945
12.846
13.912
12.882
13.581
14.065
13.853
13.570
13.497
13.595
13.956
13.743
13.640
13.035
11.997
14.037
13.474
15.131
16.127
13.464
13.287
12.989
13.633
13.564
12.739
14.070
14.493
12.933
13.887
14.322
13.976
14.180
17.127
13.777
13.552
13.712
13.380
13.826
13.937
14.087
15.123
51.711
14.556
12.384
12.581
12.750
13.709
12.882
14.211
13.695
12.337
13.850
13.113
13.299
13.017
13.758
13.724
13.895
13.679
13.421
13.676
14.649
12.997
13.522
13.227
12.731
12.955
12.978
12.230
12.882
12.725
12.511
12.647
13.322
12.767
31.888
13.746
12.699
13.222
12.781
13.716
13.452
13.805
13.620
12.778
17.005
13.747
13.234
12.801
13.680
13.351
13.240
10.515
14.440
13.806
14.705
13.372
12.976
13.918
13.273
12.185
15.919
14.321
13.032
14.275
13.469
13.907
14.298
15.707
14.953
14.800
13.267
12.852
12.346
12.283
13.003
13.563
