47.281
48.592
50.521
50.955
45.962
49.220
47.637
49.029
48.526
50.197
49.817
48.935
49.967
48.336
48.133
48.147
51.703
50.424
49.633
49.903
49.338
48.864
47.648
47.941
45.560
46.772
46.728
47.684
48.557
47.544
41.418
45.057
45.615
42.830
49.031
48.189
44.211
45.213
44.271
46.417
50.114
52.673
47.965
46.738
49.130
48.008
46.825
37.136
46.365
44.916
47.143
48.652
48.926
52.515
50.084
50.448
47.794
45.478
53.303
31.996
30.847
29.684
27.452
27.683
30.363
31.497
29.197
28.810
29.781
30.631
30.531
28.331
49.898
45.708
48.322
47.857
47.969
49.723
33.716
33.369
32.728
32.634
50.999
52.257
46.603
50.666
36.449
20.475
48.856
48.673
47.337
65.288
63.422
64.884
64.845
65.397
