16.797
17.901
18.569
19.690
19.756
18.453
17.380
18.072
18.101
18.651
18.970
18.017
18.244
17.472
18.083
17.353
17.219
17.988
18.346
17.244
17.778
19.630
18.595
18.674
17.219
18.607
18.400
19.173
19.911
19.349
17.781
18.183
19.670
18.145
17.507
18.550
18.334
17.991
16.484
19.663
19.062
20.824
18.044
17.760
17.562
18.970
18.119
19.222
17.216
16.866
17.271
18.564
19.850
19.135
19.038
17.765
17.186
17.974
19.171
18.668
20.083
18.188
17.960
18.794
19.550
18.186
18.802
17.713
18.815
18.136
18.602
18.377
18.767
17.268
19.008
17.996
18.929
17.435
18.336
17.689
17.414
17.602
17.298
20.431
20.074
18.101
18.198
18.674
18.214
19.014
19.835
17.508
21.753
20.911
