11.886
12.008
12.848
14.540
13.618
11.770
12.149
12.110
15.434
15.799
12.656
12.453
13.545
12.459
13.271
12.626
12.930
12.616
12.036
15.473
14.618
12.200
12.337
12.697
12.059
11.463
13.420
13.205
12.159
8.796
3.444
12.976
12.673
12.193
11.622
14.135
12.661
12.531
11.854
11.516
12.342
14.861
11.867
16.168
12.598
11.982
12.321
14.241
12.634
15.175
13.067
12.265
12.510
13.954
13.354
13.677
14.144
11.828
12.187
12.367
14.509
14.720
13.153
12.216
13.019
13.567
14.556
12.710
13.014
12.561
13.499
13.785
13.272
14.152
13.111
13.060
13.165
14.478
12.576
12.045
12.896
13.861
13.706
12.855
14.245
14.847
13.813
14.625
12.937
12.091
16.911
13.704
13.509
16.027
14.456
15.626
15.276
