13.689
13.104
12.873
13.839
20.003
15.155
13.448
13.333
14.307
8.695
14.249
19.850
12.799
12.519
13.691
17.735
17.763
14.054
18.075
13.351
13.999
13.313
17.376
13.918
17.469
13.507
13.265
13.530
16.620
15.142
17.370
14.159
13.194
13.524
15.128
15.046
17.285
13.341
12.413
13.330
15.026
13.094
18.498
12.559
12.659
13.036
15.725
13.499
20.329
12.523
12.941
12.544
13.480
13.323
13.315
17.614
15.015
13.024
12.348
17.655
14.122
18.945
12.728
12.570
13.485
18.116
14.596
16.265
18.573
13.856
13.962
12.991
14.197
17.423
14.363
17.649
17.262
13.144
13.202
13.870
14.171
13.236
17.560
12.924
13.324
14.393
16.063
15.336
18.068
13.906
13.740
13.926
12.868
16.650
19.377
14.881
36.441
