99995754
99995822
100023412
100023489
100050971
100051029
100073297
100079600
100079692
100107629
100107703
100136927
100136985
100165346
100165424
100182606
100193866
100193936
100225267
100225329
100253582
100253640
100279181
100279245
100306167
100306238
100334691
100334743
100349738
100362792
100362849
100394534
100394589
100423243
100423309
100451586
100451651
100479624
100479697
100508522
100508589
100523160
100538693
100538762
100563717
100572154
100572239
100614629
100614719
100649627
100649737
100687817
100687890
100716577
100716618
100730617
100744530
100744614
100775045
100790485
100804244
100829850
100855490
100886142
100894515
100917619
100960119
100985202
101000686
101034192
101067539
101103294
101111764
101136642
101170373
101187262
101201521
101227411
101252926
101282873
101289464
101309019
101335626
101350602
101366790
101399309
101429977
101461662
101469469
101492157
101495513
101531974
101537134
101537387
101576147
101614241
101654220
101694143
101715904
101733143
101774765
101783497
101823087
101858992
101895834
101929482
101946307
101961353
101985048
101992658
102024678
102054790
102086382
102117177
102136987
102148016
102180874
102196190
102213929
102243990
102274353
102304482
102319384
102332905
102364222
102379714
102380023
102380326
102380393
102380434
102380456
102380721
102380990
102381092
102381172
102381250
102381569
102381819
102381841
102381861
102381891
102382205
102382488
102382543
102382562
102382581
102382854
102383092
102383152
102383204
102383248
102383515
102383761
102383782
102383810
102383871
102384214
102384628
102384672
102384716
102384770
102385078
102385368
102385428
102385459
102385480
102385749
102385995
102386046
102386125
102386324
102386614
102386871
102386896
102386917
102386976
102387283
102387576
102387624
102387683
102387726
102388035
102388352
102388434
102388479
102397050
102435470
102474474
102511635
102519782
102520117
102520402
102520422
102520437
102520448
102520747
102522371
102543927
102570135
102574902
102590625
102590940
102591181
102591235
102591288
102591312
102591613
102591892
102591938
102591964
102592028
102592331
102592564
102592616
102592652
102592669
102592979
102593245
102593267
102593291
102593368
102593697
102594000
102594050
102594366
102594628
102594641
102594652
102594703
102595046
102595272
102595308
102595354
102595370
102607010
102638579
102669137
102699692
102729063
102758629
102789092
102818235
102847440
