99995757
99995818
100023414
100023480
100050972
100051030
100073300
100079604
100079697
100103666
100107626
100107700
100136929
100136984
100165351
100165416
100182609
100192162
100193868
100193939
100225269
100225330
100253581
100253642
100279174
100279241
100306174
100306241
100334684
100334742
100349759
100356833
100362794
100362850
100394529
100394593
100423241
100423310
100451592
100451655
100479633
100479692
100508519
100508587
100521915
100523163
100523171
100523246
100538692
100538755
100563721
100572150
100572235
100614638
100614718
100649625
100649730
100687820
100687892
100716570
100716621
100730620
100744532
100744608
100775048
100790492
100804246
100829845
100855483
100886139
100894522
100917620
100960121
100985216
101000688
101034189
101067538
101103299
101111772
101136636
101170371
101187273
101201525
101227408
101252927
101282871
101289470
101309018
101335627
101350609
101366788
101399302
101429975
101461661
101492150
101531983
101537127
101537396
101576145
101614240
101654221
101694142
101715984
101733142
101774787
101783493
101823091
101858983
101895837
101929480
101946311
101961351
101985051
101992656
102024685
102054787
102086377
102117186
102137008
102148013
102180879
102196203
102213932
102243991
102274348
102304481
102319387
102332899
102364225
102379720
102380061
102380335
102380401
102380445
102380464
102380758
102381002
102381101
102381182
102381259
102381601
102381828
102381847
102381867
102381898
102382234
102382497
102382551
102382567
102382587
102382884
102383101
102383157
102383211
102383255
102383545
102383769
102383788
102383819
102383879
102384237
102384635
102384679
102384725
102384779
102385114
102385375
102385437
102385465
102385486
102385777
102386000
102386056
102386151
102386331
102386645
102386877
102386903
102386923
102386984
102387314
102387584
102387635
102387691
102387736
102388066
102388361
102388442
102388490
102397055
102435467
102474468
102511629
102519791
102520151
102520407
102520428
102520445
102520454
102520778
102543928
102570140
102574901
102590633
102590974
102591190
102591245
102591298
102591319
102591642
102591902
102591946
102591973
102592035
102592360
102592570
102592624
102592658
102592677
102593009
102593252
102593273
102593301
102593377
102607007
102638582
102669139
102699691
102729061
102758624
102786677
102789095
102818228
102823783
102826652
102834679
102847442
