99979922
99979933
99979942
99979950
99979960
99979967
99979978
99979987
99979988
99979990
99980717
99980809
99980888
99981006
99981044
99981070
99982418
99982500
99982590
99982676
99982749
99982794
99982852
99982853
99982855
99982858
99982860
99982861
99982862
99982865
99982866
99982867
99982878
99982917
99982987
99983074
99983164
99983245
99983356
99983385
99983412
99986527
99986557
99986563
99986574
99986582
99987221
99987223
99987226
99987229
99987232
99987395
99987491
99987577
99987698
99987758
99987769
99995758
99995814
100023408
100023484
100050975
100051032
100073299
100079605
100079690
100082350
100082588
100082626
100107625
100107698
100114926
100114940
100136928
100136982
100165347
100165420
100182608
100193871
100193937
100197143
100218301
100225266
100225327
100251485
100252546
100253580
100253645
100253666
100253682
100258616
100263471
100271792
100279177
100279239
100297435
100299823
100299824
100306171
100306237
100334687
100334747
100339481
100349752
100359879
100362791
100362848
100365700
100371556
100394531
100394588
100404509
100404512
100421018
100423246
100423313
100446171
100451591
100451656
100470895
100470899
100476643
100476644
100476647
100476648
100476654
100476689
100476755
100476850
100476946
100477030
100477106
100477156
100477195
100477229
100477241
100477251
100477261
100477268
100477270
100477273
100477276
100477278
100477280
100477284
100477287
100477317
100477373
100477453
100477544
100479631
100479695
100480948
100480956
100480966
100480978
100480982
100480985
100480987
100480988
100480990
100480992
100480993
100480997
100481000
100481031
100481098
100481289
100481380
100482721
100482726
100482727
100482729
100482733
100482734
100482735
100482740
100482741
100482742
100482771
100482827
100482911
100483032
100483120
100483200
100483290
100483309
100483325
100483341
100483364
100483372
100483376
100483379
100483388
100483409
100485816
100485834
100485836
100485838
100486455
100486456
100486460
100486461
100486493
100486554
100486647
100486863
100486934
100487027
100487053
100488695
100488714
100488746
100488748
100488749
100488751
100488752
100488754
100488755
100488756
100488757
100488758
100488759
100488761
100489027
100489106
100489175
100489249
100489268
100489289
100489331
100489774
100489848
100489887
100490356
100490493
100490495
100491034
100491045
100491049
100491634
100491636
100492154
100492169
100492180
100492183
100492184
100492186
100492190
100492192
100492193
100492195
100492196
100492912
100492995
100493090
100493230
100493276
100493304
100494628
100494674
100494760
100494853
100494940
100495017
100495164
100495175
100495184
100495187
100495188
100495190
100495191
100495192
100495193
100495194
100495195
100495196
100495227
100495289
100495372
100495460
100495610
100495659
100495719
100497558
100498590
100498682
100498759
100498861
100498891
100498903
100499484
100499486
100499489
100499491
100499494
100499501
100499503
100499530
100499673
100499853
100499974
100507429
100507777
100508523
100508584
100509352
100510998
100512400
100515712
100523162
100535117
100535123
100538696
100538759
100544154
100563719
100572155
100572241
100589773
100614632
100614709
100616053
100616446
100618230
100649626
100649734
100687824
100687891
100690201
100690202
100690223
100690239
100693804
100716572
100716619
100730619
100744527
100744611
100775044
100790488
100801474
100804247
100816223
100816225
100816233
100822033
100822556
100822564
100822569
100829852
100846800
100855489
100870319
100870331
100870373
100870377
100870382
100870387
100870391
100870400
100870404
100870408
100876991
100878610
100880392
100886143
100894520
100902941
100902942
100902943
100917626
100960128
100985212
101000689
101007102
101034195
101052452
101067534
101103301
101111769
101117982
101136638
101170321
101170370
101187270
101201527
101208103
101208119
101213973
101227414
101249724
101249725
101249727
101249729
101249744
101249788
101249863
101249954
101250054
101250146
101250219
101250267
101250306
101250348
101250359
101250364
101250367
101250373
101250375
101250378
101250381
101250383
101250385
101250388
101250391
101250400
101250430
101250494
101250577
101250823
101250884
101250920
101250930
101250932
101250936
101250940
101250944
101250978
101250997
101251028
101251042
101252921
101253657
101253658
101253661
101253690
101253749
101255459
101255472
101255474
101255475
101255477
101255478
101255479
101255492
101255537
101255611
101255701
101255790
101255870
101255944
101255989
101256023
101256066
101256078
101256079
101256083
101256088
101256090
101256091
101256092
101256094
101256097
101256100
101256125
101256284
101258730
101259388
101259390
101259393
101259396
101259398
101259401
101259410
101259430
101259471
101259630
101259725
101261566
101261663
101261850
101261853
101261855
101261856
101261859
101261860
101261862
101261863
101261864
101261865
101261866
101261908
101261919
101261944
101262000
101262203
101262286
101262394
101265284
101265355
101265408
101265447
101265482
101265494
101265496
101265499
101265501
101265502
101266164
101266166
101266168
101266262
101266347
101266439
101268064
101268081
101268092
101268094
101268122
101268181
101268514
101268567
101268648
101268658
101268661
101268680
101268681
101268683
101268684
101268685
101268687
101268703
101268719
101268720
101268734
101268852
101268939
101269179
101269257
101269266
101269269
101269272
101269274
101273180
101273195
101273202
101273221
101273239
101273276
101273279
101273281
101273283
101273286
101273290
101282879
101289468
101294189
101294195
101294204
101309013
101335623
101350606
101357609
101366791
101399307
101429976
101461667
101482876
101492158
101495520
101525122
101531980
101537135
101537393
101553037
101553038
101553041
101553049
101571617
101576148
101614236
101654215
101660870
101660871
101660873
101660876
101661230
101694138
101715935
101733145
101774781
101783525
101800132
101823083
101841846
101858988
101867488
101867500
101867583
101867610
101867647
101867689
101867702
101867749
101867856
101867891
101867927
101867946
101867977
101868448
101868466
101868917
101868955
101868990
101869014
101869037
101869060
101869064
101869068
101872281
101872326
101872433
101892017
101892034
101892042
101892052
101892080
101892132
101892215
101892312
101892411
101892491
101892559
101892603
101892629
101892660
101892677
101892693
101892707
101892733
101892747
101892761
101892775
101892788
101892802
101892809
101892821
101892856
101892899
101892974
101893064
101893249
101893331
101893371
101893397
101893408
101893430
101893440
101893452
101893473
101893482
101893509
101893527
101895833
101896880
101896894
101896931
101897004
101897097
101899117
101899123
101899128
101899133
101899139
101899144
101899149
101899177
101899235
101899321
101899425
101899521
101899601
101899661
101899698
101899724
101899748
101899757
101899769
101899789
101899808
101899823
101899841
101899860
101899909
101899946
101900005
101900059
101900236
101902967
101903812
101903824
101903835
101903845
101903856
101903869
101903878
101903958
101904040
101904242
101904325
101906475
101906564
101906686
101906691
101906698
101906703
101906711
101906718
101906728
101906746
101906758
101906770
101906782
101906796
101906852
101906925
101907016
101907186
101907258
101907330
101910558
101910593
101910615
101910625
101910632
101910640
101910649
101910654
101910659
101910664
101911365
101911409
101911481
101911677
101911766
101911839
101913385
101913405
101913445
101913517
101913605
101913694
101913880
101913901
101913952
101913956
101913957
101913971
101913982
101913990
101913995
101913996
101914002
101914011
101914043
101914104
101914195
101914383
101914456
101914567
101914573
101914575
101914576
101914581
101914582
101914584
101918786
101918791
101918793
101918796
101918798
101918802
101918804
101918805
101918808
101918824
101918849
101929478
101939590
101939726
101939965
101939968
101939969
101939972
101939974
101939979
101939980
101939982
101946310
101961360
101971237
101972785
101984648
101985050
101985088
101992657
102024681
102054791
102086375
102116581
102116588
102117182
102137001
102148011
102180875
102196201
102213927
102214532
102214556
102215184
102243983
102249141
102274351
102296568
102304478
102319386
102332902
102340916
102359886
102359887
102359951
102359975
102364229
102379718
102380049
102380333
102380398
102380442
102380462
102380748
102380998
102381098
102381179
102381256
102381590
102381825
102381845
102381865
102381896
102382229
102382494
102382549
102382566
102382585
102382874
102383097
102383154
102383209
102383253
102383535
102383765
102383787
102383816
102383875
102384228
102384633
102384678
102384721
102384776
102385104
102385374
102385434
102385463
102385484
102385766
102385998
102386054
102386140
102386329
102386634
102386875
102386901
102386921
102386982
102387303
102387582
102387631
102387687
102387732
102388055
102388357
102388440
102388486
102397051
102435468
102438754
102445112
102474470
102478358
102478382
102479019
102511637
102519789
102520138
102520405
102520426
102520441
102520453
102520768
102543922
102570139
102574900
102590630
102590963
102591187
102591242
102591294
102591316
102591632
102591898
102591943
102591970
102592032
102592349
102592568
102592622
102592656
102592674
102593001
102593250
102593271
102593298
102593375
102607009
102638575
102653895
102665895
102665896
102665899
102665901
102665919
102665967
102666042
102666131
102666214
102666279
102666347
102666395
102666428
102666445
102666454
102666463
102666466
102666470
102666472
102666475
102666478
102666482
102666493
102666505
102666530
102666571
102666609
102666680
102666772
102667019
102667060
102667095
102667101
102667104
102667107
102667110
102667112
102667128
102667137
102667142
102667146
102669136
102669912
102669926
102669941
102669989
102670066
102671866
102671875
102671876
102671877
102671880
102671881
102671882
102671885
102671886
102671905
102671953
102672027
102672124
102672219
102672295
102672349
102672396
102672400
102672404
102672408
102672410
102672411
102672419
102672431
102672459
102672481
102672501
102672512
102675213
102675916
102675918
102675920
102675925
102675927
102675937
102675951
102675972
102676007
102676150
102676242
102678047
102678144
102678388
102678401
102678403
102678404
102678406
102678408
102678410
102678428
102678441
102678450
102678460
102678478
102678482
102678490
102678527
102678679
102678771
102678914
102681850
102681943
102682016
102682088
102682123
102682140
102682142
102682146
102682150
102682153
102682826
102682836
102682852
102682886
102682946
102683030
102684694
102684699
102684710
102684719
102684731
102684762
102684912
102685007
102685080
102685143
102685288
102685315
102685339
102685367
102685373
102685374
102685376
102685377
102685378
102685379
102685381
102685383
102685385
102685426
102685495
102685769
102685877
102685901
102685918
102685920
102685921
102699689
102729065
102758623
102789090
102818234
102847439
