12.158
12.982
12.327
12.623
13.226
14.291
12.211
12.541
12.257
11.957
12.971
12.658
13.113
11.949
12.258
11.775
13.217
13.098
13.593
13.024
13.206
12.849
12.279
13.305
12.687
12.882
12.638
13.373
13.214
12.316
13.592
14.325
15.140
13.821
13.532
15.228
16.266
12.425
12.245
13.229
12.832
12.234
13.131
12.548
13.323
13.042
14.763
13.950
13.468
16.755
19.532
13.293
13.145
12.678
12.900
13.309
12.838
13.622
14.583
14.777
13.869
12.069
12.674
19.759
12.460
13.433
11.767
13.190
13.548
12.879
12.891
13.155
12.926
13.054
12.728
13.854
12.757
13.735
13.154
8.479
12.540
13.419
12.877
12.853
14.600
13.300
12.541
12.754
12.789
13.739
12.831
12.262
13.529
13.997
12.728
13.387
12.702
13.035
12.755
13.591
12.595
12.432
13.563
12.840
13.639
12.304
12.284
11.265
12.928
13.229
12.214
13.115
12.406
12.973
13.022
12.725
12.813
15.351
12.287
13.550
13.769
13.034
12.309
10.509
14.019
12.985
13.829
13.225
13.320
13.147
13.200
13.650
11.748
15.421
15.064
13.884
12.898
12.524
12.716
12.035
13.025
12.437
12.101
13.302
12.902
12.655
11.285
13.048
14.175
14.277
12.219
14.431
13.518
12.486
12.741
12.758
15.104
14.053
12.981
12.671
15.242
13.284
15.155
14.328
14.037
14.070
14.050
14.057
12.996
13.418
12.575
13.677
12.543
12.338
13.492
13.531
13.135
13.386
13.498
12.330
13.943
13.997
13.071
12.813
13.060
13.617
13.473
13.029
11.160
13.118
21.190
11.354
11.120
11.257
12.259
11.722
11.142
11.566
13.006
10.412
14.551
12.114
11.313
11.506
12.114
13.417
12.016
12.977
12.076
11.386
10.258
11.999
13.127
12.842
11.710
12.890
11.922
14.070
11.862
11.628
11.736
12.379
12.709
13.815
12.680
13.210
12.554
13.413
12.750
12.286
