79.986
80.654
81.879
83.641
89.969
89.222
99.645
88.589
87.512
86.069
81.169
80.954
78.241
77.998
79.337
75.761
56.506
79.304
78.592
82.279
82.188
80.609
79.326
76.867
76.156
79.942
79.154
81.338
80.454
81.374
79.386
83.932
88.673
86.521
84.486
83.622
83.358
83.384
82.357
81.593
78.477
78.641
73.099
83.297
84.559
88.403
78.264
79.111
88.910
71.890
71.507
71.054
72.287
70.987
72.046
71.159
87.246
78.721
78.656
74.744
73.011
78.795
76.746
74.833
73.395
70.540
84.881
72.519
74.022
73.421
72.727
71.951
73.151
70.915
74.158
74.577
66.323
79.606
74.754
74.062
73.068
72.276
82.325
78.277
75.917
79.174
76.046
75.371
78.058
76.706
81.223
78.611
80.198
83.267
79.243
78.806
78.275
69.216
77.665
87.094
79.095
81.765
75.424
72.645
84.031
59.594
76.714
63.718
72.623
78.836
74.521
71.092
44.131
67.066
73.873
99.283
53.645
77.075
83.135
80.763
82.697
66.508
82.643
82.691
86.535
81.002
82.729
86.181
89.088
76.929
92.092
90.443
91.114
88.382
73.237
91.900
80.096
79.287
83.217
84.978
78.469
81.678
78.651
90.217
80.242
86.110
79.634
83.872
81.362
86.280
81.448
81.172
82.125
81.856
86.205
78.717
87.658
84.336
92.621
87.560
91.038
84.444
90.697
76.528
79.916
91.846
74.746
77.450
80.305
83.098
83.671
89.384
82.936
93.254
85.776
79.929
73.483
93.330
80.945
76.299
87.988
94.753
88.618
91.408
85.927
83.184
83.480
92.883
87.016
77.479
77.897
75.702
82.084
82.449
82.953
91.188
85.146
88.073
87.763
78.433
89.807
80.993
78.282
83.310
92.750
83.953
91.335
79.021
91.683
81.125
88.378
80.633
80.907
79.184
93.780
81.525
97.322
79.343
75.202
89.718
89.582
85.956
86.056
104.701
88.207
89.574
91.852
87.965
