15.080
15.428
15.903
16.175
17.847
17.827
16.489
16.842
17.184
20.022
15.613
15.943
15.667
16.099
15.740
17.210
18.868
18.586
18.014
17.307
16.842
16.485
16.287
16.691
15.816
15.915
15.162
15.489
16.028
18.832
20.236
17.279
16.779
17.201
16.813
16.178
16.874
16.136
16.284
16.680
16.741
15.827
16.454
16.552
19.896
17.532
18.337
19.992
19.315
16.329
16.228
18.388
15.934
16.678
17.078
16.317
19.188
18.107
16.383
17.059
17.045
23.070
15.677
15.842
15.995
17.288
17.211
15.232
16.633
17.247
16.003
16.286
16.524
17.278
17.029
16.111
17.417
16.569
17.399
16.721
14.589
18.686
15.914
16.463
15.805
15.679
16.077
15.589
18.741
16.872
17.846
17.533
15.811
16.448
16.280
16.592
15.896
16.128
16.375
17.611
20.093
18.022
16.096
15.303
15.295
12.790
16.381
16.913
16.402
17.006
16.116
15.569
16.441
19.370
18.543
17.917
13.353
15.779
16.196
16.211
15.927
15.471
16.487
16.731
16.400
16.423
15.448
15.067
15.731
16.035
15.940
17.392
15.540
16.584
17.856
16.136
16.656
17.146
16.184
18.579
16.950
16.971
15.416
16.204
17.505
16.514
15.513
16.477
15.408
36.271
27.192
35.641
16.303
33.842
18.342
17.025
17.374
17.407
15.961
16.214
16.728
16.887
15.083
15.667
16.888
15.945
16.874
15.937
16.514
17.334
17.470
17.163
16.750
16.470
16.116
17.356
17.033
16.407
15.793
17.598
14.845
15.829
16.980
17.240
16.928
16.189
17.087
23.943
15.341
15.214
16.984
16.093
13.689
15.687
14.401
15.813
16.803
16.906
16.808
16.604
17.940
15.839
16.249
35.196
29.834
31.295
30.436
27.161
31.927
32.168
16.802
15.383
37.401
27.465
31.274
15.870
15.225
18.479
17.185
17.522
16.115
16.694
16.415
16.772
15.527
15.650
15.029
15.849
15.666
16.939
16.948
16.609
16.097
16.167
16.198
15.684
15.880
19.279
15.771
15.268
15.565
15.418
