16.260
16.033
16.521
17.372
17.767
17.921
19.119
27.173
25.193
15.852
15.433
15.998
16.244
15.285
25.096
17.294
16.534
17.358
17.597
16.657
16.953
16.500
18.135
16.274
16.095
15.905
15.601
16.106
15.452
16.640
19.521
17.760
21.937
15.922
20.578
18.469
16.694
17.229
16.184
15.968
15.052
16.991
18.058
18.099
17.614
17.672
18.653
19.062
18.182
16.363
15.953
17.858
16.971
17.194
17.956
17.217
19.303
18.944
20.068
19.334
20.135
16.169
18.656
19.421
16.193
15.781
15.916
18.477
16.834
18.664
18.886
18.672
18.433
17.457
16.041
16.234
15.847
17.308
16.940
18.867
17.092
19.239
17.778
22.405
17.601
16.869
16.117
17.303
16.341
16.420
16.431
17.018
16.849
17.681
15.997
17.277
19.103
16.571
17.588
18.743
17.522
16.827
15.921
16.176
16.075
18.502
17.203
15.836
18.566
16.432
18.612
15.953
16.830
15.817
16.250
16.584
16.188
17.276
15.555
19.612
16.742
16.133
17.522
16.872
21.450
17.371
18.172
17.431
17.480
16.577
18.010
17.101
17.070
16.989
