25.147
14.142
13.492
15.003
14.692
16.263
17.278
14.952
24.597
13.330
15.106
14.123
13.997
14.327
14.904
15.584
14.685
15.933
15.192
15.665
29.992
7.981
16.682
14.253
14.123
14.508
13.446
13.654
13.284
10.959
15.164
15.590
23.966
16.890
9.785
2.003
2.836
15.503
20.670
14.252
17.216
15.681
14.345
14.927
13.427
14.544
14.070
13.625
15.670
16.064
14.967
14.248
15.655
13.895
13.788
13.541
14.710
16.435
13.990
14.536
18.466
14.883
11.582
10.561
15.468
17.598
17.226
20.159
15.441
17.364
14.436
14.828
21.498
14.370
15.688
14.803
15.675
13.560
16.227
16.269
15.450
18.539
13.659
16.296
14.086
14.363
13.423
15.167
17.186
15.101
14.410
19.076
14.736
14.152
13.902
15.794
14.639
14.867
14.521
13.481
14.203
16.994
14.734
15.046
20.291
14.505
14.409
17.415
15.886
16.105
16.915
15.189
16.243
17.962
14.163
15.962
16.723
19.294
15.896
16.150
14.417
14.880
15.178
15.094
14.709
14.808
14.745
14.174
14.651
15.379
16.134
14.892
27.065
1.915
14.914
17.222
23.659
16.294
15.197
15.017
15.696
15.185
20.702
14.105
15.969
15.180
