87796234
87796385
87796405
87796412
87796432
87796499
87796569
87796630
87796693
87796756
87797350
87797376
87797443
87797510
87797780
87797785
87797848
87798002
87798093
87798099
87798214
87798223
87798229
87798259
87798264
87798328
87798393
87798461
87798526
87798533
87798646
87798652
87798718
87802024
87809406
87810200
87811013
87811034
87812037
87812896
87812974
87813168
87813474
87813806
87813893
87813898
87814533
88026067
88026075
88026080
88026086
88026090
88026093
88026098
88026102
88026106
88026111
88026115
88026120
88026121
88026128
88026131
88026133
88026136
88026140
88026142
88026145
88274360
88274416
88274484
88274543
88274658
88275493
88275634
88285949
88285951
88286006
88286066
88286124
88286188
88286196
88286248
88286300
88286361
88286420
88286479
88286549
88487055
88487112
88487174
88487231
88487291
88487348
88487404
88487406
88487469
88487531
88487587
88487596
88487649
88487709
88487712
88487714
88487718
88487720
88487725
88487728
88704979
88705045
88705101
88705162
88705167
88705172
88705182
88705186
88705248
88705304
88705332
88705403
88705415
88705554
88705566
88705588
88705667
88705739
88705807
88743795
88929288
88929309
88929367
88929426
88929428
88929484
88929544
88929547
88929610
88929671
88929729
88929732
88929795
88929798
88929801
88929831
88929832
88929834
89140843
89141313
89141648
89142416
89142494
89142914
89143275
89143535
89143830
89144146
89144697
89145436
89145497
89146130
89146444
89146760
89146831
89147439
89382207
89382713
89382964
89383667
89383724
89401786
89404107
89404520
89404788
89632426
89633160
89633295
89633936
89634008
89634650
89634760
89650592
89650650
89650664
89650706
89650710
89650828
89650829
89650892
89650896
89650897
89650899
89650900
89650904
89650966
89651029
89651085
89651086
89651088
89651089
89651149
89651206
89651207
89651208
89651209
89652655
89652657
89652658
89652660
89652779
89652781
89652785
89652906
89652909
89653131
89653147
89653177
89653316
89653318
89653386
89653388
89653413
89653540
89653733
89653859
89653990
89654112
89654488
89654623
89654626
89654803
89654902
89655075
89655258
89655389
89655528
89656386
89656392
89656518
89656648
89657158
89657342
89657468
89657599
89657723
89657898
89658021
89658023
89682967
89683027
89683101
89683161
89683222
89683344
89683467
89683468
89683691
89683698
89683820
89683831
89683837
89683916
89683918
89683920
89683994
89684117
89684244
89684365
89836800
89836809
89836819
89836826
89836830
89836888
89836926
89836954
89836955
89836960
89836965
89836966
89836975
89836984
89836985
89836993
89837004
89837046
89837054
89837091
89840458
89840598
89840613
89840663
89840722
89840730
89840735
89840745
89840751
89840875
89840877
89841060
89841188
89841311
89841441
89841443
89841641
89841643
89841767
89841829
89845983
89845992
89846005
89846006
89846008
89846012
89846022
89846023
89846091
89846092
89846215
89846388
89846515
89846636
89846637
89846819
89846940
89847063
89847069
89847074
89851760
89851940
89852051
89852056
89852063
89852065
89852189
89852363
89852481
89852593
89852657
89852664
89852669
89852670
89852675
89852680
89852800
89852801
89852802
89852924
89857091
89857212
89857213
89857316
89857325
89857331
89857334
89857346
89857350
89857351
89857352
89857358
89857363
89857366
89857373
89857383
89857388
89857389
89857392
89857395
89858071
89858149
89858157
89858162
89858167
89858173
89858181
89858189
89858190
89858192
89858200
89858273
89858453
89858576
89858578
89858579
89858580
89858668
89858830
89858961
89865058
89865059
89865177
89865297
89865474
89865600
89865717
89865836
89865956
89866078
89866200
89866324
89866438
89866557
89866785
89866902
89866961
89866963
89867030
89867032
89872778
89872919
89873024
89873146
89873149
89873274
89873455
89873576
89873642
89873763
89873764
89873765
89873766
89873775
89873993
89874183
89874261
89874262
89874389
89874408
89879743
89879744
89879810
89879929
89879933
89880056
89880183
89880309
89880497
89880559
89880561
89880678
89880741
89880865
89880988
89881100
89881225
89881447
89881448
89881560
89885145
89885158
89885160
89885173
89885188
89885202
89885212
89885221
89885239
89885242
89885259
89885267
89885281
89885292
89885306
89885307
89885318
89885327
89885328
89885329
89886224
89886238
89886253
89886267
89886285
89886307
89886326
89886346
89886367
89886383
89886398
89886413
89886428
89886448
89886470
89886484
89886517
89886554
89886571
89886586
89887177
89887184
89887185
89887191
89887197
89887201
89887208
89887218
89887227
89887261
89887263
89887271
89887272
89887281
89887286
89887292
89887296
89887305
89887306
89887319
89889387
89889391
89889393
89889394
89889399
89889402
89889466
89889588
89889589
89889745
89889832
89889836
89889837
89889951
89890073
89890134
89890176
89890196
89890321
89890323
89894618
89894750
89894813
89894817
89894821
89894825
89894834
89894962
89895094
89895146
89895273
89895397
89895522
89895705
89895707
89895830
89895834
89895835
89895836
89895903
90070270
90070271
90070400
90070408
90070417
90070418
90070426
90070552
90070727
90070848
90070968
90071085
90071087
90071207
90071208
90071212
90071216
90071222
90071341
90071473
90074356
90074357
90074481
90074482
90074603
90074610
90074617
90074626
90074694
90074695
90074767
90074896
90075013
90075014
90075140
90075141
90075290
90075292
90075468
90075579
90079798
90079805
90079810
90079815
90079822
90079823
90079824
90079825
90079954
90080079
90080200
90080315
90080429
90080551
90080667
90080780
90080782
90080788
90080855
90081027
90084664
90084670
90084672
90084704
90084709
90084828
90084954
90085090
90085215
90085360
90085487
90085488
90085665
90085782
90085783
90085787
90085856
90085972
90085974
90086099
90090261
90090416
90090417
90090419
90090420
90090421
90090611
90090613
90090614
90090753
90090885
90091069
90091189
90091313
90091427
90091565
90091726
90091854
90091857
90092003
90315573
90315677
90315680
90315866
90315987
90316106
90316227
90316398
90316467
90316730
90317023
90317072
90317204
90317325
90317328
90317335
90317343
90317344
90317353
90317360
90323315
90323368
90323562
90323679
90323704
90323711
90323714
90323718
90323723
90323724
90323728
90323736
90323893
90324062
90324113
90324119
90324124
90324129
90324159
90324163
90326272
90326278
90326282
90326288
90326294
90326295
90326414
90326430
90326445
90326628
90326716
90326738
90326743
90326747
90326748
90326752
90326757
90326763
90326765
90326766
90329350
90329361
90329362
90329372
90329377
90329384
90329388
90329390
90329394
90329504
90329717
90329828
90329865
90329868
90329871
90329886
90329892
90329897
90329898
90329905
90335147
90335151
90335334
90335458
90335585
90335713
90335722
90335729
90335730
90335889
90336219
90336430
90336565
90336695
90336739
90336865
90336921
90336929
90336930
90336939
90342717
90342837
90342960
90343082
90343091
90343172
90343461
90343736
90343885
90344005
90344176
90344182
90344189
90344194
90344198
90344446
90344746
90344935
90345096
90345222
90350455
90350512
90350517
90350736
90350926
90350935
90351010
90351016
90351138
90351139
90351140
90351259
90351373
90351374
90351376
90351490
90351612
90351613
90351702
90352011
90358416
90358661
90358888
90359016
90359018
90359142
90359150
90359156
90359162
90359163
90359169
90359383
90359651
90359657
90359660
90359743
90359856
90359980
90360101
90360216
90366880
90366994
90366997
90367005
90367112
90367427
90367646
90367772
90367893
90367894
90367895
90368024
90368135
90368243
90368363
90368366
90368443
90368448
90368748
90369005
90374784
90375011
90375027
90375099
90375366
90375460
90375582
90375742
90375877
90375878
90375992
90376113
90376288
90376511
90376819
90376830
90377020
90377085
90377092
90377099
90382957
90382960
90383141
90383264
90383382
90383384
90383385
90383449
90383450
90383451
90383557
90383585
90383932
90384161
90384243
90384368
90384374
90384375
90384379
90384384
90390248
90390374
90390499
90390682
90390742
90390749
90391062
90391380
90391549
90391670
90391681
90391694
90391705
90391706
90391707
90391708
90391709
90391718
90391730
90391962
90398638
90398639
90398755
90398870
90398931
90398934
90398936
90398942
90398951
90398956
90399126
90399140
90399414
90399564
90399623
90399791
90399909
90400033
90400148
90400149
90406031
90406032
90406154
90406406
90406644
90406822
90406890
90407013
90407134
90407253
90407436
90407506
90407783
90408030
90408252
90408371
90408444
90408453
90408454
90408459
90981655
90981656
90981788
90981928
90982050
90982388
90982689
90982701
90982857
90982989
90982992
90983068
90983089
90983110
90983111
90983112
90983115
90983134
90983182
90983242
90990510
90990813
90991124
90991297
90991299
90991301
90991434
90991569
90991585
90991608
90991628
90991629
90991649
90991854
90992219
90992415
90992549
90992632
90992644
90992861
90999314
90999464
90999542
90999678
90999757
90999834
90999970
90999971
90999975
91000079
91000350
91000499
91000510
91000670
91000802
91000984
91001114
91001251
91001387
91001405
91008536
91008827
91008835
91009010
91009101
91009242
91009309
91009362
91009369
91009439
91009457
91009458
91009475
91009742
91009928
91010120
91010257
91010449
91010451
91010576
91016772
91016784
91016967
91017106
91017237
91017261
91017306
91017308
91017324
91017339
91017341
91017569
91017882
91018091
91018219
91018369
91018507
91018628
91018755
91018831
91026523
91026648
91026776
91026838
91026972
91026988
91027126
91027398
91027633
91027772
91027827
91027829
91027947
91027949
91028082
91028163
91028183
91028185
91028204
91028251
91038358
91038603
91038802
91038974
91038978
91039162
91039292
91039408
91039534
91039740
91040114
91040125
91040327
91040449
91040450
91040582
91040761
91040889
91041010
91041126
