13.520
13.044
12.429
13.754
14.477
15.140
13.634
13.373
15.108
16.147
12.536
12.351
13.363
12.958
12.338
13.267
12.595
13.407
13.119
14.876
14.094
13.596
15.161
17.990
13.428
13.271
12.800
13.006
13.464
12.982
13.789
14.731
14.921
14.030
12.284
12.725
19.880
12.471
13.491
11.820
13.189
13.632
12.879
12.870
13.187
13.020
13.084
12.728
13.904
12.897
13.974
13.286
8.479
12.632
13.607
12.981
13.060
14.752
13.424
12.004
12.643
12.917
12.947
13.869
12.855
12.246
13.440
14.074
12.690
13.448
12.760
13.095
12.793
13.502
12.645
12.494
13.652
12.884
13.696
12.387
12.268
11.311
12.996
13.207
12.248
13.173
12.468
13.038
13.119
12.794
12.865
15.352
12.345
13.620
13.881
13.022
14.015
12.985
13.856
13.378
13.293
13.357
13.826
11.861
15.657
15.224
13.943
13.048
12.572
12.815
12.037
13.190
12.588
12.231
13.442
13.085
12.778
11.405
13.186
14.349
14.482
12.408
14.462
13.683
12.482
12.719
12.904
15.091
14.030
12.981
12.849
15.444
13.424
15.363
14.479
14.228
14.277
14.236
14.203
13.004
13.432
12.702
13.885
12.497
12.273
13.657
13.674
13.269
13.545
13.498
12.499
13.943
14.201
13.188
12.969
13.213
13.798
13.480
13.032
22.321
13.116
21.265
11.372
11.144
11.267
12.315
11.759
11.272
11.701
13.019
10.521
14.259
12.239
11.429
11.541
12.161
13.358
12.062
13.041
11.966
11.509
10.365
11.999
13.274
12.871
11.719
12.904
11.823
14.153
11.886
11.649
11.743
12.412
12.730
13.816
12.663
13.204
12.727
13.485
12.861
13.177
12.348
12.537
12.714
13.852
14.049
16.728
12.593
14.201
12.471
14.954
14.408
14.169
14.040
13.583
13.239
