15.292
15.302
16.601
17.414
17.548
17.342
18.245
18.185
18.141
16.103
15.400
16.047
16.579
15.700
17.650
15.104
28.039
27.976
16.972
17.515
18.092
22.397
21.488
15.899
16.157
17.416
15.678
15.626
16.279
14.624
17.527
17.727
17.793
17.323
16.225
18.551
15.462
15.213
14.891
15.986
16.876
17.685
15.750
15.225
16.810
16.371
15.912
18.361
21.015
15.830
15.997
17.452
15.828
15.372
15.852
13.952
19.706
18.667
17.311
16.424
15.419
16.160
15.607
15.172
17.879
15.736
15.915
17.109
18.581
15.898
16.073
15.381
15.303
16.821
16.550
16.617
17.455
16.232
6.518
16.640
16.085
15.405
14.745
15.994
14.208
18.114
15.274
15.594
18.234
17.589
17.685
14.848
15.751
16.752
16.838
16.938
16.271
17.424
16.484
16.091
16.031
14.931
16.959
15.532
17.052
15.485
17.668
13.436
16.026
18.625
16.718
17.229
14.810
14.485
15.230
16.276
14.331
17.410
16.835
16.117
16.210
15.839
17.876
16.762
16.832
16.735
17.225
16.415
17.798
20.511
15.983
17.374
17.133
16.016
17.819
16.880
15.761
16.458
16.924
17.521
14.453
17.555
16.153
13.627
15.606
15.035
17.380
17.998
14.458
16.713
15.775
17.045
16.548
16.910
17.119
15.314
16.501
14.199
17.920
16.851
15.869
16.239
14.970
15.494
14.546
16.845
15.686
12.834
13.868
13.889
15.969
14.754
17.211
13.257
16.803
14.588
16.675
15.835
13.840
15.885
16.497
15.954
15.764
14.321
17.158
14.136
14.940
16.121
14.028
16.324
14.726
15.304
15.551
15.397
14.308
15.520
14.036
18.226
16.616
15.727
16.059
15.673
15.066
14.242
14.927
16.742
16.396
99.699
15.785
15.697
15.076
16.088
16.267
16.061
16.327
14.975
15.564
15.925
16.808
17.830
20.085
17.152
17.867
18.185
21.187
18.916
16.087
19.284
17.224
16.772
