81.457
80.341
81.374
79.423
84.065
88.594
86.403
84.247
83.531
83.430
83.438
82.473
81.685
78.504
78.667
72.195
83.404
84.679
87.139
78.249
79.083
86.468
73.498
72.459
72.003
72.163
70.828
71.901
70.954
88.915
78.120
78.037
74.609
71.905
78.258
75.387
74.256
72.741
71.236
84.100
71.546
72.530
71.751
71.819
71.019
72.267
69.575
73.123
74.101
65.462
79.692
74.693
74.211
73.196
72.948
80.978
76.719
71.992
77.634
74.442
73.211
75.939
74.404
77.436
76.323
78.307
81.336
77.254
76.874
76.230
67.250
75.534
85.296
76.680
79.893
73.375
70.512
81.202
58.092
78.163
63.718
74.026
78.332
74.166
70.614
43.076
67.066
73.424
94.017
54.140
76.719
81.172
78.277
80.206
66.229
79.609
79.933
84.779
76.652
81.423
83.139
89.088
75.068
91.068
87.212
88.324
86.184
73.237
90.237
78.771
77.968
84.082
81.094
77.111
78.647
77.327
87.413
77.064
87.024
78.356
80.798
78.603
83.340
80.191
79.891
79.430
78.818
84.136
77.705
88.568
83.126
90.376
83.850
89.031
83.041
89.651
76.528
76.773
91.613
81.876
83.302
86.953
94.240
84.597
78.155
72.014
90.632
79.696
73.087
85.926
93.133
88.213
90.675
83.378
80.631
80.926
90.519
84.183
76.246
74.487
72.586
82.967
79.543
81.816
88.786
84.084
85.660
88.687
77.281
89.006
80.012
79.091
80.358
89.224
80.292
88.687
77.992
88.995
80.000
87.544
76.813
79.790
76.441
91.971
80.523
94.851
79.343
73.973
87.142
86.917
84.132
83.675
99.982
84.436
85.821
88.251
84.285
84.785
81.713
84.167
89.467
86.961
90.737
90.889
91.977
95.875
82.933
79.293
87.440
84.519
85.464
