15.124
15.361
16.140
18.792
20.229
16.757
16.487
16.939
16.609
16.116
16.839
16.078
16.237
16.638
16.699
15.625
16.381
16.675
18.860
17.230
18.296
20.035
19.234
16.486
16.381
18.450
15.918
16.726
17.120
16.526
19.248
18.131
16.347
17.288
16.956
23.082
15.588
15.741
15.836
17.144
17.154
15.395
16.462
17.158
15.864
16.170
16.436
17.213
17.048
16.233
17.496
16.604
16.413
16.742
14.765
18.772
17.237
15.806
16.459
15.809
15.576
15.981
15.463
18.700
16.842
18.070
17.476
15.612
16.389
16.202
16.536
15.824
16.053
16.279
17.683
20.099
17.971
15.991
15.272
15.145
12.889
16.289
16.714
16.266
16.960
16.066
15.492
16.368
19.361
18.546
17.812
13.081
15.688
16.170
16.053
15.829
15.699
16.321
16.605
16.379
16.664
15.373
15.287
15.508
16.274
16.171
17.471
15.698
16.383
17.788
16.101
16.882
17.413
16.157
18.889
17.132
16.891
15.173
16.179
17.267
16.587
15.297
16.265
15.324
34.809
26.136
34.634
16.551
32.771
18.181
17.239
17.120
17.484
16.198
16.188
16.901
17.063
15.242
15.732
17.132
15.958
17.099
15.664
16.424
17.608
17.738
17.163
16.724
16.439
16.184
17.338
16.951
16.377
15.557
17.684
14.553
15.994
16.970
17.507
16.791
16.037
16.958
23.903
15.281
14.926
16.966
16.158
13.874
15.852
14.154
15.693
16.683
17.176
16.741
16.857
17.856
15.839
16.066
34.143
30.025
30.628
29.462
26.322
32.169
31.629
16.711
15.457
35.986
27.293
29.715
15.679
15.296
18.343
17.209
17.465
16.364
16.443
16.425
16.991
15.277
15.555
14.900
16.015
15.859
16.922
16.903
16.652
16.303
16.032
16.071
15.535
15.737
19.267
15.702
15.211
15.500
15.329
15.502
16.422
16.035
16.631
18.709
16.304
18.022
16.711
19.608
18.606
17.216
16.940
16.948
15.859
