129680565
129680566
129756887
129756946
129756973
129756997
129757011
129757014
129757022
129757040
129757051
129757065
129757110
129757126
129757136
129757907
129757918
129757942
129757947
129757959
129757973
129757979
129757985
129757987
129757997
129757999
129758001
129758523
129758532
129758541
129758559
129758564
129758572
129758576
129758579
129758582
129758584
129758585
129758587
129758588
129758591
129758593
129758595
129758596
129758598
129758600
129758602
129759256
129759257
129759258
129759264
129759265
129759266
129759267
129759268
129759269
129759272
129759273
129759279
129759281
129759283
129759285
129759287
129759289
129759292
129759294
129759300
129759858
129759859
129759890
129759892
129759895
129759904
129759905
129759908
129759909
129759910
129760439
129760441
129760443
129760471
129760477
129760478
129760484
129760487
129760489
129761815
129761819
129761822
129761826
129761828
129761831
129761833
129761854
129761859
129761865
129761875
129761878
129761882
129761884
129761920
129761921
129761923
129761924
129762347
129762372
129762382
129762393
129762402
129762427
129762437
129762502
129762504
129762505
129762506
129762510
129762515
129763202
129763204
129763206
129763207
129763209
129763210
129763212
129763213
129763215
129763218
129763220
129763222
129763224
129763229
129763230
129763239
129763241
129763242
129763243
129763908
129763921
129763965
129764001
129764028
129764047
129764082
129764135
129764178
129764189
129764214
129764251
129764268
129764285
129764294
129764302
129764443
129764445
129764452
129764456
129764458
129764460
129764462
129764463
129764464
129764971
129764977
129765177
129765179
129765181
129765243
129765258
129765271
129766327
129766472
129766509
129766524
129766538
129766558
129766687
129766698
129766708
129766719
129766725
129766736
129766744
129766751
129767004
129767006
129767019
129767020
129767025
129767173
129767192
129767210
129767221
129767243
129767263
129767316
129767453
129767474
129767492
129767696
129767697
129767698
129767700
129767701
129767703
129767705
129767707
129767720
129768217
129768219
129768221
129768231
129768233
129768237
129768239
129768241
129768244
129768246
129768247
129768248
129768449
129768470
129768490
129768628
129768667
129768674
129768705
129768713
129768978
129768982
129768983
129768992
129768995
129768997
129769000
129769180
129769200
129769235
129769258
129769363
129769398
129769434
129769450
129769462
129769481
129769504
129769566
129769574
129769765
129769767
129770344
129770345
129770346
129770347
129770350
129770352
129770354
129770356
129770358
129770359
129771073
129771088
129771135
129771154
129771183
129771235
129771267
129771294
129771321
129771404
129771439
129771618
129771622
129771635
129771662
129772879
129772884
129772889
129772900
129772906
129772908
129772910
129870886
129870888
129870889
129870890
129870891
129870892
129870894
129870895
129870896
129870897
129870907
129870911
129870913
129870915
129870916
129870919
129870921
129870923
129870925
129870927
129871027
129871029
129871031
129871033
129871035
129871037
129871097
129871098
129871103
129871109
129871110
129871113
129871115
129871121
129871124
129871125
129871126
129871127
129871129
129871132
129871133
129871134
129871136
129871137
129871139
129871242
129871246
129871247
129871249
129871254
129871255
129871256
129871260
129871261
129871265
129871266
129871267
129871268
129871270
129871273
129871276
129871280
129871282
129871284
129871285
129871345
129871346
129871347
129871349
129871351
129871494
129871496
129871500
129871503
129871506
129871507
129871509
129871512
129871516
129871518
129871520
129871522
129871523
129871524
129871525
129871529
129871531
129871540
129871542
129871601
129871603
129871605
129871607
129871609
129871610
129871692
129871696
129871698
129871704
129871708
129871709
129871711
129871713
129871715
129871787
129871788
129871791
129871793
129871798
129871800
129871802
129871803
129871807
129871808
129871809
129871810
129871876
129871879
129871882
129871883
129871897
129871943
129871947
129871963
129872042
129872044
129872046
129872049
129872051
129872053
129872054
129872057
129872058
129872063
129872064
129872066
129872069
129872073
129872074
129872287
129872288
129872290
129872293
129872296
129872298
129872301
129872312
129872313
129872315
129872318
129872319
129872322
129872324
129872326
129872328
129872330
129872331
129872333
129872334
129872336
129872338
129872339
129872343
129872409
129872411
129872412
129872413
129872496
129872498
129872542
129872543
129872545
129872630
129872632
129872634
129872637
129872638
129872639
129872640
129872642
129872643
129872645
129872646
129872648
129872678
129872680
129872682
129872792
129872795
129872798
129872823
129872827
129872836
129872839
129872843
129872849
129872854
129872873
129872898
129872901
129872911
129872921
129872939
129872975
129872977
129872981
129873063
129873065
129873067
129873074
129873075
129873076
129873185
129873187
129873188
129873190
129873191
129873199
129873201
129873204
129873206
129873212
129873215
129873217
129873219
129873222
129873224
129873226
129873269
129873271
129873272
129873276
129873281
129873283
129873285
129873288
129873289
129873424
129873426
129873430
129873433
129873434
129873435
129873436
129873437
129873438
129873439
129873441
129873443
129873446
129873449
129873451
129873469
129873471
129873474
129873484
129873486
129873488
129873490
129873492
129873494
129873495
129873611
129873614
129873615
129873621
129873625
129873668
129873669
129873672
129873676
129873889
129873892
129873893
129873895
129873898
129873914
129873916
129873917
129873918
129873921
129873946
129873997
129874000
129874001
129874003
129874088
129874092
129874129
129874130
129874131
129874132
129874158
129874160
129874162
129874163
129874165
129874166
129874168
129874169
129874170
129874172
129874173
129874207
129874231
129874233
129874235
129874236
129874238
129874240
129874242
129874243
129874244
129874245
129874246
129874248
129874249
129874250
129874252
129874255
129874257
129874264
130024116
130066036
130138699
130138700
130138703
130138709
130138712
130138717
130138718
130138720
130138723
130138731
130138734
130138738
130138739
130138743
130138747
130138751
130138752
130138757
130138759
130138762
130138899
130138903
130138904
130138908
130138913
130138914
130138920
130138921
130138924
130138925
130138929
130138934
130138938
130138943
130138944
130138947
130138952
130138957
130138958
130138961
130139104
130139105
130139107
130139108
130139111
130139112
130139113
130139116
130139117
130139121
130139126
130139129
130139140
130139141
130139144
130139145
130139268
130139269
130139270
130139276
130139278
130139285
130139291
130139316
130139320
130139451
130139454
130139457
130139458
130139462
130139466
130139468
130139469
130139475
130139476
130139479
130139483
130139485
130139489
130139495
130139496
130139617
130139618
130139621
130139626
130139629
130139634
130139635
130139640
130139642
130139647
130139648
130139912
130139913
130139918
130139920
130139925
130139930
130139932
130139936
130139945
130139948
130139950
130139957
130139960
130139964
130139970
130139971
130139977
130139981
130139984
130139988
130140165
130140168
130140177
130140178
130140202
130140207
130140212
130140216
130140334
130140336
130140340
130140344
130140347
130140352
130140356
130140357
130140359
130140362
130140367
130140447
130140452
130140457
130140458
130140464
130140472
130140475
130140476
130140479
130140485
130140489
130140490
130140494
130140496
130140500
130140504
130140625
130140629
130140630
130140636
130140639
130140644
130140649
130140651
130140656
130140661
130140662
130140667
130140684
130140686
130140696
130140697
130140702
130140817
130140822
130140823
130140827
130140828
130140832
130140834
130140836
130140839
130140840
130140842
130140847
130140849
130140850
130140853
130140855
130140858
130140860
130140865
130140866
130141019
130141022
130141023
130141048
130141058
130141059
130141062
130141199
130141201
130141202
130141206
130141207
130141211
130141215
130141218
130141219
130141221
130141222
130141225
130141230
130141234
130141237
130141239
130141241
130141244
130141245
130141355
130141358
130141361
130141369
130141381
130141382
130141385
130141389
130141543
130141546
130141547
130141548
130141553
130141554
130141737
130141740
130141747
130141748
130141753
130141758
130141759
130141765
130141767
130141773
130141778
130141779
130141783
130141787
130141790
130141791
130141797
130141798
130141803
130141806
130141981
130141986
130141987
130141991
130141996
130141997
130142000
130142004
130142005
130142009
130142014
130142017
130142020
130142023
130142024
130154389
130154994
130154995
130154996
130154997
130154998
130154999
130155000
130155001
130155002
130155003
130155004
130155005
130155006
130155007
130155008
130156804
130245374
130245381
130245385
130245389
130245393
130245398
130245402
130245408
130245413
130245418
130245421
130245424
130245445
130245498
130245549
130245622
130245707
130245755
130245800
130246573
130246574
130246575
130246576
130246578
130246579
130246581
130246905
130246912
130246926
130246957
130246967
130246977
130246982
130246992
130247002
130247016
130247031
130247329
130247331
130247334
130247335
130247340
130247343
130247344
130247345
130247347
130247728
130247748
130247782
130247795
130247992
130247993
130247994
130247996
130247997
130248035
130248085
130248099
130248146
130248198
130248219
130249143
130249152
130249154
130249156
130249166
130249169
130249176
130249177
130249184
130249187
130249188
130249189
130249190
130249191
130249193
130249194
130249199
130249200
130249202
130250334
130250336
130250337
130250340
130250341
130250348
130250356
130250358
130250960
130250976
130250984
130251010
130251013
130251019
130251021
130251024
130251027
130251051
130251053
130251637
130251652
130251696
130251739
130251757
130251778
130251806
130251810
130251817
130251905
130251914
130251923
130251930
130251975
130251994
130252038
130252087
130252161
130252254
130253155
130253158
130253159
130253168
130253176
130253178
130253186
130253764
130253767
130253774
130253861
130253893
130253919
130253926
130253938
130253954
130254035
130254116
130254187
130254242
130254255
130254268
130254291
130254299
130254878
130254905
130254942
130254953
130254959
130254977
130255016
130255029
130255868
130255901
130255965
130255990
130255996
130256000
130256007
130256031
130256047
130256055
130256063
130256089
130256099
130256102
130256107
130256109
130256111
130256112
130256118
130256816
130256818
130256824
130256828
130256831
130256833
130256834
130256835
130257537
130257540
130257543
130257547
130257551
130257553
130257559
130257562
130257564
130257568
130257575
130257589
130257595
130257605
130257610
130257618
130257620
130257621
130257622
130258191
130258193
130258195
130258197
130258199
130258200
130258202
130258779
130258799
130258809
130258890
130258948
130259759
130259782
130259815
130259885
130259903
130259960
130260008
130260041
130260080
130260112
130260115
130260125
130260145
130260150
130260182
130260183
130260445
130260461
130260548
130260598
130260604
130260659
130260667
130260709
130260734
130260738
130260741
130260745
130260746
130260890
130260955
130260974
130260999
130261024
130261065
130261087
130261159
130261175
130261200
130261209
130261226
130261243
130261253
130261257
130261300
130261887
130261893
130261905
130261918
130261959
130261969
130261995
130262016
130262027
130262032
130262035
130262036
130262037
130262041
130262042
130262967
130262971
130262999
130263020
130263034
130263090
130263135
130263180
130263206
130263234
130263239
130263248
130263253
130263256
130263268
130263275
130263299
130263312
130263329
130264096
130264097
130264100
130264101
130264102
130264107
130264108
130264110
130264111
130264112
130264114
130264115
130264117
130264119
130264120
130264121
130264122
130264125
130264127
130264785
130264819
130264838
130264915
130264988
130265012
130265048
130265091
130265142
130265150
130265157
130265166
130265174
130265191
130265213
130265222
130265230
130265238
130265272
130265973
130265980
130265982
130265988
130265991
130265992
130266888
130266931
130266950
130266981
130266993
130267013
130267019
130267026
130267031
130267051
130267074
130267092
130267107
130267119
130267122
130267130
130267149
130267180
130267200
130267985
130267987
130267988
130268547
130268549
130268555
130268559
130268560
130268566
130268567
130268568
130268569
130268573
130268576
130268578
130268582
130268585
130268591
130268592
130268597
130268599
130268600
130467159
130467161
130467169
130467173
130467175
130467177
130467197
130467199
130467202
130467286
130467288
130467336
130467337
130467338
130467489
130467498
130467500
130467501
130467504
130467506
130467507
130467508
130467509
130467510
130467513
130467515
130467531
130467534
130467536
130467539
130467541
130467542
130467543
130467581
130467584
130467646
130467647
130467652
130467655
130467657
130467659
130467661
130467663
130467665
130467667
130467742
130467744
130467765
130467766
130467769
130467772
130467773
130467775
130467777
130467778
130467780
130467781
130467783
130467785
130467868
130467870
130467871
130467887
130467895
130467900
130467902
130467913
130467914
130467917
130467919
130467924
130467926
130467927
130467928
130467932
130467934
130467935
130467936
130467937
130467938
130467969
130467970
130467971
130467972
130467975
130467977
130467980
130468034
130468037
130468038
130468040
130468082
130468083
130468084
130468085
130468086
130468087
130468089
130468091
130468094
130468096
130468138
130468297
130468302
130468368
130468369
130468370
130468373
130468374
130468375
130468377
130468380
130468382
130468505
130468507
130468510
130468512
130468518
130468520
130468521
130468546
130468547
130468558
130468768
130468770
130468776
130468777
130468778
130468780
130468781
130468831
130468833
130468836
130468839
130468841
130468843
130468845
130468847
130468849
130468851
130468860
130468862
130468863
130468867
130468869
130468986
130468988
130468990
130468992
130468993
130468994
130468995
130468997
130468998
130469007
130469048
130469050
130469059
130469063
130469068
130469070
130469079
130469080
130469081
130469082
130469194
130469219
130469220
130469222
130469227
130469229
130469236
130469237
130469239
130469240
130469242
130469245
130469246
130469247
130469411
130469413
130469417
130469419
130469420
130469424
130469426
130469428
130469435
130469538
130469546
130469547
130469548
130469549
130469551
130469553
130469555
130469557
130469560
130469719
130469721
130469723
130469764
130469766
130469767
130469769
130469770
130469773
130469775
130469777
130469778
130469779
130469780
130469785
130469821
130469823
130469825
130469830
130469832
130469833
130469876
130469878
130469880
130469882
130469884
130469891
130469892
130470445
130595155
130595161
130595163
130595166
130595171
130595175
130595177
130595179
130595180
130595182
130595185
130595186
130595188
130595189
130595191
130595194
130595196
130595197
130595198
130595699
130595706
130595732
130595766
130595776
130595784
130596464
130596469
130596473
130596557
130596566
130596575
130596598
130596627
130596643
130596712
130596749
130596790
130596825
130596843
130596865
130596887
130596909
130596959
130597154
130597155
130597157
130597159
130597162
130597164
130597181
130597183
130597186
130598753
130598765
130598790
130598831
130598848
130598869
130598916
130598968
130599050
130599071
130599095
130599118
130599133
130599161
130599180
130599187
130599194
130599203
130599207
130599694
130599715
130599734
130599744
130599755
130599809
130599836
130599846
130599866
130599876
130599896
130599941
130599953
130599958
130599963
130599984
130599989
130599996
130600000
130600140
130600169
130600213
130600232
130600251
130600444
130600667
130600669
130600686
130600689
130600692
130600696
130601786
130601789
130601802
130601822
130601841
130601849
130601858
130601875
130601892
130601906
130601914
130601917
130601943
130601948
130601953
130601954
130601958
130601964
130601979
130602373
130602410
130602474
130602504
130602515
130602543
130602786
130602788
130602789
130602792
130602810
130602825
130602834
130602848
130602877
130604085
130604087
130604092
130604094
130604096
130604112
130604113
130604115
130604116
130604639
130604641
130604647
130604651
130604653
130604655
130604656
130604658
130604660
130604663
130604664
130604667
130604670
130605258
130605261
130605263
130605276
130605277
130605282
130605284
130605793
130605814
130605818
130605821
130605836
130605870
130605905
130605912
130605920
130606712
130606715
130606720
130606726
130606727
130606729
130606733
130606736
130606737
130606752
130606753
130606755
130606757
130606758
130606760
130606761
130606764
130606765
130606767
130607332
130607339
130607341
130607348
130607352
130607353
130607913
130607951
130607960
130607986
130607988
130608007
130608013
130608024
130608043
130608071
130608083
130608103
130608111
130608116
130608129
130608135
130608138
130608141
130608145
130608868
130608869
130608871
130608873
130608875
130608876
130608893
130608896
130609461
130609466
130609468
130609474
130609478
130609483
130609484
130609486
130609487
130610023
130610025
130610042
130610045
130610069
130610075
130610102
130610122
130610126
130610139
130610146
130610158
130610160
130610162
130610622
130610640
130610659
130610672
130610734
130610784
130610809
130610828
130610851
130610997
130611012
130612215
130612217
130612221
130612227
130612231
130612237
130612242
130612246
130612248
130612252
130612254
130612255
130612257
130612261
130612264
130612270
130612275
130612276
130612297
130612880
130612894
130612897
130612902
130612906
130612907
130613544
130613548
130613554
130613555
130613556
130613559
130613575
130613576
130613577
130613582
130613585
130613586
130613587
130613597
130613608
130613642
130613662
130613732
130613746
130614474
130614478
130614479
130614480
130614487
130614538
130614555
130614577
130614602
130614662
130614736
130614763
130614796
130614818
130614855
130614885
130614923
130614952
130614984
130615325
130615351
130615535
130615566
130615609
130615632
130615648
130615657
130615699
130616213
130616233
130616255
130616280
130616344
130616374
130616397
130616407
130616413
130616428
130616430
130616440
130616458
130616467
130616485
130616505
130616513
130616524
130616534
130617121
130617126
130617127
130617129
130617130
130630196
130839869
130840616
130840979
130851603
130851605
130851687
130851785
130851786
130851788
130851789
130851790
130851792
130851794
130851796
130851799
130851803
130851805
130851855
130851863
130851865
130851867
130851869
130851871
130851873
130851883
130851886
130851887
130851888
130852105
130852107
130852109
130852111
130852113
130852116
130852118
130852119
130852120
130852121
130852122
130852123
130852125
130852126
130852352
130852356
130852358
130852359
130852360
130852367
130852374
130852375
130852561
130852566
130852569
130852572
130852581
130852587
130852590
130852713
130852715
130852716
130852717
130852718
130852787
130852790
130852791
130852793
130852794
130852798
130852800
130852802
130852804
130852807
130852809
130852810
130852817
130852819
130852871
130852874
130852875
130852877
130852880
130852881
130852888
130852896
130852897
130852898
130853004
130853006
130853009
130853011
130853012
130853013
130853099
130853111
130853113
130853220
130853222
130853226
130853228
130853453
130853455
130853456
130853457
130853460
130853461
130853474
130853475
130853606
130853610
130853612
130853614
130853628
130853629
130853631
130853633
130853791
130853792
130853794
130853795
130853797
130853798
130853799
130853800
130853802
130853803
130853805
130853806
130853808
130853809
130853810
130853811
130853812
130853816
130853942
130853944
130853948
130853949
130853951
130853954
130853957
130853959
130853963
130853965
130853967
130853968
130853969
130853970
130853971
130853972
130853974
130853976
130853979
130854142
130854143
130854148
130854158
130854174
130854452
130854454
130854456
130854460
130854462
130854469
130854471
130854476
130854477
130854479
130854481
130854486
130854488
130854492
130854503
130854519
130854894
130854896
130854899
130854903
130854906
130854909
130854911
130854912
130855123
130855126
130855129
130855132
130855135
130855147
130855162
130855219
130855220
130855222
130855225
130855228
130855232
130855234
130855239
130855241
130855243
130855246
130855249
130855251
130855253
130855254
130855449
130855451
130855455
130855456
130855459
130855468
130855470
130855472
130855474
130855475
130855478
130855480
130855481
130855573
130855651
130855653
130855664
130855666
130855670
130855672
130855808
130855811
130855813
130855818
130855821
130855824
130855840
130855843
130855845
130855847
130855849
130855850
130855856
130855858
130855860
130855862
130855866
130855868
130855869
130855937
130855939
130856185
130856188
130856189
130856191
130856192
130856196
130856198
130856210
130856211
130856213
130856504
130856561
130856562
130856567
130856582
130856584
130856601
130856605
130856618
130856626
130856645
130856648
130856651
130856657
130923548
130926313
130927527
131028187
131164543
131164557
131164593
131164615
131164632
131164649
131164696
131164706
131164712
131164714
131164724
131164731
131165532
131165550
131165565
131165583
131165629
131165666
131165676
131165681
131165688
131165691
131165698
131165702
131165705
131165708
131165709
131165716
131165718
131165722
131165724
131165786
131165791
131165796
131165804
131165810
131165820
131166646
131166648
131166652
131166654
131166655
131166660
131166663
131166682
131166698
131166770
131166840
131166875
131166915
131166941
131166955
131167028
131167034
131167060
131167111
131167347
131167350
131167351
131167890
131167891
131167895
131167968
131167970
131168481
131168494
131168499
131168509
131168512
131168658
131168659
131169034
131169045
131169057
131169088
131169100
131169112
131169141
131169151
131169163
131169180
131169193
131169203
131169219
131169355
131169527
131169528
131169577
131169596
131169627
131169646
131169669
131169702
131169883
131170100
131170101
131170103
131170105
131170106
131170107
131170109
131170111
131170113
131170431
131170438
131170458
131170461
131170467
131170475
131170826
131170830
131170833
131170840
131170853
131170855
131170860
131170863
131170866
131170871
131171588
131171591
131171592
131171593
131171595
131171601
131171605
131171606
131171614
131171615
131171617
131171618
131171619
131171624
131171625
131171627
131171630
131171632
131171634
131172252
131172254
131172255
131172301
131172315
131172323
131172333
131172340
131173292
131173452
131173475
131173496
131173507
131173510
131173522
131173532
131173819
131173822
131173824
131173825
131174124
131174229
131174242
131174281
131174301
131174311
131174323
131174332
131174338
131174448
131174451
131174453
131174455
131174457
131174459
131174460
131174466
131174468
131174470
131174471
131174484
131174486
131174487
131175299
131175305
131175307
131175309
131175313
131175315
131175316
131175318
131175321
131175866
131175868
131175869
131175983
131175985
131175987
131175988
131175989
131175992
131175996
131176000
131176002
131176004
131176005
131176007
131176011
131176667
131176675
131176686
131176698
131176709
131176739
131176751
131176776
131176806
131176830
131176851
131176862
131176908
131176915
131176920
131177348
131177361
131177364
131177365
131177370
131177397
131177405
131177408
131177414
131177417
131177826
131177843
131177866
131177878
131177893
131177927
131177940
131177951
131177973
131178764
131178766
131178767
131178770
131178772
131178773
131178775
131178776
131178783
131178784
131178786
131178787
131179300
131179306
131179597
131179614
131179638
131179670
131179686
131179706
131179742
131179754
131179775
131179809
131179818
131179824
131179859
131179870
131179879
131180054
131180097
131180102
131180118
131180137
131180156
131180171
131180194
131180254
131180283
131180432
131181269
131181272
131181277
131181302
131181309
131181314
131181323
131181329
131181351
131181360
131181370
131181600
131181618
131181652
131181667
131181714
131182876
131182878
131182886
131182892
131182893
131182898
131182900
131182901
131182903
131182904
131182905
131182908
131182911
131182915
131182916
131182923
131182932
131182934
131182936
