54.594
52.152
54.357
55.323
52.264
51.022
54.077
48.394
52.601
54.513
51.385
53.625
54.947
56.422
54.646
52.718
58.109
56.819
60.606
59.653
52.836
53.755
48.292
52.734
55.616
56.558
54.077
51.622
55.477
48.922
53.111
53.137
55.030
54.143
54.592
56.506
52.840
50.451
48.816
48.156
49.989
49.715
44.661
47.752
49.312
50.009
53.420
47.772
50.668
54.398
51.605
51.981
53.125
51.547
53.094
51.433
48.023
53.384
50.504
53.673
52.941
50.930
52.161
53.118
48.948
46.459
51.566
51.328
46.540
52.101
52.542
47.567
48.259
50.489
49.516
51.567
52.333
47.113
51.868
53.119
53.706
48.434
49.294
52.569
52.028
53.850
54.612
51.567
52.715
49.662
57.562
53.555
49.893
51.823
66.061
61.506
49.208
55.292
53.030
53.631
54.268
53.344
52.202
50.295
46.632
47.684
52.986
48.126
54.041
53.946
49.106
55.024
57.553
53.676
55.630
50.554
46.066
54.888
