14.942
21.559
14.429
15.788
14.904
15.744
13.651
16.199
16.239
15.541
17.727
13.712
16.213
14.065
14.417
13.456
15.056
17.225
15.217
14.486
19.018
14.762
14.181
13.948
15.723
14.677
14.797
14.550
13.528
14.251
16.967
14.709
15.060
19.625
14.416
14.340
17.383
15.818
15.992
16.887
15.141
16.286
17.862
14.213
16.105
16.850
19.094
15.843
16.221
14.517
14.906
15.011
15.084
14.595
14.704
14.642
13.951
14.468
15.198
15.895
14.833
27.065
1.915
14.708
17.033
23.695
16.149
15.055
14.866
15.564
15.061
20.236
14.073
15.855
15.040
16.633
16.425
16.249
1.484
16.468
16.591
15.644
13.407
15.237
13.651
16.654
16.434
15.879
17.354
15.033
14.913
16.637
15.041
16.744
15.904
15.058
15.726
17.396
20.939
16.777
14.731
21.583
28.609
29.532
17.375
15.501
16.953
14.248
15.199
14.738
15.189
13.958
14.587
13.025
16.076
14.189
15.467
14.157
15.162
17.289
15.687
16.696
14.962
31.353
15.974
16.161
18.076
