16.728
16.303
15.986
18.329
16.911
18.547
18.946
18.783
18.433
17.467
16.093
16.274
15.964
17.346
16.916
18.861
17.070
19.233
17.748
22.417
17.594
16.857
16.078
17.311
16.297
16.502
16.443
17.217
16.849
17.714
16.050
17.309
19.102
16.626
17.576
18.778
17.542
16.871
15.964
16.444
16.314
18.649
17.423
16.150
18.655
16.576
18.724
16.091
16.965
15.980
16.416
16.533
16.139
17.246
15.471
19.790
16.765
16.128
17.200
16.762
21.355
17.283
18.124
17.388
17.522
16.601
17.933
17.123
17.124
17.020
15.716
18.183
18.071
18.462
17.298
16.345
16.870
17.550
20.403
17.053
17.291
16.080
15.673
15.131
16.028
17.971
18.108
17.004
17.006
17.722
18.510
17.179
18.311
15.970
17.002
15.547
18.495
20.473
17.776
17.771
18.430
16.404
18.160
18.051
17.817
17.282
17.928
16.895
19.135
18.303
20.626
18.062
18.555
18.810
20.107
18.645
19.507
20.619
19.888
17.886
