13.480
12.556
0.000
13.555
13.829
13.760
15.831
12.879
15.590
14.931
13.548
13.999
13.898
12.687
13.176
13.308
12.791
12.864
14.713
14.187
15.207
14.007
14.815
14.951
13.647
12.716
13.483
13.541
13.889
12.890
16.158
12.935
13.915
13.702
15.454
13.445
13.264
14.264
12.516
14.048
13.543
12.891
14.016
15.327
13.805
14.821
14.306
14.266
13.532
13.119
13.623
13.323
13.883
13.338
12.416
13.026
14.590
14.823
13.412
13.223
12.866
17.758
14.509
15.496
13.323
13.140
13.772
14.224
13.489
12.920
13.784
15.024
13.463
13.878
12.888
13.919
15.040
14.225
13.512
12.187
13.118
13.780
13.510
12.729
14.646
13.229
15.445
13.965
13.184
13.119
15.856
13.076
13.513
13.190
14.639
18.851
28.657
15.826
15.051
14.421
24.956
13.605
14.100
14.562
16.186
13.096
13.023
13.828
14.259
13.350
13.364
35.618
14.368
15.362
14.274
14.003
16.106
14.096
15.063
13.767
14.813
14.844
14.960
14.215
14.886
