60.604
60.866
66.073
66.350
63.375
69.074
64.379
63.069
65.846
71.077
66.179
64.237
67.422
67.103
72.885
71.268
76.140
64.877
64.161
64.509
66.297
65.597
72.063
76.454
67.895
71.266
68.451
72.644
73.292
72.494
72.708
80.800
67.456
65.910
67.741
72.951
70.813
71.190
67.004
78.424
68.048
68.383
66.737
72.435
74.364
74.348
74.350
79.071
66.929
67.327
65.476
68.810
70.158
74.799
76.999
85.027
67.229
70.125
70.633
67.349
71.435
82.291
68.727
74.686
73.574
77.903
75.324
76.567
82.206
82.496
87.613
76.801
72.010
69.478
70.713
74.985
77.375
72.040
74.040
70.842
70.778
72.954
68.771
75.004
83.160
71.399
71.870
69.782
73.335
193.316
80.964
72.142
66.087
69.346
68.513
70.808
71.878
69.058
73.865
77.450
70.084
69.424
69.581
67.493
70.390
69.555
71.982
69.241
68.323
69.506
