12.579
12.746
12.158
12.481
12.733
13.244
12.427
12.781
12.930
17.062
13.224
13.116
13.027
13.385
13.278
16.254
13.229
12.804
13.897
1.480
15.564
13.967
13.422
13.258
13.730
13.502
13.989
13.571
59.342
12.512
13.012
14.730
14.274
13.937
13.493
13.643
13.628
2.465
13.545
13.888
12.883
13.806
13.777
13.515
15.081
13.215
13.449
12.868
13.626
11.924
13.485
15.274
14.193
13.971
13.695
13.258
15.162
15.291
13.972
14.680
14.011
13.493
13.782
13.956
13.977
14.389
14.029
69.153
13.892
14.984
13.919
3.416
13.111
14.348
16.398
13.370
21.781
13.544
13.105
13.928
13.638
13.495
13.651
14.039
27.735
13.707
14.048
14.203
13.285
13.092
13.034
17.690
13.529
13.755
13.522
13.730
12.627
13.287
14.070
13.099
15.563
1.543
12.798
15.005
14.930
14.348
13.260
13.546
14.504
14.500
13.806
13.797
12.994
15.295
12.744
12.847
12.394
12.200
12.032
12.291
