15.897
17.361
16.710
17.757
16.519
16.741
16.604
18.357
17.842
16.405
2.369
20.879
2.304
16.354
16.400
16.167
16.517
17.921
18.001
16.485
54.958
4.738
22.564
22.005
6.495
37.379
4.696
6.592
17.985
2.580
16.820
16.682
2.501
15.519
16.212
55.321
24.723
18.627
17.519
18.418
20.129
16.221
48.663
33.189
20.553
17.109
15.795
15.679
16.964
18.027
48.765
38.681
18.317
15.985
48.510
16.263
48.750
24.170
16.171
16.230
16.154
16.254
17.196
18.517
16.290
41.945
75.059
62.044
15.273
17.074
79.908
17.977
17.305
3.196
14.964
15.586
18.182
15.764
42.006
34.059
20.566
16.989
16.816
16.772
17.412
16.139
16.179
15.645
17.586
16.972
20.296
16.299
32.319
16.300
17.874
17.541
42.128
17.661
46.605
18.806
16.466
16.364
42.043
19.473
17.437
16.989
18.860
42.155
44.493
34.563
34.721
12.584
9.353
18.060
16.948
18.700
17.823
17.860
16.212
16.444
18.450
20.605
22.854
19.527
19.843
18.621
19.232
19.512
16.466
16.339
16.806
