18.030
18.211
25.014
24.561
24.785
18.287
20.459
20.906
20.183
18.262
18.043
16.721
55.357
17.912
16.404
19.879
20.959
19.609
18.943
20.884
21.629
17.632
18.882
17.944
17.722
17.547
17.669
42.156
22.382
20.993
25.666
23.074
20.239
19.142
20.046
17.756
17.522
17.641
18.236
18.600
23.208
23.369
3.018
19.806
19.944
21.654
21.500
17.354
18.174
17.397
17.790
17.901
17.321
20.502
20.561
20.047
21.078
21.580
19.925
18.565
18.880
19.447
19.613
17.806
18.489
18.782
19.697
20.628
25.027
21.776
8.684
17.544
17.953
17.453
17.941
18.177
18.044
18.710
19.566
22.462
21.507
22.495
22.789
20.974
21.682
20.259
20.430
19.260
19.294
20.135
19.962
20.938
23.364
21.895
18.041
18.264
18.145
17.944
19.210
18.822
21.780
19.595
18.937
19.663
18.482
19.530
21.309
18.839
17.758
18.560
19.686
21.939
20.355
18.639
30.102
26.657
18.219
18.833
19.096
19.480
19.571
19.331
19.534
18.787
20.487
19.366
19.711
23.224
18.018
18.865
19.175
17.125
18.488
17.061
22.269
19.027
22.119
18.804
35.212
35.767
19.274
19.729
20.180
20.598
20.279
19.625
20.507
20.335
20.075
20.830
21.443
18.500
24.473
20.455
20.859
18.715
19.325
19.499
20.864
21.685
20.646
20.979
17.610
17.510
16.958
17.861
16.681
19.627
19.194
17.860
16.608
19.689
20.274
18.620
18.225
18.012
17.237
