72.831
71.798
85.146
82.062
80.637
76.364
74.955
76.501
72.054
70.315
70.794
70.405
72.088
73.565
68.854
68.957
72.957
76.815
74.000
72.123
71.028
71.482
69.066
69.226
75.074
77.048
73.749
72.920
76.564
78.727
79.214
81.282
74.252
75.428
75.183
75.184
76.227
76.230
82.047
79.303
85.699
84.333
82.521
83.766
73.222
73.960
69.723
72.415
72.191
74.640
79.379
49.100
68.050
72.421
80.211
72.428
70.839
71.799
70.146
69.507
72.278
73.111
78.178
78.888
81.224
78.120
83.126
86.278
5.848
77.860
78.511
79.933
79.840
75.452
73.839
74.002
74.658
85.637
78.396
80.078
86.287
72.143
73.011
68.652
68.910
72.346
73.400
72.608
72.847
85.008
83.903
79.069
86.192
74.100
72.368
69.698
69.101
67.581
67.387
71.342
68.797
68.520
67.941
83.893
72.154
70.274
67.025
69.476
68.457
66.931
70.316
71.372
69.150
69.932
81.402
78.834
75.248
72.942
71.973
73.782
74.750
70.453
70.663
91.476
83.169
76.543
82.486
73.735
72.890
72.107
72.360
72.904
71.836
73.809
77.187
75.567
75.941
80.659
83.437
76.410
75.817
74.546
74.404
76.974
75.267
75.351
77.226
77.222
78.310
81.256
79.617
76.760
76.274
77.346
78.668
75.271
76.181
73.699
74.982
86.241
85.116
76.444
79.970
70.941
70.830
71.078
71.218
72.864
71.509
59.097
57.641
231.571
77.563
76.230
83.017
79.480
74.135
74.588
75.957
78.760
