14.532
14.739
17.857
18.639
20.698
16.227
14.376
14.799
13.975
12.943
13.811
13.410
13.941
14.852
14.275
15.502
13.923
14.398
15.928
15.433
13.271
14.588
13.369
13.182
13.646
12.354
63.256
14.691
14.523
14.169
14.268
14.478
14.343
14.266
14.170
13.744
14.131
13.572
13.946
14.818
14.532
13.533
13.803
14.230
14.135
12.558
13.802
7.777
17.544
3.585
12.313
12.535
13.561
12.461
14.089
13.375
14.300
13.210
15.757
13.699
28.892
13.190
13.610
13.184
14.255
13.627
13.347
13.505
15.549
14.817
15.216
15.040
8.184
13.644
13.611
13.125
13.102
13.469
13.481
13.849
13.880
15.417
14.828
14.516
15.673
13.878
14.311
22.651
14.898
15.825
16.003
16.441
13.465
14.743
13.822
14.868
15.731
16.153
13.116
13.367
12.999
13.403
13.882
13.956
14.642
13.595
13.340
13.327
14.119
14.488
14.920
13.528
14.314
13.611
13.336
13.470
15.557
16.256
14.230
14.347
15.288
15.791
13.750
13.893
13.467
13.278
14.138
14.420
14.659
13.809
14.199
14.004
13.607
13.550
13.114
14.246
13.289
13.491
13.828
15.033
13.861
13.937
14.101
3.577
15.643
13.980
13.566
13.157
12.861
13.030
12.818
14.485
13.502
14.976
15.270
14.669
14.353
13.419
13.686
15.924
15.557
13.550
13.483
13.058
14.514
13.405
14.480
13.875
14.086
14.201
13.061
13.620
13.133
13.599
12.712
13.033
13.688
13.145
13.466
14.454
13.836
14.817
13.913
13.970
