122113601
122113602
122113623
122113667
122113734
122113809
122113885
122113911
122113942
122113974
122114006
122114035
122114054
122114073
122114089
122114113
122114114
122114115
122114117
122115174
122115175
122115176
122115178
122115185
122115186
122115189
122115190
122115192
122115194
122115195
122115196
122115198
122115201
122115202
122115203
122115205
122115210
122115223
122116328
122116331
122116350
122116388
122116449
122116523
122116591
122116622
122116647
122116672
122116714
122116747
122116769
122116789
122116878
122116891
122116930
122117000
122117090
122117176
122117231
122117270
122117303
122117344
122117375
122117409
122117431
122118487
122118514
122118563
122118643
122119829
122119833
122119835
122119839
122119841
122119843
122119866
122119905
122119970
122120037
122120111
122120150
122120173
122120197
122120235
122120281
122120323
122120341
122120360
122121459
122121480
122121492
122121502
122121509
122121513
122121515
122121518
122121521
122121523
122121524
122121528
122121530
122121532
122121534
122121536
122121537
122121540
122121542
122122509
122123261
122123333
122123398
122123444
122123471
122123499
122123517
122123544
122123593
122123632
122123661
122123690
122123715
122123731
122123745
122123760
122123769
122123777
122123780
122124904
122124905
122124908
122124915
122124918
122124922
122124925
122124928
122124934
122124936
122124938
122124940
122124943
122124965
122125015
122125082
122125156
122125212
122125231
122125492
122125531
122125591
122125670
122125741
122125778
122126746
122126806
122126845
122126865
122126890
122126924
122126960
122126994
122127018
122127037
122127056
122127070
122127086
122127096
122127101
122127105
122127111
122127113
122127117
122128208
122128210
122128213
122128217
122128219
122128222
122128225
122128226
122128228
122128229
122128231
122128242
122128285
122128347
122128423
122128490
122128523
122128549
122128570
122129601
122129614
122129651
122129684
122129712
122129741
122129762
122129778
122129792
122129799
122129800
122129802
122129804
122129806
122129807
122129808
122129811
122129817
122129820
122131069
122131074
122131077
122131083
122131086
122131089
122131092
122131093
122131095
122131112
122131155
122131222
122131292
122131365
122131401
122131422
122131442
122131479
122131507
122132539
122132572
122132603
122132632
122132655
122132672
122132686
122132691
122132692
122132694
122132698
122132702
122132707
122132710
122132713
122132717
122132721
122132722
122132724
122133827
122133830
122133832
122133834
122133836
122133839
122133840
122133858
122133899
122133965
122134034
122134099
122134126
122134151
122134171
122134195
122134236
122134270
122134294
122135349
122135390
122135414
122135435
122135445
122135454
122135464
122135468
122135470
122135472
122135473
122135474
122135478
122135480
122135482
122135486
122135488
122135490
122135495
122136568
122136569
122136572
122136575
122136578
122136604
122136650
122136718
122136782
122136833
122136865
122136883
122136905
122136950
122137005
122137050
122137077
122137103
122137118
122138265
122138280
122138289
122138297
122138302
122138304
122138307
122138311
122138314
122138325
122138334
122138339
122138343
122138346
122138347
122138355
122138358
122138360
122138363
122139501
122139506
122139508
122139530
122139575
122139649
122139720
122139774
122139803
122139829
122139857
122139886
122139924
122139951
122139971
122139983
122139997
122140002
122140005
122141095
122141098
122141102
122141103
122141104
122141106
122141109
122141111
122141114
122141116
122141119
122141122
122141124
122141125
122141126
122141128
122141130
122141153
122141199
122142207
122142233
122142285
122142359
122142432
122142489
122142506
122142531
122142553
122142589
122142626
122142647
122142665
122142681
122142689
122142693
122142697
122142702
122142703
122142793
122143787
122143789
122143792
122143795
122143799
122143803
122143805
122143808
122143810
122143812
122143813
122143816
122143822
122143824
122143828
122143863
122143912
122143989
122144061
122145338
122145375
122145399
122145427
122145445
122145457
122145465
122145469
122145472
122145475
122145478
122145480
122145481
122145483
122145487
122145489
122145492
122145498
122145501
122146606
122146609
122146610
122146615
122146617
122146620
122146636
122146674
122146739
122146808
122146888
122146914
122146931
122146957
122146991
122147030
122147062
122147083
122147102
122148155
122148178
122148195
122148205
122148208
122148212
122148215
122148217
122148219
122148222
122148223
122148224
122148225
122148229
122148232
122148233
122148238
122148242
122148244
122149313
122149317
122149318
122149319
122149338
122149381
122149446
122149511
122149555
122149598
122149620
122149651
122149692
122149744
122149778
122149804
122149824
122149843
122149856
122151056
122151130
122151202
122151288
122151348
122151377
122151402
122152044
122153232
122153234
122153238
122153471
122153511
122153743
122153800
122162459
122202937
122317830
122317869
122317927
122318005
122318089
122318154
122318210
122318253
122318281
122318297
122318303
122318305
122318311
122318317
122318318
122318321
122318323
122318325
122318329
122319784
122319788
122319790
122319792
122319793
122319796
122319797
122319802
122319805
122319809
122319811
122319813
122319816
122319819
122319826
122319854
122319910
122319985
122320061
122321255
122321330
122321411
122321483
122321544
122321587
122321618
122321631
122321632
122321634
122321638
122321640
122321641
122321644
122321647
122321652
122321654
122321658
122321661
122323094
122323098
122323102
122323104
122323106
122323109
122323111
122323113
122323114
122323117
122323119
122323121
122323126
122323158
122323213
122323290
122323366
122323442
122323499
122324965
122325040
122325106
122325149
122325193
122325212
122325216
122325217
122325220
122325224
122325227
122325231
122325236
122325238
122325243
122325246
122325248
122325252
122325255
122326714
122326720
122326724
122326728
122326731
122326733
122326741
122326743
122370656
122531562
122531563
122531564
122531566
122531567
122531569
122531570
122531571
122531572
122531573
122532281
122532283
122532289
122532290
122532297
122532300
122532305
122532306
122532316
122532317
122818450
122818471
122818477
122818480
122818484
122818486
122818489
122818492
122818494
122818497
122818499
122818502
122818506
122818508
122818511
122818531
122818572
122818641
122818713
122819981
122820038
122820115
122820197
122820279
122820365
122820442
122820511
122820569
122820613
122820644
122820672
122820700
122820754
122820780
122820809
122820833
122820848
122820855
122822530
122822542
122822561
122822575
122822594
122822613
122822634
122822670
122822710
122822744
122822780
122822815
122822847
122822865
122822913
122822971
122823066
122823162
122823255
122824877
122824963
122825051
122825102
122825167
122825234
122825291
122825352
122825423
122825452
122825464
122825482
122825495
122825508
122825517
122825529
122825538
122825551
122825556
122827160
122827161
122827162
122827164
122827165
122827168
122827169
122827171
122827172
122827173
122827174
122827175
122827215
122827279
122827371
122827461
122827556
122827628
122827698
122828737
122828774
122828821
122828865
122828910
122828936
122828956
122828963
122828967
122828970
122828979
122828999
122829019
122829037
122829040
122829042
122829044
122829046
122829048
122830329
122830334
122830336
122830337
122830340
122830342
122830345
122830367
122830388
122830407
122830447
122830500
122830571
122830648
122830731
122830788
122830840
122830883
122830926
122832044
122832076
122832099
122832107
122832118
122832140
122832160
122832182
122832204
122832208
122832211
122832213
122832215
122832216
122832218
122832235
122832242
122832246
122832248
122833424
122833437
122833438
122833439
122833441
122833443
122833445
122833447
122833474
122833524
122833602
122833679
122833748
122833810
122833876
122833925
122833967
122833990
122834002
122835578
122835592
122835599
122835602
122835604
122835607
122835610
122835611
122835618
122835619
122835621
122835642
122835663
122835684
122835706
122835727
122835750
122835772
122835778
122836977
122836980
122836982
122836988
122836994
122836997
122837027
122837079
122837168
122837270
122837354
122837426
122837493
122837544
122837578
122837606
122837625
122837642
122837655
122838909
122838913
122838917
122838918
122838920
122838924
122838943
122838960
122838980
122839003
122839026
122839046
122839054
122839057
122839059
122839061
122839068
122839076
122839086
122840325
122840329
122840330
122840348
122840395
122840466
122840562
122840656
122840743
122840811
122840858
122840894
122840918
122840924
122840929
122840934
122840938
122840945
122840948
122911872
122913074
122915993
122916568
123028718
123028722
123028724
123028726
123028728
123028732
123028734
123028735
123028736
123028741
123028742
123028744
123028769
123028818
123028891
123028966
123029039
123029095
123029148
123030164
123030255
123030353
123030439
123030521
123030574
123030620
123030647
123030674
123030696
123030706
123030711
123030714
123030718
123030725
123030729
123030734
123030739
123030742
123032155
123032158
123032162
123032164
123032167
123032170
123032181
123032200
123032222
123032244
123032264
123032285
123032323
123032365
123032437
123032517
123032591
123032654
123032708
123033843
123033923
123033980
123034029
123034061
123034073
123034081
123034083
123034085
123034101
123034122
123034143
123034163
123034184
123034207
123034229
123034248
123034270
123034291
123035747
123035750
123035753
123035755
123035756
123035758
123035761
123035765
123035766
123035770
123035776
123035810
123035863
123035940
123036018
123036086
123036150
123036207
123036256
123037570
123037610
123037652
123037672
123037674
123037676
123037681
123037682
123037686
123037696
123037698
123037699
123037700
123037702
123037704
123037705
123037708
123037710
123037714
123038985
123038987
123038988
123038990
123038993
123038994
123038996
123038999
123039009
123039042
123039096
123039175
123039249
123039316
123039371
123039415
123039442
123039483
123039520
123040774
123040787
123040789
123040792
123040794
123040797
123040799
123040801
123040804
123040807
123040810
123040812
123040815
123040816
123040836
123040856
123040879
123040901
123040922
123042138
123042141
123042144
123042145
123042148
123042149
123042159
123042195
123042251
123042326
123042402
123042484
123042547
123042608
123042661
123042708
123042743
123042763
123042770
123043971
123043972
123043975
123044005
123044007
123044008
123044009
123044011
123044018
123044038
123044057
123044077
123044098
123044118
123044132
123044135
123044137
123044141
123044142
123045279
123045280
123045282
123045284
123045286
123045329
123045395
123045489
123045588
123045683
123045763
123045822
123045867
123045885
123045893
123045895
123045897
123045898
123045900
123047095
123047106
123047117
123047134
123047159
123047176
123047196
123047218
123047239
123047250
123047251
123047254
123047257
123047260
123047261
123047263
123047265
123047267
123047271
123048502
123048523
123048546
123048592
123048668
123048752
123048829
123048900
123048956
123049001
123049036
123049055
123049064
123049065
123049067
123049070
123049072
123049076
123049078
123220288
123220369
123220434
123220496
123220539
123220566
123220582
123220586
123220590
123220594
123220597
123220599
123220612
123220634
123220654
123220677
123220700
123220721
123220742
123222146
123222147
123222148
123222150
123222152
123222153
123222154
123222160
123222162
123222164
123222165
123222171
123222211
123222267
123222339
123222415
123222485
123222549
123222584
123223856
123223923
123223962
123223990
123224005
123224008
123224011
123224014
123224017
123224018
123224021
123224022
123224023
123224024
123224026
123224029
123224030
123224031
123224033
123225910
123225940
123225965
123225998
123226027
123226475
123226505
123226526
123226545
123226558
123226570
123226578
123226585
123226590
123226593
123226596
123226602
123226604
123226617
123226648
123226679
123226713
123229336
123229354
123229381
123229404
123229425
123229446
123229466
123229489
123229508
123229536
123229591
123229667
123229760
123229862
123229949
123230031
123230087
123230137
123230162
123230831
123230864
123230887
123230911
123230936
123230988
123231068
123231162
123231264
123231353
123231429
123231491
123233488
123233557
123233617
123233662
123233706
123233749
123233785
123233823
123233856
123233887
123233915
123233940
123233964
123233988
123234008
123234031
123234054
123234073
123234093
123235665
123235666
123235667
123235669
123235670
123235672
123235673
123235674
123235676
123235684
123235715
123235773
123235851
123235928
123235999
123236063
123236106
123236146
123236164
123237462
123237510
123237541
123237557
123237560
123237562
123237565
123237574
123237577
123237579
123237580
123237588
123237591
123237592
123237594
123237598
123237600
123237602
123237603
123238657
123238741
123238800
123238857
123238891
123238917
123238923
123238925
123238929
123238948
123238963
123238966
123238970
123240448
123240469
123240473
123240476
123240478
123240482
123240485
123240488
123240493
123240495
123240497
123240501
123240505
123240507
123240512
123240515
123240520
123240542
123240588
123241861
123241903
123241968
123242059
123242138
123242214
123242248
123242290
123242325
123242359
123242414
123242446
123242465
123242490
123242503
123242515
123242521
123242527
123242530
123243779
123243796
123243808
123243824
123243845
123243866
123243886
123243908
123243924
123243929
123243931
123243933
123243935
123243936
123243963
123244013
123244087
123244161
123244428
123244433
123244453
123244475
123244495
123244515
123244535
123244573
123244634
123245835
123245850
123245893
123245957
123246035
123246111
123246160
123246210
123246245
123246297
123246321
123246350
123246363
123246376
123246386
123246402
123246417
123246440
123246461
123247428
123247521
123247619
123247715
123247786
123247844
123247901
123247928
123247934
123247938
123247943
123247946
123247951
123247953
123247956
123247959
123247960
123249267
123249268
123249271
123250140
123250232
123250330
123250391
123250463
123250516
123250548
123250589
123250610
123250627
123250635
123250645
123250648
123250654
123250655
123250657
123250660
123250662
123250664
123251945
123251954
123252105
123252560
123252623
123252625
123252732
123253338
123253342
123253347
123253348
123253349
123253352
123253353
123253355
123253357
123253358
123253361
123253362
123253367
123253370
123253386
123253424
123253485
123253561
123253642
123254954
123255031
123255112
123255254
123255397
123255400
123255402
123255405
123255410
123255413
123255415
123255418
123255421
123255425
123255427
123255431
123255434
123255436
123255438
123256942
123258165
123259474
123259523
123454989
123455022
123455042
123455049
123455051
123455052
123455054
123455059
123455061
123455062
123455063
123455064
123455066
123455068
123455069
123455070
123455071
123455073
123455075
123456457
123456470
123456473
123456477
123456480
123456483
123456487
123456506
123456553
123456618
123456697
123456781
123456834
123456894
123456929
123456957
123456969
123456974
123456979
123458320
123458342
123458348
123458351
123458353
123458356
123458357
123458360
123458362
123458368
123458370
123458372
123458374
123458376
123458380
123458382
123458385
123458387
123458389
123459685
123459709
123459729
123459749
123459764
123459766
123459789
123459834
123459909
123459982
123460051
123460101
123460148
123460177
123460205
123460228
123460250
123460261
123460268
123461539
123461563
123461582
123461604
123461625
123461644
123461651
123461652
123461655
123461657
123461658
123461659
123461662
123461663
123461664
123461666
123461667
123461668
123461670
123462924
123462934
123462944
123462971
123463026
123463091
123463184
123463274
123463371
123463446
123463514
123463561
123463597
123463632
123463647
123463648
123463649
123463652
123463654
123464926
123464945
123464964
123464986
123465007
123465027
123465047
123465067
123465088
123465109
123465123
123465125
123465153
123465200
123465275
123465353
123465412
123465458
123465490
123466541
123466601
123466674
123466726
123466770
123466798
123466822
123466845
123466866
123466889
123466910
123466931
123466946
123466951
123466954
123466957
123466962
123466964
123466967
123468233
123468235
123468238
123468254
123468274
123468294
123468315
123468336
123468355
123468358
123468386
123468434
123468508
123468584
123468660
123468712
123468766
123468799
123468823
123470011
123470055
123470088
123470103
123470114
123470129
123470148
123470169
123470192
123470214
123470232
123470253
123470273
123470293
123470316
123470336
123470354
123470356
123470359
124030718
124030719
124030720
124030721
124030722
124030723
124030724
124030725
124030726
124030727
124030728
124030729
124030730
124030731
124030732
124031940
124031941
124031942
124031943
124031944
124031945
124031946
124031947
124031949
124031950
124031951
124031952
124031953
124031954
124031955
124203944
124204019
124204093
124204159
124204204
124204247
124204287
124204311
124204335
124204339
124204343
124204351
124204388
124204408
124204423
124204442
124204463
124204486
124204507
124205757
124205758
124205759
124205760
124205762
124205763
124205766
124205767
124205768
124205770
124205772
124205774
124205775
124205793
124205835
124205918
124206006
124206102
124206182
124207456
124207529
124207563
124207599
124207634
124207668
124207696
124207722
124207738
124207754
124207774
124207789
124207801
124207812
124207821
124207825
124207828
124207833
124207835
124209168
124209169
124209171
124209174
124209175
124209177
124209180
124209181
124209183
124209185
124209186
124209188
124209218
124209271
124209344
124209421
124209469
124209504
124209536
124211017
124211074
124211118
124211154
124211172
124211184
124211186
124211189
124211190
124211193
124211195
124211196
124211198
124211201
124211204
124211205
124211207
124211209
124211212
124212647
124212648
124212650
124212652
124212656
124212664
124212666
124212668
124212671
124212677
124212713
124212764
124212838
124212912
124212973
124213027
124213084
124213114
124213138
124214557
124214560
124214562
124214565
124214567
124214568
124214569
124214571
124214572
124214573
124214574
124214575
124214576
124214578
124214579
124214581
124214590
124214623
124214676
124216008
124216043
124216106
124216178
124216254
124216326
124216384
124216427
124216462
124216481
124216485
124216490
124216493
124216503
124216526
124216527
124216530
124216532
124216534
124217921
124217923
124217925
124217928
124217933
124217935
124217937
124217938
124217941
124217944
124217945
124217949
124217954
124217956
124217964
124217997
124218057
124218131
124218213
124219322
124219395
124219464
124219536
124219571
124219609
124219643
124219673
124219709
124219741
124219765
124219790
124219811
124219821
124219833
124219840
124219843
124219850
124219854
124221213
124221216
124221217
124221218
124221220
124221222
124221223
124221226
124221227
124221228
124221229
124221230
124221231
124221252
124221295
124221361
124221439
124221509
124221565
124222785
124222877
124222943
124223015
124223076
124223126
124223149
124223158
124223161
124223165
124223168
124223169
124223171
124223172
124223175
124223177
124223182
124223183
124223186
124418772
124418773
124418776
124418777
124418778
124418779
124418780
124418782
124418783
124418785
124418786
124418787
124418788
124418791
124418793
124418794
124418796
124418797
124418798
124418924
124418932
124418940
124419013
124419023
124419568
124419569
124419570
124419571
124419590
124419591
124419592
124419593
124419595
124419596
124419597
124419601
124419602
124419603
124419604
124419605
124419606
124419607
124419608
124419609
124420127
124420135
124420138
124420140
124420142
124420888
124420890
124420891
124420892
124420893
124420894
124420896
124420897
124420898
124420899
124420901
124420902
124420903
124420904
124420905
124420909
124421705
124421737
124421739
124421741
124421743
124421745
124421747
124421750
124421751
124421752
124421753
124421754
124421773
124421775
124421777
124421782
124421783
124421784
124422415
124422417
124422419
124422421
124422423
124422425
124422426
124422427
124422474
124423110
124423115
124423119
124423123
124423127
124423130
124423134
124423137
124423141
124423166
124423170
124423175
124423179
124423184
124423188
124423193
124423309
124423313
124423318
124423323
124423327
124423331
124423338
124423342
124423350
124423950
124423954
124423964
124423973
124423982
124424720
124424723
124424725
124424727
124424730
124424732
124424734
124424736
124424738
124424740
124424742
124424745
124424748
124424751
124424830
124424903
124424983
124424996
124425011
124425027
124425518
124425520
124425522
124425524
124425527
124425528
124426037
124426039
124426041
124426043
124426044
124426850
124426851
124426852
124426853
124426855
124426856
124426857
124426859
124426861
124426862
124426863
124426864
124426866
124426867
124426868
124426869
124426872
124426874
124426876
124427433
124427443
124427454
124427465
124427524
124427672
124427673
124427674
124427675
124427694
124427698
124427706
124427710
124427719
124427728
124427734
124427744
124427752
124427761
124427769
124427844
124427854
124427868
124427880
124428411
124428412
124428413
124428414
124428415
124428417
124428800
124428811
124428816
124428824
124428830
124428839
124428845
124428849
124428856
124428858
124428866
124428870
124428879
124428884
124428888
124429147
124429152
124429156
124429159
124626963
124626964
124626965
124626966
124626967
124626968
124626972
124626973
124626974
124626975
124626981
124626982
124626983
124626986
124626987
124626989
124626990
124626991
124626992
124627794
124627796
124627797
124627798
124627799
124627800
124627893
124627903
124627925
124627934
124627940
124627952
124627964
124627977
124627988
124627999
124628012
124628021
124628035
124628044
124628060
124628068
124628078
124628594
124628622
124628672
124628682
124628698
124628708
124628783
124628796
124629125
124629126
124629127
124629128
124629129
124629130
124629131
124629132
124629136
124629140
124629144
124629306
124629327
124629331
124629334
124629355
124629362
124629858
124629859
124629890
124629891
124629892
124629893
124629894
124629896
124630379
124630388
124630400
124630412
124630423
124630437
124630446
124630451
124630462
124630468
124630677
124630678
124630754
124630758
124630764
124630796
124630807
124630814
124630823
124630830
124630839
124630850
124630861
124631254
124631255
124631256
124631259
124631262
124631266
124631271
124631274
124631278
124631949
124631952
124631957
124631960
124631969
124631971
124631978
124631981
124631985
124631993
124632004
124632011
124632016
124632022
124632027
124632036
124632492
124632504
124632515
124632526
124632537
124632547
124632618
124632631
124632647
124632899
124632900
124632901
124632902
124632905
124632934
124632935
124632937
124632940
124632942
124632943
124632945
124633026
124633033
124633042
124633052
124633721
124633722
124633723
124633724
124633725
124633727
124633728
124633729
124633730
124633781
124633783
124633784
124633785
124633786
124633788
124633789
124633790
124633791
124633792
124633793
124634180
124634228
124634231
124634235
124634240
124634626
124634666
124634674
124634682
124634690
124634702
124634714
124634726
124634736
124634751
124634760
124634773
124634781
124634796
124634807
124634819
124634828
124634840
124634855
124699913
124776543
124814084
124814205
124814214
124814215
124814218
124814221
124814225
124814232
124814234
124814688
124814825
124814836
124814843
124814848
124815532
124815534
124815535
124815537
124815543
124815544
124815547
124815552
124815558
124815560
124815561
124815563
124815571
124815573
124815575
124815577
124815579
124815587
124815588
124816031
124816035
124816038
124816044
124816055
124816369
124816372
124816373
124816376
124816379
124816395
124816404
124816659
124816703
124816800
124816811
124816815
124816821
124816824
124816828
124816833
124816836
124816841
124816845
124816849
124816854
124816859
124816883
124816887
124817293
124817321
124817439
124817443
124817444
124817447
124817450
124817462
124817464
124817465
124817620
124817963
124817971
124817979
124817985
124818008
124818012
124818015
124818020
124818024
124818028
124818033
124818037
124818040
124818064
124818069
124818092
124818095
124818099
124818105
124818189
124818194
124818196
124818200
124818533
124818535
124818715
124818717
124818720
124818721
124818723
124818732
124818733
124818736
124818749
124818754
124818758
124819041
124819569
124819576
124819577
124819579
124819586
124819587
124819593
124819596
124819599
124819601
124819604
124819607
124819611
124819672
124819673
124819674
124819676
124819679
124819680
124819683
124820191
124820204
124820218
124820228
124820237
124820490
124820491
124820493
124820497
124820924
124820990
124820998
124821037
124821040
124821045
124821049
124821053
124821078
124821079
124821082
124821084
124821086
124821087
124821088
124821089
124821212
124821215
124821220
124821224
124821228
124821231
124821235
124821239
124821243
124821851
124821852
124821855
124821857
124821860
124821864
124821867
124821871
124821875
124821878
124821883
124821886
124821890
124821893
124821897
124821903
124822093
124822130
124822183
124822580
124822587
124822592
124822641
124822645
124822646
124822713
124822717
124822720
124822724
124822727
124822731
124822735
124822739
124822743
124822754
124822761
124822776
124822788
124822808
124823381
124823416
124823417
124823419
124823552
124824282
124824286
124824291
124824296
124824300
124824303
124824308
124824312
124824317
124824319
124824322
124824324
124824326
124824327
124824328
124824333
124824334
124824335
124824337
124824440
124824891
124824893
124825019
124825029
124825052
124825056
124825067
124825087
124825112
124825468
124825539
