121771323
121771326
121771329
121771332
121771335
121771336
121771337
121771340
121771345
121771347
121771348
121771350
121771352
121771356
121771359
121771363
121771368
121771375
121771380
121772453
121772454
121772458
121772460
121772462
121772464
121772475
121772510
121772572
121772645
121772726
121772792
121772848
121772894
121772922
121772942
121772945
121772948
121772950
121774142
121774145
121774150
121774152
121774155
121774160
121774162
121774164
121774173
121774175
121774178
121774180
121774187
121774194
121774199
121774204
121774207
121774211
121774216
121775363
121775369
121775375
121775381
121775386
121775420
121775480
121775572
121775662
121775739
121775795
121775853
121775893
121775922
121775934
121775941
121775948
121775952
121775954
121777140
121777162
121777176
121777179
121777181
121777184
121777185
121777188
121777193
121777196
121777200
121777206
121777210
121777212
121777213
121777216
121777218
121777220
121777222
121778430
121778432
121778434
121778463
121778517
121778596
121778676
121778752
121778818
121778873
121778913
121778941
121778953
121778957
121778958
121778961
121778964
121778965
121778969
121780197
121780211
121780230
121780231
121780233
121780241
121780253
121780257
121780258
121780263
121780265
121780274
121780277
121780279
121780281
121780285
121780289
121780322
121780379
121781518
121781559
121781616
121781691
121781766
121781844
121781924
121781969
121782006
121782024
121782045
121782061
121782067
121782073
121782078
121782090
121782105
121782109
121782112
121783228
121783230
121783233
121783238
121783245
121783254
121783261
121783269
121783274
121783279
121783284
121783287
121783291
121783298
121783307
121783344
121783401
121783478
121783555
121784489
121784568
121784644
121784720
121784778
121784823
121784855
121784874
121784881
121784883
121784888
121784889
121784891
121784894
121784896
121784898
121784902
121784906
121784907
121785972
121785975
121785977
121785981
121785984
121785988
121785991
121785994
121785995
121785996
121785997
121786000
121786010
121786044
121786103
121786179
121786259
121786328
121786390
121787418
121787487
121787541
121787588
121787629
121787652
121787659
121787662
121787665
121787686
121787702
121787704
121787710
121787713
121787718
121787720
121787724
121787728
121787730
121788885
121788888
121788891
121788894
121788899
121788905
121788909
121788912
121788915
121788917
121788931
121788969
121789031
121789111
121789188
121789254
121789323
121789369
121789397
121790686
121790698
121790707
121790713
121790724
121790733
121790737
121790740
121790742
121790745
121790749
121790751
121791230
121792341
121792377
121792404
121792407
121792413
121792417
121792419
121792421
121792424
121792427
121792430
121792434
121792438
121792444
121792447
121792451
121792453
121792455
121792457
121793548
121793551
121793553
121793554
121793556
121793560
121793562
121793572
121793607
121793664
121793739
121793819
121793881
121793934
121793984
121794013
121794044
121794060
121794068
121795224
121795230
121795233
121795236
121795244
121795250
121795256
121795258
121795263
121795266
121795270
121795273
121795275
121795278
121795282
121795284
121795288
121795291
121795298
121795883
121795933
121796007
121796090
121796166
121796220
121796276
121796324
121796352
121796368
121796371
121796378
121796382
121796384
121796386
121796389
121796392
121796395
121796400
121797560
121797566
121797568
121797575
121797579
121797582
121797586
121797587
121797590
121797596
121797599
121797603
121797607
121797608
121797641
121797692
121797768
121797845
121797914
121798908
121798986
121799055
121799114
121799160
121799191
121799217
121799221
121799222
121799223
121799225
121799227
121799229
121799231
121799232
121799234
121799235
121799236
121799237
121943648
121943661
121943700
121943730
121943732
121943755
121943800
121943867
121943944
121944036
121944133
121944224
121944257
121944286
121944297
121944304
121944306
121944311
121944314
121945613
121945666
121945719
121945769
121945812
121945817
121945825
121945828
121945835
121945838
121945843
121945846
121945849
121945850
121945854
121945858
121945861
121945863
121945867
121947124
121947165
121947175
121947176
121947199
121947250
121947321
121947395
121947493
121947590
121947650
121947681
121947706
121947718
121947721
121947722
121947728
121947733
121947734
121949033
121949076
121949105
121949107
121949108
121949110
121949112
121949115
121949118
121949121
121949122
121949126
121949127
121949129
121949130
121949133
121949134
121949135
121949154
121949911
121949969
121950043
121950121
121950186
121950237
121950280
121951417
121951511
121951576
121952831
121952873
121952904
121952927
121952937
121952938
121952941
121952946
121952950
121952951
121952953
121952957
121952960
121952965
121952966
121953003
121953044
121953050
121953055
121954390
121954392
121954394
121954395
121954398
121954400
121954404
121954405
121954412
121954447
121954514
121954590
121954665
121954749
121954840
121954891
121954939
121954973
121954997
121955678
121955712
121955752
121955825
121955902
121955975
121956035
121956089
121956126
121956148
121956160
121956162
121956167
121956185
121957592
121957619
121957652
121957680
121957702
121957724
121957745
121957763
121957775
121957786
121957794
121957800
121957806
121957815
121957820
121957826
121957831
121957836
121957842
121959336
121959340
121959346
121959350
121959371
121959419
121959489
121959568
121959645
121959713
121959771
121959804
121959830
121959848
121959855
121959863
121959870
121959873
121959877
121961289
121961290
121961291
121961296
121961324
121961392
121961458
121961537
121961612
121961666
121961716
121961747
121961774
121961787
121961800
121961801
121961802
121961809
121961812
121962928
121962987
121963033
121963074
121963094
121963100
121963103
121963107
121963108
121963109
121963111
121963113
121963114
121963117
121963120
121964444
121964446
121964447
121964448
121964449
121964452
121964454
121964456
121964461
121964462
121964464
121964465
121964466
121964472
121964508
121964563
121964638
121964717
121964775
121966024
121966119
121966226
121966312
121966377
121966405
121966426
121966434
121966437
121966442
121966447
121966452
121966465
121966484
121966505
121966519
121966541
121966559
121966579
121968136
121969424
121969425
121969427
121969432
121969435
121969437
121969439
121969442
121969445
121969447
121969448
121969450
121969474
121969520
121969595
121969670
121969758
121969849
121969933
121971134
121971197
121971247
121971281
121971306
121971310
121971311
121971312
121971313
121971319
121971320
121971323
121971325
121971327
121971330
121971333
121971335
121971336
121971337
121972778
121972780
121972782
121972784
121972787
121972788
121972789
121972791
121972793
121972794
121972826
121972876
121972948
121973025
121973098
121973154
121973204
121973234
121973258
121974622
121974691
121974752
121974787
121974791
121974792
121974796
121974800
121974801
121974807
121974808
121974811
121974815
121974821
121974823
121974825
121974829
121974831
121974834
121976466
121976469
121976473
121976475
121976478
121976480
121976514
121976557
121976620
121976707
121976822
121976925
121976998
121977064
121977105
121977135
121977160
121977168
121977171
121978440
121978461
121978475
121978480
121978483
121978487
121978490
121978495
121978497
121978501
121978502
121978503
121978507
121978512
121978551
121978590
121978628
121978666
121978704
121979976
121979979
121979981
121979982
121979985
121979987
121980017
121980071
121980146
121980222
121980296
121980354
121980403
121980435
121980453
121980458
121980460
121980461
121980463
121981929
121981949
121981963
121981972
121981976
121981982
121981984
121981986
121981988
121981993
121981995
121981997
121982003
121982004
121982007
121982009
121982010
121982012
121982013
121983651
121983728
121983790
121983842
121983876
121983903
121983911
121983920
121983922
121983925
121983927
121983929
121983932
121983934
121983942
121983944
121983948
121983953
121983957
121985350
121985354
121985356
121985358
121985361
121985362
121985364
121985368
121985370
121985373
121985375
121985401
121985452
121985526
121985605
121985679
121985733
121985785
121985815
121987134
121987184
121987219
121987243
121987249
121987254
121987259
121987262
121987266
121987268
121987269
121987271
121987272
121987273
121987274
121987275
121987277
121987279
121987280
121988722
121988723
121988725
121988728
121988736
121988738
121988741
121988742
121988744
121988769
121988815
121988889
121988970
121989044
121989098
121989151
121989181
121989200
121989208
122113601
122113602
122113623
122113667
122113734
122113809
122113885
122113911
122113942
122113974
122114006
122114035
122114054
122114073
122114089
122114113
122114114
122114115
122114117
122115174
122115175
122115176
122115178
122115185
122115186
122115189
122115190
122115192
122115194
122115195
122115196
122115198
122115201
122115202
122115203
122115205
122115210
122115223
122116328
122116331
122116350
122116388
122116449
122116523
122116591
122116622
122116647
122116672
122116714
122116747
122116769
122116789
122116878
122116891
122116930
122117000
122117090
122117176
122117231
122117270
122117303
122117344
122117375
122117409
122117431
122118487
122118514
122118563
122118643
122119829
122119833
122119835
122119839
122119841
122119843
122119866
122119905
122119970
122120037
122120111
122120150
122120173
122120197
122120235
122120281
122120323
122120341
122120360
122121459
122121480
122121492
122121502
122121509
122121513
122121515
122121518
122121521
122121523
122121524
122121528
122121530
122121532
122121534
122121536
122121537
122121540
122121542
122122509
122123261
122123333
122123398
122123444
122123471
122123499
122123517
122123544
122123593
122123632
122123661
122123690
122123715
122123731
122123745
122123760
122123769
122123777
122123780
122124904
122124905
122124908
122124915
122124918
122124922
122124925
122124928
122124934
122124936
122124938
122124940
122124943
122124965
122125015
122125082
122125156
122125212
122125231
122125492
122125531
122125591
122125670
122125741
122125778
122126746
122126806
122126845
122126865
122126890
122126924
122126960
122126994
122127018
122127037
122127056
122127070
122127086
122127096
122127101
122127105
122127111
122127113
122127117
122128208
122128210
122128213
122128217
122128219
122128222
122128225
122128226
122128228
122128229
122128231
122128242
122128285
122128347
122128423
122128490
122128523
122128549
122128570
122129601
122129614
122129651
122129684
122129712
122129741
122129762
122129778
122129792
122129799
122129800
122129802
122129804
122129806
122129807
122129808
122129811
122129817
122129820
122131069
122131074
122131077
122131083
122131086
122131089
122131092
122131093
122131095
122131112
122131155
122131222
122131292
122131365
122131401
122131422
122131442
122131479
122131507
122132539
122132572
122132603
122132632
122132655
122132672
122132686
122132691
122132692
122132694
122132698
122132702
122132707
122132710
122132713
122132717
122132721
122132722
122132724
122133827
122133830
122133832
122133834
122133836
122133839
122133840
122133858
122133899
122133965
122134034
122134099
122134126
122134151
122134171
122134195
122134236
122134270
122134294
122135349
122135390
122135414
122135435
122135445
122135454
122135464
122135468
122135470
122135472
122135473
122135474
122135478
122135480
122135482
122135486
122135488
122135490
122135495
122136568
122136569
122136572
122136575
122136578
122136604
122136650
122136718
122136782
122136833
122136865
122136883
122136905
122136950
122137005
122137050
122137077
122137103
122137118
122138265
122138280
122138289
122138297
122138302
122138304
122138307
122138311
122138314
122138325
122138334
122138339
122138343
122138346
122138347
122138355
122138358
122138360
122138363
122139501
122139506
122139508
122139530
122139575
122139649
122139720
122139774
122139803
122139829
122139857
122139886
122139924
122139951
122139971
122139983
122139997
122140002
122140005
122141095
122141098
122141102
122141103
122141104
122141106
122141109
122141111
122141114
122141116
122141119
122141122
122141124
122141125
122141126
122141128
122141130
122141153
122141199
122142207
122142233
122142285
122142359
122142432
122142489
122142506
122142531
122142553
122142589
122142626
122142647
122142665
122142681
122142689
122142693
122142697
122142702
122142703
122142793
122143787
122143789
122143792
122143795
122143799
122143803
122143805
122143808
122143810
122143812
122143813
122143816
122143822
122143824
122143828
122143863
122143912
122143989
122144061
122145338
122145375
122145399
122145427
122145445
122145457
122145465
122145469
122145472
122145475
122145478
122145480
122145481
122145483
122145487
122145489
122145492
122145498
122145501
122146606
122146609
122146610
122146615
122146617
122146620
122146636
122146674
122146739
122146808
122146888
122146914
122146931
122146957
122146991
122147030
122147062
122147083
122147102
122148155
122148178
122148195
122148205
122148208
122148212
122148215
122148217
122148219
122148222
122148223
122148224
122148225
122148229
122148232
122148233
122148238
122148242
122148244
122149313
122149317
122149318
122149319
122149338
122149381
122149446
122149511
122149555
122149598
122149620
122149651
122149692
122149744
122149778
122149804
122149824
122149843
122149856
122151056
122151130
122151202
122151288
122151348
122151377
122151402
122152044
122153232
122153234
122153238
122153471
122153511
122153743
122153800
122162459
122202937
122317830
122317869
122317927
122318005
122318089
122318154
122318210
122318253
122318281
122318297
122318303
122318305
122318311
122318317
122318318
122318321
122318323
122318325
122318329
122319784
122319788
122319790
122319792
122319793
122319796
122319797
122319802
122319805
122319809
122319811
122319813
122319816
122319819
122319826
122319854
122319910
122319985
122320061
122321255
122321330
122321411
122321483
122321544
122321587
122321618
122321631
122321632
122321634
122321638
122321640
122321641
122321644
122321647
122321652
122321654
122321658
122321661
122323094
122323098
122323102
122323104
122323106
122323109
122323111
122323113
122323114
122323117
122323119
122323121
122323126
122323158
122323213
122323290
122323366
122323442
122323499
122324965
122325040
122325106
122325149
122325193
122325212
122325216
122325217
122325220
122325224
122325227
122325231
122325236
122325238
122325243
122325246
122325248
122325252
122325255
122326714
122326720
122326724
122326728
122326731
122326733
122326741
122326743
122370656
122531562
122531563
122531564
122531566
122531567
122531569
122531570
122531571
122531572
122531573
122532281
122532283
122532289
122532290
122532297
122532300
122532305
122532306
122532316
122532317
122818450
122818471
122818477
122818480
122818484
122818486
122818489
122818492
122818494
122818497
122818499
122818502
122818506
122818508
122818511
122818531
122818572
122818641
122818713
122819981
122820038
122820115
122820197
122820279
122820365
122820442
122820511
122820569
122820613
122820644
122820672
122820700
122820754
122820780
122820809
122820833
122820848
122820855
122822530
122822542
122822561
122822575
122822594
122822613
122822634
122822670
122822710
122822744
122822780
122822815
122822847
122822865
122822913
122822971
122823066
122823162
122823255
122824877
122824963
122825051
122825102
122825167
122825234
122825291
122825352
122825423
122825452
122825464
122825482
122825495
122825508
122825517
122825529
122825538
122825551
122825556
122827160
122827161
122827162
122827164
122827165
122827168
122827169
122827171
122827172
122827173
122827174
122827175
122827215
122827279
122827371
122827461
122827556
122827628
122827698
122828737
122828774
122828821
122828865
122828910
122828936
122828956
122828963
122828967
122828970
122828979
122828999
122829019
122829037
122829040
122829042
122829044
122829046
122829048
122830329
122830334
122830336
122830337
122830340
122830342
122830345
122830367
122830388
122830407
122830447
122830500
122830571
122830648
122830731
122830788
122830840
122830883
122830926
122832044
122832076
122832099
122832107
122832118
122832140
122832160
122832182
122832204
122832208
122832211
122832213
122832215
122832216
122832218
122832235
122832242
122832246
122832248
122833424
122833437
122833438
122833439
122833441
122833443
122833445
122833447
122833474
122833524
122833602
122833679
122833748
122833810
122833876
122833925
122833967
122833990
122834002
122835578
122835592
122835599
122835602
122835604
122835607
122835610
122835611
122835618
122835619
122835621
122835642
122835663
122835684
122835706
122835727
122835750
122835772
122835778
122836977
122836980
122836982
122836988
122836994
122836997
122837027
122837079
122837168
122837270
122837354
122837426
122837493
122837544
122837578
122837606
122837625
122837642
122837655
122838909
122838913
122838917
122838918
122838920
122838924
122838943
122838960
122838980
122839003
122839026
122839046
122839054
122839057
122839059
122839061
122839068
122839076
122839086
122840325
122840329
122840330
122840348
122840395
122840466
122840562
122840656
122840743
122840811
122840858
122840894
122840918
122840924
122840929
122840934
122840938
122840945
122840948
122911872
122913074
122915993
122916568
123028718
123028722
123028724
123028726
123028728
123028732
123028734
123028735
123028736
123028741
123028742
123028744
123028769
123028818
123028891
123028966
123029039
123029095
123029148
123030164
123030255
123030353
123030439
123030521
123030574
123030620
123030647
123030674
123030696
123030706
123030711
123030714
123030718
123030725
123030729
123030734
123030739
123030742
123032155
123032158
123032162
123032164
123032167
123032170
123032181
123032200
123032222
123032244
123032264
123032285
123032323
123032365
123032437
123032517
123032591
123032654
123032708
123033843
123033923
123033980
123034029
123034061
123034073
123034081
123034083
123034085
123034101
123034122
123034143
123034163
123034184
123034207
123034229
123034248
123034270
123034291
123035747
123035750
123035753
123035755
123035756
123035758
123035761
123035765
123035766
123035770
123035776
123035810
123035863
123035940
123036018
123036086
123036150
123036207
123036256
123037570
123037610
123037652
123037672
123037674
123037676
123037681
123037682
123037686
123037696
123037698
123037699
123037700
123037702
123037704
123037705
123037708
123037710
123037714
123038985
123038987
123038988
123038990
123038993
123038994
123038996
123038999
123039009
123039042
123039096
123039175
123039249
123039316
123039371
123039415
123039442
123039483
123039520
123040774
123040787
123040789
123040792
123040794
123040797
123040799
123040801
123040804
123040807
123040810
123040812
123040815
123040816
123040836
123040856
123040879
123040901
123040922
123042138
123042141
123042144
123042145
123042148
123042149
123042159
123042195
123042251
123042326
123042402
123042484
123042547
123042608
123042661
123042708
123042743
123042763
123042770
123043971
123043972
123043975
123044005
123044007
123044008
123044009
123044011
123044018
123044038
123044057
123044077
123044098
123044118
123044132
123044135
123044137
123044141
123044142
123045279
123045280
123045282
123045284
123045286
123045329
123045395
123045489
123045588
123045683
123045763
123045822
123045867
123045885
123045893
123045895
123045897
123045898
123045900
123047095
123047106
123047117
123047134
123047159
123047176
123047196
123047218
123047239
123047250
123047251
123047254
123047257
123047260
123047261
123047263
123047265
123047267
123047271
123048502
123048523
123048546
123048592
123048668
123048752
123048829
123048900
123048956
123049001
123049036
123049055
123049064
123049065
123049067
123049070
123049072
123049076
123049078
123220288
123220369
123220434
123220496
123220539
123220566
123220582
123220586
123220590
123220594
123220597
123220599
123220612
123220634
123220654
123220677
123220700
123220721
123220742
123222146
123222147
123222148
123222150
123222152
123222153
123222154
123222160
123222162
123222164
123222165
123222171
123222211
123222267
123222339
123222415
123222485
123222549
123222584
123223856
123223923
123223962
123223990
123224005
123224008
123224011
123224014
123224017
123224018
123224021
123224022
123224023
123224024
123224026
123224029
123224030
123224031
123224033
123225910
123225940
123225965
123225998
123226027
123226475
123226505
123226526
123226545
123226558
123226570
123226578
123226585
123226590
123226593
123226596
123226602
123226604
123226617
123226648
123226679
123226713
123229336
123229354
123229381
123229404
123229425
123229446
123229466
123229489
123229508
123229536
123229591
123229667
123229760
123229862
123229949
123230031
123230087
123230137
123230162
123230831
123230864
123230887
123230911
123230936
123230988
123231068
123231162
123231264
123231353
123231429
123231491
123233488
123233557
123233617
123233662
123233706
123233749
123233785
123233823
123233856
123233887
123233915
123233940
123233964
123233988
123234008
123234031
123234054
123234073
123234093
123235665
123235666
123235667
123235669
123235670
123235672
123235673
123235674
123235676
123235684
123235715
123235773
123235851
123235928
123235999
123236063
123236106
123236146
123236164
123237462
123237510
123237541
123237557
123237560
123237562
123237565
123237574
123237577
123237579
123237580
123237588
123237591
123237592
123237594
123237598
123237600
123237602
123237603
123238657
123238741
123238800
123238857
123238891
123238917
123238923
123238925
123238929
123238948
123238963
123238966
123238970
123240448
123240469
123240473
123240476
123240478
123240482
123240485
123240488
123240493
123240495
123240497
123240501
123240505
123240507
123240512
123240515
123240520
123240542
123240588
123241861
123241903
123241968
123242059
123242138
123242214
123242248
123242290
123242325
123242359
123242414
123242446
123242465
123242490
123242503
123242515
123242521
123242527
123242530
123243779
123243796
123243808
123243824
123243845
123243866
123243886
123243908
123243924
123243929
123243931
123243933
123243935
123243936
123243963
123244013
123244087
123244161
123244428
123244433
123244453
123244475
123244495
123244515
123244535
123244573
123244634
123245835
123245850
123245893
123245957
123246035
123246111
123246160
123246210
123246245
123246297
123246321
123246350
123246363
123246376
123246386
123246402
123246417
123246440
123246461
123247428
123247521
123247619
123247715
123247786
123247844
123247901
123247928
123247934
123247938
123247943
123247946
123247951
123247953
123247956
123247959
123247960
123249267
123249268
123249271
123250140
123250232
123250330
123250391
123250463
123250516
123250548
123250589
123250610
123250627
123250635
123250645
123250648
123250654
123250655
123250657
123250660
123250662
123250664
123251945
123251954
123252105
123252560
123252623
123252625
123252732
123253338
123253342
123253347
123253348
123253349
123253352
123253353
123253355
123253357
123253358
123253361
123253362
123253367
123253370
123253386
123253424
123253485
123253561
123253642
123254954
123255031
123255112
123255254
123255397
123255400
123255402
123255405
123255410
123255413
123255415
123255418
123255421
123255425
123255427
123255431
123255434
123255436
123255438
123256942
123258165
123259474
123259523
123454989
123455022
123455042
123455049
123455051
123455052
123455054
123455059
123455061
123455062
123455063
123455064
123455066
123455068
123455069
123455070
123455071
123455073
123455075
123456457
123456470
123456473
123456477
123456480
123456483
123456487
123456506
123456553
123456618
123456697
123456781
123456834
123456894
123456929
123456957
123456969
123456974
123456979
123458320
123458342
123458348
123458351
123458353
123458356
123458357
123458360
123458362
123458368
123458370
123458372
123458374
123458376
123458380
123458382
123458385
123458387
123458389
123459685
123459709
123459729
123459749
123459764
123459766
123459789
123459834
123459909
123459982
123460051
123460101
123460148
123460177
123460205
123460228
123460250
123460261
123460268
123461539
123461563
123461582
123461604
123461625
123461644
123461651
123461652
123461655
123461657
123461658
123461659
123461662
123461663
123461664
123461666
123461667
123461668
123461670
123462924
123462934
123462944
123462971
123463026
123463091
123463184
123463274
123463371
123463446
123463514
123463561
123463597
123463632
123463647
123463648
123463649
123463652
123463654
123464926
123464945
123464964
123464986
123465007
123465027
123465047
123465067
123465088
123465109
123465123
123465125
123465153
123465200
123465275
123465353
123465412
123465458
123465490
123466541
123466601
123466674
123466726
123466770
123466798
123466822
123466845
123466866
123466889
123466910
123466931
123466946
123466951
123466954
123466957
123466962
123466964
123466967
123468233
123468235
123468238
123468254
123468274
123468294
123468315
123468336
123468355
123468358
123468386
123468434
123468508
123468584
123468660
123468712
123468766
123468799
123468823
123470011
123470055
123470088
123470103
123470114
123470129
123470148
123470169
123470192
123470214
123470232
123470253
123470273
123470293
123470316
123470336
123470354
123470356
123470359
124030718
124030719
124030720
124030721
124030722
124030723
124030724
124030725
124030726
124030727
124030728
124030729
124030730
124030731
124030732
124031940
124031941
124031942
124031943
124031944
124031945
124031946
124031947
124031949
124031950
124031951
124031952
124031953
124031954
124031955
124203944
124204019
124204093
124204159
124204204
124204247
124204287
124204311
124204335
124204339
124204343
124204351
124204388
124204408
124204423
124204442
124204463
124204486
124204507
124205757
124205758
124205759
124205760
124205762
124205763
124205766
124205767
124205768
124205770
124205772
124205774
124205775
124205793
124205835
124205918
124206006
124206102
124206182
124207456
124207529
124207563
124207599
124207634
124207668
124207696
124207722
124207738
124207754
124207774
124207789
124207801
124207812
124207821
124207825
124207828
124207833
124207835
124209168
124209169
124209171
124209174
124209175
124209177
124209180
124209181
124209183
124209185
124209186
124209188
124209218
124209271
124209344
124209421
124209469
124209504
124209536
124211017
124211074
124211118
124211154
124211172
124211184
124211186
124211189
124211190
124211193
124211195
124211196
124211198
124211201
124211204
124211205
124211207
124211209
124211212
124212647
124212648
124212650
124212652
124212656
124212664
124212666
124212668
124212671
124212677
124212713
124212764
124212838
124212912
124212973
124213027
124213084
124213114
124213138
124214557
124214560
124214562
124214565
124214567
124214568
124214569
124214571
124214572
124214573
124214574
124214575
124214576
124214578
124214579
124214581
124214590
124214623
124214676
124216008
124216043
124216106
124216178
124216254
124216326
124216384
124216427
124216462
124216481
124216485
124216490
124216493
124216503
124216526
124216527
124216530
124216532
124216534
124217921
124217923
124217925
124217928
124217933
124217935
124217937
124217938
124217941
124217944
124217945
124217949
124217954
124217956
124217964
124217997
124218057
124218131
124218213
124219322
124219395
124219464
124219536
124219571
124219609
124219643
124219673
124219709
124219741
124219765
124219790
124219811
124219821
124219833
124219840
124219843
124219850
124219854
124221213
124221216
124221217
124221218
124221220
124221222
124221223
124221226
124221227
124221228
124221229
124221230
124221231
124221252
124221295
124221361
124221439
124221509
124221565
124222785
124222877
124222943
124223015
124223076
124223126
124223149
124223158
124223161
124223165
124223168
124223169
124223171
124223172
124223175
124223177
124223182
124223183
124223186
124418772
124418773
124418776
124418777
124418778
124418779
124418780
124418782
124418783
124418785
124418786
124418787
124418788
124418791
124418793
124418794
124418796
124418797
124418798
124418924
124418932
124418940
124419013
124419023
124419568
124419569
124419570
124419571
124419590
124419591
124419592
124419593
124419595
124419596
124419597
124419601
124419602
124419603
124419604
124419605
124419606
124419607
124419608
124419609
124420127
124420135
124420138
124420140
124420142
124420888
124420890
124420891
124420892
124420893
124420894
124420896
124420897
124420898
124420899
124420901
124420902
124420903
124420904
124420905
124420909
124421705
124421737
124421739
124421741
124421743
124421745
124421747
124421750
124421751
124421752
124421753
124421754
124421773
124421775
124421777
124421782
124421783
124421784
124422415
124422417
124422419
124422421
124422423
124422425
124422426
124422427
124422474
124423110
124423115
124423119
124423123
124423127
124423130
124423134
124423137
124423141
124423166
124423170
124423175
124423179
124423184
124423188
124423193
124423309
124423313
124423318
124423323
124423327
124423331
124423338
124423342
124423350
124423950
124423954
124423964
124423973
124423982
124424720
124424723
124424725
124424727
124424730
124424732
124424734
124424736
124424738
124424740
124424742
124424745
124424748
124424751
124424830
124424903
124424983
124424996
124425011
124425027
124425518
124425520
124425522
124425524
124425527
124425528
124426037
124426039
124426041
124426043
124426044
124426850
124426851
124426852
124426853
124426855
124426856
124426857
124426859
124426861
124426862
124426863
124426864
124426866
124426867
124426868
124426869
124426872
124426874
124426876
124427433
124427443
124427454
124427465
124427524
124427672
124427673
124427674
124427675
124427694
124427698
124427706
124427710
124427719
124427728
124427734
124427744
124427752
124427761
124427769
124427844
124427854
124427868
124427880
124428411
124428412
124428413
124428414
124428415
124428417
124428800
124428811
124428816
124428824
124428830
124428839
124428845
124428849
124428856
124428858
124428866
124428870
124428879
124428884
124428888
124429147
124429152
124429156
124429159
