70.698
71.767
71.352
70.740
81.088
80.240
77.881
85.188
72.965
71.216
68.592
67.952
66.467
66.263
70.249
68.370
67.377
66.785
82.973
70.947
69.085
65.761
68.249
67.242
65.691
69.269
70.318
69.354
69.455
81.728
78.892
75.281
72.496
71.540
73.326
74.350
72.235
72.399
91.416
83.431
77.045
82.978
73.846
73.032
72.192
72.447
73.012
71.928
73.688
74.439
74.943
76.986
79.690
85.212
76.490
75.884
72.590
72.444
75.087
73.307
73.957
75.936
74.579
75.638
78.391
76.766
74.327
74.838
75.343
76.262
72.593
73.583
73.237
74.580
83.410
74.107
77.152
68.346
69.981
70.105
71.818
70.476
58.369
56.877
231.571
74.266
73.192
81.023
77.459
72.238
72.726
74.100
76.976
73.759
75.535
72.464
71.692
73.072
77.590
82.400
82.815
76.035
75.324
75.538
75.241
71.259
71.386
69.754
70.605
77.076
77.083
84.415
82.448
77.807
87.521
75.539
76.994
77.378
77.961
80.452
77.833
75.179
80.417
84.564
77.478
75.691
59.088
62.740
81.118
83.911
83.561
81.773
70.517
71.076
71.520
72.649
71.199
78.162
77.514
77.600
77.173
81.297
81.499
73.676
74.589
72.609
72.973
73.140
73.755
76.728
72.683
74.821
76.940
85.205
83.622
75.430
75.826
73.994
74.595
74.979
73.180
72.958
72.633
73.741
77.177
79.191
75.581
73.254
73.293
