15.659
16.118
13.180
13.604
13.525
14.557
15.482
15.885
12.774
13.056
12.667
13.105
13.618
13.689
14.385
13.305
13.070
13.036
13.791
14.169
14.518
13.190
14.043
13.267
12.987
13.109
15.366
16.069
13.829
13.956
15.006
15.490
13.451
13.565
13.044
12.918
13.719
14.195
14.383
13.492
13.896
13.732
13.290
13.238
12.778
13.958
13.008
13.171
13.507
14.880
13.722
13.772
13.932
3.577
15.577
13.862
13.426
12.907
12.597
12.680
12.567
14.055
13.089
14.602
14.887
14.366
14.071
13.048
14.338
15.638
15.238
13.226
13.147
12.867
14.328
13.026
14.124
13.875
13.607
13.694
12.528
13.204
12.680
13.210
12.285
12.620
13.450
12.900
13.006
14.012
13.373
14.614
13.791
13.716
13.136
12.756
13.139
13.320
13.174
13.513
13.429
12.916
13.532
13.154
12.441
12.702
13.415
12.395
13.754
12.742
13.230
13.111
7.588
13.904
13.697
14.153
25.983
13.013
15.125
13.700
13.018
12.981
12.926
14.085
13.567
13.616
13.654
17.127
15.816
16.163
13.706
12.823
13.496
15.680
13.570
14.257
15.256
15.162
12.766
12.889
13.545
13.118
14.110
12.845
12.671
13.973
12.818
13.381
14.275
15.331
16.215
14.071
12.787
13.636
12.410
13.552
14.156
13.917
13.247
14.671
13.055
14.095
12.655
12.562
12.261
13.332
12.404
13.064
13.483
13.212
13.131
13.022
13.359
13.635
13.626
13.566
