15.669
15.651
18.095
16.370
17.790
20.596
19.424
15.859
15.342
15.782
15.659
15.802
15.734
16.210
17.055
16.912
21.011
21.796
16.409
16.306
17.102
16.852
16.453
17.935
18.095
18.305
19.135
20.193
16.790
17.332
15.780
15.688
15.684
15.625
17.672
17.359
17.059
17.598
17.516
16.739
17.785
17.471
17.406
16.759
16.222
15.984
16.042
17.791
17.532
17.073
16.677
15.666
16.349
15.494
15.692
18.098
17.169
16.817
16.114
15.845
15.618
17.507
17.901
16.364
17.002
16.791
17.367
16.096
17.317
18.008
17.496
16.707
16.943
16.295
17.857
16.530
16.719
15.962
16.627
16.107
15.703
15.751
16.631
17.212
16.710
19.772
22.059
15.300
15.410
16.898
18.494
16.536
16.117
15.362
16.304
17.241
17.130
18.603
18.059
19.150
19.055
16.448
16.238
17.314
18.057
18.654
16.656
19.174
18.679
19.724
20.256
15.751
15.740
17.125
16.025
16.844
15.657
19.826
18.243
17.878
19.579
19.771
16.515
16.404
15.262
15.864
17.164
16.201
17.158
17.563
17.911
16.927
18.135
16.182
16.689
15.260
16.609
15.601
15.390
16.372
16.137
16.490
16.212
16.925
17.639
16.091
19.346
16.848
17.041
