20.178
19.020
19.196
20.003
19.810
20.799
22.893
21.331
17.926
18.180
17.984
17.813
19.127
18.701
21.743
19.440
18.833
19.558
18.167
19.244
21.581
21.191
18.701
17.523
18.406
19.381
21.646
19.962
18.192
29.860
26.459
18.013
18.633
18.884
19.170
19.247
19.001
19.278
18.496
20.326
19.208
19.457
22.921
17.866
18.700
19.005
16.930
18.285
16.837
22.272
18.941
22.075
18.748
35.060
35.616
19.218
19.642
19.999
20.454
20.165
19.506
20.217
20.190
19.902
20.752
21.340
18.339
25.548
20.414
20.710
18.531
19.327
19.533
20.728
21.587
20.499
20.859
17.400
17.269
16.730
17.644
16.459
19.626
19.190
17.692
16.344
19.498
20.193
18.540
18.167
17.890
17.078
18.764
19.932
18.280
18.392
18.661
21.915
17.996
17.515
17.853
18.593
18.237
16.414
19.811
20.338
18.372
18.481
22.100
22.532
19.238
15.970
16.464
17.793
17.621
16.620
18.961
16.692
17.725
18.953
23.881
23.221
20.725
21.597
15.217
15.794
17.215
19.861
17.968
17.870
19.310
18.554
9.193
21.856
22.349
18.357
17.689
16.975
16.532
16.241
17.747
17.106
19.389
19.076
21.990
22.794
18.484
18.350
15.607
15.335
16.400
16.954
18.305
17.402
18.079
19.161
19.073
17.034
17.361
16.471
15.706
16.101
17.800
16.298
16.731
20.337
20.594
22.460
17.689
18.486
19.179
19.001
