30.243
30.329
28.114
50.509
46.219
48.932
48.430
48.507
50.263
33.083
32.762
32.238
31.834
50.922
51.938
46.592
50.922
36.449
20.475
48.899
48.913
47.642
64.799
62.593
63.324
64.409
65.125
60.303
63.558
62.494
60.761
62.012
62.681
63.732
64.053
60.350
62.040
60.749
61.797
60.598
60.328
63.187
62.106
61.034
65.754
61.995
61.043
61.585
64.281
65.349
78.265
87.847
70.010
67.801
69.137
69.082
72.221
61.400
64.077
65.035
65.242
65.299
70.305
67.195
66.841
58.328
61.598
60.474
59.553
66.030
60.556
71.448
70.829
71.306
71.491
77.211
71.005
70.990
72.141
72.068
75.556
77.094
69.838
69.886
71.777
70.696
75.584
80.787
75.540
59.985
60.336
74.180
61.945
65.494
63.429
63.270
