14.095
17.488
14.250
17.693
17.286
12.916
13.040
13.783
14.095
13.052
17.553
12.970
13.178
14.248
17.503
13.959
13.847
14.155
12.954
15.628
17.262
13.048
36.451
13.415
14.140
14.483
16.714
12.883
14.147
14.026
13.527
13.765
11.834
24.520
14.477
4.440
11.239
9.934
9.927
11.914
16.618
14.170
13.253
12.443
14.894
13.321
18.988
13.103
12.809
12.916
14.707
14.167
14.400
12.812
12.562
12.359
12.875
14.789
14.373
15.829
1.359
14.072
14.022
13.002
13.373
13.750
13.078
13.679
13.176
13.234
14.131
15.768
13.730
14.090
14.543
15.128
13.407
13.784
13.443
13.485
13.583
14.327
15.236
14.007
24.049
13.793
13.296
14.259
12.489
13.374
13.604
15.073
14.245
15.108
12.151
13.779
13.877
12.281
13.252
14.313
13.233
15.293
