96249612
96249624
96249635
96249647
96249807
96249819
96249834
96250084
96250097
96250170
96250179
96250187
96250202
96250220
96250245
96250248
96250268
96250270
96250395
96254022
96254219
96254284
96254298
96254316
96254334
96254353
96254372
96254389
96254549
96254806
96254925
96254944
96254946
96254964
96254977
96254991
96255009
96255027
96255104
96258217
96258219
96258236
96258274
96258499
96258520
96258728
96258796
96258865
96258932
96258934
96258955
96258957
96258974
96258990
96259007
96259014
96259206
96259222
96262719
96262734
96263001
96263153
96263155
96263189
96263224
96263252
96263279
96263316
96263358
96263531
96263540
96263819
96264015
96264062
96264095
96264101
96268289
96268370
96268373
96268390
96268406
96268422
96268424
96268443
96268623
96268859
96268963
96268985
96269003
96269005
96269023
96269044
96269063
96269080
96269179
96269445
96272484
96272486
96272502
96272504
96272505
96272521
96272537
96272630
96272807
96273049
96273174
96273178
96273183
96273199
96273217
96273235
96273249
96273262
96273265
96273280
96276829
96276847
96276866
96276885
96276905
96276907
96277023
96277276
96277424
96277430
96277458
96277480
96277483
96277504
96277520
96277539
96277558
96277616
96277863
96278068
96281171
96281314
96281561
96281748
96281810
96281830
96281850
96281868
96281870
96281871
96281887
96281907
96281931
96281937
96282176
96282193
96282405
96282477
96285209
96285404
96285455
96285462
96285476
96285478
96285490
96285498
96285507
96285515
96285685
96285941
96285956
96286031
96286041
96286051
96286061
96286070
96286071
96286080
96286090
96288797
96288807
96288821
96288827
96288830
96288872
96289102
96289286
96289329
96289333
96289337
96289341
96289344
96289345
96289351
96289355
96289363
96289371
96289571
96292288
96292289
96292301
96292311
96292312
96292350
96292564
96292788
96292797
96292850
96292857
96292866
96292870
96292877
96292879
96292887
96292894
96293048
96293284
96293390
96296081
96296207
96296217
96296227
96296234
96296253
96296262
96296298
96296347
96296360
96296368
96296645
96296810
96296874
96296884
96296919
96296928
96296968
96296988
96297028
96300561
96300580
96300581
96300586
96300786
96300808
96301056
96301142
96301144
96301162
96301195
96301212
96301213
96301241
96301253
96301264
96301265
96301411
96303550
96303558
96303695
96303952
96304060
96304070
96304075
96304084
96304091
96304102
96304110
96304157
96304395
96304582
96429565
96429581
96429591
96429620
96429826
96430044
96430116
96430227
96430234
96430235
96430236
96430244
96430245
96430254
96430266
96430274
96430422
96430690
96430701
96430801
96434078
96434198
96434212
96434456
96434576
96434590
96434595
96434598
96434600
96434607
96434608
96434613
96434672
96434921
96435090
96435132
96435140
96435147
96435153
96435176
96438156
96438161
96438162
96438168
96438173
96438175
96438183
96438336
96438349
96438368
96438604
96438609
96438620
96438789
96438796
96438797
96438802
96438806
96438811
96438819
96441240
96441245
96441269
96441475
96441489
96441689
96441746
96441751
96441754
96441760
96441761
96441763
96441765
96441766
96441774
96441775
96441942
96442180
96442266
96442271
96445308
96445315
96445316
96445322
96445332
96445333
96445341
96445375
96445580
96445600
96445619
96445810
96445820
96445966
96445968
96445977
96445984
96445991
96445997
96446012
96448973
96448976
96448979
96449074
96449323
96449466
96449488
96449490
96449497
96449498
96449503
96449506
96449565
96449570
96449571
96449618
96449858
96450034
96450079
96450082
96452879
96452887
96452888
96452896
96452908
96452917
96452992
96453245
96453254
96453415
96453423
96453442
96453451
96453464
96453470
96453478
96453487
96453488
96453528
96453763
96456518
96456534
96456778
96456793
96456895
96456911
96456926
96456936
96456942
96456947
96456961
96457028
96457277
96457446
96457478
96457488
96457489
96457493
96457499
96457500
96460490
96460499
96460508
96460546
96460580
96460744
96461002
96461128
96461146
96461159
96461164
96461172
96461173
96461178
96461179
96461187
96461240
96461255
96461527
96461698
96464111
96464112
96464119
96464120
96464201
96464211
96464457
96464477
96464614
96464730
96464731
96464737
96464742
96464743
96464744
96464748
96464749
96464752
96464757
96464816
96467713
96467714
96467715
96467723
96467724
96467731
96467736
96467738
96467743
96467814
96468061
96468218
96468272
96468275
96468285
96468291
96468300
96468304
96468409
96468410
96471353
96471365
96471366
96471501
96471752
96471874
96471995
96472007
96472008
96472018
96472029
96472037
96472038
96472041
96472106
96472377
96472540
96472568
96472575
96472584
96475799
96476048
96476063
96476234
96476244
96476252
96476279
96476280
96476292
96476302
96476307
96476316
96476322
96476353
96476362
96476592
96476777
96476889
96638501
96798238
96798246
96798253
96798431
96798614
96798707
96798710
96798800
96798853
96798855
96798883
96798894
96798907
96798918
96799025
96799042
96799260
96799389
96799456
96799471
96802845
96802851
96802857
96802872
96802879
96803079
96803096
96803251
96803259
96803349
96803378
96803400
96803498
96803499
96803506
96803510
96803518
96803678
96803691
96803878
96806693
96806816
96807023
96807029
96807138
96807143
96807203
96807211
96807252
96807253
96807256
96807264
96807369
96807370
96807375
96807380
96807491
96807738
96807842
96807847
96811218
96811257
96811273
96811275
96811276
96811282
96811389
96811390
96811398
96811565
96811798
96811905
96811975
96811977
96812001
96812020
96812033
96812034
96812035
96812037
96815203
96815214
96815215
96815216
96815257
96815303
96815310
96815374
96815627
96815772
96815845
96815883
96815905
96815917
96815925
96815933
96815942
96816125
96816311
96819197
96819294
96819393
96819396
96819479
96819536
96819558
96819563
96819569
96819609
96819841
96820004
96820010
96820015
96820022
96820090
96820093
96820096
96820099
96820107
96822956
96822968
96823121
96823143
96823149
96823155
96823160
96823166
96823171
96823196
96823201
96823415
96823436
96823625
96823725
96823779
96823780
96823783
96823787
96823791
96826687
96826690
96826780
96827028
96827171
96827203
96827208
96827216
96827330
96827331
96827339
96827344
96827375
96827606
96827621
96827792
96827852
96827853
96827868
96827874
96830796
96830870
96830962
96830963
96830965
96830966
96830967
96830968
96830976
96830979
96830981
96830982
96831003
96831211
96831407
96831418
96831483
96831488
96831492
96831498
96834431
96834435
96834436
96834443
96834451
96834555
96834561
96834562
96834569
96834685
96834941
96835079
96835094
96835096
96835105
96835113
96835114
96835122
96835130
96835137
96838305
96838306
96838307
96838308
96838313
96838314
96838316
96838321
96838327
96838418
96838665
96838678
96838695
96838821
96838838
96838850
96838856
96838865
96838867
96838882
96842046
96842200
96842449
96842557
96842567
96842569
96842580
96842588
96842598
96842608
96842609
96842620
96842709
96842962
96842984
96842999
96843135
96843151
96843152
96843153
96843781
96845985
96845997
96846010
96846011
96846016
96846027
96846045
96846050
96846235
96846555
96846645
96846649
96846650
96846654
96846663
96846675
96846687
96846689
96846693
96846775
96849739
96849740
96849748
96849844
96850091
96850242
96850247
96850262
96850268
96850277
96850286
96850292
96850293
96850298
96850341
96850571
96850760
96850809
96850818
96850925
96966155
96966161
96966164
96966168
96966171
96966175
96966241
96966489
96966659
96966679
96966681
96966685
96966690
96966691
96966699
96966705
96966706
96966711
96966741
96966969
96969459
96969522
96969768
96969778
96969790
96969946
96969970
96969978
96969982
96969986
96969993
96970003
96970026
96970238
96970434
96970442
96970516
96970522
96970527
96970532
96973324
96973331
96973332
96973337
96973431
96973682
96973827
96973832
96973852
96973860
96973865
96973866
96973878
96973881
96973890
96973932
96974197
96974395
96974447
96974465
96977303
96977304
96977319
96977330
96977337
96977467
96977486
96977757
96977765
96977888
96977890
96977902
96977913
96977922
96977939
96977949
96977960
96978036
96978047
96980603
96982224
96982230
96982235
96982236
96982319
96982565
96982578
96982594
96982719
96982723
96982730
96982735
96982750
96982760
96982761
96982767
96982773
96982777
96982778
96982785
96985494
96985495
96985496
96985500
96985643
96985881
96985986
96985991
96985995
96986004
96986010
96986013
96986014
96986016
96986082
96986322
96986481
96986521
96986529
96986532
96989405
96989406
96989438
96989664
96989872
96989917
96989926
96989933
96989935
96989940
96989946
96989948
96989955
96989964
96990147
96990385
96990397
96990465
96990472
96990473
96993157
96993168
96993170
96993178
96993270
96993519
96993665
96993689
96993691
96993693
96993696
96993705
96993708
96993713
96993749
96993989
96994013
96994208
96994248
96994260
96997081
96997177
96997460
96997616
96997622
96997625
96997628
96997645
96997646
96997648
96997650
96997658
96997670
96997679
96997686
96997692
96997694
96997819
96998062
96998188
97000410
97000412
97000423
97000430
97000621
97000894
97001013
97001038
97001061
97001071
97001072
97001078
97001087
97001100
97001211
97001478
97001612
97001628
97001636
97001643
97003525
97004663
97004842
97004860
97005082
97005164
97005170
97005176
97005181
97005183
97005189
97005190
97005193
97005194
97005195
97005329
97005344
97005583
97008221
97008359
97008365
97008386
97008391
97008398
97008402
97008408
97008415
97008416
97008417
97008418
97008483
97008723
97008890
97008903
97008927
97008933
97008937
97008941
97011188
97011200
97011440
97011597
97011625
97011632
97011634
97011640
97011648
97011653
97011655
97011679
97011883
97012085
97012146
97012149
97012151
97012155
97013702
97015277
97015288
97015297
97015305
97015310
97015317
97015346
97015572
97016449
97016662
97016876
97016931
97016936
97016946
97016951
97016953
97016960
97016962
97016968
97016976
97017174
97017421
97017497
97017503
97017505
97017512
97017525
97017530
97020263
97125527
97125534
97125535
97125540
97125543
97125626
97125637
97125890
97126040
97126061
97126062
97126069
97126073
97126085
97126091
97126092
97126093
97126097
97126141
97126380
97127254
97127255
97127262
97127268
97127276
97127277
97127297
97127303
97127512
97127730
97127740
97127795
97127807
97127824
97127830
97127832
97127839
97127846
97127852
97128001
97128942
97128950
97128956
97128995
97129235
97129404
97129465
97129466
97129474
97129480
97129486
97129487
97129493
97129498
97129507
97129689
97129964
97130052
97130078
97130980
97130995
97131167
97131205
97131218
97131224
97131232
97131233
97131239
97131246
97131268
97131465
97131690
97131767
97131774
97131780
97131782
97131783
97131791
97131801
97132763
97132889
97132900
97132906
97132915
97132920
97132928
97132929
97132938
97132997
97133009
97133021
97133037
97133324
97133493
97133516
97133518
97133532
97133535
97133547
97134737
97134745
97134752
97134761
97134843
97135090
97135250
97135282
97135292
97135301
97135311
97135322
97135332
97135354
97135564
97135795
97135807
97135878
97135889
97135897
97137110
97137122
97137131
97137132
97137133
97137148
97137336
97137577
97137642
97137649
97137658
97137659
97137666
97137672
97137678
97137686
97137786
97138037
97138188
97139283
97139285
97139292
97139298
97139300
97139304
97139309
97139316
97139322
97139395
97139639
97139798
97139823
97139828
97139831
97139836
97139839
97139843
97139875
97140081
97140966
97140971
97140972
97140979
97141113
97141366
97141377
97141391
97141485
97141494
97141505
97141507
97141508
97141514
97141520
97141526
97141527
97141534
97141536
97141652
97142630
97142640
97142641
97142650
97142655
97142697
97142936
97143125
97143181
97143182
97143183
97143191
97143201
97143206
97143212
97143214
97143218
97143235
97143447
97143685
97144336
97144340
97144400
97144639
97144808
97144843
97144846
97144850
97144855
97144866
97144867
97144877
97144891
97145092
97145322
97145390
97145396
97145400
97145408
97146461
97146463
97146469
97146474
97146480
97146485
97146489
97146509
97146730
97146746
97146963
97147021
97147028
97147033
97147040
97147042
97147043
97147049
97147050
97147055
97148164
97148176
97148213
97148431
97148449
97148643
97148695
97148705
97148706
97148714
97148726
97148732
97148739
97148745
97148748
97148924
97148943
97149173
97149182
97149190
97149868
97149874
97149983
97150230
97150243
97150398
97150401
97150415
97150417
97150431
97150432
97150439
97150444
97150452
97150456
97150529
97150780
97151631
97151636
97151799
97152043
97152141
97152152
97152165
97152177
97152185
97152201
97152214
97152216
97152217
97152303
97152319
97152570
97152720
97152725
97152729
97152735
97153820
97153897
97153908
97153918
97153927
97153937
97153938
97153944
97153951
97153952
97153954
97154117
97154358
97154462
97154463
97154477
97154488
97154493
97154494
97154502
97155675
97155676
97155678
97155691
97155704
97155719
97155720
97155722
97155734
97155746
97155807
97155819
97156071
97156253
97156300
97156301
97156314
97156325
97156326
97156334
97157247
97157475
97157538
97157547
97157559
97157568
97157579
97157587
97157594
97157734
97157980
97158095
97158101
97158123
97158124
97158134
97158144
97158153
97158163
97158165
97159291
97159293
97159300
97159309
97159311
97159322
97159329
97159353
97159566
97159783
97159853
97159868
97159881
97159897
97159913
97159923
97159924
97159936
97160061
97160305
97161119
97161323
97161548
97161617
97161630
97161642
97161643
97161654
97161656
97161658
97161659
97161671
97161672
97161673
97161685
97161710
97161904
97162144
97162152
97162219
97163190
97163375
97163406
97163417
97163426
97163437
97163449
97163461
97163478
97163479
97163483
97163685
97163912
97163925
97163994
97164008
97164009
97164024
97164035
97164044
97164058
97164667
97164836
97164857
97164875
97165098
97165170
97165178
97165189
97165197
97165202
97165207
97165212
97165317
97165569
97165580
97165708
97165719
97165725
97166319
97166547
97166755
97166804
97166805
97166810
97166815
97166821
97166826
97166834
97166835
97166840
97167006
97167253
97167267
97167341
97167349
97167350
97167355
97167357
97168478
97168481
97168486
97168496
97168501
97168506
97168519
97168707
97168942
97168954
97168965
97169024
97169031
97169038
97169045
97169057
97169063
97169071
97169072
97169203
97170154
97170155
97170156
97170164
97170170
97170177
97170184
97170258
97170502
97170644
97170650
97170703
97170713
97170714
97170726
97170731
97170738
97170745
97170775
97170997
97171946
97172191
97172351
97172376
97172382
97172389
97172400
97172404
97172411
97172415
97172435
97172635
97172854
97172912
97172916
97172923
97172930
97172933
97172938
97172942
97173995
97173999
97174003
97174009
97174012
97174043
97174259
97174487
97174546
97174552
97174554
97174557
97174561
97174566
97174569
97174579
97174581
97174734
97174977
97174987
97175726
97175955
97176151
97176199
97176206
97176214
97176222
97176230
97176241
97176242
97176243
97176244
97176254
97176440
97176677
97176754
97176768
97176778
97176781
97176790
97177958
97177965
97177970
97177983
97178014
97178239
97178443
97178509
97178518
97178523
97178526
97178532
97178543
97178551
97178553
97178560
97178715
97179618
97179624
97179638
97179648
97179695
97179940
97179956
97180135
97180139
97180168
97180184
97180194
97180195
97180196
97180197
97180209
97180216
97180217
97180224
97180257
97329906
97329907
97329911
97329915
97329917
97329964
97330198
97330377
97330419
97330424
97330430
97330431
97330435
97330441
97330445
97330454
97330633
97330651
97330667
97330894
97331601
97331617
97331628
97331630
97331638
97331788
97332031
97332145
97332159
97332192
97332203
97332227
97332252
97332253
97332262
97332351
97332618
97332628
97332790
97332794
97333500
97333516
97333545
97333763
97333990
97334000
97334053
97334069
97334079
97334095
97334096
97334107
97334109
97334110
97334112
97334126
97334128
97334142
97334155
97334362
97334589
97335510
97335517
97335530
97335531
97335533
97335747
97335996
97336119
97336133
97336142
97336147
97336151
97336158
97336172
97336225
97336241
97336496
97336690
97336698
97336707
97337597
97337605
97337790
97337809
97338026
97338102
97338107
97338108
97338114
97338116
97338117
97338125
97338127
97338132
97338144
97338145
97338152
97338319
97338565
97338797
97339443
97339450
97339451
97339459
97339461
97339462
97339465
97339471
97339477
97339651
97339889
97339903
97339987
97339994
97340004
97340005
97340006
97340015
97340096
97340195
97341491
97341498
97341506
97341513
97341537
97341746
97341763
97341976
97342034
97342044
97342052
97342054
97342063
97342064
97342083
97342084
97342097
97342106
97342286
97342305
97343359
97343428
97343438
97343445
97343456
97343466
97343475
97343479
97343606
97343852
97343866
97344057
97344173
97344174
97344188
97344196
97344203
97344204
97344210
97344217
97345518
97345520
97345741
97345756
97345817
97345840
97345858
97345868
97346113
97346281
97346471
97346588
97346592
97346667
97346674
97346730
97346776
97346821
97346862
97347040
97348488
97348489
97348542
97348789
97348807
97348823
97349001
97349008
97349081
97349111
97349129
97349198
97349315
97349329
97349357
97349363
97349370
97349594
97349823
97349882
97350804
97350807
97350935
97351197
97351334
97351340
97351349
97351350
97351378
97351399
97351401
97351421
97351422
97351425
97351449
97351471
97351488
97351596
97351869
97352024
97353039
97353041
97353043
97353099
97353327
97353340
97353567
97353665
97353804
97353825
97353831
97353849
97353853
97353867
97353869
97353886
97353926
97354151
97354366
97354445
97355197
97355198
97355206
97355333
97355586
97355712
97355727
97355736
97355742
97355751
97355758
97355768
97355809
97356045
97356062
97360491
97473480
97473546
97473794
97473965
97473973
97473980
97474011
97474024
97474036
97474046
97474057
97474058
97474060
97474069
97474106
97474117
97474355
97474373
97474547
97475362
97475490
97475738
97475865
97475885
97475901
97475913
97475925
97475926
97476014
97476048
97476101
97476379
97476562
97476613
97476628
97476629
97476631
97476642
97477666
97477721
97477746
97477748
97477762
97477763
97477769
97477777
97477787
97477797
97477879
97478063
97478132
97478174
97478190
97478199
97478202
97478208
97478217
97479063
97479136
97479141
97479150
97479151
97479152
97479157
97479163
97479169
97479170
97479171
97479172
97479182
97479187
97479195
97479393
97479620
97479712
97479724
97480309
97480310
97480312
97480320
97480322
97480324
97480449
97480696
97480824
97480841
97480849
97480852
97480861
97480868
97480876
97480889
97480890
97480948
97481192
97482022
97482023
97482024
97482035
97482045
97482046
97482058
97482240
97482456
97482465
97482553
97482557
97482563
97482582
97482591
97482599
97482601
97482609
97482617
97483811
97483824
97483825
97483828
97483842
97483855
97483895
97483906
97484137
97484334
97484379
97484399
97484427
97484457
97484474
97484490
97484491
97484500
97484505
97485659
97485671
97485740
97485849
97486084
97486103
97486276
97486305
97486316
97486317
97486326
97486328
97486338
97486350
97486353
97486362
97486393
97486401
97486628
97487550
97487559
97487569
97487586
97487587
97487598
97487726
97487994
97488124
97488137
97488153
97488154
97488155
97488157
97488166
97488175
97488185
97488200
97489356
97489357
97489371
97489384
97489540
97489550
97489801
97489899
97489912
97489924
97489934
97489948
97489962
97489970
97490040
97490320
97490480
97490520
97490530
97491749
97491761
97491769
97491775
97491781
97491811
97492031
97492240
97492298
97492301
97492311
97492312
97492315
97492317
97492325
97492338
97492343
97492354
97492355
97493459
97493460
97493461
97493471
97493472
97493480
97493492
97493493
97493502
97493605
97493880
97494015
97494023
97494062
97494070
97494079
97494085
97494095
97495265
97495275
97495285
97495299
97495313
97495395
97495411
97495665
97495681
97495693
97495821
97495846
97495858
97495870
97495881
97495894
97495904
97495951
97496183
97497077
97497090
97497104
97497118
97497121
97497123
97497124
97497132
97497156
97497356
97497627
97497705
97497707
97497721
97497735
97497743
97497754
97497764
97497776
97498930
97498943
97498946
97498956
97498957
97498969
97499005
97499228
97499435
97499442
97499452
97499455
97499496
97499497
97499508
97499516
97499528
97499537
97499545
97500670
97500678
97500688
97500699
97500706
97500776
97501060
97501225
97501260
97501262
97501276
97501286
97501296
97501308
97501321
97501347
97501561
97501791
97501795
97502527
97502616
97502880
97503038
97503065
97503078
97503080
97503090
97503100
97503101
97503114
97503125
97503126
97503182
97503424
97503439
97503454
97503624
97503666
97503755
97504771
97504782
97504907
97504925
97504933
97504943
97504952
97504963
97504971
97505023
97505261
97505278
97505445
97505482
97505492
97505493
97505499
97505501
97506591
97506598
97506602
97506608
97506618
97506625
97506632
97506701
97506951
97506958
97506974
97507122
97507144
97507152
97507157
97507164
97507172
97507174
97507182
97508324
97508386
97508639
97508651
97508817
97508820
97508858
97508868
97508877
97508887
97508890
97508904
97508915
97508943
97508948
97509179
97509385
97509439
97509440
97510078
97510081
97510083
97510092
97510102
97510280
97510516
97510529
97510536
97510610
97510618
97510620
97510622
97510638
97510640
97510641
97510653
97510664
97510675
97511806
97511816
97511821
97511822
97511824
97511825
97511826
97511833
97511835
97511846
97511854
97511856
97511864
97512040
97512272
97512372
97512385
97512386
97512394
97513444
97513483
97513490
97513499
97513501
97513502
97513507
97513514
97513520
97513537
97513544
97513549
97513765
97513967
97514035
97514046
97514055
97514064
97514070
97515182
97515188
97515198
97515209
97515215
97515216
97515217
97515246
97515477
97515718
97515813
97515850
97515885
97515892
97515894
97515895
97515904
97517203
97517212
97517223
97517245
97517247
97517251
97517255
97517299
97517332
97517434
97517714
97517897
97517982
97517983
97517986
97518023
97518073
97518122
97518162
97519858
97519901
97519938
97519980
97519985
97520094
97520367
97520548
97520642
97520701
97520704
97520733
97520779
97520832
97520871
97520873
97520937
97520949
97520962
97522524
97522528
97522529
97522573
97522614
97522619
97522620
97522675
97522898
97523130
97523281
97523336
97523361
97523392
97523396
97523447
97523449
97523481
97523518
97533718
97533719
97533720
97533721
97533722
97533723
97541787
97541788
97541789
97541790
97541791
97546300
97546301
97546302
97546303
97546304
97548636
97548637
97548638
97548639
97548640
97650725
97650730
97650737
97650745
97650746
97650827
97650838
97651094
97651243
97651271
97651272
97651279
97651287
97651292
97651296
97651303
97651326
97651541
97651750
97652386
97652388
97652389
97652396
97652402
97652409
97652410
97652411
97652590
97652830
97652840
97652940
97652947
97652948
97652953
97652958
97652959
97654044
97654055
97654061
97654068
97654074
97654080
97654087
97654245
97654265
97654500
97654599
97654610
97654619
97654620
97654626
97654632
97654639
97654642
97654643
97655706
97655711
97655750
97655761
97655768
97655769
97655775
97655781
97655787
97655825
97656079
97656099
97656283
97656325
97656332
97656340
97656349
97656357
97656367
97657437
97657440
97657460
97657663
97657876
97657940
97657941
97657944
97657951
97657952
97657958
97657961
97657966
97657971
97657972
97658124
97658367
97658471
97659044
97659050
97659052
97659102
97659372
97659387
97659576
97659582
97659590
97659598
97659611
97659628
97659632
97659639
97659645
97659654
97659655
97659687
97659902
97660749
97660757
97660765
97660786
97660890
97661142
97661282
97661287
97661302
97661313
97661314
97661315
97661325
97661335
97661345
97661346
97661353
97661354
97661355
97662513
97662521
97662522
97662695
97662944
97663062
97663077
97663078
97663085
97663094
97663102
97663111
97663121
97663194
97663208
97663219
97663459
97663593
97663602
97664219
97664233
97664240
97664242
97664248
97664256
97664263
97664264
97664272
97664363
97664375
97664389
97664407
97664429
97664676
97664685
97664698
97664711
97664785
97665426
97665671
97665688
97665854
97665888
97665899
97665908
97665914
97665919
97665927
97665944
97665951
97666180
97666199
97666211
97666409
97666478
97666487
97666489
97667462
97667606
97667611
97667626
97667646
97667662
97667663
97667675
97667685
97667687
97667690
97667703
97667777
97668034
97668202
97668231
97668244
97668246
97668259
97668936
97669145
97669356
97669440
97669452
97669454
97669464
97669466
97669468
97669469
97669471
97669483
97669493
97669501
97669503
97669504
97669527
97669533
97669541
97670746
97670763
97670775
97670776
97670786
97670787
97670798
97670807
97670976
97671218
97671233
97671320
97671334
97671343
97671351
97671361
97671362
97671369
97671376
97672474
97672481
97672492
97672493
97672500
97672521
97672723
97672933
97673019
97673025
97673035
97673037
97673045
97673055
97673066
97673068
97673079
97673223
97673236
97674368
97674369
97674397
97674615
97674627
97674837
97674900
97674912
97674922
97674924
97674938
97674949
97674950
97674951
97674953
97674969
97674983
97674988
97675182
97676178
97676191
97676226
97676466
97676647
97676711
97676727
97676739
97676740
97676741
97676752
97676764
97676765
97676772
97676793
97677012
97677031
97677047
97677262
97677333
97677949
97678027
97678265
97678420
97678476
97678494
97678497
97678515
97678533
97678552
97678571
97678617
97678834
97679005
97679087
97679089
97679099
97679101
97679107
97680125
97680267
97680294
97680296
97680304
97680309
97680316
97680318
97680319
97680327
97680335
97680429
97680677
97680787
97680863
97680911
97680929
97680939
97680948
97682050
97682065
97682075
97682084
97682097
97682104
97682111
97682210
97682460
97682609
97682631
97682641
97682642
97682652
97682666
97682668
97682670
97683739
97683811
97683826
97683837
97683838
97683852
97683860
97683868
97683876
97684064
97684312
97684412
97684413
97684427
97684428
97684438
97684439
97684441
97685405
97685555
97685563
97685580
97685591
97685601
97685602
97685612
97685618
97685626
97685627
97685686
97685928
97686095
97686133
97686142
97686147
97686154
97686160
97687430
97687437
97687444
97687576
97687664
97687712
97687768
97687963
97688071
97688087
97688100
97688111
97688263
97688266
97688358
97688468
97688590
97688700
97689844
97689848
97689855
97689863
97689874
97689884
97689885
97689897
97689995
97690246
97690393
97690418
97690428
97690434
97690443
97690444
97690455
97690467
97690506
97691596
97691614
97691615
97691624
97691625
97691643
97691655
97691664
97691814
97692066
97692082
97692199
97692212
97692222
97692231
97692249
97692258
97692259
97692261
97693390
97693395
97693407
97693419
97693560
97693814
97693937
97693947
97693955
97693963
97693973
97693981
97693982
97694001
97694063
97694072
97694325
97694492
97694531
97834939
97834952
97834964
97834965
97834968
97834979
97834989
97834997
97835006
97835094
97835343
97835497
97835524
97835525
97835527
97835535
97835537
97835551
97835565
97836916
97836927
97836938
97836949
97836957
97836959
97836972
97837099
97837359
97837498
97837512
97837531
97837538
97837545
97837547
97837559
97837570
97837626
97838860
97838880
97838894
97838907
97838909
97838911
97838926
97838939
97838963
97838970
97839207
97839426
97839490
97839493
97839505
97839519
97839531
97839557
97840226
97840599
97840730
97840752
97840772
97840774
97840784
97840786
97840788
97840790
97840798
97840799
97840865
97840882
97840898
97840913
97840914
97840915
97840922
97841091
97842194
97842195
97842201
97842230
97842459
97842477
97842672
97842716
97842725
97842729
97842736
97842738
97842745
97842746
97842747
97842757
97842772
97842957
97843934
97843940
97843944
97843954
97844026
97844034
97844287
97844445
97844449
97844457
97844557
97844564
97844571
97844572
97844581
97844583
97844584
97844592
97844593
97845679
97845715
97845717
97845718
97845733
97845742
97845743
97845752
97845759
97845761
97845769
97845854
97846126
97846338
97846398
97846408
97846417
97846427
97846428
97847557
97847565
97847576
97847577
97847587
97847601
97847642
97847752
97847763
97848003
97848182
97848189
97848247
97848258
97848268
97848269
97848279
97848290
97848298
97849551
97849558
97849561
97849574
97849583
97849584
97849591
97849667
97849683
97849931
97850086
97850099
97850107
97850118
97850126
97850136
97850148
97850149
97850177
97851337
97851338
97851343
97851344
97851353
97851357
97851363
97851373
97851374
97851383
97851557
97851799
97851932
97851995
97852002
97852012
97852021
97852031
97852044
97853285
97853293
97853427
97853672
97853801
97853812
97853823
97853832
97853843
97853845
97853857
97853858
97853866
97853930
97853944
97854197
97854216
97854230
97854241
97855056
97855069
97855079
97855091
97855129
97855356
97855567
97855642
97855652
97855662
97855664
97855675
97855689
97855699
97855710
97855864
97855877
97856150
97857055
97857100
97857338
97857538
97857595
97857597
97857616
97857629
97857642
97857655
97857681
97857695
97857934
97858206
97858215
97858316
97858331
97858343
97858357
98013033
98013214
98013449
98013531
98013538
98013546
98013555
98013565
98013572
98013580
98013583
98013679
98013931
98014081
98014084
98014101
98014110
98014112
98014121
98015231
98015239
98015248
98015256
98015258
98015266
98015274
98015395
98015657
98015793
98015819
98015828
98015834
98015836
98015845
98015846
98015848
98015856
98015867
98017044
98017057
98017068
98017178
98017419
98017436
98017566
98017595
98017609
98017610
98017611
98017622
98017632
98017634
98017645
98017654
98017720
98017972
98018147
98018261
98018883
98019050
98019067
98019083
98019101
98019327
98019420
98019433
98019434
98019444
98019451
98019452
98019453
98019462
98019470
98019479
98019480
98020585
98020591
98020596
98020601
98020606
98020612
98020660
98020898
98021073
98021118
98021120
98021126
98021133
98021135
98021145
98021159
98021171
98021188
98021196
98022260
98022265
98022272
98022336
98022618
98022785
98022826
98022840
98022848
98022855
98022863
98022864
98022875
98022876
98022910
98023123
98023330
98023394
98023405
98024022
98024117
98024369
98024518
98024536
98024548
98024549
98024556
98024562
98024568
98024577
98024611
98024836
98025041
98025091
98025099
98025106
98025112
98025119
98026236
98026244
98026256
98026257
98026265
98026271
98026272
98026273
98026276
98026282
98026291
98026296
98026377
98026629
98026642
98026796
98027569
98027804
98027905
98027911
98027918
98027924
98027931
98027938
98027945
98028007
98028254
98028265
98028428
98028454
98028460
98028462
98028472
98028478
98028484
98029579
98029585
98029592
98029599
98029605
98029612
98029619
98029620
98029730
98029978
98030114
98030133
98030134
98030135
98030141
98030151
98030153
98030163
98030170
98031266
98031278
98031286
98031291
98031293
98031301
98031307
98031460
98031473
98031721
98031818
98031834
98031846
98031860
98031872
98031883
98031884
98031891
98031971
98033074
98033213
98033466
98033587
98033602
98033603
98033612
98033618
98033627
98033634
98033643
98033706
98033950
98033963
98034751
98034775
98034922
98035171
98035284
98035296
98035304
98035310
98035318
98035329
98035339
98035340
98035403
98035652
98035667
98335875
98709223
98846350
98846416
98846452
98846486
98846490
98846492
98846507
98846513
98846525
98846546
98846749
98846764
98846983
98847051
98847064
98847077
98847084
98847094
98848316
98848330
98848347
98848389
98848390
98848404
98848417
98848440
98848643
98848655
98848882
98848972
98849014
98849053
98849091
98849101
98849109
98849119
98850327
98850363
98850383
98850384
98850393
98850418
98850628
98850644
98850865
98850936
98850990
98851002
98851012
98851025
98851037
98851049
98851175
98851428
98852338
98852339
98852352
98852364
98852375
98852376
98852378
98852391
98852441
98852696
98852712
98852906
98852990
98853025
98853061
98853076
98853085
98854217
98854253
98854291
98854311
98854319
98854325
98854326
98854373
98854613
98854787
98854833
98854838
98854839
98854845
98854846
98854853
98854860
98854861
98855948
98855959
98856038
98856040
98856043
98856076
98856082
98856090
98856097
98856102
98856110
98856227
98856477
98856607
98856614
98856655
98856695
98856732
98857595
98857816
98857884
98857886
98857887
98857921
98857955
98857958
98857995
98857998
98858028
98858039
98858046
98858217
98858234
98858463
98858549
98858564
98859191
98859231
98859269
98859291
98859308
98859417
98859716
98859883
98859897
98859902
98859921
98859930
98859931
98859943
98859944
98859955
98859962
98861151
98861152
98861159
98861160
98861166
98861174
98861180
98861181
98861187
98861223
98861447
98861673
98861676
98861754
98861785
98861817
98861825
98863166
98863170
98863172
98863203
98863204
98863210
98863215
98863235
98863236
98863290
98863566
98863763
98863835
98863859
98863877
98863900
98863920
98863936
98865422
98865424
98865425
98865429
98865448
98865486
98865707
98865931
98865941
98866030
98866034
98866078
98866131
98866178
98866197
98866222
98866242
98866409
98867690
98867712
98867754
98867996
98868216
98868316
98868341
98868362
98868381
98868403
98868427
98868446
98868565
98868822
98868974
98868979
98869036
98869891
98869920
98869956
98870178
98870384
98870478
98870507
98870553
98870598
98870640
98870688
98870716
98870719
98870721
98870873
98871115
98871124
98871253
98872177
98872201
98872223
98872270
98872530
98872726
98872828
98872831
98872855
98872879
98872896
98872916
98872932
98872957
98873131
98873363
98873519
98874515
98874541
98874542
98874580
98874650
98874664
98874673
98874931
98875092
98875195
98875200
98875250
98875299
98875347
98875379
98875404
98875439
98875446
98876863
98876924
98876976
98877011
98877012
98877048
98877167
98877421
98877425
98877584
98877682
98877717
98877752
98877754
98877780
98877804
98877829
98877893
98879383
98879407
98879410
98879436
98879545
98879812
98879817
98879978
98880081
98880133
98880188
98880235
98880266
98880288
98880335
98880568
98880746
98880848
98881797
98881815
98881817
98881945
98882190
98882317
98882324
98882407
98882445
98882472
98882491
98882516
98882518
98882545
98882613
98882865
98883009
98883116
98884144
98884272
98884520
98884668
98884795
98884890
98884897
98884902
98884991
98884994
98885000
98885038
98885068
98885094
98885095
98885098
98885200
98885211
98885868
98886648
98886670
98886692
98886889
98887098
98887232
98887236
98887297
98887299
98887325
98887355
98887378
98887382
98887406
98887427
98887528
98887778
98887935
98889336
98889350
98889360
98889373
98889385
98889526
98889587
98889624
98889648
98889668
98889690
98889703
98889704
98889796
98889809
98889827
98889840
98890077
98891150
98891152
98891179
98891182
98891225
98891233
98891490
98891658
98891756
98891758
98891799
98891820
98891822
98891825
98891828
98891829
98891831
98891832
98892833
98892836
98892883
98893111
98893273
98893388
98893434
98893465
98893467
98893490
98893506
98893532
98893533
98893553
98893556
98893737
98893965
98894113
98895234
98895497
98895657
98895815
98895934
98895944
98895948
98895954
98895959
98896054
98896092
98896116
98896133
98896164
98896372
98896571
98896689
98896788
98897749
98897753
98897755
98897836
98897846
98898103
98898224
98898332
98898391
98898393
98898420
98898439
98898441
98898462
98898486
98898487
98899986
98900011
98900015
98900028
98900030
98900044
98900166
98900418
98900585
98900696
98900760
98900820
98900854
98900856
98900874
98900876
98902424
98902428
98902438
98902516
98902573
98902617
98902622
98902650
98902674
98902845
98903042
98903167
98903253
98903261
98903322
98903361
98903388
98903508
98904999
98905052
98905080
98905083
98905105
98905183
98905264
98905436
98905661
98905787
98905887
98905944
98905992
98906037
98906069
98906091
98906173
98906457
98907944
98908157
98908383
98908504
98908588
98908685
98908753
98908786
98908812
98908836
98908838
98908842
98908845
98908943
98909199
98909338
98909468
98909610
98910803
98910834
98910866
98911075
99100247
