96250676
96250831
96250860
96250875
96250912
96250932
96250935
96250956
96250975
96250977
96251039
96251052
96251311
96251495
96251504
96251548
96251550
96251572
96251594
96251613
96255116
96255376
96255386
96255551
96255589
96255610
96255628
96255643
96255659
96255661
96255671
96255673
96255711
96255945
96256158
96256218
96256221
96256235
96256237
96256239
96259458
96259554
96259557
96259576
96259595
96259614
96259632
96259650
96259668
96259787
96259803
96259823
96260077
96260201
96260204
96260227
96260244
96260261
96260278
96260296
96264133
96264162
96264201
96264226
96264286
96264497
96264515
96264757
96264768
96264835
96264932
96264936
96264950
96265004
96265008
96265054
96265068
96265072
96265118
96265139
96269461
96269614
96269638
96269656
96269658
96269660
96269678
96269679
96269698
96269713
96269716
96269718
96269767
96269783
96269929
96270198
96270361
96270367
96270393
96270413
96273390
96273405
96273421
96273437
96273693
96273814
96273833
96273947
96273957
96273958
96273973
96273989
96274005
96274070
96274323
96274504
96274551
96274571
96274586
96274588
96278120
96278121
96278124
96278144
96278146
96278167
96278185
96278205
96278227
96278365
96278583
96278601
96278812
96278903
96278927
96278947
96278951
96278970
96278994
96279014
96282479
96282485
96282509
96282525
96282545
96282563
96282564
96282567
96282568
96282569
96282572
96282583
96282651
96282910
96282925
96283088
96283129
96283139
96283149
96283150
96286086
96286176
96286427
96286444
96286587
96286609
96286617
96286626
96286636
96286637
96286638
96286648
96286658
96286704
96286974
96287155
96287200
96287201
96287208
96289790
96289853
96289854
96289857
96289858
96289859
96289860
96289864
96289868
96289869
96289871
96289876
96289877
96289881
96289882
96289902
96290106
96290310
96290398
96290416
96293418
96293419
96293425
96293438
96293446
96293455
96293458
96293540
96293818
96293975
96293994
96294000
96294006
96294008
96294016
96294017
96294025
96294030
96294061
96294070
96297258
96297525
96297611
96297635
96297656
96297657
96297658
96297660
96297687
96297689
96297690
96297711
96297713
96297741
96297766
96297772
96297779
96298003
96298227
96298319
96301428
96301696
96301805
96301822
96301827
96301833
96301844
96301852
96301867
96301874
96301875
96301954
96302206
96302371
96302377
96302393
96302401
96302402
96302412
96302972
96428417
96428556
96428799
96428913
96428929
96428940
96428941
96428950
96428957
96428958
96428962
96428967
96428968
96429048
96429329
96429495
96429526
96429537
96429538
96429548
96433166
96433343
96433370
96433380
96433392
96433399
96433410
96433416
96433417
96433431
96433437
96433638
96433855
96434030
96434038
96434047
96434054
96434061
96434073
96436978
96436984
96436988
96437055
96437067
96437079
96437320
96437472
96437496
96437509
96437510
96437515
96437519
96437578
96437628
96437658
96437880
96438081
96438139
96438147
96440581
96440587
96440590
96440616
96440824
96440839
96440859
96441040
96441050
96441054
96441207
96441211
96441215
96441225
96441234
96441235
96441239
96444109
96444120
96444124
96444129
96444135
96444289
96444531
96444646
96444653
96444660
96444661
96444667
96444671
96444673
96444777
96444781
96444852
96445098
96445256
96445295
96447798
96447848
96448087
96448269
96448407
96448414
96448416
96448422
96448423
96448427
96448437
96448447
96448457
96448637
96448877
96448949
96448956
96448966
96448969
96448972
96451777
96451786
96451987
96452209
96452289
96452299
96452307
96452319
96452329
96452330
96452335
96452345
96452458
96452704
96452717
96452729
96452848
96452862
96452866
96452869
96455784
96455795
96455800
96455807
96455814
96455815
96455826
96455844
96456038
96456267
96456272
96456280
96456343
96456348
96456349
96456355
96456361
96456366
96456375
96456383
96459403
96459646
96459826
96459830
96459871
96459886
96459898
96459899
96459911
96459921
96459922
96459934
96459952
96460153
96460381
96460454
96460466
96460473
96460487
96460488
96463252
96463478
96463556
96463562
96463564
96463572
96463578
96463580
96463582
96463585
96463698
96463948
96464070
96464085
96464086
96464091
96464092
96464100
96464104
96464109
96466548
96466720
96466959
96467054
96467163
96467169
96467174
96467180
96467181
96467188
96467190
96467191
96467192
96467198
96467312
96467569
96467698
96467707
96470680
96470687
96470690
96470697
96470699
96470700
96470702
96470809
96470814
96470982
96471212
96471304
96471314
96471322
96471327
96471329
96471330
96471331
96471340
96471341
96474505
96474718
96474937
96475002
96475015
96475022
96475024
96475030
96475038
96475053
96475059
96475190
96475444
96475577
96475588
96475595
96475602
96475716
96475728
96475736
96478666
96478698
96478797
96479047
96479060
96797047
96797277
96797284
96797400
96797468
96797510
96797511
96797512
96797526
96797535
96797544
96797556
96797557
96797618
96797864
96797990
96798079
96798111
96798183
96798233
96801694
96801914
96802017
96802096
96802135
96802146
96802254
96802260
96802271
96802274
96802285
96802332
96802568
96802584
96802701
96802782
96802785
96802789
96802824
96802835
96805944
96805945
96805963
96805973
96805997
96806091
96806092
96806093
96806094
96806095
96806114
96806313
96806460
96806561
96806622
96806650
96806652
96806665
96806674
96806683
96809915
96809937
96809939
96809946
96809954
96810065
96810146
96810380
96810493
96810566
96810610
96810627
96810636
96810644
96810661
96810689
96810895
96811044
96811137
96811215
96814174
96814378
96814382
96814397
96814502
96814584
96814586
96814609
96814625
96814638
96814640
96814649
96814658
96814752
96814982
96814994
96815107
96815113
96815179
96815183
96818184
96818191
96818293
96818297
96818299
96818430
96818642
96818650
96818750
96818757
96818815
96818817
96818842
96818850
96818854
96818855
96818859
96818862
96818945
96819182
96821912
96821918
96821927
96821934
96822094
96822118
96822369
96822506
96822557
96822567
96822575
96822581
96822582
96822585
96822593
96822595
96822596
96822604
96822667
96822937
96825993
96826100
96826101
96826102
96826103
96826106
96826109
96826112
96826115
96826118
96826122
96826127
96826332
96826544
96826651
96826663
96826669
96826675
96826676
96826683
96829769
96829806
96829818
96830080
96830096
96830264
96830275
96830280
96830314
96830315
96830325
96830326
96830327
96830333
96830340
96830343
96830348
96830382
96830607
96830620
96833312
96833317
96833318
96833343
96833583
96833600
96833615
96833728
96833813
96833876
96833897
96833898
96833904
96833905
96833910
96833911
96833918
96833935
96834126
96834344
96837463
96837592
96837596
96837605
96837606
96837618
96837626
96837634
96837636
96837637
96837638
96837654
96837667
96837770
96838020
96838031
96838172
96838177
96838222
96838295
96841298
96841334
96841346
96841356
96841362
96841374
96841375
96841381
96841404
96841410
96841625
96841832
96841895
96841905
96841912
96841919
96842028
96842035
96842037
96842038
96844996
96845239
96845254
96845426
96845450
96845451
96845458
96845460
96845469
96845470
96845473
96845477
96845505
96845715
96845927
96845932
96845984
96848672
96848894
96848978
96848988
96848993
96848999
96849003
96849010
96849015
96849214
96849529
96849670
96849677
96849682
96849702
96849713
96849715
96849716
96849726
96849733
96965122
96965127
96965131
96965135
96965314
96965331
96965557
96965628
96965634
96965635
96965637
96965640
96965644
96965648
96965657
96965767
96966016
96966033
96966149
96966151
96968876
96968884
96968891
96968898
96968906
96968907
96968913
96968988
96969003
96969249
96969271
96969405
96969407
96969427
96969428
96969434
96969440
96969446
96969453
96969454
96972470
96972486
96972704
96972714
96972762
96972769
96972774
96972780
96972786
96972792
96972797
96972799
96972946
96972959
96973198
96973215
96973300
96973307
96973311
96973319
96976181
96976192
96976199
96976253
96976494
96976516
96976689
96976720
96976728
96976736
96976744
96976751
96976758
96976772
96976960
96977201
96977274
96977275
96977284
96977292
96980069
96980072
96980076
96980077
96980084
96980093
96980100
96980216
96980461
96980588
96980592
96980595
96980599
96981162
96981185
96981191
96981409
96981614
96981666
96981673
96981678
96981681
96981688
96981692
96981697
96981832
96981845
96982091
96982102
96982192
96982203
96982211
96982216
96984451
96984659
96984866
96984873
96984940
96984941
96984948
96984951
96984958
96984962
96984966
96984973
96985125
96985373
96985469
96985477
96985478
96985482
96985485
96985491
96988541
96988579
96988591
96988776
96988820
96988837
96988846
96988854
96988860
96988895
96989120
96989139
96989158
96989331
96989369
96989376
96989378
96989383
96989391
96989398
96992120
96992317
96992545
96992591
96992593
96992595
96992596
96992601
96992607
96992611
96992614
96992622
96992624
96992794
96993034
96993121
96993122
96993129
96993142
96993148
96995982
96996221
96996407
96996460
96996467
96996475
96996480
96996481
96996487
96996505
96996520
96996703
96996939
96997028
96997041
96997049
96997055
96997062
96997073
96997075
96999840
96999847
96999854
96999863
96999864
96999976
97000230
97000357
97000359
97000365
97000374
97000376
97000377
97000379
97000380
97000381
97000387
97000389
97000390
97000406
97003518
97003645
97003895
97004021
97004023
97004035
97004043
97004049
97004057
97004071
97004077
97004132
97004368
97004568
97004619
97004628
97004637
97004645
97004652
97004659
97007281
97007282
97007289
97007291
97007294
97007297
97007301
97007490
97007514
97007730
97007826
97007848
97007858
97007862
97007865
97007869
97007870
97007874
97007961
97008209
97011074
97011117
97011120
97011125
97011127
97013683
97015823
97015828
97015834
97015835
97015841
97015843
97015849
97015855
97015911
97016155
97016326
97016337
97016372
97016374
97016375
97016386
97016394
97016405
97016414
97016421
97019668
97019688
97019689
97019695
97019700
97019702
97019709
97019717
97019718
97019724
97019768
97019996
97020182
97020243
97020245
97020246
97020248
97020251
97020257
97020262
97126072
97126080
97126089
97126096
97126102
97126282
97126525
97126625
97126650
97126663
97126673
97126686
97126700
97126715
97126806
97126821
97127073
97127222
97127227
97127230
97127842
97127843
97127850
97127902
97128140
97128329
97128363
97128369
97128375
97128383
97128389
97128390
97128397
97128409
97128590
97128827
97128903
97128915
97128916
97128932
97130020
97130059
97130061
97130063
97130083
97130094
97130096
97130103
97130111
97130120
97130121
97130122
97130164
97130395
97130583
97130590
97130640
97130648
97131770
97131778
97131786
97131788
97131796
97131806
97131814
97131858
97132097
97132289
97132337
97132338
97132339
97132348
97132349
97132355
97132367
97132374
97132384
97132406
97133585
97133650
97133661
97133909
97134077
97134114
97134124
97134125
97134136
97134146
97134154
97134164
97134188
97134400
97134630
97134704
97134705
97134718
97134729
97134738
97135860
97135884
97135892
97135900
97135901
97135911
97135913
97135923
97135935
97135991
97136240
97136423
97136457
97136471
97136480
97136489
97136498
97136508
97136516
97136521
97137656
97137665
97137669
97137677
97137682
97137743
97137996
97138171
97138202
97138206
97138209
97138213
97138214
97138221
97138222
97138229
97138230
97138253
97138457
97138669
97139397
97139643
97139655
97139801
97139824
97139825
97139829
97139832
97139837
97139840
97139844
97139885
97139896
97140134
97140349
97140393
97140403
97140408
97140412
97140417
97141504
97141511
97141517
97141525
97141532
97141582
97141820
97142008
97142019
97142056
97142058
97142064
97142066
97142073
97142078
97142086
97142095
97142096
97142118
97142328
97143216
97143220
97143221
97143332
97143614
97143742
97143757
97143758
97143765
97143771
97143778
97143783
97143789
97143833
97144072
97144267
97144270
97144308
97144309
97145394
97145398
97145405
97145409
97145413
97145419
97145454
97145685
97145877
97145919
97145923
97145924
97145929
97145930
97145933
97145938
97145942
97145953
97145961
97145968
97147059
97147060
97147133
97147143
97147391
97147556
97147583
97147589
97147595
97147602
97147606
97147607
97147613
97147638
97147838
97147857
97148058
97148123
97148134
97148145
97149100
97149239
97149245
97149246
97149256
97149257
97149271
97149272
97149280
97149287
97149305
97149313
97149381
97149393
97149646
97149807
97149811
97149815
97149833
97149839
97151010
97151021
97151027
97151032
97151093
97151339
97151512
97151517
97151561
97151579
97151588
97151589
97151592
97151593
97151595
97151606
97151617
97151626
97151674
97152780
97152781
97152790
97152792
97152801
97152807
97152984
97153211
97153307
97153314
97153318
97153323
97153328
97153329
97153334
97153335
97153340
97153454
97153728
97153762
97154523
97154568
97154804
97155001
97155064
97155065
97155082
97155100
97155110
97155111
97155127
97155128
97155143
97155166
97155357
97155372
97155595
97155600
97155671
97155684
97156310
97157184
97157439
97157535
97157545
97157556
97157565
97157575
97157576
97157586
97157593
97157703
97157715
97157963
97158091
97158122
97158131
97158133
97158143
97159211
97159276
97159285
97159286
97159287
97159289
97159292
97159294
97159301
97159310
97159313
97159315
97159323
97159330
97159362
97159592
97159796
97159858
97159869
97159870
97160659
97160915
97161028
97161042
97161052
97161053
97161063
97161065
97161067
97161075
97161084
97161095
97161174
97161188
97161440
97161597
97161623
97161624
97161635
97161636
97162272
97162273
97162281
97162343
97162589
97162770
97162813
97162823
97162835
97162846
97162857
97162866
97162878
97163066
97163307
97163321
97163401
97163414
97163420
97163430
97164590
97164614
97164624
97164629
97164637
97164649
97164660
97164661
97164690
97164899
97164911
97165117
97165174
97165180
97165192
97165200
97165205
97165209
97165215
97166272
97166275
97166280
97166289
97166335
97166347
97166599
97166614
97166626
97166782
97166806
97166811
97166812
97166818
97166822
97166827
97166828
97166829
97166836
97166869
97167950
97167960
97168069
97168321
97168335
97168343
97168352
97168466
97168474
97168483
97168488
97168489
97168491
97168492
97168498
97168504
97168508
97168592
97168847
97169004
97169631
97169805
97170046
97170053
97170139
97170149
97170157
97170159
97170165
97170171
97170179
97170180
97170186
97170296
97170527
97170658
97170706
97170716
97170727
97170732
97171841
97171848
97171853
97171854
97171855
97171859
97171860
97171864
97171871
97171872
97171877
97172044
97172278
97172292
97172372
97172378
97172384
97172385
97173461
97173464
97173471
97173476
97173492
97173678
97173903
97173977
97173979
97173986
97173987
97173990
97173991
97173992
97173998
97174002
97174006
97174007
97174011
97174017
97175088
97175095
97175102
97175108
97175115
97175120
97175122
97175206
97175455
97175624
97175643
97175652
97175653
97175658
97175667
97175677
97175687
97175712
97175922
97176142
97177351
97177362
97177369
97177370
97177378
97177381
97177390
97177399
97177417
97177633
97177865
97177937
97177946
97177954
97177960
97177968
97177975
97177977
97177986
97178108
97179099
97179103
97179111
97179116
97179311
97179531
97179540
97179548
97179603
97179604
97179611
97179615
97179619
97179630
97179644
97179654
97179804
97180052
97180161
97180174
97331025
97331026
97331198
97331456
97331564
97331578
97331589
97331597
97331610
97331625
97331626
97331635
97331700
97331943
97331958
97332121
97332128
97332158
97332186
97332187
97333436
97333437
97333452
97333468
97333469
97333482
97333497
97333514
97333525
97333659
97333674
97333933
97334049
97334064
97334066
97334068
97334077
97334087
97334091
97334092
97334717
97334720
97334741
97334743
97334746
97334966
97334994
97335396
97335405
97335477
97335485
97335492
97335493
97335501
97335511
97335512
97335518
97335534
97335756
97336818
97337017
97337031
97337048
97337255
97337322
97337325
97337345
97337359
97337379
97337380
97337486
97337596
97337601
97337763
97337786
97338011
97338099
97338101
97338106
97338861
97338862
97338863
97338864
97338868
97338870
97338871
97338879
97338880
97338882
97338883
97338885
97338929
97338940
97339204
97339338
97339421
97339438
97339447
97339455
97340755
97340758
97340761
97340763
97340771
97340779
97340835
97341082
97341097
97341258
97341413
97341480
97341488
97341489
97341495
97341499
97341507
97341514
97341541
97341550
97342578
97342637
97342644
97342654
97342774
97342791
97342799
97342800
97342812
97342836
97342847
97342853
97342855
97342867
97342923
97343194
97343211
97343228
97343397
97343402
97344209
97344216
97344237
97344441
97344665
97344673
97344727
97344736
97344747
97344753
97344755
97344762
97344768
97344770
97344776
97344777
97344780
97344959
97345056
97345266
97347310
97347563
97347578
97347726
97347761
97347765
97347781
97347796
97347797
97347813
97347841
97348045
97348064
97348313
97348318
97348325
97348392
97348394
97348414
97348429
97349496
97349755
97349875
97349897
97349918
97349919
97349921
97349939
97349957
97349977
97349995
97349997
97350089
97350348
97350522
97350636
97350710
97350732
97350750
97350773
97352226
97352278
97352295
97352359
97352636
97352829
97352885
97352926
97352951
97352988
97353019
97353038
97353066
97353076
97353085
97353093
97353319
97353335
97353562
97353573
97354543
97354545
97354560
97354687
97354928
97355047
97355053
97355064
97355068
97355077
97355078
97355079
97355081
97355083
97355188
97355195
97355203
97355204
97355309
97355566
97473436
97473444
97473453
97473464
97473473
97473482
97473483
97473639
97473887
97474002
97474004
97474017
97474018
97474027
97474039
97474051
97474062
97474072
97474073
97475336
97475338
97475340
97475344
97475355
97475377
97475576
97475793
97475878
97475887
97475889
97475893
97475905
97475917
97475929
97476041
97476050
97476189
97476208
97477347
97477381
97477391
97477606
97477687
97477736
97477753
97477754
97477756
97477757
97477766
97477772
97477779
97477780
97477788
97477812
97478002
97478090
97478095
97478611
97478618
97478626
97478627
97478629
97478756
97478772
97478787
97479020
97479031
97479042
97479133
97479139
97479149
97479156
97479162
97479167
97479174
97479176
97480272
97480273
97480280
97480282
97480293
97480298
97480307
97480308
97480319
97480362
97480599
97480613
97480796
97480836
97480846
97480856
97480858
97480864
97480865
97481971
97481996
97481998
97481999
97482005
97482020
97482031
97482032
97482041
97482042
97482052
97482159
97482401
97482524
97482576
97482588
97482595
97482596
97482603
97483526
97483720
97483782
97483793
97483803
97483804
97483820
97483835
97483850
97483861
97484022
97484040
97484277
97484293
97484376
97484387
97484389
97484392
97484418
97485627
97485629
97485630
97485633
97485642
97485650
97485657
97485669
97485670
97485725
97485832
97486053
97486258
97486262
97486304
97486312
97486325
97486335
97486347
97487503
97487526
97487542
97487555
97487565
97487582
97487593
97487636
97487881
97488082
97488132
97488135
97488148
97488149
97488162
97488163
97488172
97488181
97488193
97489299
97489312
97489322
97489338
97489339
97489353
97489355
97489368
97489380
97489383
97489503
97489760
97489892
97489910
97489921
97489932
97489947
97489956
97489965
97491177
97491185
97491197
97491209
97491220
97491223
97491317
97491334
97491586
97491722
97491725
97491731
97491743
97491752
97491764
97491771
97491777
97491779
97491784
97492897
97492906
97492914
97492923
97493049
97493064
97493316
97493435
97493448
97493457
97493470
97493479
97493489
97493491
97493498
97493554
97493835
97493849
97493993
97495212
97495247
97495261
97495272
97495281
97495292
97495308
97495310
97495345
97495574
97495776
97495833
97495850
97495851
97495853
97495865
97495877
97495888
97495889
97497094
97497107
97497108
97497109
97497125
97497127
97497135
97497137
97497215
97497475
97497673
97497709
97497710
97497725
97497738
97497748
97497757
97497769
97497798
97498937
97498951
97498961
97498972
97498974
97499067
97499318
97499330
97499474
97499479
97499485
97499488
97499502
97499512
97499522
97499531
97499541
97499550
97499551
97500682
97500691
97500701
97500708
97500862
97501131
97501140
97501248
97501270
97501280
97501281
97501291
97501293
97501301
97501314
97501316
97501326
97501420
97501677
97502904
97503046
97503052
97503067
97503081
97503091
97503103
97503104
97503115
97503127
97503194
97503447
97503462
97503627
97503633
97503668
97503684
97503696
97503707
97504942
97504944
97504945
97504953
97504965
97504972
97505042
97505290
97505302
97505455
97505483
97505494
97505500
97505502
97505511
97505518
97505527
97505528
97505558
97506619
97506626
97506633
97506716
97506968
97507119
97507143
97507145
97507153
97507158
97507165
97507173
97507180
97507209
97507419
97507627
97507646
97507697
97507705
97508442
97508690
97508834
97508861
97508870
97508871
97508880
97508898
97508907
97508917
97508918
97508972
97509214
97509394
97509442
97509452
97509454
97509455
97509456
97510604
97510614
97510615
97510633
97510634
97510648
97510649
97510660
97510670
97510678
97510773
97510785
97511025
97511170
97511175
97511215
97511223
97511237
97511246
97512400
97512406
97512414
97512420
97512421
97512422
97512543
97512790
97512916
97512934
97512941
97512947
97512953
97512962
97512965
97512973
97513014
97513028
97513273
97514085
97514193
97514441
97514574
97514594
97514595
97514602
97514608
97514615
97514620
97514629
97514672
97514684
97514930
97515131
97515135
97515146
97515175
97515183
97515906
97515916
97515937
97516133
97516364
97516374
97516462
97516466
97516468
97516472
97516508
97516538
97516540
97516573
97516578
97516582
97516585
97516588
97516591
97517692
97517880
97517888
97517899
97517911
97517922
97517928
97517932
97517988
97518029
97518080
97518127
97518129
97518168
97518171
97518175
97518222
97518326
97518339
97519915
97519950
97519991
97519993
97520192
97520448
97520590
97520668
97520713
97520748
97520793
97520795
97520797
97520847
97520849
97520889
97521031
97521318
97522498
97522501
97522503
97522507
97522543
97522546
97522587
97522589
97522637
97522750
97523024
97523206
97523307
97523345
97523374
97523414
97523416
97523459
97523496
97650742
97650765
97650969
97650987
97651199
97651261
97651263
97651265
97651276
97651283
97651289
97651294
97651299
97651304
97651445
97651460
97651706
97651798
97651799
97652382
97652383
97652387
97652395
97652401
97652406
97652517
97652784
97652796
97652926
97652931
97652944
97652951
97652956
97652961
97652963
97652967
97654004
97654043
97654054
97654060
97654067
97654072
97654078
97654085
97654088
97654255
97654497
97654598
97654609
97654611
97654613
97654622
97654623
97654628
97654629
97655579
97655707
97655749
97655760
97655767
97655774
97655780
97655786
97655813
97656033
97656262
97656324
97656331
97656339
97656346
97656347
97656348
97656356
97656366
97657428
97657433
97657438
97657441
97657442
97657470
97657688
97657885
97657942
97657945
97657946
97657947
97657953
97657959
97657962
97657963
97657967
97657968
97657982
97659039
97659045
97659053
97659105
97659118
97659137
97659152
97659425
97659597
97659600
97659612
97659613
97659629
97659634
97659640
97659647
97659648
97659656
97660516
97660689
97660725
97660734
97660744
97660746
97660752
97660760
97660770
97660793
97660979
97661216
97661295
97661307
97661310
97661318
97661319
97661330
97661337
97662439
97662465
97662478
97662485
97662486
97662487
97662495
97662496
97662497
97662511
97662518
97662519
97662599
97662613
97662629
97662647
97662913
97663054
97663072
97664138
97664144
97664224
97664235
97664236
97664243
97664249
97664257
97664265
97664273
97664379
97664635
97664650
97664662
97664781
97664788
97664797
97664798
97664805
97665845
97665887
97665898
97665906
97665907
97665909
97665915
97665920
97665921
97665929
97665954
97665960
97666205
97666219
97666415
97666422
97666479
97666490
97666491
97667241
97667490
97667509
97667616
97667629
97667653
97667664
97667676
97667689
97667702
97667763
97668017
97668193
97668228
97668230
97668242
97668245
97668258
97668260
97668897
97668898
97668911
97668961
97669201
97669383
97669445
97669446
97669458
97669470
97669482
97669492
97669500
97669509
97669515
97669729
97669974
97669991
97670079
97670773
97670783
97670796
97670803
97670909
97671163
97671177
97671307
97671314
97671330
97671340
97671348
97671357
97671365
97671373
97671423
97671660
97671833
97671840
97672467
97672468
97672475
97672483
97672485
97672495
97672501
97672503
97672534
97672759
97672955
97673020
97673027
97673029
97673039
97673048
97673057
97673069
97673080
97674332
97674334
97674347
97674358
97674360
97674371
97674373
97674441
97674695
97674863
97674903
97674914
97674926
97674927
97674939
97674942
97674943
97674960
97674974
97676155
97676168
97676179
97676250
97676504
97676665
97676672
97676712
97676730
97676742
97676754
97676766
97676773
97676797
97677027
97677044
97677261
97677266
97677275
97677941
97677946
97677950
97678081
97678303
97678319
97678450
97678481
97678501
97678519
97678538
97678557
97678576
97678648
97678891
97678899
97679042
97679095
97679102
97679938
97680156
97680173
97680182
97680275
97680281
97680285
97680297
97680305
97680311
97680320
97680328
97680336
97680450
97680467
97680487
97680689
97680799
97680875
97681503
97681513
97681514
97681526
97681574
97681587
97681838
97681852
97682018
97682056
97682057
97682058
97682067
97682068
97682078
97682090
97682091
97682094
97682095
97683253
97683266
97683275
97683281
97683376
97683394
97683648
97683777
97683820
97683832
97683847
97683848
97683855
97683864
97683871
97683917
97684177
97684196
97684208
97684963
97685004
97685011
97685018
97685025
97685032
97685039
97685064
97685289
97685499
97685508
97685517
97685525
97685574
97685586
97685587
97685594
97685607
97685615
97686704
97686712
97686732
97686739
97686743
97686936
97687007
97687018
97687209
97687281
97687396
97687500
97687630
97687692
97687720
97687875
97687889
97687901
97688011
97688748
97688751
97688782
97688786
97688988
97689204
97689271
97689279
97689289
97689291
97689300
97689312
97689318
97689327
97689453
97689700
97689826
97689840
97690697
97690918
97690991
97691000
97691002
97691011
97691015
97691025
97691027
97691037
97691052
97691056
97691059
97691068
97691247
97691492
97691581
97691594
97691611
97692321
97692563
97692749
97692799
97692810
97692812
97692824
97692833
97692845
97692851
97692861
97693038
97693277
97693366
97693375
97693381
97693388
97693389
97693394
97694558
97694559
97694560
97694570
97694582
97694591
97694592
97694610
97694618
97694816
97834961
97834974
97834975
97834986
97834993
97835003
97835032
97835237
97835454
97835519
97835520
97835530
97835542
97835543
97835559
97835603
97835618
97835687
97835700
97836953
97836967
97836991
97837219
97837441
97837509
97837519
97837520
97837522
97837523
97837524
97837525
97837535
97837542
97837554
97837566
97837581
97837585
97837593
97838901
97838916
97838935
97838945
97839014
97839288
97839457
97839498
97839507
97839523
97839535
97839567
97839607
97839619
97839811
97840058
97840070
97840146
97840147
97841240
97841426
97841474
97841476
97841493
97841507
97841516
97841523
97841533
97841544
97841722
97841743
97841756
97841969
97842103
97842108
97842164
97842166
97843250
97843276
97843278
97843285
97843290
97843296
97843297
97843304
97843408
97843428
97843631
97843648
97843859
97843915
97843916
97843924
97843931
97843936
97843942
97845156
97845157
97845161
97845168
97845170
97845178
97845187
97845190
97845191
97845193
97845257
97845265
97845511
97845524
97845689
97845694
97845719
97845720
97845721
97846455
97846456
97846493
97846721
97846928
97846980
97846991
97847000
97847002
97847003
97847015
97847025
97847033
97847035
97847046
97847223
97847457
97847550
97847560
97848265
97848278
97848285
97848287
97848296
97848304
97848431
97848720
97848732
97848839
97848847
97848861
97848910
97848921
97848980
97848994
97849000
97849001
97849913
97850077
97850084
97850098
97850100
97850108
97850119
97850127
97850137
97850138
97850150
97850151
97850192
97850426
97850619
97850669
97850670
97850779
97850787
97851999
97852000
97852007
97852016
97852028
97852029
97852038
97852041
97852085
97852094
97852366
97852547
97852555
97852590
97852598
97852604
97852614
97852621
97852622
97853721
97853807
97853816
97853825
97853835
97853836
97853847
97853849
97853859
97853869
97853965
97854219
97854373
97854384
97854404
97854412
97854444
97854445
97854455
97855096
97855097
97855167
97855418
97855598
97855646
97855656
97855667
97855680
97855693
97855701
97855718
97855907
97856166
97856175
97856249
97856268
97856316
97856389
97857158
97857174
97857427
97857436
97857577
97857606
97857621
97857635
97857636
97857648
97857663
97857666
97857688
97857762
97858099
97858282
97858325
97858337
98013012
98013019
98013020
98013021
98013131
98013376
98013385
98013402
98013413
98013525
98013536
98013544
98013552
98013562
98013569
98013576
98013577
98013647
98013895
98014834
98015076
98015205
98015228
98015236
98015245
98015254
98015262
98015272
98015311
98015577
98015758
98015818
98015825
98015826
98015833
98015844
98015854
98015862
98017022
98017036
98017039
98017053
98017054
98017055
98017064
98017126
98017137
98017387
98017543
98017592
98017606
98017607
98017620
98017630
98017643
98017652
98017678
98018834
98018849
98018866
98018877
98018958
98019236
98019390
98019424
98019437
98019445
98019455
98019463
98019472
98019473
98019502
98019707
98019919
98019997
98021078
98021119
98021125
98021127
98021134
98021144
98021146
98021160
98021172
98021189
98021388
98021609
98021692
98021702
98021707
98021714
98021715
98021719
98021726
98022842
98022843
98022851
98022856
98022865
98022878
98022923
98022935
98023171
98023187
98023354
98023397
98023408
98023409
98023414
98023421
98023429
98023436
98023452
98024557
98024564
98024570
98024571
98024579
98024580
98024659
98024911
98025068
98025093
98025101
98025108
98025114
98025122
98025130
98025149
98025355
98025562
98025570
98026293
98026298
98026388
98026634
98026793
98026813
98026818
98026826
98026835
98026841
98026849
98026850
98026878
98027098
98027305
98027358
98027372
98027380
98027381
98028455
98028461
98028470
98028477
98028479
98028485
98028487
98028488
98028493
98028523
98028741
98028944
98028994
98029003
98029008
98029014
98029020
98029021
98029029
98030119
98030120
98030122
98030136
98030143
98030156
98030164
98030173
98030174
98030179
98030181
98030183
98030184
98030315
98030563
98030577
98030693
98030703
98030715
98031847
98031861
98031873
98031874
98031885
98031892
98031984
98032236
98032389
98032416
98032425
98032433
98032442
98032453
98032461
98032497
98032748
98032954
98033020
98033613
98033620
98033630
98033636
98033637
98033646
98033751
98034002
98034142
98034158
98034163
98034167
98034173
98034175
98034185
98034206
98034242
98034473
98034663
98035315
98035322
98035324
98035325
98035334
98035344
98035507
98035527
98747038
98748780
98748832
98748836
98749300
98845838
98845847
98845853
98845860
98845861
98845892
98846117
98846329
98846338
98846342
98846413
98846418
98846453
98846488
98846506
98846512
98846523
98846536
98847542
98847645
98847649
98847685
98847725
98847756
98847763
98847774
98847783
98847785
98847891
98848137
98848293
98848319
98848335
98848363
98848394
98848407
98849672
98849681
98849682
98849691
98849701
98849769
98849784
98850032
98850196
98850252
98850257
98850295
98850333
98850369
98850373
98850387
98850396
98850397
98851341
98851534
98851545
98851581
98851620
98851656
98851692
98851696
98851740
98851767
98851768
98851785
98852006
98852241
98852322
98852333
98852344
98853163
98853408
98853575
98853581
98853589
98853611
98853615
98853620
98853629
98853636
98853637
98853647
98853648
98853680
98853911
98854115
98854123
98854202
98854867
98854874
98854981
98855226
98855238
98855367
98855411
98855446
98855449
98855481
98855505
98855506
98855516
98855521
98855581
98855828
98855842
98856005
98856754
98856791
98856800
98856811
98856969
98857214
98857222
98857313
98857323
98857335
98857345
98857355
98857364
98857370
98857438
98857685
98857854
98857859
98858734
98858982
98859098
98859131
98859174
98859216
98859254
98859257
98859287
98859289
98859301
98859376
98859386
98859681
98859866
98859904
98859927
98859936
98861045
98861148
98861156
98861161
98861167
98861169
98861176
98861177
98861184
98861185
98861192
98861283
98861542
98861715
98861764
98861796
98861798
98861820
98862714
98862965
98863093
98863097
98863145
98863148
98863187
98863207
98863212
98863223
98863226
98863247
98863384
98863406
98863673
98863806
98863844
98863866
98864756
98864803
98865034
98865260
98865264
98865327
98865350
98865372
98865398
98865417
98865439
98865461
98865462
98865614
98865870
98865888
98866015
98866061
98867215
98867439
98867525
98867567
98867610
98867654
98867683
98867704
98867731
98867881
98868141
98868291
98868301
98868336
98868356
98868376
98868397
98869721
98869798
98869817
98869842
98869861
98869882
98869911
98869930
98869932
98870094
98870327
98870462
98870494
98870537
98870541
98870586
98870590
98870593
98871744
98871942
98872049
98872095
98872100
98872146
98872168
98872194
98872216
98872219
98872252
98872462
98872480
98872500
98872714
98872825
98872851
98872852
98873768
98873770
98873789
98873792
98873794
98873797
98873800
98873819
98873854
98874069
98874292
98874407
98874414
98874443
98874445
98874470
98874499
98874529
98875932
98876001
98876029
98876049
98876074
98876107
98876130
98876180
98876409
98876592
98876723
98876813
98876874
98876930
98876984
98877015
98877017
98877024
98878261
98878429
98878548
98878606
98878632
98878634
98878663
98878665
98878691
98878718
98878800
98879067
98879221
98879232
98879309
98879327
98879352
98879373
98880317
98880325
98880545
98880733
98880842
98880886
98880914
98880933
98880968
98880970
98881000
98881028
98881177
98881410
98881420
98881562
98881639
98881679
98883087
98883164
98883216
98883258
98883307
98883352
98883355
98883379
98883382
98883531
98883754
98883895
98883972
98884019
98884050
98884074
98884110
98884135
98885681
98885709
98885741
98885744
98885776
98885777
98885808
98885835
98885873
98885878
98885885
98886117
98886135
98886312
98886427
98886499
98886544
98886596
98887764
98887925
98888013
98888068
98888115
98888166
98888220
98888235
98888269
98888474
98888690
98888696
98888802
98888830
98888832
98888833
98890038
98890192
98890263
98890278
98890307
98890310
98890336
98890358
98890359
98890380
98890422
98890430
98890436
98890690
98890860
98890978
98891046
98892420
98892543
98892630
98892636
98892716
98892771
98892794
98892796
98892834
98892876
98892882
98893112
98893129
98893281
98893392
98893436
98893466
98893489
98894902
98895004
98895009
98895070
98895108
98895133
98895162
98895190
98895232
98895485
98895504
98895661
98895820
98895937
98896037
98896086
98896108
98896127
98897599
98897648
98897652
98897700
98897703
98897708
98897729
98897751
98897754
98897828
98898088
98898095
98898219
98898325
98898390
98898417
98898436
98899894
98899946
98899982
98900005
98900024
98900038
98900088
98900101
98900115
98900123
98900394
98900400
98900569
98900685
98900753
98900814
98900851
98900870
98902590
98902634
98902637
98902661
98902715
98902966
98902981
98903103
98903214
98903289
98903342
98903344
98903374
98903461
98903518
98903520
98903542
98903549
98905243
98905297
98905534
98905702
98905824
98905909
98905964
98906011
98906047
98906050
98906051
98906053
98906081
98906106
98906311
98906329
98906508
98906616
98908025
98908042
98908061
98908348
98908354
98908364
98908474
98908570
98908664
98908740
98908779
98908804
98908830
98908879
98909116
98909285
98909426
98910733
98910783
98910788
98910827
98910854
98910856
98910858
98911033
99035991
99036000
99036010
99036018
99036019
99036025
99036110
99036365
