96247127
96247133
96247140
96247147
96247152
96247253
96247261
96247263
96247264
96247269
96247419
96247666
96247768
96247780
96247786
96247803
96247805
96247927
96248048
96248072
96251631
96251635
96251658
96251708
96251952
96252162
96252220
96252221
96252242
96252244
96252263
96252266
96252291
96252313
96252335
96256256
96256272
96256288
96256290
96256305
96256331
96256534
96256765
96256773
96256848
96256866
96256880
96256894
96256909
96256924
96256939
96256940
96257066
96257079
96260299
96260354
96260497
96260759
96260764
96260929
96260976
96260978
96260980
96260998
96261000
96261019
96261038
96261039
96261058
96261072
96261128
96261369
96261388
96261599
96265349
96265601
96265712
96265714
96265736
96265776
96265798
96265837
96265853
96265858
96265889
96265891
96266047
96266349
96266504
96266512
96266541
96266573
96266606
96266628
96270431
96270432
96270451
96270468
96270469
96270471
96270474
96270490
96270491
96270570
96270582
96270867
96270884
96271035
96271069
96271185
96271202
96271220
96271243
96271257
96274591
96274685
96274702
96274704
96274720
96274722
96274764
96275001
96275020
96275237
96275297
96275298
96275299
96275318
96275333
96275334
96275350
96275365
96275367
96275384
96279030
96279209
96279229
96279262
96279534
96279624
96279645
96279652
96279660
96279770
96279772
96279790
96279811
96279813
96279833
96279835
96279855
96279857
96279863
96280055
96283151
96283156
96283162
96283167
96283198
96283400
96283419
96283643
96283654
96283716
96283723
96283729
96283735
96283736
96283743
96283744
96283749
96283756
96283763
96283944
96287209
96287215
96287222
96287223
96287229
96287230
96287235
96287237
96287263
96287477
96287674
96287738
96287743
96287744
96287747
96287753
96287759
96287763
96287764
96287769
96290417
96290419
96290422
96290429
96290435
96290440
96290448
96290597
96290840
96290958
96290982
96290998
96291020
96291021
96291033
96291055
96291056
96291069
96291157
96294304
96294489
96294536
96294542
96294545
96294552
96294553
96294554
96294559
96294563
96294572
96294757
96294983
96294989
96295058
96295060
96295074
96295086
96298341
96298370
96298376
96298380
96298426
96298427
96298442
96298487
96298620
96298635
96298909
96299029
96299072
96299075
96299085
96299119
96299134
96299166
96299186
96299277
96302418
96302424
96302434
96302459
96302665
96302883
96427642
96427649
96427808
96427827
96427829
96427832
96427838
96427845
96427852
96427856
96427857
96427889
96428115
96428318
96428373
96428381
96428388
96428396
96428404
96428411
96432088
96432101
96432112
96432121
96432129
96432138
96432148
96432258
96432518
96432660
96432676
96432684
96432685
96432686
96432687
96432702
96432709
96432815
96432825
96432890
96436399
96436400
96436405
96436408
96436412
96436415
96436477
96436489
96436500
96436779
96436794
96436943
96436946
96436958
96436965
96436966
96436969
96436970
96436972
96436973
96439730
96439848
96439887
96439889
96439891
96439892
96439900
96439908
96439913
96440021
96440022
96440025
96440109
96440381
96440540
96440560
96440562
96440568
96440576
96442928
96442933
96443006
96443253
96443409
96443535
96443544
96443550
96443551
96443552
96443554
96443557
96443561
96443566
96443598
96443830
96444045
96444097
96444104
96444108
96447100
96447107
96447115
96447124
96447226
96447236
96447237
96447311
96447581
96447741
96447746
96447770
96447776
96447778
96447779
96447783
96447784
96447785
96447789
96447792
96450805
96451057
96451188
96451191
96451205
96451211
96451219
96451222
96451223
96451227
96451231
96451292
96451539
96451712
96451739
96451744
96451748
96451754
96451758
96451765
96454672
96454679
96454680
96454689
96454695
96454826
96455064
96455186
96455223
96455230
96455237
96455239
96455247
96455254
96455262
96455314
96455326
96455336
96455578
96455743
96458625
96458626
96458644
96458653
96458665
96458674
96458676
96458686
96458694
96458808
96459061
96459195
96459198
96459211
96459219
96459235
96459243
96459244
96459255
96459363
96462394
96462402
96462404
96462426
96462646
96462661
96462858
96462906
96462911
96462912
96462913
96462918
96462925
96462926
96462929
96462930
96462937
96462938
96462977
96465839
96465847
96465855
96465861
96465873
96465978
96465980
96466008
96466209
96466426
96466431
96466439
96466495
96466506
96466516
96466526
96466532
96466533
96466542
96466543
96469624
96469684
96469693
96469946
96469958
96470107
96470131
96470140
96470146
96470147
96470152
96470162
96470171
96470195
96470200
96470413
96470430
96470621
96473785
96473797
96473803
96473808
96473810
96473819
96473820
96473827
96473883
96474129
96474298
96474406
96474450
96474456
96474465
96474466
96474473
96474475
96474482
96474483
96477486
96477493
96477497
96477632
96477868
96477988
96477999
96478000
96478011
96478019
96478021
96478124
96478125
96478134
96478136
96478142
96478231
96478492
96478645
96478677
96478685
96478686
96478692
96481966
96483750
96711260
96711261
96711262
96711265
96711268
96711273
96711275
96711280
96711284
96711288
96711290
96711292
96711299
96711304
96711306
96711313
96711315
96711320
96711325
96711328
96711329
96711331
96711336
96711340
96711342
96711345
96711347
96711350
96711353
96711357
96711358
96711364
96711367
96711373
96711375
96711380
96711383
96711389
96711392
96711397
96711399
96711405
96796090
96796178
96796184
96796235
96796244
96796253
96796263
96796272
96796276
96796430
96796632
96796754
96796805
96796815
96796826
96796827
96796832
96796834
96796922
96796955
96800831
96800880
96800921
96801016
96801021
96801022
96801026
96801028
96801187
96801352
96801471
96801476
96801528
96801533
96801565
96801568
96801578
96801583
96801592
96801599
96804707
96804712
96804719
96804720
96804830
96804832
96804938
96804951
96805146
96805266
96805332
96805379
96805394
96805404
96805410
96805415
96805451
96805682
96805808
96805887
96808749
96808751
96808753
96808789
96809017
96809153
96809159
96809241
96809302
96809327
96809329
96809343
96809350
96809356
96809362
96809518
96809702
96809802
96809862
96809912
96813299
96813307
96813315
96813327
96813329
96813336
96813522
96813539
96813711
96813715
96813815
96813861
96813887
96813970
96814009
96814010
96814011
96814021
96814033
96817071
96817076
96817077
96817151
96817392
96817512
96817585
96817616
96817633
96817634
96817640
96817644
96817645
96817649
96817667
96817872
96818015
96818109
96818161
96818183
96820824
96820830
96820837
96821072
96821270
96821276
96821325
96821335
96821341
96821349
96821355
96821363
96821369
96821370
96821374
96821565
96821787
96821884
96821898
96821906
96824941
96824945
96824947
96824951
96824985
96825217
96825417
96825465
96825466
96825469
96825470
96825472
96825480
96825481
96825482
96825486
96825493
96825510
96825701
96825924
96829083
96829098
96829105
96829127
96829136
96829355
96829378
96829414
96829592
96829601
96829606
96829631
96829632
96829635
96829640
96829648
96829751
96829756
96829763
96832652
96832661
96832666
96832670
96832675
96832683
96832703
96832907
96832923
96833118
96833125
96833137
96833145
96833187
96833294
96833297
96833301
96833302
96833303
96833304
96836353
96836363
96836364
96836373
96836374
96836537
96836781
96836791
96836800
96836892
96836905
96836914
96836915
96836929
96837037
96837041
96837047
96837152
96837442
96837450
96840105
96840106
96840118
96840128
96840232
96840485
96840626
96840644
96840659
96840748
96840753
96840760
96840761
96840763
96840769
96840776
96840778
96840779
96840860
96841141
96844302
96844310
96844311
96844321
96844329
96844340
96844351
96844352
96844361
96844519
96844766
96844893
96844907
96844912
96844913
96844919
96844920
96844926
96844933
96844939
96847737
96847744
96847861
96847878
96847881
96847884
96847914
96848172
96848359
96848416
96848417
96848427
96848435
96848439
96848445
96848447
96848456
96848464
96848638
96848658
96964490
96964497
96964535
96964542
96964544
96964549
96964550
96964556
96964557
96964563
96964570
96964603
96964828
96964847
96965025
96965087
96965110
96965115
96965120
96967814
96967934
96967950
96967966
96968202
96968311
96968317
96968326
96968332
96968342
96968347
96968348
96968350
96968355
96968364
96968472
96968728
96968861
96968866
96968870
96971690
96971694
96971700
96971709
96971713
96971737
96971945
96972159
96972167
96972172
96972219
96972227
96972236
96972237
96972243
96972248
96972253
96972261
96972267
96972273
96975588
96975593
96975594
96975605
96975615
96975616
96975623
96975630
96975636
96975638
96975721
96975732
96975751
96976005
96976140
96976142
96976155
96976162
96976173
96976174
96979026
96979032
96979034
96979041
96979081
96979315
96979331
96979513
96979519
96979549
96979555
96979559
96979563
96979566
96979570
96979579
96979756
96979985
96980063
96980068
96980606
96980610
96980613
96980649
96980881
96980912
96981104
96981143
96981144
96981145
96981148
96981150
96981154
96981159
96983869
96983888
96983892
96984124
96984138
96984346
96984352
96984363
96984402
96984403
96984408
96984413
96984414
96984418
96984425
96984426
96984432
96987598
96987607
96987609
96987612
96987622
96987623
96987628
96987630
96987743
96987996
96988124
96988146
96988151
96988159
96988160
96988164
96988169
96988173
96988247
96988424
96991412
96991558
96991568
96991572
96991577
96991580
96991584
96991587
96991618
96991863
96992044
96992080
96992083
96992086
96992090
96992093
96992097
96992107
96992114
96995319
96995328
96995338
96995347
96995356
96995363
96995374
96995441
96995687
96995695
96995707
96995731
96995870
96995891
96995900
96995909
96995918
96995920
96995929
96995937
96998777
96998782
96998820
96999053
96999240
96999282
96999292
96999303
96999309
96999314
96999319
96999329
96999503
96999739
96999822
96999824
96999830
96999835
97002761
97002806
97002826
97002828
97002844
97002847
97002859
97002874
97002897
97002931
97003133
97003378
97003461
97003462
97003471
97003479
97003489
97003495
97003508
97003517
97006243
97006246
97006282
97006507
97006525
97006538
97006554
97006707
97006745
97006750
97006753
97006754
97006758
97006761
97006763
97006786
97006997
97007213
97007223
97007279
97010002
97010009
97010014
97010020
97010028
97010033
97010034
97010161
97010398
97010522
97010546
97010552
97010562
97010569
97010575
97010576
97010580
97010633
97010873
97013061
97013178
97013180
97013186
97013189
97013192
97013196
97013197
97013199
97013203
97013206
97013282
97013531
97013710
97014715
97014747
97014752
97014757
97014762
97014766
97014772
97014797
97015009
97015023
97015227
97018605
97018610
97018618
97018623
97018779
97019017
97019114
97019117
97019140
97019144
97019145
97019146
97019153
97019165
97019167
97019177
97019265
97019514
97125064
97125074
97125324
97125487
97125520
97125524
97125525
97125529
97125530
97125531
97125532
97125537
97125538
97125542
97125597
97125831
97126017
97126059
97126066
97126067
97127240
97127248
97127251
97127252
97127258
97127260
97127264
97127272
97127281
97127352
97127602
97127614
97127631
97127645
97127780
97127786
97127799
97127819
97127828
97127836
97128938
97128944
97128952
97128958
97129052
97129296
97129436
97129440
97129470
97129476
97129477
97129483
97129489
97129494
97129499
97129533
97129545
97129555
97129824
97130015
97130656
97130666
97130671
97130679
97130684
97130858
97131101
97131190
97131210
97131220
97131226
97131227
97131235
97131241
97131253
97131338
97131352
97131601
97131749
97131755
97132601
97132830
97132894
97132903
97132904
97132909
97132918
97132925
97132933
97132941
97133064
97133347
97133502
97133520
97133534
97133546
97133557
97133559
97133572
97133584
97134740
97134748
97134756
97134765
97134910
97135154
97135268
97135284
97135295
97135304
97135305
97135316
97135327
97135336
97135406
97135665
97135835
97135843
97135849
97135857
97136744
97136992
97137000
97137076
97137078
97137087
97137097
97137105
97137107
97137119
97137121
97137129
97137139
97137289
97137539
97137640
97137648
97138738
97138745
97138747
97138748
97138754
97138766
97138771
97138772
97138776
97138780
97138956
97139191
97139286
97139293
97139299
97139303
97139307
97139315
97139317
97139323
97140422
97140429
97140591
97140815
97140926
97140936
97140943
97140949
97140965
97140970
97140977
97141046
97141298
97141310
97141324
97141337
97141478
97141491
97141492
97141501
97142342
97142360
97142556
97142606
97142618
97142619
97142627
97142635
97142637
97142645
97142653
97142664
97142670
97142858
97143090
97143173
97143187
97143196
97143204
97143209
97144317
97144321
97144322
97144328
97144333
97144338
97144356
97144547
97144768
97144840
97144844
97144848
97144851
97144859
97144860
97144873
97144879
97144998
97145259
97145385
97146172
97146393
97146399
97146459
97146467
97146468
97146472
97146479
97146484
97146488
97146492
97146493
97146642
97146911
97147017
97147027
97147032
97147037
97147045
97147052
97148151
97148160
97148167
97148169
97148170
97148172
97148173
97148188
97148364
97148603
97148691
97148692
97148703
97148712
97148721
97148723
97148730
97148737
97148744
97148846
97149848
97149857
97149864
97149872
97149900
97149908
97150140
97150356
97150409
97150422
97150436
97150441
97150450
97150454
97150462
97150614
97150857
97150973
97150989
97151002
97151684
97151928
97152108
97152149
97152160
97152161
97152169
97152183
97152193
97152208
97152228
97152236
97152438
97152454
97152667
97152743
97152744
97152746
97152761
97152769
97153883
97153885
97153903
97153906
97153916
97153917
97153925
97153935
97153942
97153950
97154038
97154286
97154440
97154473
97154474
97154485
97154492
97154499
97154510
97154511
97155686
97155699
97155712
97155714
97155728
97155740
97155742
97155753
97155917
97156165
97156285
97156332
97156349
97156385
97156392
97156619
97156826
97156897
97156913
97156924
97156926
97156928
97156930
97156945
97156957
97156964
97156973
97158152
97158162
97158173
97158224
97158234
97158492
97158668
97158708
97158718
97158719
97158727
97158728
97158737
97158738
97158746
97158754
97158783
97158994
97159008
97159882
97159884
97159901
97159915
97159926
97159928
97159937
97160108
97160131
97160360
97160439
97160449
97160450
97160452
97160458
97160464
97160474
97160481
97160491
97160638
97161638
97161647
97161649
97161650
97161651
97161665
97161667
97161682
97161691
97161777
97162034
97162049
97162066
97162074
97162213
97162225
97162238
97162239
97162247
97162256
97163431
97163442
97163443
97163454
97163466
97163467
97163611
97163628
97163874
97163986
97164005
97164006
97164020
97164022
97164033
97164042
97164057
97164068
97164151
97164433
97165347
97165360
97165604
97165713
97165714
97165722
97165728
97165729
97165730
97165736
97165742
97165743
97165747
97165751
97165843
97166100
97166250
97166255
97166264
97166267
97166883
97167122
97167136
97167152
97167323
97167347
97167351
97167358
97167366
97167372
97167378
97167390
97167604
97167830
97167912
97167923
97167924
97167932
97167939
97167945
97169027
97169033
97169041
97169050
97169051
97169052
97169053
97169061
97169067
97169068
97169115
97169350
97169536
97169578
97169580
97169585
97169595
97169602
97169613
97169624
97170739
97170740
97170747
97170749
97170793
97171031
97171237
97171285
97171291
97171292
97171300
97171301
97171302
97171304
97171313
97171320
97171326
97171353
97171561
97171768
97172394
97172407
97172413
97172417
97172566
97172808
97172909
97172913
97172920
97172927
97172931
97172932
97172937
97172941
97173005
97173253
97173416
97173450
97173457
97174023
97174206
97174222
97174477
97174545
97174551
97174556
97174560
97174563
97174568
97174574
97174576
97174577
97174578
97174580
97174730
97174970
97175078
97175085
97175086
97176197
97176205
97176213
97176220
97176229
97176239
97176250
97176370
97176627
97176753
97176762
97176777
97176785
97176794
97176806
97176822
97176875
97177110
97177302
97177308
97178358
97178494
97178513
97178520
97178521
97178529
97178530
97178534
97178547
97178556
97178607
97178843
97179019
97179064
97179068
97179072
97179076
97179083
97179093
97180188
97180189
97180201
97180202
97180211
97180220
97180227
97180298
97180546
97313941
97314177
97330226
97330238
97330394
97330420
97330425
97330426
97330432
97330436
97330442
97330446
97330471
97330684
97330694
97330909
97330961
97330972
97330980
97330995
97331007
97331016
97332188
97332189
97332202
97332221
97332250
97332260
97332318
97332331
97332601
97332782
97332824
97332851
97332865
97332877
97332888
97332900
97332902
97332929
97333128
97333352
97334093
97334094
97334106
97334120
97334122
97334123
97334124
97334135
97334313
97334558
97334570
97334655
97334657
97334669
97334677
97334685
97334694
97334695
97334697
97334714
97336002
97336120
97336134
97336143
97336148
97336152
97336159
97336173
97336231
97336245
97336497
97336692
97336697
97336741
97336763
97336774
97336790
97336794
97336800
97336801
97338112
97338113
97338115
97338122
97338123
97338126
97338131
97338143
97338151
97338301
97338546
97338560
97338784
97338842
97338844
97338846
97338848
97338849
97338850
97338855
97339464
97339470
97339475
97339481
97339666
97339896
97339986
97339993
97340002
97340014
97340047
97340185
97340189
97340216
97340314
97340574
97340717
97340732
97340741
97340749
97341556
97341788
97341990
97341996
97342000
97342037
97342046
97342055
97342058
97342068
97342085
97342087
97342100
97342102
97342125
97342132
97342139
97342150
97342161
97342412
97343432
97343442
97343447
97343449
97343451
97343452
97343461
97343462
97343469
97343477
97343536
97343782
97344019
97344142
97344161
97344186
97344194
97344200
97344201
97345347
97345352
97345482
97345604
97345799
97345833
97345843
97345953
97346194
97346200
97346375
97346527
97346630
97346695
97346749
97346795
97346797
97346838
97346915
97347151
97348444
97348463
97348480
97348482
97348499
97348505
97348692
97348709
97348727
97348957
97348965
97348970
97349068
97349106
97349124
97349151
97349312
97349326
97349342
97349343
97350775
97350777
97350796
97350840
97351074
97351290
97351361
97351388
97351406
97351432
97351433
97351455
97351475
97351493
97351650
97351912
97352039
97352061
97352084
97352104
97353580
97353671
97353807
97353808
97353828
97353848
97353865
97353881
97353899
97354075
97354322
97354331
97354440
97354464
97354484
97354502
97354504
97354522
97354540
97354541
97355707
97355726
97355735
97355741
97355750
97355756
97355765
97355766
97355801
97356032
97414776
97472238
97472504
97472523
97472538
97472708
97472746
97472755
97472757
97472766
97472779
97472780
97472781
97472792
97472804
97472940
97473157
97473361
97473425
97473434
97474169
97474420
97474576
97474697
97474698
97474711
97474722
97474733
97474744
97474756
97474788
97474796
97474805
97475043
97475234
97475288
97475301
97475311
97475326
97476478
97476597
97476603
97476619
97476635
97476649
97476650
97476664
97476678
97476688
97476689
97476814
97477051
97477217
97477305
97477314
97477323
97477329
97477338
97478163
97478184
97478196
97478206
97478211
97478214
97478215
97478221
97478225
97478367
97478481
97478490
97478497
97478572
97478588
97478590
97478595
97478603
97478609
97479266
97479522
97479543
97479677
97479721
97479723
97479729
97479736
97479742
97479748
97479750
97479752
97479753
97479759
97479760
97479835
97479844
97480094
97480248
97480866
97480874
97480887
97480910
97481114
97481332
97481342
97481402
97481414
97481415
97481423
97481431
97481438
97481440
97481441
97481451
97481460
97481625
97481870
97482604
97482612
97482621
97482680
97482959
97483137
97483177
97483178
97483190
97483199
97483201
97483215
97483230
97483245
97483248
97483249
97483288
97484449
97484472
97484484
97484497
97484600
97484855
97485004
97485028
97485029
97485030
97485044
97485060
97485070
97485071
97485083
97485096
97485162
97485410
97485595
97486360
97486369
97486530
97486802
97486812
97486908
97486920
97486922
97486923
97486934
97486943
97486944
97486952
97486960
97486968
97486969
97486970
97487108
97487370
97488197
97488221
97488225
97488434
97488449
97488655
97488661
97488721
97488736
97488748
97488751
97488761
97488762
97488772
97488779
97488780
97488790
97488975
97489209
97490003
97490261
97490464
97490468
97490518
97490528
97490542
97490555
97490557
97490576
97490595
97490612
97490787
97491029
97491043
97491153
97491170
97491175
97491785
97491786
97491860
97492114
97492274
97492307
97492318
97492326
97492339
97492346
97492347
97492356
97492378
97492581
97492595
97492812
97492873
97492880
97492888
97494059
97494067
97494077
97494084
97494093
97494105
97494125
97494312
97494542
97494629
97494638
97494646
97494658
97494678
97494692
97494694
97494713
97494821
97495069
97495901
97495918
97496102
97496119
97496352
97496430
97496431
97496449
97496465
97496474
97496483
97496484
97496497
97496514
97496645
97496885
97497012
97497065
97497080
97497805
97497814
97498038
97498237
97498306
97498307
97498323
97498334
97498343
97498358
97498371
97498381
97498537
97498556
97498572
97498809
97498898
97498912
97498924
97499614
97499864
97500037
97500045
97500078
97500086
97500097
97500110
97500123
97500134
97500151
97500156
97500361
97500584
97500656
97500664
97500672
97500673
97500681
97501837
97501865
97501878
97501888
97501903
97501913
97501924
97501950
97502160
97502381
97502390
97502455
97502469
97502487
97502495
97502509
97502520
97502529
97502658
97503726
97503740
97503770
97503984
97504201
97504278
97504289
97504303
97504316
97504327
97504339
97504352
97504483
97504751
97504902
97504920
97504922
97504923
97504932
97505564
97505789
97505988
97505996
97506039
97506052
97506059
97506066
97506076
97506084
97506091
97506262
97506497
97506592
97506599
97506603
97506604
97506609
97507716
97507723
97507725
97507733
97507734
97507741
97507748
97507942
97507959
97508182
97508192
97508279
97508283
97508291
97508297
97508304
97508311
97508317
97508330
97509467
97509479
97509481
97509491
97509501
97509528
97509741
97509956
97509967
97510032
97510043
97510051
97510060
97510077
97510088
97510100
97510101
97510251
97510492
97511252
97511260
97511294
97511520
97511752
97511810
97511818
97511827
97511837
97511847
97511855
97511857
97511868
97511874
97512065
97512284
97512374
97512387
97512395
97513449
97513484
97513491
97513500
97513506
97513512
97513517
97513529
97513709
97513720
97513944
97513956
97514032
97514045
97514053
97514054
97514062
97514069
97514079
97515184
97515189
97515191
97515200
97515201
97515202
97515211
97515219
97515262
97515514
97515528
97515744
97515819
97515821
97515860
97515862
97515887
97515896
97515905
97516634
97516670
97516731
97516745
97516763
97516980
97517146
97517196
97517197
97517199
97517200
97517210
97517222
97517224
97517226
97517250
97517292
97517328
97517416
97518613
97518790
97518864
97518910
97518956
97518995
97519028
97519070
97519073
97519076
97519145
97519399
97519655
97519670
97519737
97519786
97519790
97519835
97519875
97521481
97521529
97521531
97521569
97521570
97521612
97521615
97521653
97521686
97521689
97521736
97521827
97521838
97522123
97522137
97522338
97522345
97522415
97522453
97523545
97523774
97536976
97638609
97646138
97646480
97650029
97650149
97650166
97650176
97650177
97650184
97650192
97650199
97650206
97650263
97650506
97650678
97650710
97650717
97650722
97650728
97650733
97650740
97650741
97651808
97651814
97651815
97651818
97651825
97651826
97651830
97651849
97651850
97651864
97651867
97652004
97652020
97652265
97652367
97652372
97652374
97652378
97652380
97652973
97653025
97653037
97653277
97653289
97653301
97653313
97653461
97653486
97653494
97653495
97653503
97653508
97653515
97653516
97653524
97653561
97653793
97653996
97654634
97654635
97654646
97654648
97654649
97654656
97654819
97655053
97655162
97655171
97655172
97655181
97655200
97655207
97655208
97655215
97655221
97655222
97655324
97656371
97656519
97656777
97656786
97656880
97656885
97656891
97656892
97656899
97656901
97656902
97656907
97656911
97656916
97657003
97657249
97657402
97657417
97657422
97658177
97658403
97658407
97658476
97658480
97658485
97658488
97658489
97658496
97658497
97658505
97658510
97658636
97658885
97659008
97659010
97659022
97659026
97659032
97659658
97659659
97659718
97659728
97659971
97660129
97660132
97660179
97660187
97660196
97660197
97660202
97660207
97660212
97660213
97660240
97660251
97660261
97660500
97661347
97661358
97661466
97661748
97661759
97661774
97661879
97661891
97661905
97661912
97661915
97661916
97661926
97661927
97661939
97661946
97662045
97662295
97662434
97663081
97663083
97663090
97663092
97663100
97663109
97663120
97663172
97663416
97663574
97663658
97663659
97663683
97663697
97663705
97663710
97663718
97663727
97663910
97664806
97664811
97664817
97664822
97664890
97665139
97665301
97665328
97665329
97665338
97665346
97665352
97665357
97665358
97665366
97665367
97665404
97665418
97665654
97666492
97666496
97666503
97666510
97666511
97666517
97666532
97666723
97666954
97667031
97667039
97667054
97667063
97667072
97667079
97667081
97667082
97667094
97667095
97668276
97668292
97668294
97668308
97668310
97668311
97668358
97668371
97668379
97668630
97668809
97668852
97668860
97668866
97668876
97668877
97668878
97668888
97668896
97670082
97670086
97670100
97670113
97670122
97670123
97670129
97670143
97670155
97670156
97670172
97670339
97670530
97670539
97670684
97670692
97670739
97670741
97670759
97671882
97671883
97671884
97671890
97671896
97671905
97671911
97671919
97671941
97672145
97672158
97672376
97672386
97672393
97672450
97672451
97672453
97672463
97672464
97673239
97673256
97673515
97673634
97673670
97673681
97673682
97673695
97673703
97673716
97673725
97673760
97673850
97674094
97674108
97674259
97674308
97674319
97674320
97675004
97675219
97675431
97675501
97675511
97675519
97675530
97675533
97675543
97675562
97675575
97675707
97675960
97676084
97676118
97676120
97676133
97676144
97676154
97677334
97677345
97677347
97677354
97677362
97677365
97677374
97677386
97677401
97677408
97677602
97677832
97677842
97677914
97677915
97677922
97677928
97677933
97677934
97679112
97679119
97679120
97679127
97679134
97679157
97679372
97679589
97679602
97679690
97679692
97679714
97679737
97679738
97679740
97679755
97679764
97679771
97679778
97680881
97680917
97680932
97680934
97680943
97680951
97680956
97681020
97681033
97681285
97681440
97681476
97681477
97681479
97681480
97681487
97681494
97681502
97682101
97682102
97682109
97682179
97682426
97682588
97682629
97682639
97682649
97682664
97682665
97682675
97682691
97682712
97682906
97683128
97683220
97683233
97683243
97684377
97684420
97684433
97684434
97684442
97684443
97684449
97684451
97684460
97684461
97684470
97684501
97684721
97684735
97684754
97684769
97684789
97684801
97684807
97685622
97685629
97685804
97686040
97686128
97686139
97686143
97686149
97686155
97686161
97686168
97686232
97686482
97686636
97686675
97686682
97686683
97686693
97686699
97688023
97688031
97688240
97688242
97688312
97688435
97688531
97688663
97688732
97689853
97689862
97689869
97689881
97689895
97689940
97690177
97690366
97690369
97690413
97690424
97690432
97690441
97690449
97690463
97690464
97690466
97690486
97690492
97691612
97691620
97691621
97691639
97691640
97691642
97691654
97691662
97691663
97691815
97692068
97692194
97692211
97692221
97692230
97692245
97692248
97692257
97692271
97693405
97693417
97693510
97693771
97693927
97693946
97693953
97693954
97693962
97693971
97693972
97693979
97693991
97694036
97694269
97694284
97694475
97694527
97694545
97833730
97833731
97833739
97833740
97833748
97833902
97834144
97834341
97834359
97834371
97834381
97834389
97834403
97834415
97834482
97834501
97834758
97834923
97834950
97835847
97835861
97836109
97836209
97836222
97836235
97836243
97836255
97836256
97836270
97836280
97836281
97836368
97836622
97836830
97836909
97836921
97836935
97836945
97837806
97838036
97838045
97838122
97838141
97838152
97838169
97838172
97838173
97838174
97838234
97838287
97838302
97838484
97838749
97838852
97838869
97838888
97840162
97840163
97840179
97840189
97840198
97840209
97840211
97840221
97840355
97840606
97840734
97840756
97840773
97840776
97840785
97840796
97840839
97840920
97840971
97842171
97842179
97842192
97842199
97842204
97842329
97842583
97842596
97842710
97842720
97842727
97842734
97842740
97842752
97842753
97842754
97842761
97842827
97843076
97843948
97843951
97843958
97844112
97844354
97844467
97844561
97844566
97844574
97844585
97844586
97844594
97844602
97844669
97844681
97844957
97845118
97845123
97845149
97845722
97845735
97845745
97845754
97845762
97845770
97845771
97845772
97845939
97845952
97846205
97846374
97846400
97846411
97846412
97846419
97846430
97846431
97846443
97847567
97847569
97847570
97847580
97847581
97847590
97847591
97847592
97847605
97847719
97847864
97847885
97847905
97848137
97848149
97848239
97848242
97848245
97848256
97849003
97849080
97849331
97849496
97849535
97849544
97849545
97849547
97849548
97849549
97849550
97849556
97849570
97849572
97849573
97849582
97849589
97849590
97849664
97850796
97850804
97850817
97850818
97850825
97851002
97851253
97851264
97851335
97851342
97851352
97851356
97851362
97851371
97851380
97851466
97851718
97851871
97851991
97852623
97852624
97852629
97852651
97852658
97852872
97853083
97853138
97853148
97853156
97853164
97853166
97853168
97853175
97853177
97853287
97853295
97853462
97853710
97854457
97854458
97854459
97854469
97854470
97854480
97854491
97854500
97854609
97854625
97854880
97855010
97855030
97855032
97855044
97855057
97855072
97855081
97855082
97856390
97856391
97856392
97856404
97856417
97856426
97856569
97856820
97856954
97856956
97856982
97856997
97857015
97857027
97857029
97857045
97857046
97857060
97857147
97858349
97858367
97858386
97858404
97858423
97858605
97858620
97858869
97858880
97858959
97858976
97858990
97859004
97859020
97859040
97859056
97859058
97859177
97859432
98012412
98012413
98012421
98012431
98012517
98012528
98012774
98012918
98012927
98012969
98012970
98012981
98012982
98012992
98012994
98012995
98013002
98013003
98013005
98014063
98014070
98014096
98014097
98014107
98014116
98014123
98014133
98014140
98014163
98014371
98014590
98014650
98014665
98014679
98014689
98014696
98014704
98014715
98015863
98015874
98016050
98016294
98016393
98016404
98016415
98016425
98016434
98016445
98016446
98016459
98016548
98016808
98016968
98016988
98016989
98016991
98017007
98017881
98018112
98018180
98018193
98018194
98018205
98018216
98018232
98018243
98018244
98018254
98018383
98018644
98018657
98018775
98018794
98018795
98018797
98018816
98020010
98020031
98020045
98020062
98020071
98020076
98020189
98020204
98020443
98020569
98020574
98020586
98020592
98020597
98020602
98020607
98020613
98020666
98020907
98021735
98021833
98021849
98021865
98022103
98022216
98022243
98022250
98022256
98022262
98022266
98022267
98022273
98022355
98022630
98022789
98022797
98022828
98022841
98023635
98023875
98023956
98023967
98023982
98023983
98023984
98023985
98023994
98024003
98024012
98024014
98024023
98024168
98024414
98024526
98024538
98024540
98024551
98025575
98025653
98025667
98025677
98025684
98025693
98025702
98025710
98025711
98025863
98026135
98026144
98026246
98026258
98026259
98026266
98026274
98026277
98026284
98027387
98027391
98027392
98027398
98027400
98027406
98027573
98027809
98027906
98027912
98027919
98027925
98027932
98027933
98027939
98027946
98028023
98028267
98028430
98029030
98029039
98029217
98029485
98029576
98029582
98029584
98029591
98029597
98029600
98029606
98029608
98029613
98029621
98029622
98029742
98029758
98029998
98030016
98030723
98030730
98030736
98030742
98030743
98030807
98031056
98031225
98031258
98031269
98031280
98031287
98031294
98031302
98031311
98031494
98031735
98031821
98031836
98033032
98033042
98033049
98033050
98033052
98033060
98033068
98033075
98033077
98033238
98033485
98033498
98033590
98033591
98033593
98033604
98034711
98034719
98034724
98034725
98034726
98034736
98034737
98034738
98034739
98034745
98034769
98034791
98035001
98035221
98035289
98035298
98035300
98035301
98035308
98518177
98844807
98844820
98845058
98845178
98845209
98845245
98845272
98845280
98845281
98845293
98845302
98845303
98845398
98845650
98845802
98845823
98845824
98845831
98846723
98846738
98846757
98846979
98847050
98847052
98847054
98847066
98847079
98847080
98847087
98847096
98847105
98847106
98847117
98847119
98847124
98847307
98848409
98848423
98848459
98848695
98848899
98848979
98848983
98849023
98849063
98849097
98849104
98849113
98849125
98849285
98849524
98849632
98849648
98849662
98850400
98850402
98850464
98850720
98850733
98850897
98850942
98850944
98850947
98850998
98851008
98851020
98851021
98851033
98851044
98851046
98851087
98851099
98852356
98852368
98852369
98852382
98852395
98852396
98852511
98852525
98852797
98852945
98853002
98853039
98853070
98853072
98853079
98853081
98853090
98853097
98854238
98854273
98854277
98854310
98854316
98854323
98854329
98854330
98854503
98854520
98854742
98854829
98854837
98854844
98854852
98854857
98854858
98854866
98856011
98856071
98856079
98856080
98856084
98856094
98856095
98856101
98856107
98856108
98856139
98856361
98856562
98856635
98856638
98856678
98856715
98856752
98857897
98857899
98857933
98857970
98858005
98858029
98858040
98858066
98858272
98858487
98858553
98858567
98858574
98858575
98858582
98858590
98858599
98858606
98859937
98859945
98859959
98859984
98860223
98860454
98860463
98860473
98860482
98860568
98860600
98860621
98860626
98860633
98860638
98860645
98860812
98861827
98861836
98861843
98861872
98861877
98862105
98862300
98862374
98862376
98862379
98862400
98862427
98862429
98862449
98862472
98862492
98862517
98863885
98863906
98863926
98863944
98863995
98864244
98864464
98864472
98864560
98864565
98864614
98864665
98864668
98864673
98864677
98864710
98864733
98864753
98866109
98866160
98866192
98866193
98866216
98866235
98866326
98866595
98866774
98866780
98866816
98866836
98866864
98866885
98866912
98866913
98866935
98866980
98868419
98868424
98868441
98868525
98868539
98868793
98868960
98869024
98869027
98869085
98869133
98869176
98869210
98869231
98869272
98869502
98869710
98870633
98870681
98870684
98870713
98870819
98870832
98870852
98870868
98871112
98871242
98871287
98871312
98871333
98871354
98871380
98871404
98871407
98871474
98872877
98872878
98872895
98872914
98872918
98872934
98872960
98873141
98873370
98873523
98873624
98873691
98873695
98873752
98873757
98873761
98873763
98873765
98874551
98874591
98874593
98874743
98874980
98875130
98875145
98875216
98875220
98875265
98875316
98875362
98875389
98875414
98875415
98875506
98875517
98875769
98877027
98877029
98877031
98877064
98877286
98877483
98877625
98877698
98877700
98877731
98877734
98877762
98877765
98877793
98877820
98877821
98877846
98878009
98879395
98879420
98879422
98879424
98879427
98879493
98879504
98879777
98879941
98880062
98880120
98880173
98880227
98880255
98880257
98880280
98880284
98881721
98881761
98881765
98881793
98881812
98881885
98882167
98882293
98882390
98882435
98882439
98882463
98882484
98882512
98882534
98882571
98882779
98882973
98884187
98884450
98884612
98884754
98884760
98884766
98884772
98884869
98884968
98884971
98884978
98885033
98885061
98885064
98885090
98885156
98885411
98885591
98886599
98886606
98886645
98886668
98886690
98886875
98887089
98887223
98887293
98887295
98887322
98887353
98887354
98887375
98887403
98887425
98887513
98888853
98888856
98888869
98888891
98888913
98888934
98889116
98889134
98889374
98889520
98889582
98889586
98889623
98889647
98889667
98889689
98889702
98889782
98891094
98891122
98891145
98891168
98891171
98891200
98891388
98891610
98891734
98891784
98891816
98891839
98891864
98891892
98891917
98891997
98892010
98892264
98893505
98893531
98893551
98893554
98893717
98893950
98894098
98894108
98894202
98894256
98894307
98894311
98894356
98894397
98894416
98894502
98894760
98894767
98896156
98896305
98896546
98896669
98896768
98896772
98896779
98896826
98896853
98896880
98896900
98896905
98896925
98897011
98897263
98897273
98897407
98897528
98898459
98898483
98898504
98898710
98898882
98899000
98899101
98899172
98899226
98899230
98899271
98899311
98899327
98899438
98899674
98899807
98899891
98900890
98900922
98901130
98901148
98901358
98901456
98901521
98901562
98901595
98901617
98901681
98901772
98901899
98902129
98902252
98902373
98902469
98902543
98903773
98903963
98904095
98904105
98904214
98904285
98904334
98904357
98904382
98904408
98904521
98904761
98904879
98904976
98905023
98905068
98905094
98905116
98906802
98906838
98906867
98906891
98906893
98906895
98906952
98907152
98907349
98907447
98907455
98907581
98907684
98907694
98907778
98907838
98907890
98907928
98909432
98909560
98909571
98909579
98909676
98909682
98909753
98909799
98909801
98909838
98909840
98909878
98910087
98910257
98910266
98910458
98910578
98910664
98955235
99034940
99034956
99035183
99035190
99035265
99035286
99035293
99035302
99035310
99035417
99035418
99035425
99035582
99035815
99035956
99035978
99035980
99035990
