15.493
15.620
17.938
18.047
18.436
17.809
59.609
19.868
14.772
15.517
15.103
14.954
16.654
16.020
16.298
14.283
17.902
17.011
19.513
17.348
17.941
16.562
14.847
15.517
15.676
16.383
15.282
14.793
16.096
15.376
16.379
18.401
17.004
16.204
14.888
16.531
14.279
17.288
16.101
16.438
15.383
15.974
33.694
15.727
14.463
15.207
15.056
16.478
15.096
17.196
16.315
16.139
18.899
16.918
21.080
18.161
15.905
15.140
15.815
12.797
16.472
15.538
18.415
16.920
15.756
21.846
17.172
22.086
15.998
16.109
16.958
15.452
16.416
15.869
17.922
17.717
16.898
17.320
15.537
17.738
16.145
16.308
14.571
15.243
16.594
15.420
17.719
15.976
14.281
15.011
14.953
17.219
15.611
15.130
15.724
16.908
15.196
14.499
16.267
13.766
15.627
16.955
16.979
18.622
16.449
15.980
16.692
15.864
18.263
17.236
15.816
16.085
27.803
15.631
16.034
16.996
17.280
19.268
16.384
60.212
23.238
31.723
21.809
16.899
15.792
15.416
21.268
15.639
25.871
23.581
18.227
20.196
18.414
17.423
17.755
17.140
16.035
18.658
18.896
19.860
18.091
17.325
45.565
4.531
17.466
17.771
16.832
16.136
16.000
15.326
17.289
16.791
17.329
16.603
18.969
18.530
13.855
17.761
16.202
15.144
16.051
16.600
16.075
14.224
14.595
14.298
15.851
15.869
16.142
16.325
19.515
17.281
17.525
16.337
15.837
16.400
16.196
