74.326
74.600
77.770
78.947
74.941
75.312
121.563
80.685
78.613
81.541
87.481
82.620
81.757
78.400
79.264
91.865
86.383
80.839
80.963
84.725
85.451
81.929
82.196
76.120
76.708
82.173
78.074
79.485
79.946
79.890
81.095
78.228
77.283
76.572
78.453
79.363
79.201
75.852
78.544
80.464
79.320
79.743
82.786
82.102
79.478
81.943
78.126
76.403
85.017
74.998
81.740
83.238
81.191
80.176
80.354
81.034
79.851
81.541
74.843
73.959
82.607
81.748
86.698
82.692
84.615
83.353
81.935
82.542
83.592
83.146
91.650
83.289
86.819
246.373
85.425
85.389
84.760
82.601
83.208
86.286
84.705
92.947
83.467
81.005
84.635
80.189
82.424
84.949
79.188
78.121
77.036
80.447
78.247
82.251
82.689
79.463
78.980
78.120
84.175
84.563
80.131
79.044
80.502
81.479
77.915
79.107
82.152
84.626
90.188
88.031
84.500
85.633
85.167
80.908
83.577
88.029
85.245
84.266
81.350
33.716
59.904
82.911
85.563
81.865
80.116
78.172
80.532
79.330
75.536
83.383
87.353
77.253
76.477
84.374
83.653
83.874
82.890
85.823
87.342
75.700
81.452
79.995
76.855
81.062
82.165
83.574
82.203
80.659
80.063
80.113
79.742
69.873
69.802
84.249
84.003
82.649
83.701
83.339
83.348
81.967
82.466
81.675
76.718
79.030
79.914
66.627
67.016
87.820
84.869
86.147
83.819
84.916
81.375
82.698
