13.025
13.438
13.565
13.618
14.619
50.030
13.432
12.158
12.188
12.359
13.057
12.241
13.604
13.098
12.049
13.308
12.575
12.807
12.576
13.231
13.185
13.374
13.150
12.854
13.396
14.379
12.346
12.900
12.769
12.665
12.543
12.654
11.566
12.263
12.361
12.268
12.391
13.113
12.562
30.986
13.482
12.481
12.982
12.570
13.399
13.201
13.628
13.402
12.265
17.005
13.544
13.074
12.425
13.353
13.031
12.929
10.505
14.230
13.588
14.458
13.140
12.891
13.479
12.836
12.324
15.603
13.933
12.639
13.638
13.096
13.314
13.526
15.297
14.695
14.472
12.855
12.450
11.975
11.909
12.585
13.178
13.724
12.746
11.806
15.047
13.171
12.809
13.456
12.334
11.976
12.951
12.221
12.618
12.626
15.470
12.149
11.358
11.531
12.499
13.046
13.722
76.304
12.913
30.941
14.655
13.406
12.239
13.990
14.655
13.327
12.755
12.209
11.956
11.831
12.020
13.809
12.417
14.059
12.715
19.729
12.846
12.676
12.773
12.220
13.448
11.901
11.316
11.979
14.329
13.537
12.844
12.654
12.490
12.813
12.987
12.148
12.112
12.446
12.316
16.655
14.068
11.728
14.838
14.574
14.104
13.202
12.759
12.531
12.385
12.516
12.430
9.589
12.535
12.206
14.950
13.923
11.268
12.078
12.524
12.427
12.664
12.778
13.456
11.786
11.849
11.507
12.806
13.374
13.124
12.518
15.759
12.616
12.655
12.028
13.223
12.786
12.674
