15.701
15.475
16.954
16.459
16.166
17.132
54.823
58.163
15.367
15.468
15.428
17.893
16.374
18.336
16.362
16.747
19.276
18.497
17.571
18.068
17.934
16.342
16.421
16.481
16.197
16.584
16.727
17.384
17.103
17.453
24.743
15.061
15.546
16.087
16.234
16.320
15.969
16.385
16.374
16.640
16.061
16.963
16.344
16.236
17.708
16.354
16.901
15.887
17.471
16.913
20.568
18.647
17.283
16.127
16.444
15.819
17.466
16.236
16.461
16.856
15.133
22.844
20.430
16.242
16.309
16.985
16.451
17.971
17.042
17.382
16.843
18.089
17.446
17.473
19.027
15.300
16.700
17.545
16.722
15.712
17.823
20.078
19.111
17.266
18.344
17.343
17.219
17.602
15.974
15.023
15.700
15.880
17.005
16.761
16.324
16.555
17.664
18.761
16.517
17.660
17.592
16.190
16.074
17.255
16.003
17.297
18.653
16.435
16.087
15.134
15.500
16.015
18.085
16.017
16.158
15.858
23.553
20.235
18.248
17.870
15.926
14.867
14.979
18.327
19.261
19.483
18.650
18.306
17.437
17.663
15.735
16.182
16.023
15.848
20.226
19.372
17.442
18.146
18.009
16.789
17.052
15.824
16.500
15.067
21.198
16.599
15.555
15.773
15.491
17.451
17.691
15.873
16.437
16.863
15.536
15.773
16.574
16.842
15.563
15.084
14.959
17.154
17.674
17.459
17.808
19.912
17.823
18.031
23.147
24.631
17.037
16.378
