93401370
93401376
93401377
93401381
93401387
93401389
93401395
93401472
93401699
93401851
93401895
93401900
93401904
93401905
93401907
93401920
93401921
93401926
93401931
93406975
93406987
93406992
93406999
93407063
93407067
93407119
93407134
93407141
93407368
93407575
93407648
93407662
93407663
93407677
93407701
93407712
93407714
93407739
93411066
93411068
93411079
93411082
93411086
93411107
93411136
93411230
93411492
93411510
93411676
93411713
93411731
93411734
93411737
93411833
93412038
93412039
93412221
93415430
93415457
93415459
93415503
93415519
93415532
93415586
93415633
93415861
93416036
93416091
93416108
93416127
93416129
93416150
93416168
93416169
93416204
93416236
93421279
93421490
93421645
93421647
93421836
93422281
93422656
93422757
93422761
93422765
93422767
93422771
93422772
93422775
93422776
93422781
93422918
93422933
93423165
93426036
93426040
93426071
93426288
93426484
93426488
93426546
93426566
93426578
93426579
93426587
93426594
93426604
93426615
93426623
93426811
93426830
93427039
93427048
93430403
93430545
93430550
93430592
93430596
93430625
93430633
93430640
93430645
93430647
93430649
93430650
93430656
93430779
93431022
93431168
93431193
93431194
93431195
93434642
93434649
93434651
93434659
93434789
93434805
93435043
93435176
93435211
93435224
93435225
93435227
93435229
93435318
93435518
93435704
93435932
93436187
93436227
93440495
93440500
93440533
93440535
93440536
93440544
93440545
93440550
93440554
93440556
93440560
93440696
93440715
93440965
93440982
93441106
93441157
93441165
93441178
93444633
93444815
93444878
93444893
93444898
93444929
93444951
93444975
93445012
93445206
93445422
93445632
93445870
93445891
93445914
93445946
93445952
93445958
93446091
93448556
93448580
93448583
93448604
93448614
93448620
93448645
93448659
93448661
93448666
93448678
93448680
93448683
93448687
93448688
93448689
93448692
93448693
93448701
93449169
93449171
93449192
93449202
93449208
93449223
93449232
93449237
93449243
93449254
93449259
93449266
93449270
93449280
93449287
93449292
93449293
93449300
93449308
93449941
93449942
93449946
93449947
93449949
93449953
93449956
93449959
93449963
93449965
93449966
93449967
93449972
93449984
93450009
93450030
93450043
93450045
93450069
93559906
93559908
93559932
93559933
93559956
93559977
93559995
93559996
93559997
93559999
93569375
93570060
93570113
93570762
93570792
93570827
93570854
93570880
93570917
93570951
93571087
93571356
93571505
93571525
93571542
93571563
93571579
93571595
93571597
93571599
93571615
93571617
93575657
93575660
93575674
93575689
93575705
93575745
93575971
93575991
93576189
93576197
93576263
93576283
93576302
93576319
93576321
93576336
93576353
93576370
93576549
93767256
93767424
93767651
93768008
93768023
93768083
93768397
93768477
93768497
93768517
93768536
93768559
93768579
93768581
93768598
93768599
93768755
93769008
93769016
93769136
93772825
93772847
93772867
93772885
93772903
93772926
93772959
93773167
93773185
93773402
93773583
93773606
93773700
93773868
93774089
93774091
93774251
93774271
93774418
93774672
93778561
93778621
93778643
93778661
93778663
93778677
93778692
93778806
93778830
93779032
93779047
93779273
93779352
93779367
93779369
93779383
93779385
93779398
93779412
93779426
93783930
93784186
93784645
93784977
93785122
93785143
93785146
93785148
93785165
93785182
93785198
93785199
93785201
93785216
93785256
93785486
93785689
93785698
93785705
93785709
93788715
93788725
93788738
93788994
93789172
93789179
93789188
93789213
93789215
93789235
93789253
93789266
93789283
93789286
93789303
93789452
93789852
93790057
93790130
93790147
93793775
93793956
93794209
93794314
93794317
93794321
93794322
93794343
93794360
93794378
93794393
93794410
93794426
93794427
93794430
93794608
93794859
93794981
93795010
93795013
93799853
93799855
93799856
93799869
93799904
93800124
93800142
93800159
93800368
93800440
93800462
93800464
93800480
93800496
93800511
93800527
93800528
93800552
93800757
93800979
93804801
93804971
93804974
93805024
93805084
93805086
93805104
93805107
93805126
93805245
93805497
93805654
93805682
93805705
93805788
93805806
93805825
93805844
93805846
93805895
93809140
93809141
93809165
93809183
93809201
93809247
93809495
93809699
93809703
93809767
93809769
93809792
93809817
93809819
93809821
93809843
93809862
93809880
93809915
93809924
93814183
93814402
93814404
93814573
93814769
93815087
93815284
93815356
93815375
93815378
93815379
93815400
93815419
93815420
93815440
93815441
93815458
93815484
93815492
93815707
93818864
93819106
93819209
93819211
93819228
93819230
93819256
93819386
93819604
93819687
93819702
93819814
93820078
93820228
93820232
93820236
93820264
93820266
93820287
93820304
93823608
93823623
93823624
93823639
93823655
93823688
93823914
93824124
93824134
93824139
93824204
93824222
93824224
93824239
93824253
93824268
93824282
93824284
93824309
93824505
93828251
93828381
93828404
93828419
93828435
93828458
93828461
93828481
93828501
93828505
93828508
93828599
93828851
93829018
93829064
93829079
93829095
93829112
93829130
93829147
94203495
94203497
94203500
94203515
94203517
94203532
94203548
94203563
94203565
94203581
94203583
94203722
94203978
94204141
94204171
94204198
94204219
94204240
94204261
94209874
94209884
94210005
94210047
94210070
94210087
94210090
94210108
94210126
94210142
94210222
94210498
94210506
94210668
94210675
94210713
94210761
94210779
94210800
94214555
94214571
94214573
94214589
94214590
94214607
94214623
94214642
94214644
94214699
94214952
94215176
94215238
94215266
94215289
94215410
94215437
94215459
94215484
94218914
94218927
94219222
94219388
94219437
94219460
94219483
94219485
94219489
94219512
94219531
94219552
94219591
94219823
94220036
94220096
94220113
94220132
94220151
94224481
94224737
94224977
94225145
94225354
94225569
94225734
94226049
94226300
94226553
94226569
94226719
94226759
94226776
94226778
94226795
94226797
94226812
94226828
94231744
94231759
94231776
94231789
94231791
94231805
94231930
94232181
94232320
94232343
94232359
94232375
94232389
94232404
94232406
94232463
94232573
94232820
94233002
94236602
94236623
94236646
94236860
94236877
94236893
94236911
94237108
94237168
94237186
94237200
94237220
94237238
94237248
94237264
94237436
94237686
94237695
94237802
94241857
94242024
94242241
94242254
94242369
94242655
94243057
94243066
94243187
94243190
94243210
94243225
94243227
94243240
94243242
94243257
94243258
94243275
94243288
94247767
94247857
94248003
94248039
94248063
94248081
94248082
94248086
94248105
94248108
94248126
94248265
94248524
94248654
94248657
94248662
94248665
94248686
94248706
94252303
94252319
94252491
94252510
94252742
94252752
94252855
94252873
94252891
94252909
94252925
94252940
94252956
94253050
94253316
94253482
94253522
94253542
94253560
94257210
94257547
94257764
94257767
94257986
94258156
94258371
94258375
94258376
94258550
94258571
94258572
94258611
94259029
94259356
94259438
94259461
94259483
94259500
94263345
94263438
94263624
94263641
94263870
94263968
94263970
94263988
94264003
94264103
94264156
94264238
94264252
94264272
94264393
94264670
94264816
94264851
94264868
94611464
94611471
94611475
94611483
94611510
94611521
94611753
94611769
94611944
94611950
94611990
94611998
94612001
94612007
94612009
94612014
94612017
94612031
94612220
94617045
94617064
94617067
94617077
94617078
94617084
94617232
94617247
94617264
94617498
94617506
94617592
94617604
94617614
94617623
94617625
94617634
94617640
94617645
94621321
94621557
94621650
94621653
94621661
94621669
94621681
94621683
94621689
94621700
94621707
94621798
94622051
94622066
94622206
94622227
94622246
94622272
94622293
94625394
94625402
94625508
94625757
94625907
94625935
94625955
94625972
94625991
94626015
94626026
94626071
94626311
94626329
94626526
94626569
94626576
94626581
94626586
94631728
94631768
94632002
94632019
94632237
94632286
94632295
94632297
94632304
94632309
94632314
94632318
94632325
94632329
94632486
94632728
94632826
94632828
94632837
94635616
94635619
94635726
94635974
94636108
94636123
94636144
94636164
94636185
94636202
94636219
94636221
94636264
94636276
94636521
94636536
94636711
94636769
94636792
94639684
94639686
94639687
94639710
94639730
94639733
94639735
94639758
94639848
94640096
94640255
94640275
94640283
94640287
94640293
94640299
94640306
94640307
94640332
94643294
94643299
94643473
94643700
94643800
94643805
94643809
94643812
94643815
94643820
94643825
94643900
94644144
94644157
94644169
94644314
94644330
94644334
94644338
94647344
94647352
94647362
94647475
94647726
94647857
94647884
94647898
94647904
94647912
94647919
94647920
94647921
94647923
94647929
94647986
94648248
94648416
94648461
94651178
94651390
94651450
94651455
94651456
94651457
94651461
94651466
94651472
94651476
94651486
94651632
94651648
94651880
94651986
94651995
94652001
94652008
94652020
94655085
94655118
94655326
94655537
94655602
94655614
94655628
94655644
94655662
94655664
94655670
94655680
94655860
94656083
94656161
94656171
94656176
94656177
94656178
94658500
94658514
94658752
94658763
94658861
94658863
94658882
94658885
94658908
94658914
94658915
94658919
94658926
94658932
94659046
94659059
94659075
94659310
94659428
94661685
94661686
94661692
94661769
94661782
94662029
94662185
94662220
94662234
94662241
94662243
94662244
94662249
94662253
94662257
94662295
94662305
94662544
94662560
94664923
94664927
94664930
94664931
94664960
94665173
94665376
94665441
94665455
94665457
94665458
94665469
94665472
94665478
94665481
94665486
94665639
94665870
94665884
94668251
94668258
94668265
94668267
94668268
94668277
94668437
94668670
94668788
94668810
94668813
94668827
94668833
94668840
94668848
94668851
94668933
94669174
94669325
95073237
95073328
95073346
95073352
95073353
95073354
95073410
95073656
95073823
95073856
95073857
95073867
95073873
95073878
95073884
95073885
95073892
95073908
95074108
95074324
95078173
95078180
95078187
95078191
95078197
95078219
95078226
95078448
95078652
95078703
95078712
95078718
95078724
95078831
95078838
95078856
95079000
95079248
95079264
95079373
95082530
95082544
95082564
95082806
95082944
95082951
95082953
95082954
95083016
95083081
95083085
95083098
95083126
95083137
95083146
95083212
95083460
95083622
95083658
95083668
95086335
95086345
95086595
95086744
95086768
95086772
95086780
95086791
95086793
95086795
95086800
95086802
95086804
95086852
95087089
95087253
95087305
95087306
95087309
95090038
95090042
95090043
95090050
95090052
95090058
95090064
95090175
95090425
95090561
95090565
95090579
95090580
95090591
95090592
95090603
95090607
95090615
95090620
95090690
95093747
95093835
95093836
95093843
95093844
95093847
95093852
95093853
95093856
95093861
95093864
95093866
95093867
95094023
95094261
95094358
95094367
95094368
95094372
95097383
95097392
95097430
95097518
95097522
95097733
95097949
95097956
95098016
95098027
95098028
95098034
95098040
95098046
95098051
95098059
95098064
95098068
95098078
95098289
95101390
95101531
95101535
95101540
95101552
95101557
95101560
95101566
95101568
95101573
95101616
95101844
95102019
95102024
95102083
95102096
95102112
95102125
95102127
95105021
95105168
95105212
95105221
95105223
95105230
95105237
95105249
95105254
95105281
95105285
95105523
95105550
95105742
95105799
95105824
95105838
95105839
95105947
95105954
95108938
95108942
95108949
95108951
95109039
95109051
95109297
95109438
95109467
95109487
95109488
95109506
95109517
95109525
95109526
95109535
95109671
95109902
95109919
95110095
95112678
95112684
95112690
95112725
95112950
95112969
95113151
95113202
95113259
95113318
95113327
95113343
95113362
95113377
95113535
95113766
95113876
95113878
95113890
95113891
95116631
95116647
95116654
95116659
95116663
95116670
95116693
95116698
95116704
95116924
95117125
95117178
95117179
95117186
95117191
95117196
95117201
95117209
95117213
95117363
95119997
95119999
95120004
95120184
95120198
95120424
95120500
95120506
95120510
95120515
95120519
95120522
95120528
95120610
95120853
95120868
95121005
95121029
95121034
95121036
95123709
95123714
95123715
95123720
95123870
95123883
95124124
95124137
95124145
95124222
95124232
95124239
95124240
95124245
95124255
95124259
95124261
95124271
95124423
95124657
95233377
95233607
95233696
95233700
95236669
95236670
95236777
95236783
95236790
95236797
95236927
95237174
95237187
95237296
95237299
95237307
95237315
95237320
95237326
95237331
95237337
95237396
95237641
95240326
95240327
95240380
95240390
95240518
95240530
95240779
95240938
95240963
95240977
95240986
95240987
95241001
95241008
95241010
95241016
95241083
95241335
95241345
95241505
95244656
95244658
95244664
95244671
95244676
95244682
95244689
95244773
95245035
95245045
95245066
95245203
95245207
95245211
95245223
95245240
95245254
95245258
95245278
95245294
95248218
95248219
95248225
95248328
95248333
95248334
95248381
95248392
95248403
95248646
95248653
95248808
95248846
95248855
95248859
95248863
95248872
95248879
95248905
95249122
95406476
95406479
95406502
95406507
95406509
95406510
95406515
95406519
95406524
95406531
95406590
95406834
95406844
95407011
95407045
95407060
95407066
95407067
95407172
95407177
95410261
95410508
95410657
95410682
95410694
95410697
95410701
95410707
95410709
95410710
95410714
95410847
95411064
95411083
95411272
95411320
95411324
95411327
95411334
95411340
95414460
95414519
95414530
95414785
95414945
95414983
95414994
95415006
95415014
95415016
95415029
95415032
95415041
95415042
95415082
95415303
95415323
95415517
95415573
95415584
95418748
95418753
95418757
95418760
95418764
95418847
95419091
95419235
95419241
95419262
95419267
95419271
95419273
95419276
95419278
95419305
95419528
95419551
95419738
95419893
95422565
95422789
95422800
95422893
95422896
95422897
95422907
95422914
95422919
95422920
95422929
95422940
95422948
95423080
95423323
95423446
95423487
95423507
95423509
95423517
95426507
95426515
95426516
95426526
95426709
95426933
95426944
95427026
95427036
95427043
95427051
95427056
95427057
95427065
95427070
95427071
95427201
95427463
95427595
95427615
95430587
95430651
95430661
95430672
95430697
95430722
95430734
95430735
95430736
95430756
95430981
95431213
95431297
95431315
95431334
95431354
95431362
95431363
95431373
95431378
95434674
95434688
95434697
95434698
95434705
95434706
95434711
95434714
95434761
95434775
95435022
95435185
95435227
95435233
95435243
95435250
95435254
95435258
95435272
95435280
95438339
95438583
95438710
95438717
95438732
95438836
95438840
95438864
95438865
95438866
95438873
95438876
95438939
95439183
95439343
95439386
95439387
95439400
95439406
95439407
95442361
95442366
95442377
95442392
95442510
95442760
95442891
95442914
95442921
95443004
95443032
95443040
95443048
95443102
95443356
95443535
95443583
95443594
95443600
95443608
95446615
95446620
95446725
95446743
95446958
95447166
95447170
95447174
95447182
95447187
95447229
95447238
95447242
95447243
95447248
95447253
95447257
95447266
95447273
95447468
