86934404
86938248
86941914
86945661
86948916
86952775
86957087
86961730
86965462
86969277
86972663
86976649
86979434
86979444
86979450
86979608
86979614
86979620
86979680
86979689
86979698
86979764
86979771
86979777
86979810
86979964
86979970
86979976
86980026
86980032
86980038
86980100
86980110
86980119
86980248
86980259
86980269
86980299
86980310
86980319
86980378
86980387
86980393
86980579
86980588
86980597
86980669
86980675
86980681
86980748
86980757
86980766
86980941
86980951
86980958
86981154
86981164
86981173
86981358
86981364
86981372
86981617
86981627
86981637
86981781
86981790
86981797
86981978
86981988
86981998
86982255
86982266
86982275
86982426
86982436
86982446
86982648
86982654
86982662
86982865
86982874
86982883
86982934
86982943
86982949
86983020
86983036
86983050
86983180
86983189
86983200
86983261
86983271
86983278
86983457
86983473
86983485
86983542
86983548
86983554
86983605
86983614
86983620
86983754
86983763
86983772
86983809
86983818
86983824
86983871
86983880
86983889
86984073
86984081
86984087
86984130
86984140
86984149
86984218
86984224
86984230
86984404
86984413
86984422
86984484
86984491
86984497
86984563
86984573
86984582
86984602
86984773
86984780
86984786
86984852
86984861
86984870
86984921
86984933
86984940
86985102
86985111
86985118
86985189
86985195
86985202
86985241
86985251
86985257
86985440
86985450
86985456
86985523
86985529
86985535
86985596
86985605
86985612
86985777
86985786
86985795
86985874
86985883
86985893
86985983
86985992
86985998
86986188
86986197
86986206
86986249
86986258
86986267
86986342
86986352
86986361
86986507
86986516
86986522
86986573
86986582
86986591
86986660
86986669
86986675
86986838
86986847
86986858
86986912
86986921
86986931
86987003
86987013
86987019
86987179
86987188
86987198
86987248
86987258
86987268
86987353
86987362
86987371
86987522
86987531
86987537
86987590
86987600
86987609
86987701
86987715
86987727
86987847
86987853
86987859
86987919
86987925
86987931
86988112
86988125
86988132
86988165
86988174
86988183
86988223
86988232
86988241
86988380
86988389
86988399
86988446
86988456
86988465
86988516
86988525
86988534
86988574
86988728
86988734
86988741
86988813
86988819
86988831
86988893
86988900
86988906
86989068
86989074
86989080
86989106
86989115
86989124
86989161
86989170
86989179
86989345
86989354
86989363
86989401
86989411
86989420
86989492
86989499
86989505
86989689
86989695
86989701
86989785
86989793
86989799
86989890
86989896
86989903
86990130
86990137
86990144
86990235
86990241
86990247
86990271
86990280
86990289
86990412
86990421
86990430
86990461
86990472
86990481
86990505
86990514
86990523
86990674
86990683
86990692
86990729
86990738
86990747
86990782
86990791
86990800
86990962
86990968
86990974
86991069
86991078
86991089
86991188
86991194
86991200
86991384
86991394
86991400
86991449
86991458
86991464
86991482
86991491
86991500
86991634
86991643
86991652
86991680
86991689
86991698
86991746
86991755
86991764
86991892
86991901
86991911
86991944
86991953
86991962
86992020
86992037
86992053
86992203
86992210
86992216
86992240
86992296
86992305
86992311
86992352
86992456
86992498
86992510
86992520
86992593
86992605
86992616
86992676
86992682
86992688
86992844
86992850
86992856
86992906
86992912
86992919
86992983
86992989
86992995
86993172
86993179
86993186
86993246
86993255
86993262
86993344
86993354
86993360
86993516
86993522
86993528
86993592
86993601
86993610
86993676
86993682
86993688
86993859
86993862
86993865
86993928
86993931
86993936
86994018
86994024
86994030
86994197
86994203
86994211
86994286
86994289
86994293
86994367
86994374
86994380
86994557
86994560
86994563
86994624
86994633
86994644
86994704
86994713
86994718
86994859
86994868
86994877
86994924
86994933
86994942
86994990
86995001
86995011
86995171
86995180
86995189
86995238
86995247
86995253
86995309
86995318
86995328
86995482
86995491
86995498
86995557
86995568
86995577
86995663
86995672
86995678
86995799
86995808
86995817
86995857
86995867
86995876
86995909
86995918
86995927
86996061
86996071
86996080
86996120
86996129
86996139
86996164
86996208
86996217
86996226
86996351
86996360
86996369
86996429
86996435
86996442
86996495
86996512
86996524
86996664
86996672
86996679
86996730
86996736
86996742
86996976
86996992
86997008
86997094
86997100
86997106
86997170
86997179
86997185
86997434
86997443
86997452
86997749
86997758
86997766
86997858
86997865
86997871
86998069
86998078
86998084
86998150
86998156
86998162
86998188
86998197
86998206
86998324
86998333
86998342
86998364
86998373
86998382
86998403
86998412
86998422
86998626
86998637
86998648
86998678
86998687
86998696
86998738
86998748
86998757
86998904
86998916
86998922
86999011
86999017
86999023
86999100
86999106
86999112
86999308
86999314
86999321
86999389
86999395
86999401
86999429
86999438
86999447
86999567
86999576
86999585
86999604
86999614
86999623
86999642
86999651
86999660
86999816
86999826
86999835
86999964
86999973
86999982
87000038
87000047
87000057
87000222
87000228
87000234
87000327
87000336
87000345
87000408
87000452
87000458
87000464
87000628
87000638
87000648
87000693
87000702
87000708
87000729
87000738
87000747
87000871
87000880
87000889
87000905
87000914
87000923
87000979
87000988
87000997
87001121
87001130
87001139
87001176
87001185
87001195
87001264
87001280
87001296
87001440
87001446
87001453
87001525
87001534
87001541
87001729
87001742
87001751
87001831
87001837
87001844
87001899
87001908
87001915
87002056
87002065
87002074
87002113
87002122
87002131
87002154
87002163
87002172
87002321
87002330
87002339
87002370
87002379
87002388
87002442
87002453
87002459
87002598
87002608
87002615
87002685
87002694
87002703
87002758
87002764
87002770
87002951
87002960
87002969
87003039
87003045
87003051
87003087
87003096
87003105
87003243
87003252
87003261
87003312
87003318
87003324
87003367
87003376
87003382
87003557
87003565
87003571
87003613
87003623
87003632
87003688
87003697
87003706
87003867
87003877
87003888
87003942
87003952
87003959
87004076
87004084
87004091
87004099
87004319
87004325
87004331
87004414
87004420
87004425
87004491
87004497
87004503
87004686
87004692
87004698
87004771
87004778
87004785
87004951
87004963
87004975
87005199
87005207
87005214
87005322
87005328
87005334
87005435
87005442
87005448
87005662
87005666
87005669
87005773
87005779
87005786
87005929
87005935
87005941
87006140
87006147
87006153
87006255
87006259
87006262
87006363
87006377
87006389
87006571
87006575
87006579
87006707
87006715
87006722
87006927
87006933
87006940
87007040
87007046
87007049
87007123
87007129
87007135
87007325
87007331
87007337
87007441
87007448
87007452
87007545
87007553
87007556
87007750
87007754
87007758
87007875
87007883
87007888
87007980
87007983
87007986
87008153
87008159
87008163
87008220
87008226
87008229
87008308
87008314
87008320
87008520
87008523
87008526
87008620
87008627
87008635
87008724
87008727
87008730
87008909
87008915
87008921
87009014
87009017
87009020
87009112
87009115
87009118
87009145
87009348
87009351
87009355
87009393
87009399
87009406
87009454
87009463
87009469
87009588
87009597
87009606
87009624
87009633
87009642
87009667
87009676
87009685
87009867
87009877
87009886
87009919
87009928
87009935
87010003
87010012
87010022
87010166
87010175
87010184
87010222
87010231
87010240
87010299
87010313
87010326
87010483
87010493
87010502
87010524
87010533
87010542
87010571
87010580
87010589
87010742
87010751
87010760
87010783
87010792
87010802
87010869
87010879
87010886
87011041
87011051
87011057
87011149
87011159
87011168
87011234
87011249
87011262
87011436
87011443
87011449
87011536
87011542
87011549
87011764
87011780
87011792
87011882
87011892
87011899
87011988
87011994
87012000
87012136
87012145
87012154
87012197
87012206
87012212
87012241
87012251
87012260
87012434
87012443
87012453
87012486
87012495
87012504
87012546
87012555
87012564
87012701
87012710
87012719
87012807
87012817
87012824
87012901
87012907
87012913
87012937
87013096
87013106
87013115
87013179
87013185
87013193
87013256
87013263
87013270
87013403
87013412
87013421
87013454
87013463
87013469
87013532
87013538
87013544
87013713
87013720
87013727
87013795
87013804
87013813
87013899
87013907
87013917
87014086
87014092
87014098
87014178
87014189
87014199
87014297
87014303
87014310
87014490
87014499
87014508
87014548
87014559
87014568
87014611
87014620
87014626
87014769
87014779
87014788
87014848
87014857
87014866
87014951
87014960
87014969
87015098
87015109
87015119
87015181
87015190
87015199
87015251
87015260
87015270
87015439
87015448
87015454
87015516
87015525
87015534
87015643
87015649
87015655
87015832
87015838
87015845
87015890
87015899
87015905
87015973
87015991
87016007
87016111
87016117
87016123
87016153
87016162
87016172
87016355
87016366
87016372
87016437
87016446
87016455
87016511
87016517
87016523
87016686
87016695
87016701
87016757
87016766
87016776
87016844
87016853
87016863
87016893
87017051
87017057
87017064
87017120
87017130
87017139
87017184
87017190
87017196
87017355
87017362
87017368
87017410
87017416
87017422
87017466
87017475
87017484
87017677
87017685
87017692
87017752
87017761
87017767
87017849
87017855
87017861
87018018
87018027
87018033
87018109
87018117
87018123
87018195
87018204
87018213
87018398
87018404
87018410
87018464
87018473
87018482
87018559
87018566
87018572
87018734
87018744
87018753
87018807
87018816
87018825
87018869
87018878
87018887
87019063
87019072
87019081
87019136
87019145
87019154
87019247
87019255
87019262
87019438
87019450
87019456
87019530
87019539
87019548
87019653
87019662
87019671
87019820
87019829
87019838
87019881
87019890
87019899
87019930
87019939
87019948
87020065
87020074
87020083
87020106
87020115
87020124
87020188
87020197
87020206
87020333
87020342
87020351
87020420
87020431
87020438
87020542
87020556
87020570
87020717
87020726
87020732
87020791
87020797
87020805
87020841
87020989
87021002
87021015
87021089
87021095
87021101
87021178
87021187
87021193
87021346
87021352
87021358
87021413
87021424
87021431
87021496
87021503
87021509
87021665
87021674
87021683
87021721
87021730
87021740
87021824
87021830
87021836
87022004
87022010
87022016
87022101
87022108
87022116
87022235
87022243
87022249
87022472
87022478
87022484
87022555
87022561
87022567
87022586
87022595
87022605
87022716
87022725
87022734
87022756
87022766
87022775
87022798
87022807
87022816
87022973
87022983
87022993
87023053
87023062
87023072
87023127
87023136
87023147
87023321
87023330
87023339
87023430
87023442
87023448
87023521
87023531
87023540
87023748
87023757
87023763
87023815
87023824
87023833
87023859
87023868
87023877
87023998
87024007
87024016
87024056
87024066
87024075
87024127
87024136
87024145
87024280
87024289
87024298
87024351
87024360
87024370
87024428
87024437
87024446
87024659
87024665
87024671
87024753
87024763
87024769
87024835
87024892
87024898
87024904
87025087
87025096
87025107
87025154
87025164
87025170
87025242
87025259
87025275
87025343
87025352
87025421
87025430
87025577
87025590
87025638
87025647
87025706
87025715
87025896
87025906
87025985
87025991
87025997
87026074
87026084
87026093
87026289
87026299
87026305
87026382
87026388
87026394
87026437
87026446
87026455
87026582
87026591
87026623
87026632
87026656
87026665
87026854
87026863
87026912
87026924
87026982
87026991
87027156
87027165
87027242
87027249
87027255
87027338
87027344
87027350
87027546
87027552
87027560
87027614
87027620
87027626
87027648
87027657
87027666
87027780
87027789
87027798
87027823
87027832
87027841
87027868
87027877
87027886
87028056
87028065
87028147
87028157
87028168
87028245
87028254
87028435
87028445
87028451
87028527
87028536
87028545
87028595
87028639
87028648
87028776
87028785
87028809
87028818
87028864
87028873
87029016
87029022
87029028
87029074
87029083
87029092
87029235
87029244
87029376
87029385
87029431
87029441
87029450
87029578
87029598
87029618
87029943
87029952
87030032
87030041
87030197
87030206
87030247
87030256
87030265
87030286
87030295
87030432
87030441
87030475
87030484
87030537
87030546
87030555
87030800
87030808
87030815
87030914
87030924
87030933
87031021
87031027
87031035
87031215
87031225
87031232
87031289
87031300
87031309
87031366
87031375
87031384
87031556
87031567
87031604
87031614
87031623
87031678
87031688
87031816
87031825
87031858
87031867
87031922
87031928
87031934
87032127
87032134
87032141
87032236
87032243
87032252
87032333
87032342
87032352
87032512
87032521
87032531
87032581
87032590
87032599
87032695
87032716
87032726
87032735
87032921
87032930
87032939
87032993
87033002
87033015
87033041
87033050
87033059
87033177
87033186
87033195
87033214
87033223
87033233
87033366
87033372
87033380
87033601
87033612
87033619
87033694
87033702
87033708
87033823
87033829
87033836
87033993
87034002
87034009
87034084
87034093
87034102
87034205
87034221
87034236
87034345
87034355
87034364
87034411
87034421
87034430
87034737
87034746
87034755
87034785
87034794
87034803
87034865
87034874
87034883
87035076
87064812
87064818
87064824
87064902
87064908
87064914
87065012
87065019
87065026
87065312
87065318
87065324
87065377
87065386
87065396
87065550
87065559
87065568
87065602
87065767
87065773
87065780
87065847
87065853
87065862
87066031
87066042
87066051
87066197
87066206
87066213
87066272
87066281
87066290
87066378
87066395
87066411
87066596
87066606
87066615
87066648
87066658
87066667
87066702
87066712
87066721
87067171
87067181
87067190
87067248
87067257
87067267
87067342
87067352
87067361
87067592
87067601
87067610
87067674
87067680
87067686
87067743
87067752
87067761
87068019
87068025
87068031
87068092
87068101
87068107
87068173
87068183
87068199
87068412
87068421
87068430
87068463
87068472
87068571
87068587
87068825
87068835
87068885
87068894
87069053
87069062
87069113
87069123
87069203
87069209
87069212
87069373
87069379
87069382
87069448
87069454
87069462
87069528
87069534
87069540
87069695
87069704
87069713
87069745
87069754
87069763
87069813
87069822
87069832
87069979
87069988
87069997
87070053
87070062
87070071
87070110
87070120
87070129
87070142
87070387
87070396
87070405
87070458
87070467
87070473
87070539
87070546
87070552
87070810
87070816
87070822
87070895
87070901
87070907
87070968
87070974
87070980
87071140
87071149
87071158
87071232
87071239
87071248
87071308
87071316
87071325
87071556
87071564
87071568
87071695
87071707
87071714
87071846
87071861
87071870
87072089
87072098
87072105
87072221
87072229
87072233
87072345
87072352
87072360
87072526
87072535
87072538
87072574
87072583
87072592
87072655
87072664
87072673
87072808
87072818
87072827
87072885
87072895
87072905
87072951
87072961
87072971
87073154
87073161
87073167
87073253
87073262
87073269
87073378
87073387
87073393
87073559
87073565
87073571
87073629
87073638
87073647
87073711
87073727
87073744
87073803
87073812
87073821
87073851
87073860
87073869
87074077
87074086
87074095
87074137
87074146
87074156
87074215
87074225
87074234
87074390
87074400
87074410
87074489
87074495
87074505
87074596
87074606
87074612
87074653
87074823
87074830
87074836
87074900
87074910
87074919
87074971
87074980
87074986
87075132
87075138
87075145
87075182
87075192
87075202
87075237
87075246
87075509
87075518
87075566
87075576
87075632
87075642
87075814
87075824
87075923
87075929
87076023
87076036
87076268
87076274
87076282
87076367
87076374
87076377
87076421
87076430
87076439
87076560
87076569
87076601
87076610
87076644
87076653
87076829
87076838
87076847
87076887
87076952
87076961
87077123
87077136
87077231
87077240
87077333
87077342
87077516
87077526
87077592
87077601
87077683
87077693
87077862
87077872
87077939
87077948
87078002
87078015
87078181
87078190
87078234
87078244
87078306
87078316
87078470
87078479
87078562
87078572
87078636
87078736
87078753
87078843
87078852
87078887
87078896
87079059
87079069
87079218
87079228
87079235
87079362
87079373
87079638
87079648
87079787
87079798
87079979
87079989
87080257
87080266
87080439
87080449
87080554
87080567
87080760
87080770
87080824
87080834
87080874
87080883
87081012
87081021
87081082
87081091
87081167
87081173
87081180
87081394
87081400
87081406
87081486
87081492
87081499
87081605
87081611
87081618
87081818
87081824
87081830
87081955
87081961
87081967
87082047
87082056
87082062
87082224
87082234
87082243
87082272
87082281
87082292
87082342
87082351
87082360
87082482
87082491
87082500
87082535
87082544
87082577
87082586
87082751
87082760
87082843
87082852
87082938
87082947
87082956
87083135
87083144
87083246
87083256
87083265
87083352
87083377
87083387
87083393
87083549
87083558
87083611
87083620
87083698
87083708
87083715
87083841
87083850
87083860
87083886
87083895
87083981
87083999
87084136
87084146
87084149
87084225
87084237
87084244
87084405
87084420
87084434
87084544
87084550
87084558
87084655
87084665
87084671
87084867
87084877
87084881
87084941
87084950
87084959
87085012
87085018
87085024
87085161
87085171
87085180
87085230
87085236
87085242
87085293
87085302
87085311
87085483
87085490
87085493
87085559
87085568
87085574
87085690
87085694
87085697
87085888
87085898
87085906
87085993
87086000
87086006
87086083
87086089
87086095
87086276
87086286
87086292
87086350
87086359
87086365
87086443
87086449
87086455
87086612
87086618
87086624
87086688
87086694
87086702
87086765
87086776
87086782
87086968
87086974
87086981
87087060
87087066
87087076
87087145
87087154
87087164
87087331
87087340
87087349
87087409
87087419
87087429
87087533
87087540
87087555
87087563
87087716
87087725
87087734
87087776
87087785
87087794
87087848
87087857
87087867
87088019
87088028
87088034
87088076
87088085
87088095
87088185
87088195
87088201
87088371
87088380
87088386
87088463
87088473
87088481
87088546
87088555
87088561
87088748
87088754
87088760
87088850
87088859
87088866
87088966
87088976
87088991
87089147
87089153
87089159
87089229
87089239
87089245
87089379
87089396
87089409
87089481
87089490
87089500
87089571
87089580
87089590
87089818
87089828
87089839
87089980
87089986
87089993
87090161
87090170
87090177
87090325
87090334
87090343
87090401
87090411
87090420
87090586
87090596
87090603
87090831
87090840
87090846
87090906
87090915
87090922
87091024
87091034
87091044
87091178
87091187
87091196
87091279
87091288
87091297
87091357
87091366
87091375
87091600
87091606
87091612
87091696
87091703
87091709
87091883
87091897
87091913
87092149
87092163
87092171
87092293
87092302
87092309
87092364
87092496
87092511
87092520
87092751
87092760
87092770
87092838
87092847
87092856
87093099
87093105
87093111
87093187
87093197
87093204
87093350
87093356
87093363
87093565
87093574
87093583
87093629
87093635
87093642
87093714
87093723
87093732
87093918
87093931
87093941
87094076
87094086
87094096
87094150
87094159
87094166
87094459
87094468
87094478
87094543
87094552
87094562
87094633
87094643
87094650
87094887
87094893
87094899
87095032
87095041
87095048
87095147
87095152
87095155
87095342
87095352
87095358
87095454
87095464
87095470
87095583
87095592
87095601
87095804
87095813
87095822
87095922
87095931
87095940
87096000
87096010
87096019
87096198
87096207
87096217
87096252
87096261
87096271
87096323
87096332
87096339
87096520
87096529
87096537
87096629
87096639
87096649
87096760
87096769
87096778
87096925
87096934
87096945
87097033
87097039
87097046
87097162
87097174
87097182
87097362
87097373
87097379
87097468
87097478
87097488
87097567
87097610
87097622
87097631
87097809
87097818
87097827
87097863
87097872
87097881
87097929
87097946
87097963
87098084
87098093
87098102
87098158
87098168
87098178
87098398
87098412
87098427
87098556
87098565
87098568
87098703
87098711
87098720
87098948
87098951
87098954
87099050
87099056
87099062
87099207
87099210
87099213
87099446
87099459
87099470
87099646
87099649
87099652
87099711
87099720
87099729
87099934
87099942
87099947
87100148
87100154
87100160
87100256
87100262
87100265
87100443
87100452
87100458
87100661
87100667
87100672
87100781
87100787
87100793
87100970
87100976
87100982
87101179
87101185
87101191
87101291
87101298
87101305
87101514
87101520
87101526
87101672
87101679
87101685
87101713
87101722
87101731
87101851
87101860
87101869
87102012
87102021
87102030
87102059
87102068
87102077
87102233
87102244
87102253
87102396
87102405
87102414
87102466
87102475
87102485
87102652
87102662
87102669
87102823
87102846
87102865
87102943
87102956
87102962
87102969
87103164
87103173
87103183
87103257
87103266
87103272
87103395
87103404
87103413
87103533
87103542
87103551
87103577
87103586
87103595
87103848
87103858
87103867
87104016
87104026
87104035
87104076
87104085
87104094
87104166
87104179
87104191
87104637
87104644
87104651
87104778
87104787
87104794
87104938
87104951
87104962
87105077
87105087
87105096
87105154
87105163
87105169
87105307
87105314
87105320
87105381
87105387
87105393
87105456
87105465
87105474
87105710
87105718
87105726
87105824
87105833
87105839
87105896
87105906
87105913
87106057
87106067
87106076
87106140
87106149
87106158
87106250
87106259
87106269
87106443
87106452
87106461
87106506
87106513
87106519
87106583
87106589
87106592
87106749
87106758
87106764
87106819
87106826
87106832
87106893
87106902
87106911
87107096
87107103
87107110
87107186
87107195
87107201
87107266
87107272
87107278
87107415
87107425
87107434
87107488
87107497
87107506
87107565
87107574
87107583
87107595
87107751
87107760
87107770
87107818
87107827
87107836
87107864
87107873
87107883
87108030
87108039
87108045
87108098
87108108
87108117
87108190
87108200
87108211
87108414
87108425
87108435
87108518
87108527
87108533
87108697
87108706
87108715
87108862
87108871
87108881
87108923
87108933
87108942
87109144
87109153
87109162
87109322
87109331
87109341
87109377
87109386
87109396
87109574
87109584
87109593
87109758
87109764
87109771
87109837
87109843
87109854
87110066
87110080
87110093
87110230
87110236
87110242
87110330
87110340
87110346
87110574
87110592
87110604
87110656
87110665
87110674
87110734
87110743
87110750
87111015
87111025
87111031
87111070
87111079
87111088
87111123
87111132
87111138
87111370
87111380
87111386
87111456
87163180
87163189
87163527
87163536
87163875
87163885
87164313
87164322
87164331
87164663
87164672
87164961
87164970
87164979
87165064
87165427
87165436
87165767
87165776
87166111
87166120
87166129
87166533
87166542
87166800
87166809
87167239
87167256
87167269
87167708
87167718
87168048
87168058
87168398
87168407
87169132
87169141
87169214
87169223
87169345
87169355
87169492
87169501
87169540
87169549
87169592
87169611
87169737
87169746
87169755
87169807
87169814
87169821
87169982
87170001
87170016
87170097
87170106
87170118
87170197
87170204
87170210
87170359
87170368
87170378
87170445
87170451
87170458
87170544
87170553
87170565
87170730
87170739
87170745
87170810
87170820
87170826
87170890
87170896
87170902
87171065
87171071
87171077
87171121
87171130
87171139
87171201
87171208
87171214
87171406
87171414
87171422
87171520
87171529
87171535
87171693
87171701
87171707
87172154
87172160
87172167
87172557
87172568
87172575
87172999
87173006
87173013
87173116
87173475
87173484
87173498
87173887
87173893
87173899
87174258
87174264
87174270
87174672
87174681
87174687
87175019
87175028
87175037
87175334
87175371
87175409
87175808
87175817
87175827
87176167
87176176
87176185
87176555
87176564
87176573
87177101
87177112
87177121
87177436
87177455
87177509
87177915
87177925
87177932
87178390
87178401
87178410
87178754
87178763
87178770
87179169
87179178
87179190
87179656
87179664
87179670
87180018
87180027
87180036
87180434
87180440
87180446
87180877
87180886
87180895
87181229
87181239
87181248
87181568
87181576
87181589
87182016
87182025
87182035
87182384
87182393
87182400
87182849
87182866
87182879
87183245
87183251
87183257
87183569
87183575
87183582
87184011
87184020
87184029
87184315
87184324
87184330
87184663
87184672
87184679
87185065
87185074
87185143
87185433
87185444
87185453
87185805
87185814
87185821
87186273
87186282
87186288
87186651
87186660
87186667
87186976
87186985
87187054
87187128
87187452
87187461
87187467
87187816
87187825
87187831
87188175
87188185
87188191
87188603
87188612
87188623
87188881
87188913
87188956
87189283
87189291
87189297
87189823
87189832
87189842
87190217
87190223
87190230
87190595
87190604
87190613
87191007
87191078
87191084
87191385
87191395
87191764
87191773
87192265
87192276
87192646
87192656
87192948
87192957
87193386
87193395
87193730
87193740
87194167
87194178
87194568
87194577
87194962
87194975
87195380
87195390
87195396
87195879
87195889
87196278
87196287
87196297
87196649
87196658
87197104
87197113
87197464
87197475
87197783
87197812
87198208
87198214
87198569
87198578
87199024
87199038
87199454
87199461
87199467
87199849
87199855
87199861
87200269
87200282
87200291
87200657
87200664
87200671
87201104
87201110
87201117
87201321
87201638
87201645
87201652
87201992
87202056
87202062
87202389
87202395
87202401
87202887
87202895
87202901
87203266
87203272
87203279
87203660
87203672
87203679
87204129
87204135
87204142
87204505
87204514
87204521
87204939
87204946
87204952
87205449
87205455
87205461
87205784
87205807
87205863
87206191
87206197
87206203
87206668
87206678
87206687
87207019
87207028
87207038
87207371
87207380
87207389
87207770
87207836
87207842
87208148
87208154
87208162
87208517
87208524
87208531
87209021
87209030
87209039
87209415
87209425
87209431
87209744
87209753
87210172
87210181
87210560
87210570
87210978
87210988
87211469
87211478
87211795
87211804
87212170
87212180
87212635
87212645
87213014
87213024
87213440
87213449
87213862
87213874
87214178
87214187
87214290
87214300
87214492
87214501
87214610
87214620
87214692
87214790
87214805
87214820
87214947
87214957
87214963
87215073
87215080
87215086
87215250
87215259
87215265
87215353
87215362
87215369
87215480
87215490
87215496
87215679
87215685
87215712
87216067
87216077
87216084
87216459
87216466
87216473
87216956
87216966
87216973
87217382
87217388
87217394
87217726
87217735
87217783
87218231
87218237
87218243
87218635
87218642
87218649
87219042
87219048
87219055
87219522
87219529
87219535
87219853
87219859
87219881
87220258
87220264
87220272
87220774
87220781
87220787
87221216
87221219
87221222
87221554
87221563
87221569
87222060
87222066
87222072
87222472
87222478
87222485
87222893
87222899
87222905
87223360
87223366
87223426
87223765
87223771
87223780
87224143
87224153
87224162
87224683
87224689
87224695
87225055
87225065
87225074
87225398
87225409
87225421
87225927
87225936
87225945
87226363
87226375
87226381
87226795
87226804
87226810
87230118
87230122
87230127
87230616
87230622
87230628
87231022
87231029
87231037
87231344
87231353
87231420
87231850
87231856
87231863
87232254
87232263
87232272
87232700
87232713
87232727
87233144
87233153
87233162
87233489
87233496
87233502
87233973
87233979
87233988
87234379
87234386
87234392
87234791
87234797
87234803
87235222
87235277
87235284
87235605
87235611
87235617
87235889
87235895
87235902
87236094
87236102
87236109
87236215
87236221
87236228
87236322
87236329
87236336
87236539
87236546
87236553
87236668
87236675
87236681
87236762
87236768
87236777
87236962
87236970
87236976
87237061
87237067
87237073
87237139
87237148
87237157
87237302
87237308
87237314
87237359
87237368
87237377
87237434
87237440
87237446
87237576
87237586
87237595
87237674
87237683
87237692
87237764
87237773
87237779
87237939
87237949
87237958
87238021
87238030
87238039
87238171
87238180
87238189
87238336
87238356
87238372
87238375
87239374
87239383
87239389
87239718
87239738
87239747
87240667
87240727
87240736
87240998
87241011
87241017
87241848
87241858
87241867
87242319
87242362
87242373
87243201
87243211
87243217
87243649
87243693
87243703
87244437
87244443
87244450
87244952
87244961
87244970
87245594
87245604
87245610
87246259
87246269
87246275
87246911
87246920
87246927
87247037
87247053
87247072
87247160
87247166
87247174
87247223
87247232
87247241
87247390
87247399
87247409
87247490
87247499
87247505
87247551
87247560
87247569
87247727
87247736
87247742
87247798
87247807
87247816
87248910
87248922
87248928
87249085
87249094
87249100
87249195
87249205
87249213
87249274
87249280
87249287
87249449
87249455
87249461
87249527
87249533
87249539
87249609
87249615
87249621
87249782
87249788
87249794
87249890
87249896
87249902
87249979
87249987
87249993
87250165
87250171
87250178
87250259
87250265
87250272
87250336
87250342
87250348
87250529
87250539
87250546
87250582
87250651
87250657
87250663
87250724
87250730
87250736
87250901
87250911
87250921
87250960
87250969
87250978
87250998
87251007
87251016
87251136
87251147
87251161
87251212
87251221
87251232
87251282
87251291
87251302
87251460
87251470
87251479
87251543
87251552
87251561
87251619
87251628
87251638
87251812
87251821
87251830
87251869
87251879
87251888
87251906
87251915
87251924
87252043
87252052
87252061
87252095
87252104
87252113
87252137
87252146
87252155
87252433
87252442
87252446
87252524
87252531
87252537
87252635
87252650
87252667
87252745
87252754
87252764
87252812
87252821
87252830
87252965
87252974
87252984
87253060
87253070
87253079
87253113
87253122
87253131
87253253
87253262
87253272
87253289
87253298
87253307
87253328
87253337
87253346
87253460
87253469
87253478
87253528
87253537
87253546
87253579
87253588
87253597
87253731
87253741
87253750
87253788
87253798
87253809
87253844
87253853
87253862
87253995
87254004
87254013
87254054
87254087
87254096
87254105
87254136
87254145
87254154
87254281
87254290
87254299
87254323
87254332
87254341
87254368
87254377
87254386
87254533
87254539
87254545
87254721
87254730
87254739
87254810
87254820
87254829
87255013
87255023
87255029
87255408
87255418
87255427
87255525
87255534
87255543
87255731
87255745
87255762
87255809
87255818
87255824
87255866
87255878
87255888
87256012
87256019
87256025
87256081
87256091
87256098
87256155
87256164
87256170
87256333
87256343
87256352
87256461
87256470
87256479
87256542
87256549
87256556
87256733
87256743
87256749
87256830
87256836
87256842
87256961
87256974
87256986
87257122
87257131
87257140
87257180
87257189
87257198
87257313
87257323
87257332
87257354
87257363
87257372
87257394
87257404
87257413
87257546
87257555
87257564
87257614
87257624
87257633
87257671
87257680
87257689
87257869
87257875
87257882
87257978
87257985
87257991
87258075
87258083
87258090
87258277
87258283
87258290
87258313
87258356
87258366
87258375
87258414
87258423
87258432
87258558
87258567
87258576
87258594
87258603
87258612
87258633
87258643
87258652
87258769
87258778
87258787
87258837
87258847
87258856
87258901
87258910
87258919
87259061
87259070
87259080
87259132
87259141
87259147
87259231
87259240
87259249
87259416
87259425
87259434
87259530
87259540
87259547
87259603
87259613
87259622
87259783
87259793
87259802
87259851
87259860
87259870
87259917
87259926
87259935
87260097
87260106
87260115
87260160
87260169
87260178
87260230
87260239
87260248
87260408
87260418
87260427
87260517
87260526
87260533
87260650
87260656
87260663
87260890
87260896
87260902
87260998
87261008
87261014
87261103
87261116
87261130
87261292
87261301
87261308
87261393
87261403
87261409
87261517
87261534
87261551
87363796
87363805
87364490
87364499
87364508
87365327
87365334
87365337
87365424
87365428
87365431
87365508
87365514
87365520
87365686
87365696
87365703
87365746
87365836
87365842
87365845
87365892
87365898
87365905
87366053
87366062
87366072
87366106
87366116
87366125
87366156
87366165
87366174
87366298
87366307
87366316
87366465
87366474
87366483
87366524
87366534
87366543
87366672
87366681
87366690
87367025
87367039
87367052
87367112
87367122
87367131
87367276
87367290
87367306
87367348
87367357
87367366
87367385
87367394
87367403
87367538
87367547
87367555
87367606
87367615
87367621
87367646
87367655
87367664
87367821
87367830
87367839
87367935
87367944
87367953
87367987
87367996
87368005
87368140
87368149
87368158
87368204
87368214
87368223
87368297
87368303
87368309
87368520
87368529
87368538
87368616
87368624
87368630
87368736
87368754
87368766
87368873
87368882
87368888
87368924
87368933
87368942
87369073
87369082
87369091
87369162
87369171
87369180
87369228
87369237
87369249
87369399
87369408
87369417
87369469
87369479
87369489
87369539
87369549
87369558
87369715
87369724
87369734
87369783
87369809
87369818
87369828
87369858
87369867
87369873
87369987
87369996
87370005
87370025
87370034
87370043
87370066
87370075
87370084
87370199
87370208
87370218
87370268
87370277
87370286
87370317
87370326
87370336
87370479
87370488
87370497
87370538
87370547
87370556
87370597
87370607
87370616
87370754
87370763
87370772
87370835
87370846
87370855
87370878
87370887
87370896
87371043
87371052
87371062
87371121
87371130
87371139
87371180
87371190
87371346
87371355
87371394
87371403
87371413
87371477
87371486
87371661
87371670
87371748
87371757
87371834
87371843
87371853
87372038
87372047
87372130
87372139
87372145
87372193
87372202
87372211
87372356
87372365
87372397
87372406
87372415
87372451
87372468
87372608
87372617
87372658
87372667
87372677
87372794
87372811
87372867
87372876
87372926
87372935
87373075
87373084
87373094
87373146
87373174
87373183
87373235
87373245
87373392
87373401
87373439
87373448
87373489
87373498
87373639
87373648
87373814
87373823
87373834
87373896
87373905
87374073
87374082
87374153
87374162
87374240
87374250
87374404
87374415
87374511
87374521
87374569
87374578
87374698
87374707
87374733
87374742
87374780
87374789
87374909
87374918
87374986
87374995
87375037
87375046
87375204
87375213
87375260
87375269
87375327
87375336
87375508
87375518
87375559
87375568
87375600
87375609
87375732
87375742
87375772
87375781
87375813
87375822
87375973
87375983
87376025
87376034
87376070
87376079
87376222
87376231
87376275
87376284
87376356
87376373
87376458
87376507
87376517
87376554
87376563
87376688
87376699
87376729
87376738
87376767
87376776
87376914
87376923
87376998
87377008
87377052
87377061
87377222
87377232
87377300
87377310
87377366
87377376
87377570
87377583
87377679
87377685
87377691
87377730
87377739
87377748
87377881
87377890
87377943
87377952
87377994
87378003
87378137
87378147
87378226
87378235
87378286
87378295
87378453
87378462
87378527
87378536
87378607
87378617
87378790
87378799
87378864
87378873
87378908
87378917
87379048
87379057
87379081
87379090
87379120
87379129
87379284
87379294
87379332
87379341
87379371
87379380
87379518
87379527
87379575
87379584
87379629
87379638
87379805
87379819
87379829
87379880
87379889
87379921
87379930
87380056
87380065
87380089
87380098
87380140
87380156
87380285
87380294
87380329
87380339
87380462
87380479
87380523
87380532
87380586
87380598
87380786
87380796
87380899
87380909
87380954
87380963
87381084
87381093
87381127
87381136
87381161
87381170
87381295
87381304
87381367
87381377
87381414
87381423
87381567
87381576
87381620
87381629
87381678
87381687
87381835
87381844
87381918
87381927
87381966
87381975
87382110
87382119
87382162
87382171
87382210
87382220
87382352
87382361
87382438
87382447
87382507
87382517
87382674
87382684
87382730
87382740
87382806
87382816
87383006
87383021
87383030
87383109
87383118
87383178
87383187
87383325
87383334
87383366
87383375
87383432
87383439
87383589
87383598
87383640
87383649
87383689
87383698
87383839
87383848
87383906
87383915
87383963
87383980
87384139
87384148
87384189
87384199
87384307
87384325
87384393
87384402
87384442
87384451
87384572
87384581
87384646
87384655
87384695
87384705
87384860
87384870
87384933
87384943
87385027
87385036
87385184
87385193
87385262
87385271
87385310
87385483
87385489
87385495
87385576
87385582
87385588
87385657
87385664
87385670
87385811
87385820
87385826
87385896
87385905
87385911
87385953
87385962
87385971
87386117
87386126
87386180
87386189
87386236
87386245
87386390
87386399
87386439
87386513
87386526
87386614
87386626
87386811
87386821
87386907
87386913
87386919
87386994
87387003
87387213
87387228
87387317
87387331
87387340
87387359
87387363
87387443
87387449
87387455
87387623
87387634
87387702
87387711
87387787
87387797
87387971
87387985
87388064
87388073
87388118
87388127
87388254
87388263
87388308
87388317
87388412
87388428
87388441
87388621
87388631
87388640
87388711
87388717
87388725
87388980
87389054
87389073
87389987
87389996
87390005
87390695
87390704
87391270
87391279
87391974
87392039
87392483
87392493
87392499
87392851
87392860
87392892
87392901
87392949
87392958
87392966
87393131
87393137
87393143
87393249
87393255
87393263
87393360
87393366
87393373
87393533
87393543
87393550
87393935
87393945
87393954
87394846
87394855
87394865
87395407
87395417
87395423
87395445
87395498
87395508
87395517
87395548
87395557
87395566
87395683
87395692
87395701
87395722
87395731
87395740
87395784
87395790
87395796
87395965
87395975
87395981
87396097
87396103
87396109
87396262
87396273
87396279
87396479
87396489
87396495
87396566
87396575
87396582
87396655
87396664
87396675
87396846
87396852
87396855
87396935
87396945
87396954
87397011
87397020
87397024
87397167
87397176
87397185
87397256
87397265
87397268
87397360
87397369
87397375
87397595
87397602
87397609
87397740
87397749
87397755
87397858
87397866
87397870
87398068
87398077
87398087
87398140
87398149
87398159
87398296
87398314
87398333
87398445
87398455
87398465
87398525
87398535
87398544
87398672
87398681
87398690
87398720
87398729
87398738
87398770
87398779
87398788
87398908
87398917
87398926
87398992
87399002
87399011
87399044
87399053
87399063
87399195
87399204
87399213
87399259
87399268
87399277
87399322
87399331
87399340
87399478
87399487
87399496
87399541
87399566
87399575
87399584
87399607
87399616
87399625
87399742
87399751
87399760
87399789
87399798
87399807
87399829
87399838
87399847
87399971
87399980
87399989
87400140
87400149
87400158
87400209
87400219
87400228
87400375
87400384
87400394
87400713
87400727
87400740
87400818
87400827
87400836
87401004
87401020
87401034
87401065
87401074
87401083
87401106
87401115
87401125
87401246
87401255
87401264
87401285
87401294
87401322
87401331
87401483
87401492
87401595
87401604
87401648
87401657
87401798
87401807
87401817
87401864
87401873
87401932
87401949
87401967
87402108
87402118
87402165
87402174
87402183
87402308
87402325
87402368
87402377
87402419
87402428
87402564
87402573
87402644
87402654
87402663
87402751
87402755
87402759
87402936
87402945
87402951
87403013
87403019
87403025
87403082
87403091
87403101
87403595
87403604
87403613
87403832
87404245
87404254
87404264
87404814
87404823
87404832
87405346
87405355
87405361
87405959
87405968
87405977
87406528
87406537
87406546
87406667
87406676
87406685
87406738
87406747
87406756
87406793
87406802
87406811
87406956
87406965
87406974
87407024
87407034
87407043
87407084
87407093
87407102
87407251
87407262
87407271
87407337
87407346
87407352
87407378
87407388
87407398
87407545
87407555
87407566
87407610
87407619
87407628
87407652
87407662
87407671
87407795
87407804
87407813
87408326
87408336
87408345
87408792
87408801
87408811
87408949
87408959
87408968
87409018
87409028
87409037
87409081
87409090
87409100
87409265
87409274
87409283
87409322
87409332
87409341
87409366
87409382
87409400
87409505
87409514
87409523
87409549
87409558
87409567
87409669
87409687
87409756
87409766
87409775
87409816
87409825
87409963
87409972
87410030
87410040
87410094
87410103
87410249
87410258
87410290
87410341
87410351
87410411
87410420
87410553
87410562
87410608
87410618
87410650
87410659
87410798
87410807
87410817
87411010
87411020
87411096
87411107
87411281
87411291
87411373
87411382
87411447
87411456
87411628
87411639
87411742
87411751
87411793
87411802
87411932
87411941
87411973
87411983
87411992
87412040
87412049
87412187
87412198
87412298
87412307
87412381
87412391
87412562
87412571
87412577
87412642
87412651
87412742
87412752
87412758
87412936
87412945
87413015
87413026
87413057
87413066
87413206
87413215
87413271
87413280
87413398
87413407
87413562
87413572
87413606
87413615
87413707
87413725
87413817
87413826
87413889
87413898
87414067
87414076
87414143
87414187
87414193
87414200
87414269
87414276
87414283
87414448
87414454
87414460
87414517
87414526
87414532
87414657
87414663
87414669
87414804
87414813
87414822
87414885
87414894
87414933
87414942
87431154
87434466
87437596
87444834
87448873
87453133
87457136
87459901
87462851
87465969
87466470
87469617
87473654
87476710
87478943
87478944
87478945
87478946
87478947
87478949
87478950
87478951
87478952
87478954
87478955
87478956
87478957
87478960
87478961
87478962
87478963
87478964
87478966
87478967
87478968
87478969
87478970
87478971
87478972
87484284
87509443
87509444
87509445
87509446
87509447
87509449
87509450
87509451
87509452
87509453
87509454
87509455
87509456
87509457
87509458
87509459
87509460
87509461
87509463
87509464
87509465
87509466
87509467
87509468
87509469
87509745
87514090
87529595
87543598
87574120
87591995
87604035
87639440
87671903
87696724
87703663
87733485
87766254
87799383
87834063
87865596
87895427
87924792
87955906
87984597
88013682
88027126
88058404
88085138
88087222
88090490
88129511
88161056
88189922
88219371
