86934403
86938249
86941918
86945662
86948911
86952776
86957084
86961731
86965461
86969275
86972665
86976651
86979808
86984603
86988576
86992353
86996166
87000406
87009143
87012935
87016894
87020840
87024837
87028597
87032692
87037437
87044099
87047556
87052234
87057025
87061230
87065600
87070144
87074656
87078640
87083349
87087530
87092371
87097565
87102946
87107593
87112635
87118109
87122477
87126997
87137877
87151733
87165066
87173118
87187131
87201318
87214691
87238378
87250585
87254053
87258315
87262339
87293420
87316267
87326541
87350011
87365747
87369785
87373147
87376459
87379807
87383008
87386440
87395443
87399540
87403833
87410289
87414144
87421925
87425399
87428045
87431151
87434464
87437594
87441203
87444832
87448872
87453136
87457134
87459902
87462852
87465971
87469615
87473652
87476713
87484281
87509744
87514091
87529597
87543603
87604032
87610641
87610702
87610768
87610952
87611201
87639437
87671897
87703666
87733484
87766253
87799385
87834065
87865592
87895426
87924797
87955902
87984601
88013685
88027124
88058408
88090491
88129508
88161055
88189904
