69.546
70.006
74.109
81.600
84.565
79.355
68.446
64.198
66.267
68.233
73.404
74.967
73.852
76.646
69.282
68.508
64.548
67.375
73.392
69.856
73.782
74.179
70.984
67.550
69.524
70.736
66.460
70.559
78.928
70.635
83.333
82.283
67.331
72.997
71.396
77.556
65.955
72.740
92.033
70.520
76.020
67.004
63.663
63.554
63.843
66.895
67.122
63.670
67.970
78.407
77.655
68.713
66.381
65.611
68.867
68.244
73.898
68.576
70.212
69.571
72.929
78.279
69.162
73.847
70.999
75.320
76.833
76.298
75.441
83.614
70.752
69.792
71.708
76.711
74.942
74.840
69.018
80.833
70.298
72.540
71.091
77.455
78.084
78.089
76.672
81.807
69.484
67.755
67.807
71.611
72.328
73.718
78.165
87.176
69.893
72.718
72.619
