135471137
135471139
135471141
135471143
135471145
135471147
135471157
135471158
135471160
135471161
135471163
135471165
135471166
135471167
135471169
135471170
135471172
135471173
135471835
135471860
135471866
135471877
135471903
135471906
135471919
135472588
135472593
135472594
135472598
135472601
135472602
135472611
135472627
135472659
135472720
135472745
135472770
135472809
135472826
135472835
135472848
135473387
135473404
135473471
135473473
135473477
135473506
135473535
135473576
135473584
135473657
135473665
135473670
135473695
135473701
135473735
135473740
135473747
135474555
135474557
135474570
135474576
135474584
135474586
135474590
135475279
135475597
135475600
135475604
135475611
135475618
135475626
135475632
135475657
135475673
135475977
135476001
135476014
135476057
135476060
135476461
135476470
135476472
135476480
135476636
135476640
135476642
135476643
135476644
135476645
135476647
135477004
135477172
135477175
135477176
135477177
135477178
135477179
135477180
135477182
135477184
135477215
135477221
135477226
135477237
135477242
135477249
135477734
135477736
135477738
135477743
135477746
135477750
135477756
135477761
135477763
135477764
135477829
135477833
135477839
135477847
135477853
135477901
135477908
135478439
135478441
135478443
135478445
135478447
135478448
135478449
135478450
135478971
135478975
135478977
135478978
135478980
135478983
135478985
135478986
135478987
135479052
135479057
135479113
135479129
135479154
135479174
135479183
135479193
135479204
135479227
135479235
135479245
135479250
135479281
135479284
135479291
135479821
135479825
135479827
135479834
135479836
135479839
135479841
135479843
135479845
135479847
135479851
135479855
135479857
135479858
135480586
135480589
135480595
135480604
135480648
135480656
135480669
135480679
135480703
135480719
135480730
135480749
135480759
135480772
135481206
135481208
135481215
135481217
135481218
135481219
135481220
135481221
135481222
135481224
135481226
135481854
135481862
135481868
135481873
135481877
135481884
135481888
135482024
135482027
135482029
135482584
135482586
135482589
135482605
135482607
135482609
135482613
135482623
135482627
135482629
135483073
135483082
135483092
135483236
135483238
135483240
135483242
135483536
135483563
135483568
135483577
135483583
135484318
135484324
135484371
135484414
135484568
135484569
135484606
135484607
135484610
135485052
135485058
135629194
135629222
135629225
135629232
135629238
135629246
135629254
135629262
135629268
135629273
135629293
135629311
135629318
135629336
135629353
135629365
135629380
135629386
135629700
135629701
135630224
135630226
135630228
135630231
135630232
135630234
135630240
135630242
135630248
135630254
135630256
135630262
135630263
135631409
135631419
135631422
135631426
135631461
135631465
135631472
135631476
135631488
135631507
135631515
135631519
135631522
135631536
135631537
135631539
135631565
135631578
135631996
135632004
135632008
135632013
135632017
135632025
135632034
135632237
135632240
135632249
135632251
135632276
135632282
135632293
135632300
135632345
135632357
135632430
135632442
135632453
135632533
135632797
135632799
135632802
135632803
135632804
135632806
135632809
135632811
135633134
135633137
135633145
135633150
135633158
135633164
135633176
135633178
135633183
135633187
135633198
135633600
135633603
135633605
135633607
135633979
135633983
135633991
135634190
135634191
135634192
135634198
135634201
135634205
135634750
135634759
135634765
135634848
135634850
135634851
135634853
135635183
135635191
135635272
135635286
135635294
135635310
135635324
135635338
135635345
135635351
135636069
135636077
135636079
135636087
135636094
135636095
135636260
135636263
135636266
135636268
135636271
135636275
135636280
135636282
135636284
135636286
135636289
135636294
135636296
135636417
135636427
135636478
135636494
135636518
135636909
135637551
135637556
135637583
135637594
135637605
135637611
135637637
135637640
135637660
135637669
135637671
135637683
135637699
135637701
135637715
135637735
135637737
135638720
135638773
135638801
135638835
135638861
135638888
135638909
135638930
135638947
135638956
135638962
135638972
135638977
135638981
135638986
135638992
135638995
135639000
135640277
135640287
135640295
135640305
135640313
135640323
135640326
135640327
135640330
135640333
135640336
135640338
135640341
135640364
135640421
135640485
135640546
135640595
135641495
135641522
135641574
135641648
135641723
135641787
135641840
135641885
135641921
135641949
135641963
135641969
135641974
135641976
135641980
135641981
135641984
135641986
135643074
135643077
135643081
135643082
135643085
135643089
135643091
135643095
135643098
135643102
135643104
135643108
135643110
135643115
135643116
135643118
135643121
135643123
135644188
135644191
135644195
135644198
135644201
135644204
135644207
135644252
135644287
135644365
135644441
135644512
135644569
135644616
135644648
135644674
135644686
135644689
135645619
135645669
135645705
135645739
135645757
135645763
135645768
135645771
135645776
135645780
135645783
135645786
135645791
135645793
135645797
135645802
135645805
135645811
135646861
135646863
135646865
135646867
135646869
135646871
135646873
135646875
135646877
135646880
135646882
135646884
135646889
135646922
135646981
135647052
135647128
135647207
135647962
135647993
135648046
135648122
135648196
135648254
135648317
135648365
135648394
135648419
135648436
135648442
135648445
135648449
135648451
135648454
135648456
135648459
135649521
135649541
135649557
135649572
135649576
135649583
135649587
135649591
135649594
135649597
135649599
135649602
135649605
135649607
135649611
135649614
135649617
135649621
135650736
135650743
135650744
135650746
135650750
135650753
135650757
135650759
135650787
135650836
135650908
135650985
135651046
135651100
135651135
135651172
135651190
135651198
135652147
135652203
135652254
135652282
135652307
135652320
135652328
135652332
135652342
135652347
135652349
135652353
135652356
135652360
135652363
135652365
135652369
135652371
135653399
135653401
135653403
135653405
135653407
135653409
135653411
135653414
135653417
135653419
135653423
135653425
135653428
135653430
135653459
135653510
135653604
135653663
135654470
135654481
135654499
135654554
135654625
135654695
135654743
135654785
135654810
135654833
135654852
135654863
135654871
135654873
135654875
135654877
135654879
135654882
135655959
135655961
135655964
135655967
135655970
135655972
135655975
135655977
135655979
135655982
135655984
135655987
135656017
135656053
135656120
135656223
135656270
135656333
135657100
135657148
135657219
135657293
135657366
135657413
135657461
135657507
135657537
135657566
135657572
135657578
135657582
135657588
135657595
135657598
135657602
135657606
135797733
135797736
135797760
135797769
135797774
135797793
135797814
135797833
135797842
135797857
135797864
135797891
135797958
135797959
135797960
135797961
135797962
135797963
135797964
135797965
135797966
135797968
135797969
135797971
135797973
135797975
135798115
135798118
135798120
135798121
135798122
135798124
135798125
135798128
135798130
135798132
135798133
135798181
135798183
135798184
135798185
135798187
135798343
135798345
135798347
135798368
135798369
135798370
135798371
135798372
135798373
135798374
135798376
135798377
135798378
135798380
135798382
135798383
135798384
135798388
135798389
135798391
