86873541
86873680
86873890
86874000
86874053
86874202
86874285
86874347
86874826
86874894
86875057
86875283
86875420
86875545
86875742
86875809
86875861
86876036
86876072
86876111
86880905
86881021
86881192
86881222
86881283
86881432
86881487
86881615
86881809
86881827
86881860
86881877
86881908
86881969
86882056
86882070
86882097
86882114
86882177
86882276
86882333
86882343
86882391
86882404
86882433
86882547
86882604
86882621
86882692
86882709
86882778
86882887
86882931
86882988
86883117
86883147
86883190
86883347
86883375
86883391
86883515
86883533
86883565
86883750
86883786
86883847
86883986
86884026
86884067
86884223
86884246
86884272
86884396
86884422
86884477
86884598
86884633
86884698
86884835
86884889
86885422
86885588
86885616
86885650
86885679
86885710
86885712
86885741
86885777
86885804
86885828
86885857
86885872
86885916
86885970
86885980
86886005
86886010
86886038
86886047
86886183
86886190
86886226
86886232
86886295
86886305
86886438
86886441
86886456
86886464
86886506
86886508
86886615
86886621
86886646
86886648
86886692
86886693
86886816
86886821
86886854
86886857
86886889
86886891
86887030
86887033
86887116
86887124
86887214
86887216
86887321
86887330
86887341
86887365
86887367
86887397
86887398
86887411
86887420
86887440
86887552
86887600
86887609
86887618
86887635
86887787
86887796
86887805
86887844
86887901
86887911
86887920
86888061
86888108
86888117
86888126
86888170
86888336
86888345
86888355
86888389
86888398
86888432
86888554
86888563
86888591
86888634
86888648
86888664
86888878
86888929
86888938
86888947
86888986
86889148
86889158
86889167
86889210
86889279
86889288
86889436
86889457
86889466
86889475
86889505
86889625
86889634
86889643
86889674
86889740
86889749
86889758
86889885
86889932
86889941
86889998
86890174
86890184
86890241
86890417
86890434
86890451
86890513
86890548
86890557
86890566
86890700
86890740
86890749
86890758
86890773
86890924
86890933
86890942
86890976
86891027
86891036
86891045
86891198
86891308
86891317
86891375
86891600
86891609
86891646
86891727
86891737
86891877
86891953
86891962
86891993
86892210
86892219
86892267
86892372
86892382
86892524
86892631
86892640
86892695
86892924
86892933
86892971
86893095
86893104
86893113
86893279
86893306
86893410
86893416
86893426
86893437
86893484
86893511
86893585
86893711
86893715
86893724
86893727
86893752
86893754
86893775
86893862
86893865
86893874
86893877
86894057
86894077
86894090
86894115
86894130
86894139
86894144
86894169
86894205
86894214
86894406
86894413
86894414
86894447
86894464
86894523
86894596
86894609
86894610
86894813
86894818
86894819
86894876
86894884
86894888
86894957
86895028
86895047
86895195
86895206
86895220
86895311
86895314
86895320
86895377
86895380
86895383
86895539
86895578
86895581
86895628
86895636
86895645
86895800
86895816
86895917
86895927
86896032
86896042
86896196
86896214
86896342
86896351
86896436
86896448
86896697
86896708
86896803
86896813
86896931
86896940
86897090
86897192
86897202
86897243
86897252
86897472
86897481
86897505
86897615
86897624
86897785
86897919
86897928
86897997
86898261
86898270
86898331
86898488
86898497
86898665
86898674
86898796
86898807
86898883
86898892
86899104
86899113
86899175
86899323
86899333
86899508
86899514
86899628
86899637
86899646
86899735
86899746
86899755
86899995
86900037
86900047
86900056
86900167
86900364
86900373
86900382
86900430
86900537
86900570
86900580
86900706
86900779
86900789
86900801
86900863
86901046
86901055
86901064
86901087
86901189
86901198
86901207
86901408
86901546
86901556
86901565
86901608
86901820
86901829
86901839
86901881
86902039
86902048
86902065
86902320
86902329
86902338
86902639
86902649
86902658
86903136
86903148
86903161
86903337
86903346
86903355
86903569
86903578
86903589
86903656
86903809
86903810
86903819
86903828
86903839
86903873
86903941
86903945
86903954
86903964
86904138
86904193
86904199
86904211
86904220
86904289
86904472
86904490
86904500
86904510
86904541
86904577
86904587
86904596
86904605
86904745
86904793
86904797
86904807
86904816
86904859
86905022
86905027
86905037
86905046
86905079
86905142
86905155
86905164
86905173
86905330
86905388
86905401
86905407
86905413
86905464
86905476
86905624
86905631
86905640
86905681
86905690
86905699
86905743
86905889
86905898
86905908
86905966
86905967
86906023
86906070
86906083
86906093
86906271
86906280
86906290
86906518
86906527
86906537
86906701
86906712
86906722
86906900
86906909
86906919
86907106
86907115
86907124
86907253
86907262
86907271
86907405
86907473
86907484
86907494
86907603
86907757
86907767
86907776
86907858
86908001
86908018
86908033
86908084
86908146
86908155
86908165
86908308
86908355
86908364
86908373
86908427
86908589
86908598
86908608
86908644
86908671
86908680
86908689
86908804
86908836
86908845
86908854
86908887
86909046
86909055
86909064
86909104
86909139
86909148
86909158
86909292
86909343
86909352
86909361
86909406
86909413
86909451
86909452
86909517
86909566
86909576
86909587
86909595
86909597
86909606
86909614
86909630
86909631
86909636
86909647
86909656
86909669
86909685
86909686
86909780
86909795
86909812
86909814
86909820
86909833
86909843
86909849
86909856
86909857
86909862
86909867
86909957
86909960
86910111
86910127
86910132
86910139
86910164
86910165
86910180
86910197
86910211
86910213
86910229
86910249
86910251
86910260
86910280
86910281
86910390
86910405
86910415
86910444
86910445
86910460
86910475
86910477
86910497
86910500
86910537
86910541
86910551
86910604
86910608
86910750
86910756
86910773
86910799
86910800
86910809
86910818
86910835
86910837
86910853
86910975
86910978
86910987
86910998
86911016
86911019
86911033
86911058
86911069
86911078
86911249
86911298
86911307
86911368
86911532
86911541
86911602
86911691
86911700
86911844
86911882
86911891
86911900
86911942
86912091
86912101
86912127
86912225
86912243
86912386
86912482
86912492
86912527
86912694
86912787
86912798
86912810
86912840
86912841
86912882
86912956
86912966
86912975
86913199
86913207
86913213
86913265
86913285
86913288
86913289
86913290
86913291
86913293
86913294
86913295
86913297
86913298
86913301
86913302
86913304
86913305
86913307
86913308
86913310
86913443
86913504
86913514
86913657
86913722
86913732
86913922
86913980
86913989
86914041
86914227
86914236
86914312
86914321
86914331
86914451
86914483
86914492
86914502
86914531
86914538
86914699
86914708
86914726
86914819
86914828
86914914
86914920
86914926
86914937
86915120
86915132
86915186
86915195
86915209
86915297
86915311
86915495
86915504
86915513
86915524
86915593
86915624
86915633
86915642
86915651
86915783
86915809
86915818
86915824
86915828
86915888
86916048
86916050
86916060
86916069
86916120
86916160
86916162
86916172
86916181
86916347
86916399
86916400
86916409
86916418
86916498
86916628
86916630
86916640
86916649
86916724
86916733
86916742
86916863
86916889
86916896
86916906
86916915
86916976
86917092
86917098
86917110
86917119
86917129
86917145
86917157
86917164
86917197
86917207
86917219
86917267
86917283
86917299
86917358
86917369
86917382
86917414
86917432
86917453
86917461
86917470
86917479
86917493
86917508
86917552
86917667
86917675
86917686
86917694
86917703
86917712
86917721
86917726
86917730
86917744
86917748
86917751
86917855
86917865
86917874
86917886
86917889
86917898
86917908
86917911
86917914
86917926
86917935
86917944
86917950
86917951
86917984
86917994
86918121
86918126
86918137
86918146
86918155
86918183
86918190
86918234
86918250
86918374
86918384
86918393
86918447
86918470
86918481
86918537
86918542
86918552
86918561
86918570
86918625
86918756
86918772
86918782
86918791
86918815
86918956
86918965
86918974
86919022
86919060
86919069
86919078
86919230
86919281
86919291
86919300
86919371
86919536
86919539
86919545
86919548
86919566
86919577
86919651
86919652
86919751
86919753
86919757
86919761
86919764
86919773
86919987
86920004
86920005
86920007
86920073
86920082
86920091
86920113
86920116
86920157
86920298
86920307
86920344
86920379
86920388
86920542
86920554
86920612
86920621
86920690
86920699
86920868
86920877
86920969
86920978
86921073
86921087
86921275
86921285
86921306
86921308
86921335
86921345
86921444
86921453
86921676
86921768
86921777
86921850
86921859
86922010
86922019
86922081
86922090
86922194
86922205
86922401
86922410
86922502
86922504
86922505
86922507
86922508
86922510
86922511
86922514
86922518
86922519
86922639
86922656
86922659
86922685
86922779
86922788
86922823
86922832
86922995
86923076
86923087
86923152
86923162
86923354
86923448
86923457
86923541
86923550
86923748
86923759
86923851
86923861
86923967
86923976
86924194
86924200
86924221
86924269
86924278
86924317
86924319
86924364
86924406
86924408
86924529
86924578
86924579
86924620
86924665
86924667
86924699
86924749
86924750
86924893
86924931
86924935
86924952
86924977
86924978
86925013
86925082
86925083
86925203
86925256
86925333
86925358
86925417
86925488
86925516
86925572
86925675
86925807
86925867
86925949
86925989
86926059
86926142
86926184
86926253
86926326
86926461
86926523
86926529
86926593
86926635
86933950
86933959
86933968
86934005
86934039
86934049
86934058
86934313
86934322
86934331
86934624
86934637
86934648
86934753
86934762
86934771
86934908
86934917
86934926
86935403
86935412
86935422
86935485
86935507
86935516
86935525
86935707
86935805
86935815
86935826
86935933
86936094
86936104
86936115
86936176
86936219
86936221
86936255
86936274
86936289
86936421
86936468
86936477
86936486
86936557
86936825
86936834
86936844
86936887
86937009
86937018
86937027
86937073
86937104
86937113
86937122
86937277
86937309
86937318
86937327
86937345
86937461
86937470
86937479
86937551
86937618
86937624
86937630
86937813
86937907
86937916
86937923
86937972
86938111
86938121
86938169
86938206
86938215
86938393
86938416
86938425
86938451
86938579
86938588
86938643
86938776
86938786
86938995
86939068
86939077
86939159
86939169
86939178
86939441
86939450
86939459
86939673
86939682
86939691
86939807
86939816
86939825
86939990
86939999
86940008
86940208
86940217
86940226
86940364
86940373
86940382
86940619
86940628
86940638
86940891
86940900
86940909
86941030
86941046
86941062
86941190
86941199
86941208
86941419
86941428
86941437
86941688
86941698
86941707
86941849
86941858
86941868
86942149
86942158
86942167
86942364
86942373
86942382
86942462
86942483
86942492
86942502
86942578
86942787
86942803
86942812
86942822
86942843
86942844
86942932
86942935
86943089
86943099
86943108
86943138
86943139
86943189
86943190
86943218
86943227
86943236
86943293
86943295
86943445
86943446
86943478
86943487
86943496
86943510
86943511
86943535
86943536
86943635
86943644
86943653
86943670
86943671
86943683
86943692
86943694
86943737
86943747
86943757
86943775
86943812
86943822
86943940
86943945
86943946
86943959
86943968
86943995
86944000
86944005
86944040
86944050
86944060
86944061
86944068
86944256
86944313
86944322
86944331
86944337
86944382
86944560
86944569
86944575
86944579
86944642
86944658
86944691
86944692
86944701
86944711
86944874
86944942
86944943
86944952
86944961
86945013
86945163
86945168
86945177
86945186
86945233
86945239
86945287
86945290
86945299
86945309
86945453
86945567
86945584
86945594
86945603
86945688
86945857
86945861
86945871
86945880
86945925
86945958
86945969
86945984
86946138
86946147
86946156
86946362
86946371
86946380
86946594
86946603
86946614
86946723
86946733
86946742
86946939
86946948
86946958
86947111
86947121
86947130
86947180
86947189
86947198
86947392
86947401
86947410
86947608
86947617
86947626
86947687
86947722
86947731
86947740
86947950
86947959
86947968
86948121
86948131
86948140
86948206
86948215
86948224
86948443
86948452
86948462
86948523
86948533
86948729
86948807
86948817
86948898
86949093
86949103
86949183
86949209
86949219
86949344
86949370
86949379
86949452
86949596
86949605
86949670
86949731
86949740
86949910
86949934
86949940
86949947
86950016
86950047
86950048
86950054
86950063
86950117
86950178
86950180
86950184
86950303
86950318
86950319
86950336
86950345
86950373
86950383
86950385
86950389
86950406
86950411
86950412
86950423
86950432
86950544
86950547
86950561
86950562
86950584
86950603
86950611
86950612
86950614
86950624
86950640
86950646
86950686
86950689
86950692
86950694
86950695
86950869
86950875
86950876
86950877
86950879
86950880
86950885
86950887
86950888
86950890
86950891
86950893
86950920
86950934
86950936
86950951
86950953
86950954
86950962
86950963
86951016
86951023
86951026
86951137
86951149
86951190
86951196
86951200
86951201
86951203
86951204
86951205
86951236
86951253
86951255
86951260
86951268
86951275
86951296
86951417
86951545
86951576
86951589
86951599
86951632
86951651
86951748
86951906
86951915
86951950
86951971
86951994
86952009
86952018
86952206
86952275
86952284
86952373
86952563
86952569
86952575
86952642
86952727
86952737
86952944
86953037
86953047
86953056
86953085
86953260
86953266
86953272
86953331
86953334
86953336
86953341
86953342
86953344
86953345
86953347
86953348
86953416
86953425
86953679
86953760
86953769
86953842
86954015
86954026
86954035
86954119
86954128
86954210
86954395
86954404
86954486
86954588
86954600
86954851
86954875
86954930
86954939
86954958
86954998
86955005
86955195
86955206
86955222
86955274
86955284
86955355
86955364
86955379
86955610
86955620
86955672
86955681
86955697
86955789
86955797
86955957
86955966
86955979
86956029
86956042
86956089
86956098
86956141
86956250
86956257
86956294
86956303
86956316
86956435
86956476
86956581
86956590
86956604
86956687
86956693
86956839
86956841
86956861
86956905
86956966
86956967
86956987
86957031
86957033
86957045
86957073
86957242
86957261
86957318
86957329
86957338
86957360
86957409
86957426
86957580
86957589
86957615
86957656
86957684
86957690
86957699
86957757
86957871
86957902
86957911
86957920
86957965
86957973
86958002
86958112
86958121
86958156
86958166
86958207
86958218
86958228
86958330
86958438
86958506
86958545
86958554
86958662
86958673
86958769
86958863
86958874
86958957
86959034
86959045
86959054
86959277
86959339
86959349
86959358
86959451
86959641
86959650
86959660
86959740
86959750
86959806
86959855
86960007
86960052
86960061
86960113
86960163
86960255
86960256
86960337
86960348
86960486
86960551
86960599
86960738
86960747
86960828
86960917
86961070
86961151
86961160
86961214
86961265
86961301
86961365
86961374
86961507
86961552
86961575
86961645
86961654
86961687
86961772
86961881
86961964
86961965
86961968
86961970
86961971
86961977
86961983
86961985
86961988
86962083
86962158
86962168
86962178
86962318
86962382
86962391
86962401
86962511
86962682
86962691
86962701
86962780
86963022
86963042
86963056
86963093
86963133
86963142
86963152
86963251
86963266
86963280
86963295
86963310
86963326
86963341
86963395
86963404
86963421
86963439
86963446
86963562
86963571
86963587
86963619
86963632
86963675
86963685
86963699
86963875
86963889
86963956
86963965
86963980
86964058
86964071
86964223
86964232
86964245
86964279
86964286
86964324
86964334
86964335
86964498
86964499
86964529
86964531
86964540
86964568
86964569
86964692
86964693
86964702
86964767
86964772
86964832
86964833
86964847
86965033
86965043
86965117
86965125
86965137
86965143
86965183
86965186
86965197
86965329
86965338
86965357
86965382
86965391
86965400
86965413
86965491
86965618
86965627
86965636
86965650
86965663
86965673
86965682
86965691
86965705
86965832
86965885
86965895
86965904
86965914
86966066
86966224
86966267
86966276
86966287
86966294
86966321
86966352
86966382
86966383
86966393
86966402
86966835
86966908
86966913
86966922
86966931
86966987
86967120
86967122
86967132
86967141
86967167
86967179
86967180
86967189
86967198
86967335
86967395
86967405
86967415
86967520
86967749
86967759
86967768
86967835
86967941
86967957
86967973
86968047
86968083
86968093
86968102
86968270
86968308
86968317
86968326
86968337
86968379
86968487
86968496
86968516
86968533
86968577
86968615
86968617
86968618
86968620
86968621
86968623
86968624
86968625
86968627
86968628
86968629
86968631
86968634
86968635
86968636
86968670
86968760
86968774
86968793
86968807
86968823
86968864
86968878
86968888
86968908
86968925
86968950
86969071
86969080
86969118
86969160
86969197
86969198
86969203
86969204
86969205
86969207
86969209
86969212
86969213
86969215
86969218
86969219
86969220
86969222
86969224
86969225
86969227
86969228
86969279
86969431
86969439
86969448
86969457
86969466
86969476
86969489
86969591
86969600
86969609
86969617
86969633
86969645
86969652
86969661
86969670
86969715
86969824
86969853
86969863
86969872
86969894
86970042
86970184
86970193
86970202
86970218
86970263
86970288
86970297
86970306
86970353
86970483
86970492
86970501
86970510
86970524
86970579
86970696
86970705
86970714
86970746
86970755
86970764
86970962
86970971
86970980
86971392
86971403
86971413
86971554
86971563
86971572
86971759
86971769
86971778
86971932
86971941
86971950
86972043
86972052
86972061
86972266
86972277
86972287
86972298
86972465
86972578
86972588
86972591
86972598
86972638
86972768
86972788
86972805
86972821
86972909
86972943
86972944
86972953
86972962
86973082
86973130
86973131
86973140
86973149
86973189
86973462
86973464
86973473
86973482
86973559
86973647
86973667
86973679
86973690
86973933
86974082
86974085
86974089
86974093
86974098
86974117
86974135
86974145
86974291
86974296
86974521
86974530
86974540
86974620
86974629
86974638
86974818
86974828
86974838
86975013
86975022
86975031
86975122
86975132
86975141
86975303
86975336
86975345
86975354
86975368
86975426
86975560
86975569
86975578
86975589
86975644
86975695
86975705
86975715
86975749
86975901
86975930
86975948
86975958
86975987
86976030
86976050
86976198
86976208
86976223
86976244
86976261
86976318
86976327
86976342
86976476
86976489
86976541
86976550
86976563
86976683
86976696
86976865
86976874
86976887
86976934
86976948
86976983
86976992
86977001
86977107
86977116
86977126
86977136
86977145
86977195
86977317
86977326
86977380
86977448
86977459
86977608
86977658
86977667
86977768
86977894
86977903
86977928
86978052
86978065
86978090
86978129
86978139
86978311
86978366
86978375
86978427
86978578
86995655
86995665
86995674
86995792
86995801
86995810
86995850
86995859
86995869
86995901
86995911
86995920
86996054
86996063
86996073
86996113
86996122
86996132
86996201
86996210
86996219
86996344
86996353
86996362
86996425
86996431
86996437
86996487
86996504
86996517
86996657
86996667
86996674
86996726
86996732
86996738
86996964
86996980
86996997
86997090
86997096
86997102
86997162
86997172
86997181
86997429
86997437
86997446
86997742
86997751
86997760
86997854
86997861
86997867
86998060
86998071
86998080
86998146
86998152
86998158
86998181
86998190
86998199
86998317
86998326
86998335
86998357
86998366
86998375
86998396
86998405
86998415
86998618
86998628
86998640
86998671
86998680
86998689
86998731
86998740
86998750
86998896
86998908
86998918
86999007
86999013
86999019
86999093
86999102
86999108
86999304
86999310
86999317
86999385
86999391
86999397
86999422
86999431
86999440
86999560
86999569
86999578
86999597
86999606
86999616
86999635
86999644
86999653
86999809
86999819
86999828
86999957
86999966
86999975
87000031
87000040
87000050
87000215
87000224
87000230
87000320
87000329
87000338
87000444
87000454
87000460
87000621
87000630
87000641
87000686
87000695
87000704
87000722
87000731
87000740
87000864
87000873
87000882
87000898
87000907
87000916
87000971
87000981
87000990
87001114
87001123
87001132
87001169
87001178
87001187
87001253
87001268
87001284
87001433
87001442
87001448
87001518
87001527
87001537
87001716
87001733
87001746
87001824
87001833
87001839
87001892
87001901
87001910
87002049
87002058
87002067
87002105
87002115
87002124
87002146
87002156
87002165
87002314
87002323
87002332
87002362
87002372
87002381
87002435
87002444
87002455
87002590
87002600
87002611
87002678
87002687
87002696
87002751
87002760
87002766
87002944
87002953
87002962
87003035
87003041
87003047
87003080
87003089
87003098
87003236
87003245
87003254
87003305
87003314
87003320
87003360
87003369
87003378
87003550
87003561
87003567
87003606
87003615
87003625
87003681
87003690
87003699
87003859
87003869
87003879
87003934
87003945
87003955
87004009
87004014
87004015
87004017
87004021
87004022
87004068
87004081
87004204
87004216
87004315
87004321
87004327
87004364
87004365
87004366
87004367
87004370
87004371
87004410
87004416
87004429
87004430
87004431
87004470
87004471
87004472
87004473
87004474
87004475
87004477
87004478
87004480
87004482
87004484
87004505
87004507
87004674
87004675
87004676
87004677
87004678
87004679
87004680
87004684
87004700
87004745
87004746
87004747
87004748
87004749
87004750
87004751
87004752
87004754
87004755
87004756
87004757
87004839
87004844
87004942
87004954
87004966
87005195
87005202
87005209
87005231
87005232
87005233
87005236
87005317
87005324
87005330
87005337
87005338
87005412
87005416
87005417
87005419
87005420
87005421
87005424
87005426
87005427
87005430
87005440
87005647
87005649
87005650
87005651
87005652
87005654
87005655
87005660
87005664
87005671
87005672
87005714
87005715
87005716
87005719
87005720
87005721
87005722
87005723
87005725
87005729
87005731
87005733
87005738
87005924
87005931
87005937
87006135
87006136
87006142
87006145
87006149
87006155
87006157
87006163
87006165
87006246
87006247
87006248
87006250
87006251
87006252
87006253
87006264
87006265
87006303
87006306
87006307
87006309
87006311
87006312
87006313
87006314
87006315
87006319
87006328
87006335
87006341
87006350
87006373
87006555
87006556
87006557
87006559
87006561
87006565
87006566
87006567
87006568
87006664
87006665
87006666
87006667
87006668
87006669
87006670
87006671
87006672
87006673
87006674
87006675
87006676
87006677
87006678
87006759
87006760
87006761
87006762
87006763
87006765
87006766
87006768
87006771
87006975
87006976
87006977
87006980
87006981
87006982
87006984
87007036
87007042
87007119
87007125
87007131
87007318
87007327
87007333
87007342
87007343
87007344
87007345
87007346
87007351
87007437
87007444
87007459
87007527
87007529
87007530
87007533
87007534
87007537
87007539
87007540
87007543
87007547
87007551
87007558
87007559
87007744
87007794
87007798
87007802
87007805
87007806
87007807
87007810
87007812
87007813
87007819
87007820
87007821
87007822
87007826
87007827
87007828
87007829
87007830
87007831
87007833
87007834
87007915
87007918
87007919
87007994
87007996
87007997
87007998
87007999
87008000
87008001
87008002
87008003
87008004
87008005
87008006
87008009
87008148
87008155
87008185
87008186
87008187
87008188
87008189
87008233
87008234
87008235
87008236
87008237
87008239
87008304
87008310
87008316
87008337
87008338
87008340
87008341
87008342
87008343
87008344
87008347
87008349
87008616
87008623
87008630
87008655
87008657
87008658
87008660
87008664
87008665
87008666
87008668
87008669
87008672
87008673
87008674
87008676
87008677
87008678
87008742
87008745
87008902
87008987
87008988
87008989
87008991
87008993
87008995
87008996
87008997
87008998
87009000
87009001
87009003
87009004
87009005
87009006
87009007
87009009
87009010
87009011
87009101
87009102
87009103
87009104
87009105
87009289
87009298
87009299
87009300
87009301
87009303
87009304
87009305
87009306
87009308
87009310
87009312
87009315
87009319
87009322
87009328
87009330
87009332
87009386
87009446
87009456
87009465
87009581
87009590
87009599
87009617
87009626
87009635
87009660
87009669
87009678
87009860
87009869
87009879
87009911
87009921
87009930
87009996
87010005
87010014
87010159
87010168
87010177
87010214
87010224
87010233
87010289
87010303
87010317
87010476
87010485
87010495
87010517
87010526
87010535
87010564
87010573
87010582
87010735
87010744
87010753
87010776
87010785
87010795
87010862
87010871
87010881
87011034
87011043
87011053
87011142
87011152
87011161
87011174
87011198
87011227
87011237
87011254
87011362
87011371
87011419
87011429
87011438
87011445
87011481
87011491
87011529
87011538
87011544
87011751
87011768
87011785
87011871
87011884
87011894
87011983
87011990
87011996
87012129
87012138
87012147
87012188
87012190
87012199
87012208
87012233
87012243
87012253
87012397
87012436
87012445
87012479
87012488
87012497
87012539
87012548
87012557
87012694
87012703
87012712
87012800
87012809
87012820
87012892
87012903
87012909
87013089
87013099
87013108
87013174
87013181
87013188
87013248
87013258
87013266
87013396
87013405
87013414
87013447
87013456
87013465
87013525
87013534
87013540
87013706
87013716
87013722
87013788
87013797
87013806
87013893
87013901
87013910
87014079
87014088
87014094
87014169
87014180
87014191
87014289
87014299
87014306
87014483
87014492
87014501
87014541
87014551
87014561
87014603
87014613
87014622
87014762
87014771
87014781
87014841
87014850
87014859
87014944
87014953
87014962
87015091
87015101
87015112
87015174
87015183
87015192
87015244
87015253
87015262
87015431
87015441
87015450
87015509
87015518
87015527
87015636
87015645
87015651
87015825
87015834
87015840
87015882
87015892
87015901
87015961
87015978
87015995
87016107
87016113
87016119
87016146
87016155
87016164
87016346
87016357
87016368
87016429
87016439
87016448
87016504
87016513
87016519
87016679
87016688
87016697
87016750
87016759
87016768
87016836
87016846
87016857
87017044
87017053
87017059
87017112
87017123
87017132
87017180
87017186
87017192
87017347
87017358
87017364
87017403
87017412
87017418
87017458
87017468
87017477
87017673
87017679
87017687
87017745
87017754
87017763
87017845
87017851
87017857
87018011
87018020
87018029
87018105
87018111
87018119
87018187
87018197
87018206
87018390
87018400
87018406
87018457
87018466
87018475
87018555
87018562
87018568
87018727
87018736
87018746
87018800
87018809
87018818
87018862
87018871
87018880
87019056
87019065
87019074
87019129
87019138
87019147
87019239
87019249
87019257
87019430
87019440
87019452
87019522
87019532
87019542
87019646
87019655
87019664
87019813
87019822
87019831
87019874
87019883
87019892
87019923
87019932
87019941
87020058
87020067
87020076
87020098
87020108
87020117
87020181
87020190
87020199
87020325
87020335
87020344
87020412
87020424
87020433
87020528
87020548
87020561
87020710
87020719
87020728
87020784
87020793
87020799
87020974
87020993
87021007
87021082
87021091
87021097
87021170
87021180
87021189
87021342
87021348
87021354
87021406
87021415
87021426
87021489
87021498
87021505
87021658
87021667
87021676
87021714
87021723
87021732
87021817
87021826
87021832
87022000
87022006
87022012
87022093
87022103
87022111
87022231
87022238
87022245
87022467
87022474
87022480
87022548
87022557
87022563
87022579
87022588
87022597
87022709
87022718
87022727
87022749
87022758
87022768
87022791
87022800
87022809
87022965
87022976
87022986
87023046
87023055
87023065
87023118
87023129
87023139
87023314
87023323
87023332
87023422
87023435
87023444
87023514
87023523
87023533
87023741
87023750
87023759
87023808
87023817
87023826
87023852
87023861
87023870
87023991
87024000
87024009
87024048
87024058
87024068
87024120
87024129
87024138
87024272
87024282
87024291
87024344
87024353
87024362
87024421
87024430
87024439
87024652
87024661
87024667
87024746
87024756
87024765
87024888
87024894
87024900
87025079
87025089
87025100
87025147
87064805
87064814
87064820
87064898
87064904
87064910
87065007
87065014
87065022
87065308
87065314
87065320
87065370
87065379
87065389
87065543
87065552
87065561
87065763
87065769
87065776
87065843
87065849
87065855
87066024
87066035
87066044
87066190
87066199
87066208
87066265
87066274
87066283
87066366
87066383
87066399
87066589
87066598
87066608
87066641
87066650
87066660
87066695
87066704
87066714
87067164
87067174
87067183
87067241
87067250
87067259
87067335
87067345
87067354
87067584
87067594
87067603
87067667
87067676
87067682
87067736
87067745
87067754
87068012
87068021
87068027
87068085
87068094
87068103
87068166
87068175
87068187
87068405
87068414
87068423
87068456
87068465
87068474
87068561
87068576
87068592
87068817
87068828
87068837
87068878
87068887
87068896
87069046
87069055
87069064
87069106
87069115
87069126
87069199
87069205
87069364
87069375
87069444
87069450
87069458
87069520
87069530
87069536
87069688
87069697
87069706
87069737
87069747
87069756
87069806
87069815
87069824
87069972
87069981
87069990
87070046
87070055
87070064
87070103
87070113
87070122
87070380
87070389
87070398
87070451
87070460
87070469
87070535
87070541
87070548
87070803
87070812
87070818
87070891
87070897
87070903
87070961
87070970
87070976
87071133
87071142
87071151
87071227
87071234
87071242
87071301
87071311
87071318
87071493
87071494
87071495
87071496
87071498
87071500
87071501
87071502
87071503
87071505
87071506
87071507
87071510
87071511
87071512
87071548
87071558
87071592
87071595
87071599
87071685
87071697
87071710
87071748
87071751
87071752
87071753
87071754
87071757
87071836
87071849
87071896
87071898
87071899
87072059
87072060
87072061
87072062
87072063
87072064
87072065
87072066
87072067
87072070
87072071
87072073
87072076
87072078
87072079
87072205
87072207
87072208
87072209
87072210
87072212
87072213
87072307
87072308
87072310
87072311
87072314
87072316
87072318
87072321
87072323
87072326
87072328
87072332
87072334
87072335
87072336
87072337
87072519
87072528
87072566
87072576
87072585
87072648
87072657
87072666
87072801
87072811
87072820
87072878
87072887
87072898
87072944
87072953
87072963
87073147
87073156
87073163
87073245
87073255
87073265
87073371
87073380
87073389
87073552
87073561
87073567
87073622
87073631
87073640
87073698
87073715
87073731
87073796
87073805
87073814
87073844
87073853
87073862
87073952
87074070
87074079
87074088
87074114
87074130
87074139
87074148
87074187
87074206
87074217
87074227
87074263
87074381
87074393
87074402
87074457
87074485
87074491
87074497
87074551
87074589
87074598
87074608
87074670
87074819
87074825
87074832
87074877
87074892
87074902
87074912
87074941
87074964
87074973
87074982
87075008
87075125
87075134
87075141
87075163
87075174
87075184
87075195
87075219
87075230
87075239
87075248
87075346
87075502
87075511
87075535
87075559
87075569
87075594
87075625
87075634
87075644
87075667
87075807
87075816
87075872
87075873
87075911
87075919
87075925
87075931
87075969
87075972
87076013
87076016
87076025
87076123
87076129
87076257
87076264
87076270
87076277
87076320
87076328
87076359
87076363
87076369
87076391
87076407
87076414
87076423
87076432
87076520
87076549
87076553
87076562
87076584
87076590
87076594
87076603
87076629
87076634
87076636
87076646
87076793
87076809
87076821
87076831
87076840
87076860
87076872
87076879
87076914
87076935
87076945
87076954
87077073
87077104
87077116
87077125
87077168
87077200
87077224
87077233
87077264
87077283
87077326
87077335
87077344
87077467
87077491
87077509
87077518
87077553
87077573
87077585
87077594
87077624
87077662
87077676
87077686
87077814
87077835
87077855
87077865
87077884
87077911
87077932
87077941
87077975
87077985
87077995
87078005
87078174
87078183
87078192
87078227
87078236
87078246
87078298
87078309
87078318
87078463
87078472
87078481
87078555
87078564
87078574
87078723
87078740
87078758
87078836
87078845
87078854
87078880
87078889
87078898
87079051
87079061
87079071
87079211
87079220
87079231
87079354
87079365
87079375
87079630
87079641
87079650
87079780
87079789
87079800
87079972
87079981
87079993
87080249
87080259
87080268
87080431
87080442
87080451
87080546
87080556
87080569
87080753
87080762
87080772
87080817
87080826
87080836
87080867
87080876
87080885
87081005
87081014
87081023
87081075
87081084
87081093
87081163
87081169
87081175
87081387
87081396
87081402
87081481
87081488
87081494
87081601
87081607
87081613
87081814
87081820
87081826
87081951
87081957
87081963
87081978
87082040
87082049
87082058
87082217
87082226
87082236
87082265
87082274
87082284
87082334
87082344
87082353
87082475
87082484
87082493
87082527
87082537
87082546
87082570
87082579
87082588
87082744
87082753
87082762
87082835
87082845
87082854
87082928
87082940
87082949
87083128
87083137
87083146
87083239
87083248
87083258
87083370
87083380
87083389
87083538
87083541
87083551
87083560
87083599
87083600
87083604
87083613
87083622
87083671
87083678
87083690
87083701
87083711
87083831
87083832
87083834
87083843
87083852
87083874
87083876
87083878
87083888
87083897
87083940
87083955
87083969
87083986
87084004
87084119
87084120
87084129
87084138
87084193
87084194
87084218
87084228
87084239
87084308
87084310
87084390
87084409
87084425
87084505
87084509
87084536
87084546
87084552
87084627
87084628
87084648
87084658
87084667
87084746
87084748
87084859
87084869
87084922
87084924
87084934
87084943
87084952
87084980
87084982
87085005
87085014
87085020
87085039
87085042
87085154
87085163
87085173
87085208
87085209
87085223
87085232
87085238
87085268
87085269
87085286
87085295
87085304
87085356
87085358
87085359
87085459
87085460
87085461
87085462
87085476
87085552
87085561
87085570
87085657
87085661
87085665
87085667
87085669
87085672
87085676
87085679
87085683
87085684
87085687
87085692
87085702
87085881
87085890
87085901
87085989
87085995
87086002
87086076
87086085
87086091
87086269
87086278
87086288
87086342
87086352
87086361
87086439
87086445
87086451
87086605
87086614
87086620
87086678
87086690
87086696
87086757
87086768
87086778
87086961
87086970
87086976
87087053
87087062
87087069
87087137
87087147
87087156
87087324
87087333
87087342
87087402
87087411
87087421
87087526
87087544
87087559
87087709
87087718
87087727
87087769
87087778
87087787
87087841
87087850
87087859
87088012
87088021
87088030
87088069
87088078
87088088
87088177
87088187
87088197
87088363
87088373
87088382
87088456
87088465
87088475
87088539
87088548
87088557
87088737
87088750
87088756
87088843
87088852
87088862
87088958
87088969
87088982
87089097
87089140
87089149
87089155
87089174
87089222
87089232
87089241
87089267
87089367
87089384
87089401
87089431
87089474
87089483
87089492
87089520
87089563
87089573
87089582
87089607
87089610
87089810
87089820
87089831
87089871
87089874
87089973
87089982
87089988
87090017
87090124
87090154
87090163
87090172
87090301
87090318
87090327
87090336
87090379
87090394
87090403
87090413
87090449
87090451
87090579
87090588
87090598
87090742
87090822
87090833
87090842
87090865
87090884
87090899
87090908
87090917
87090935
87090945
87091017
87091027
87091037
87091147
87091154
87091171
87091180
87091189
87091198
87091202
87091272
87091281
87091290
87091307
87091350
87091359
87091368
87091476
87091596
87091602
87091608
87091630
87091687
87091699
87091705
87091733
87091870
87091888
87091904
87091984
87092142
87092152
87092165
87092185
87092286
87092295
87092304
87092316
87092483
87092501
87092513
87092526
87092743
87092753
87092762
87092780
87092831
87092840
87092849
87092866
87093095
87093101
87093107
87093115
87093179
87093189
87093199
87093211
87093346
87093352
87093358
87093376
87093558
87093567
87093576
87093585
87093621
87093631
87093638
87093645
87093706
87093716
87093725
87093741
87093909
87093923
87093935
87094069
87094078
87094088
87094143
87094152
87094162
87094452
87094461
87094471
87094536
87094545
87094554
87094625
87094635
87094645
87094883
87094889
87094895
87094912
87094917
87094919
87094921
87095024
87095036
87095043
87095069
87095075
87095076
87095078
87095081
87095141
87095204
87095206
87095208
87095210
87095213
87095217
87095335
87095344
87095397
87095447
87095457
87095466
87095507
87095555
87095562
87095576
87095585
87095594
87095777
87095795
87095806
87095815
87095915
87095924
87095933
87095993
87096002
87096012
87096190
87096200
87096209
87096245
87096254
87096263
87096316
87096325
87096334
87096475
87096477
87096478
87096479
87096481
87096483
87096513
87096522
87096621
87096631
87096641
87096752
87096762
87096771
87096917
87096927
87096939
87097025
87097035
87097041
87097154
87097166
87097177
87097355
87097365
87097375
87097461
87097470
87097481
87097603
87097614
87097624
87097802
87097811
87097820
87097856
87097865
87097874
87097921
87097933
87097950
87098077
87098086
87098095
87098151
87098161
87098171
87098388
87098403
87098417
87098549
87098558
87098695
87098706
87098714
87099045
87099052
87099058
87099203
87099438
87099449
87099461
87099642
87099703
87099713
87099722
87099967
87100141
87100150
87100156
87100164
87100248
87100436
87100445
87100454
87162869
87162995
87163172
87163182
87163191
87163259
87163388
87163520
87163529
87163538
87163609
87163747
87163868
87163877
87163887
87164103
87164306
87164315
87164324
87164472
87164606
87164665
87164674
87164818
87164954
87164963
87164972
87165134
87165289
87165420
87165429
87165438
87165564
87165572
87165760
87165769
87165778
87165851
87165918
87165919
87166104
87166113
87166122
87166200
87166345
87166526
87166535
87166544
87166612
87166668
87166670
87166793
87166802
87166811
87166941
87167008
87167227
87167244
87167259
87167382
87167572
87167701
87167710
87167720
87167782
87167914
87168041
87168050
87168060
87168131
87168350
87168400
87168409
87168525
87169125
87169134
87169143
87169153
87169207
87169216
87169225
87169244
87169338
87169347
87169357
87169436
87169485
87169494
87169503
87169510
87169533
87169542
87169551
87169565
87169580
87169598
87169616
87169697
87169730
87169739
87169748
87169758
87169800
87169810
87169816
87169826
87169969
87169987
87170006
87170090
87170099
87170109
87170192
87170200
87170206
87170352
87170361
87170370
87170399
87170438
87170447
87170453
87170465
87170537
87170546
87170555
87170577
87170723
87170732
87170741
87170750
87170803
87170812
87170822
87170832
87170885
87170892
87170898
87170910
87171061
87171067
87171073
87171088
87171113
87171123
87171132
87171141
87171194
87171203
87171210
87171223
87171402
87171408
87171418
87171430
87171513
87171522
87171531
87171543
87171688
87171696
87171703
87171713
87172150
87172156
87172163
87172169
87172548
87172561
87172571
87172581
87172995
87173002
87173008
87173015
87173471
87173478
87173482
87173486
87173882
87173883
87173889
87173895
87174249
87174251
87174260
87174266
87174664
87174665
87174674
87174683
87175011
87175021
87175030
87175327
87175336
87175401
87175799
87175810
87175819
87176159
87176169
87176178
87176548
87176557
87176566
87177093
87177104
87177114
87177429
87177438
87177494
87177907
87177917
87177927
87178380
87178393
87178403
87178747
87178756
87178765
87179150
87179171
87179181
87179647
87179659
87179666
87180009
87180020
87180029
87180427
87180436
87180442
87180870
87180879
87180888
87181222
87181232
87181241
87181561
87181570
87181581
87182009
87182018
87182027
87182377
87182386
87182395
87182836
87182853
87182870
87183241
87183247
87183253
87183564
87183565
87183571
87183577
87183775
87184004
87184013
87184022
87184308
87184317
87184326
87184448
87184656
87184665
87184675
87184747
87185058
87185067
87185092
87185219
87185425
87185436
87185446
87185584
87185797
87185807
87185816
87185950
87186266
87186275
87186284
87186370
87186643
87186653
87186662
87186737
87186969
87186978
87186987
87187125
87187444
87187454
87187463
87187586
87187809
87187818
87187827
87187905
87188168
87188177
87188187
87188259
87188596
87188605
87188614
87188685
87188874
87188883
87188949
87188985
87189055
87189275
87189285
87189293
87189376
87189815
87189825
87189834
87189909
87190213
87190219
87190225
87190302
87190586
87190597
87190606
87190678
87190998
87191011
87191080
87191098
87191378
87191387
87191397
87191465
87191757
87191766
87191775
87191879
87192258
87192268
87192279
87192296
87192639
87192649
87192658
87192666
87192941
87192950
87192959
87193022
87193379
87193388
87193398
87193471
87193722
87193733
87193752
87194160
87194170
87194180
87194186
87194561
87194570
87194579
87194642
87194954
87194964
87194978
87194994
87195373
87195382
87195392
87195402
87195872
87195882
87195891
87195902
87196271
87196280
87196290
87196304
87196640
87196651
87196717
87197097
87197106
87197115
87197457
87197467
87197736
87197803
87197814
87198201
87198210
87198216
87198562
87198571
87198580
87199012
87199028
87199044
87199446
87199457
87199463
87199819
87199851
87199857
87200260
87200272
87200284
87200652
87200660
87200666
87200832
87201097
87201106
87201112
87201279
87201631
87201641
87201647
87201797
87201985
87201994
87202058
87202147
87202384
87202391
87202397
87202558
87202880
87202890
87202897
87203035
87203259
87203268
87203274
87203414
87203652
87203664
87203674
87203767
87204124
87204131
87204137
87204283
87204498
87204507
87204517
87204654
87204934
87204941
87204948
87205104
87205445
87205451
87205457
87205546
87205777
87205786
87205840
87205952
87206183
87206193
87206199
87206337
87206661
87206670
87206680
87206825
87207012
87207021
87207030
87207104
87207364
87207373
87207382
87207465
87207763
87207772
87207838
87207915
87208144
87208150
87208157
87208277
87208507
87208520
87208526
87208637
87209014
87209023
87209032
87209408
87209418
87209427
87209736
87209746
87209771
87210164
87210174
87210183
87210545
87210553
87210562
87210573
87210971
87210981
87210991
87211462
87211471
87211480
87211788
87211797
87211807
87212163
87212173
87212182
87212628
87212637
87212647
87213007
87213017
87213026
87213379
87213442
87213451
87213695
87213855
87213865
87213876
87214132
87214171
87214180
87214189
87214244
87214283
87214292
87214302
87214439
87214485
87214494
87214503
87214548
87214598
87214612
87214622
87214664
87214778
87214795
87214810
87214899
87214939
87214950
87214959
87215007
87215066
87215076
87215082
87215114
87215242
87215252
87215261
87215289
87215290
87215346
87215355
87215364
87215403
87215405
87215472
87215483
87215492
87215517
87215518
87215675
87215681
87215687
87215828
87215829
87216060
87216069
87216079
87216231
87216233
87216455
87216462
87216469
87216603
87216605
87216947
87216958
87216969
87217063
87217119
87217377
87217384
87217390
87217478
87217480
87217719
87217728
87217737
87217876
87217877
87218227
87218233
87218239
87218386
87218387
87218628
87218637
87218644
87218730
87218785
87219038
87219044
87219050
87219145
87219518
87219524
87219531
87219626
87219849
87219855
87219861
87220005
87220253
87220260
87220267
87220404
87220445
87220770
87220777
87220783
87220871
87220886
87220891
87220949
87220951
87220955
87220957
87220960
87220965
87220968
87220969
87220971
87220974
87221305
87221546
87221556
87221648
87222055
87222062
87222068
87222155
87222468
87222474
87222481
87222577
87222889
87222895
87222901
87223356
87223362
87223383
87223758
87223767
87223773
87224135
87224145
87224155
87224673
87224685
87224691
87225047
87225057
87225067
87225391
87225400
87225412
87225920
87225929
87225938
87226338
87226342
87226344
87226354
87226356
87226366
87226377
87226458
87226461
87226464
87226468
87226788
87226797
87229756
87229764
87229773
87229838
87229845
87229853
87230021
87230023
87230025
87230028
87230033
87230035
87230038
87230096
87230097
87230098
87230099
87230101
87230104
87230105
87230107
87230111
87230112
87230113
87230609
87231018
87231024
87231032
87231043
87231045
87231048
87231337
87231346
87231364
87231503
87231524
87231843
87231852
87231858
87231932
87231939
87231940
87231943
87232247
87232256
87232265
87232691
87232704
87232718
87233137
87233146
87233155
87233485
87233491
87233498
87233966
87233975
87233982
87234371
87234382
87234388
87234782
87234793
87234799
87235205
87235256
87235279
87235601
87235607
87235613
87235885
87235891
87235898
87236087
87236097
87236105
87236206
87236217
87236223
87236315
87236324
87236331
87236535
87236541
87236549
87236663
87236670
87236677
87236755
87236764
87236772
87236958
87236965
87236972
87237054
87237063
87237069
87237132
87237141
87237150
87237298
87237304
87237310
87237352
87237361
87237370
87237427
87237436
87237442
87237569
87237579
87237588
87237667
87237676
87237685
87237757
87237766
87237775
87237932
87237941
87237951
87238013
87238023
87238032
87238164
87238173
87238182
87238327
87238345
87238359
87239353
87239376
87239385
87239661
87239731
87239740
87240657
87240685
87240729
87240938
87241004
87241013
87241841
87241850
87241860
87242291
87242348
87242365
87243194
87243203
87243213
87243622
87243686
87243695
87244430
87244439
87244445
87244894
87244954
87244963
87245587
87245597
87245606
87246252
87246262
87246271
87246904
87246913
87246923
87246933
87247024
87247041
87247059
87247107
87247153
87247162
87247168
87247176
87247215
87247225
87247234
87247245
87247383
87247392
87247401
87247402
87247482
87247483
87247492
87247501
87247543
87247544
87247553
87247562
87247718
87247720
87247729
87247738
87247789
87247791
87247800
87247809
87248900
87248903
87248917
87248924
87249074
87249078
87249087
87249096
87249181
87249188
87249197
87249208
87249266
87249270
87249276
87249282
87249432
87249442
87249451
87249457
87249514
87249523
87249529
87249535
87249592
87249605
87249611
87249617
87249764
87249778
87249784
87249790
87249870
87249885
87249892
87249898
87249958
87249975
87249981
87249989
87250145
87250161
87250167
87250174
87250254
87250261
87250267
87250329
87250338
87250344
87250522
87250532
87250541
87250647
87250653
87250659
87250720
87250726
87250732
87250894
87250904
87250914
87250951
87250962
87250971
87250990
87251000
87251009
87251129
87251138
87251151
87251205
87251214
87251223
87251275
87251284
87251293
87251452
87251462
87251472
87251536
87251545
87251554
87251612
87251621
87251630
87251804
87251814
87251823
87251862
87251871
87251881
87251899
87251908
87251917
87252036
87363789
87363798
87363807
87364482
87364492
87364501
87364713
87364774
87364775
87364776
87364835
87364836
87364837
87364895
87364896
87364899
87364944
87364959
87364960
87364961
87365025
87365397
87365398
87365400
87365403
87365404
87365405
87365407
87365409
87365410
87365456
87365457
87365458
87365460
87365462
87365464
87365465
87365467
87365468
87365471
87365473
87365476
87365478
87365480
87365481
87365679
87365688
87365787
87365789
87365791
87365792
87365794
87365796
87365797
87365800
87365801
87365804
87365806
87365808
87365812
87365814
87365815
87365818
87365820
87365885
87366044
87366055
87366064
87366099
87366108
87366118
87366149
87366158
87366167
87366291
87366300
87366309
87366458
87366467
87366476
87366517
87366526
87366536
87366665
87366674
87366683
87367016
87367029
87367043
87367105
87367114
87367124
87367266
87367280
87367294
87367341
87367350
87367359
87367378
87367387
87367396
87367530
87367540
87367550
87367560
87367561
87367562
87367565
87367566
87367567
87367599
87367608
87367638
87367648
87367657
87367814
87367823
87367832
87367928
87367937
87367946
87367979
87367989
87367998
87368133
87368142
87368151
87368197
87368206
87368216
87368290
87368299
87368305
87368511
87368522
87368532
87368609
87368618
87368626
87368723
87368740
87368758
87368866
87368875
87368884
87368917
87368926
87368935
87369066
87369075
87369084
87369155
87369164
87369173
87369221
87369230
87369239
87369391
87369401
87369410
87369462
87369472
87369482
87369532
87369541
87369551
87369708
87369717
87369726
87369802
87369811
87369820
87369851
87369860
87369869
87369980
87369989
87369998
87370017
87370027
87370036
87370059
87370068
87370077
87370192
87370201
87370210
87370261
87370270
87370279
87370310
87370319
87370328
87370334
87370342
87370471
87370474
87370481
87370490
87370502
87370530
87370531
87370540
87370549
87370561
87370589
87370590
87370600
87370609
87370618
87370745
87370747
87370756
87370765
87370774
87370826
87370828
87370837
87370841
87370848
87370868
87370869
87370871
87370880
87370889
87371028
87371032
87371036
87371045
87371054
87371108
87371111
87371114
87371123
87371132
87371168
87371170
87371173
87371182
87371193
87371306
87371309
87371337
87371348
87371357
87371379
87371384
87371387
87371396
87371406
87371448
87371456
87371460
87371469
87371479
87371488
87371638
87371646
87371654
87371663
87371672
87371714
87371719
87371722
87371741
87371750
87371759
87371808
87371814
87371827
87371836
87371846
87371988
87371996
87372031
87372040
87372049
87372097
87372107
87372121
87372132
87372175
87372186
87372195
87372204
87372322
87372349
87372358
87372367
87372390
87372399
87372408
87372439
87372455
87372472
87372601
87372610
87372619
87372651
87372660
87372670
87372781
87372799
87372816
87372860
87372869
87372878
87372919
87372928
87372938
87373067
87373077
87373086
87373166
87373176
87373185
87373228
87373237
87373247
87373385
87373394
87373403
87373432
87373441
87373450
87373482
87373491
87373500
87373632
87373641
87373650
87373807
87373816
87373826
87373887
87373898
87373907
87374066
87374075
87374085
87374146
87374155
87374164
87374233
87374242
87374252
87374396
87374407
87374417
87374504
87374514
87374523
87374562
87374571
87374580
87374691
87374700
87374709
87374726
87374735
87374744
87374773
87374782
87374791
87374902
87374911
87374920
87374979
87374988
87374997
87375030
87375039
87375048
87375197
87375206
87375215
87375253
87375262
87375271
87375320
87375329
87375338
87375500
87375510
87375520
87375552
87375561
87375570
87375593
87375602
87375611
87375725
87375734
87375744
87375765
87375774
87375783
87375806
87375815
87375825
87375966
87375975
87375985
87376018
87376027
87376036
87376063
87376072
87376081
87376215
87376224
87376233
87376267
87376277
87376286
87376345
87376361
87376378
87376500
87376509
87376519
87376547
87376556
87376565
87376675
87376692
87376701
87376722
87376731
87376740
87376760
87376769
87376778
87376907
87376916
87376926
87376991
87377000
87377010
87377045
87377054
87377063
87377215
87377225
87377234
87377293
87377302
87377313
87377359
87377368
87377378
87377563
87377572
87377585
87377670
87377672
87377681
87377687
87377720
87377722
87377732
87377741
87377872
87377873
87377883
87377892
87377934
87377936
87377945
87377954
87377977
87377983
87377986
87377996
87378079
87378124
87378129
87378139
87378149
87378204
87378215
87378219
87378228
87378237
87378264
87378273
87378279
87378288
87378298
87378415
87378438
87378446
87378455
87378464
87378495
87378510
87378520
87378529
87378538
87378568
87378580
87378599
87378609
87378620
87378632
87378761
87378773
87378781
87378792
87378801
87378843
87378851
87378856
87378866
87378875
87378892
87378897
87378901
87378910
87378919
87379028
87379037
87379041
87379050
87379064
87379068
87379074
87379083
87379092
87379101
87379104
87379113
87379122
87379131
87379235
87379239
87379277
87379286
87379296
87379311
87379314
87379325
87379334
87379349
87379355
87379364
87379373
87379486
87379509
87379520
87379529
87379540
87379567
87379577
87379597
87379622
87379631
87379640
87379755
87379812
87379821
87379873
87379882
87379891
87379913
87379923
87379932
87380049
87380058
87380081
87380091
87380100
87380127
87380145
87380161
87380278
87380287
87380322
87380332
87380341
87380448
87380467
87380516
87380525
87380534
87380579
87380589
87380779
87380789
87380799
87380892
87380901
87380911
87380947
87380956
87380966
87381077
87381086
87381119
87381129
87381154
87381163
87381172
87381288
87381297
87381360
87381370
87381407
87381416
87381425
87381560
87381569
87381613
87381622
87381631
87381671
87381680
87381827
87381837
87381846
87381911
87381920
87381930
87381959
87381968
87381977
87382102
87382112
87382121
87382155
87382164
87382203
87382213
87382222
87382345
87382354
87382363
87382431
87382440
87382449
87382500
87382509
87382667
87382677
87382723
87382733
87382742
87382799
87382808
87383013
87383023
87383033
87383102
87383111
87383171
87383180
87383189
87383318
87383327
87383359
87383368
87383377
87383424
87383435
87383441
87383582
87383591
87383600
87383633
87383642
87383682
87383691
87383700
87383831
87383841
87383899
87383908
87383952
87383968
87383985
87384132
87384141
87384150
87384182
87384191
87384294
87384312
87384330
87384386
87384395
87384435
87384444
87384453
87384564
87384574
87384639
87384648
87384688
87384697
87384853
87384863
87384872
87384913
87384926
87384935
87384946
87384994
87385020
87385029
87385038
87385065
87385177
87385186
87385244
87385255
87385264
87385273
87385285
87385303
87385312
87385340
87385479
87385485
87385491
87385514
87385572
87385578
87385584
87385605
87385653
87385659
87385666
87385682
87385804
87385813
87385822
87385834
87385889
87385898
87385907
87385920
87385946
87385955
87385964
87385980
87386110
87386119
87386128
87386139
87386173
87386182
87386191
87386200
87386229
87386238
87386247
87386259
87386383
87386392
87386401
87386438
87386505
87386515
87386529
87386544
87386606
87386617
87386628
87386640
87386804
87386813
87386823
87386835
87386900
87386909
87386915
87386926
87386985
87386996
87387005
87387011
87387203
87387217
87387230
87387239
87387310
87387320
87387329
87387333
87387435
87387436
87387445
87387451
87387616
87387625
87387636
87387695
87387704
87387713
87387780
87387789
87387799
87387961
87387974
87387989
87388057
87388066
87388075
87388111
87388120
87388129
87388247
87388256
87388265
87388299
87388310
87388319
87388404
87388418
87388432
87388613
87388623
87388633
87388707
87388713
87388720
87388968
87388989
87389059
87389980
87389989
87389998
87390011
87390688
87390697
87390706
87390840
87391262
87391272
87391281
87391290
87391966
87392016
87392041
87392160
87392475
87392485
87392507
87392844
87392853
87392862
87392869
87392885
87392894
87392903
87392910
87392942
87392952
87392961
87392970
87393127
87393133
87393139
87393150
87393245
87393251
87393258
87393268
87393355
87393362
87393368
87393375
87393526
87393535
87393545
87393546
87393927
87393928
87393937
87393947
87394838
87394839
87394848
87394857
87395399
87395400
87395410
87395419
87395487
87395491
87395501
87395510
87395539
87395541
87395550
87395559
87395675
87395676
87395685
87395694
87395713
87395715
87395724
87395733
87395769
87395777
87395786
87395792
87395956
87395967
87395977
87396255
87396265
87396275
87396471
87396481
87396559
87396568
87396578
87396648
87396657
87396668
87396838
87396848
87396927
87396938
87396947
87397004
87397013
87397160
87397169
87397178
87397249
87397258
87397353
87397362
87397371
87397591
87397597
87397733
87397742
87397751
87397854
87397860
87398060
87398070
87398080
87398133
87398142
87398152
87398284
87398300
87398320
87398438
87398448
87398457
87398517
87398527
87398537
87398664
87398674
87398683
87398692
87398713
87398722
87398731
87398740
87398763
87398772
87398781
87398790
87398901
87398910
87398919
87398929
87398985
87398994
87398997
87399004
87399036
87399037
87399046
87399055
87399185
87399187
87399197
87399206
87399249
87399252
87399261
87399270
87399311
87399315
87399324
87399333
87399465
87399470
87399480
87399489
87399555
87438915
87438923
87438934
87439054
87439057
87439068
87439113
87439118
87439126
87439287
87439289
87439292
87439328
87439330
87439335
87439377
87439382
87439387
87439510
87439521
87439524
87439596
87439599
87439606
87439669
87439672
87439677
87439818
87439830
87439834
87439879
87439883
87439888
87439941
87439945
87439954
87439958
87440083
87440086
87440110
87440124
87440170
87440176
87440185
87440195
87440244
87440248
87440252
87440258
87440375
87440378
87440384
87440393
87440409
87440412
87440417
87440423
87440432
87440444
87440459
87440471
87440477
87440484
87440493
87440512
87440622
87440635
87440641
87440675
87440684
87440694
87440706
87440720
87440723
87440730
87440732
87440738
87440754
87440776
87440812
87440899
87440927
87440934
87440948
87440973
87440981
87440999
87441032
87441096
87441161
87441211
87441217
87441231
87441254
87441262
87441287
87441302
87441374
87441407
87441431
87441435
87441440
87441465
87441467
87441471
87441481
87441567
87441589
87441641
87441646
87441656
87441681
87441701
87441849
87441877
87441923
87441948
87441997
87442012
87442158
87443195
87447451
87447464
87447496
87447498
87447546
87447551
87447701
87447703
87447786
87447790
87447831
87447836
87447980
87447983
87448032
87448033
87448079
87448081
87448209
87448213
87448294
87448302
87448353
87448358
87448368
87448516
87448519
87448535
87448579
87448583
87448595
87448657
87448662
87448674
87448810
87448818
87448826
87448879
87448887
87448891
87448911
87448919
87448931
87448945
87448952
87448970
87448978
87449009
87449118
87449122
87449131
87449138
87449163
87449182
87449188
87449199
87449210
87449240
87449286
87449291
87449312
87449443
87449446
87449489
87449508
87449511
87449528
87449546
87449550
87449561
87449690
87449696
87449709
87449733
87449737
87449764
87449797
87449803
87449824
87449952
87449962
87450012
87450040
87450044
87450053
87450091
87450102
87450159
87450299
87450313
87450342
87450405
87450427
87450485
87450553
87450643
87450704
87450779
87450791
87450846
87451683
87451684
87451688
87451689
87451693
87451694
87451700
87451701
87451705
87451707
87451710
87451711
87451713
87451714
87451715
87451716
87451717
87451718
87451720
87451721
87451722
87451723
87451725
87451908
87452151
87452248
87452429
87452483
87452557
87452738
87452819
87452903
87453085
87453209
87453287
87453289
87453424
87453457
87453496
87453679
87453773
87453777
87453778
87453779
87453783
87453785
87453787
87453789
87453791
87453792
87453794
87453801
87453809
87453812
87453816
87453818
87453819
87453821
87453823
87453827
87453844
87453965
87454244
87454247
87454250
87454253
87454342
87454347
87454482
87454496
87454547
87454549
87454553
87454554
87454661
87454718
87454725
87454870
87454871
87454872
87454874
87454876
87455917
87455918
87455919
87455920
87455921
87455922
87455923
87455924
87455926
87455927
87455928
87455942
87455970
87455983
87455995
87456009
87456019
87456032
87456034
87456035
87456056
87456067
87456074
87456075
87456181
87456183
87456184
87456185
87456187
87456188
87456189
87456192
87456193
87456194
87456196
87456197
87456198
87456200
87456201
87456202
87456213
87456219
87456220
87456221
87456223
87456224
87456225
87456379
87456513
87456617
87456791
87456800
87456802
87456805
87456807
87456809
87456810
87456812
87456814
87456817
87456818
87456820
87456822
87456878
87456898
87456899
87456906
87456909
87456911
87456912
87456916
87456920
87456974
87457146
87457183
87457217
87457330
87457355
87457391
87457581
87457688
87457748
87457929
87458017
87458085
87458275
87459736
87459870
87459935
87459963
87460076
87460087
87460105
87460215
87460354
87460406
87460541
87460741
87460923
87461081
87461148
87461178
87461297
87461317
87461328
87461333
87461395
87461444
87461445
87461508
87461577
87461598
87461631
87461767
87461802
87461826
87461848
87461901
87461915
87462027
87462052
87462105
87462109
87462121
87462139
87462143
87462152
87462257
87462259
87462262
87462271
87462274
87462277
87462288
87462290
87462293
87462402
87462405
87462409
87462450
87462454
87462459
87462475
87462483
87462504
87462633
87462638
87462652
87462671
87462676
87462687
87462704
87462709
87462717
87462835
87462839
87462847
87462964
87462980
87463000
87463152
87463171
87463181
87463291
87463343
87463373
87464666
87464667
87464669
87464670
87464671
87464672
87464674
87464676
87464678
87464680
87464681
87464684
87464685
87464687
87464689
87464690
87464694
87464695
87464696
87464697
87465428
87465432
87465434
87465437
87465440
87465443
87465445
87465447
87465448
87465450
87465451
87465454
87465458
87465460
87465461
87465462
87465468
87465470
87465472
87465473
87465475
87465509
87465568
87465588
87465729
87465740
87465763
87465774
87465802
87465821
87465951
87465962
87466026
87466032
87466050
87466053
87466167
87466171
87466193
87466212
87466261
87466283
87466425
87466453
87466623
87466649
87466707
87466729
87466853
87466865
87466893
87466905
87466933
87466953
87467084
87467100
87467174
87467207
87467236
87467252
87467282
87467299
87467411
87467454
87467463
87467507
87467516
87467554
87467661
87467714
87467755
87467811
87467831
87467888
87467995
87468064
87468078
87468129
87468149
87468212
87468322
87468326
87468435
87468517
87469411
87469412
87469413
87469414
87469556
87471146
87471241
87471430
87471603
87471686
87471751
87471958
87471962
87472040
87472043
87472135
87472139
87472145
87472332
87472334
87472431
87472434
87472477
87472478
87472599
87472600
87472632
87472633
87472729
87472730
87472902
87472903
87472989
87472990
87473074
87473075
87473268
87473269
87473369
87473370
87473453
87473625
87473729
87473788
87473789
87473908
87473909
87473951
87473952
87473969
87474095
87474158
87474201
87474202
87474348
87474349
87474390
87474395
87474463
87474466
87474646
87474647
87474677
87474678
87474708
87474709
87474832
87474833
87474859
87474860
87474874
87474875
87475018
87475020
87475021
87475056
87475057
87475058
87475104
87475250
87475299
87475346
87475513
87475565
87475566
87475609
87475610
87475740
87475741
87475780
87475813
87475978
87476033
87476104
87476467
87476691
87476831
87476921
87476963
87477103
87477126
87477171
87477205
87477237
87477262
87477378
87477454
87477482
87477532
87477571
87477614
87477745
87477775
87477820
87477871
87477912
87477948
87478077
87478150
87478200
87478230
87478255
87478302
87478411
87478436
87478496
87478524
87478559
87478653
87478757
87478804
87478824
87478861
87479104
87479241
87480150
87480223
87480287
87482172
87482401
87483877
87484195
87485677
87485990
87487577
87487844
87489329
87489720
87491141
87491142
87491144
87491145
87491146
87491150
87491152
87491155
87491156
87491157
87491159
87491161
87491162
87491164
87491166
87491167
87491168
87491169
87491172
87491176
87491178
87491319
87491380
87491395
87491841
87493229
87493551
87494928
87495133
87593357
87675338
87675339
87675340
87675341
87675342
87675343
87675344
87675345
87675346
87675347
