86878206
86878355
86878406
86878420
86878566
86878603
86878633
86878769
86878802
86878861
86878864
86878975
86878983
86879015
86879043
86879163
86879337
86879397
86879454
86879576
86879617
86879650
86879784
86879835
86880001
86880027
86880072
86880196
86880230
86880283
86880464
86880561
86880616
86880794
86880874
86880957
86881158
86881213
86881250
86881404
86881461
86881515
86881797
86884375
86884404
86884437
86884585
86884610
86884667
86884816
86884857
86884911
86884917
86885085
86885094
86885137
86885144
86885170
86885172
86885340
86885367
86885416
86885417
86885420
86885587
86885614
86887324
86887333
86887377
86887414
86887423
86887429
86887603
86887612
86887621
86887790
86887799
86887808
86887904
86887914
86887923
86888111
86888120
86888129
86888339
86888349
86888358
86888392
86888401
86888408
86888435
86888557
86888566
86888572
86888594
86888640
86888654
86888881
86888932
86888941
86888989
86889151
86889161
86889213
86889226
86889282
86889291
86889297
86889415
86889416
86889439
86889447
86889448
86889460
86889469
86889490
86889491
86889508
86889612
86889613
86889628
86889637
86889649
86889650
86889677
86889684
86889689
86889743
86889752
86889864
86889867
86889888
86889896
86889899
86889935
86889944
86889950
86889961
86889962
86890003
86890116
86890122
86890177
86890187
86890193
86890201
86890204
86890244
86890257
86890260
86890423
86890440
86890479
86890481
86890516
86890523
86890525
86890551
86890560
86890574
86890579
86890703
86890710
86890711
86890743
86890752
86890762
86890765
86890776
86890780
86890781
86890927
86890936
86890946
86890953
86890979
86890986
86891030
86891039
86891201
86891311
86891320
86891326
86891378
86891603
86891612
86891618
86891649
86891730
86891740
86891747
86891880
86891956
86891965
86891971
86891996
86892213
86892222
86892228
86892270
86892375
86892385
86892391
86892527
86892634
86892643
86892649
86892698
86892927
86892936
86892974
86893098
86893107
86893116
86893282
86893288
86893419
86893429
86893518
86893537
86893718
86893757
86893763
86893868
86894080
86894086
86894133
86894208
86894215
86894417
86894423
86894526
86894532
86894613
86894620
86894822
86894828
86894891
86894897
86895050
86895057
86895223
86895229
86895323
86895329
86895386
86895393
86895584
86895590
86895639
86895805
86895822
86895920
86896035
86896045
86896203
86896345
86896354
86896439
86896702
86896711
86896807
86896934
86896943
86897093
86897099
86897195
86897205
86897246
86897475
86897484
86897508
86897514
86897618
86897627
86897788
86897794
86897922
86897931
86898000
86898264
86898273
86898307
86898334
86898342
86898445
86898456
86898491
86898500
86898539
86898591
86898668
86898762
86898768
86898799
86898810
86898843
86898850
86898886
86898991
86899056
86899107
86899116
86899144
86899157
86899178
86899184
86899274
86899285
86899327
86899336
86899375
86899466
86899589
86899595
86899631
86899640
86899650
86899688
86899694
86899739
86899749
86899758
86899883
86899986
86900014
86900020
86900040
86900050
86900059
86900126
86900131
86900197
86900282
86900367
86900376
86900385
86900397
86900408
86900446
86900451
86900564
86900574
86900583
86900632
86900691
86900710
86900712
86900782
86900794
86900805
86900845
86900848
86900968
86901049
86901058
86901067
86901192
86901201
86901210
86901549
86901559
86901568
86901823
86901833
86901842
86902042
86902054
86902071
86902197
86902323
86902332
86902341
86902470
86902643
86902652
86902661
86902720
86903140
86903153
86903165
86903296
86903340
86903349
86903358
86903506
86903572
86903582
86903592
86903813
86903822
86903831
86903948
86903958
86903967
86904202
86904214
86904223
86904493
86904503
86904513
86904590
86904599
86904608
86904800
86904810
86904820
86905031
86905040
86905049
86905158
86905167
86905176
86905479
86905634
86905643
86905684
86905693
86905702
86905879
86905880
86905882
86905883
86905884
86905885
86905888
86905892
86905901
86905902
86905911
86905914
86905916
86905917
86905919
86905920
86905923
86905925
86905926
86905927
86905930
86905932
86905934
86905995
86906003
86906007
86906009
86906010
86906075
86906086
86906096
86906228
86906274
86906283
86906293
86906378
86906521
86906530
86906540
86906600
86906704
86906715
86906726
86906863
86906881
86906903
86906912
86906922
86906944
86906966
86907080
86907109
86907118
86907127
86907149
86907151
86907179
86907198
86907202
86907256
86907265
86907274
86907387
86907391
86907424
86907428
86907477
86907488
86907497
86907511
86907537
86907545
86907557
86907721
86907760
86907770
86907779
86907834
86907890
86907891
86908006
86908024
86908038
86908073
86908074
86908075
86908122
86908149
86908159
86908168
86908193
86908341
86908358
86908367
86908376
86908592
86908601
86908611
86908674
86908683
86908692
86908839
86908848
86908857
86909049
86909058
86909067
86909142
86909151
86909161
86909346
86909355
86909364
86909569
86909579
86909650
86909659
86909665
86909836
86909846
86910133
86910142
86910254
86910263
86910408
86910418
86910480
86910544
86910554
86910759
86910803
86910812
86910840
86910981
86910991
86911022
86911072
86911081
86911252
86911301
86911310
86911317
86911371
86911535
86911544
86911550
86911605
86911694
86911703
86911711
86911847
86911885
86911894
86911945
86912094
86912104
86912110
86912130
86912141
86912142
86912143
86912144
86912145
86912146
86912147
86912148
86912149
86912150
86912152
86912154
86912155
86912156
86912157
86912158
86912160
86912177
86912190
86912196
86912231
86912248
86912389
86912486
86912495
86912503
86912577
86912578
86912580
86912583
86912585
86912586
86912589
86912590
86912592
86912593
86912595
86912597
86912598
86912790
86912802
86912959
86912969
86912978
86913022
86913023
86913025
86913030
86913046
86913066
86913085
86913101
86913137
86913194
86913195
86913196
86913197
86913198
86913201
86913258
86913264
86913268
86913311
86913422
86913432
86913437
86913446
86913456
86913496
86913501
86913508
86913518
86913526
86913550
86913653
86913660
86913667
86913700
86913717
86913726
86913735
86913741
86913750
86913811
86913915
86913925
86913933
86913965
86913975
86913983
86913992
86913998
86914001
86914028
86914038
86914044
86914052
86914159
86914220
86914230
86914239
86914245
86914248
86914268
86914273
86914276
86914279
86914303
86914305
86914315
86914324
86914325
86914420
86914445
86914450
86914454
86914472
86914480
86914482
86914486
86914496
86914522
86914527
86914530
86914534
86914677
86914688
86914698
86914702
86914711
86914717
86914785
86914808
86914875
86914898
86915084
86915102
86915169
86915189
86915198
86915300
86915498
86915507
86915516
86915627
86915636
86915645
86915812
86915821
86915831
86916054
86916063
86916073
86916165
86916175
86916184
86916403
86916412
86916422
86916633
86916643
86916653
86916684
86916727
86916736
86916745
86916899
86916909
86916918
86917113
86917122
86917132
86917272
86917288
86917464
86917473
86917697
86917706
86917858
86917868
86917929
86917938
86918140
86918149
86918158
86918367
86918368
86918370
86918377
86918380
86918387
86918396
86918399
86918400
86918402
86918404
86918405
86918408
86918409
86918413
86918414
86918415
86918416
86918418
86918419
86918422
86918424
86918426
86918519
86918524
86918525
86918555
86918564
86918590
86918741
86918754
86918776
86918785
86918794
86918804
86918830
86918959
86918968
86918977
86919063
86919072
86919081
86919285
86919294
86919570
86919580
86919665
86919767
86919776
86919991
86920076
86920085
86920094
86920160
86920166
86920301
86920310
86920347
86920353
86920382
86920391
86920546
86920583
86920615
86920624
86920670
86920693
86920838
86920839
86920871
86920880
86920920
86920929
86920930
86920931
86920972
86921019
86921078
86921094
86921239
86921278
86921315
86921338
86921398
86921447
86921456
86921631
86921632
86921680
86921687
86921727
86921771
86921780
86921789
86921790
86921805
86921853
86921949
86921969
86921971
86921972
86921974
86921985
86922013
86922022
86922032
86922033
86922036
86922037
86922041
86922043
86922044
86922046
86922047
86922049
86922050
86922051
86922084
86922197
86922210
86922404
86922663
86922677
86922757
86922782
86922804
86922826
86922835
86922854
86922998
86923004
86923033
86923079
86923112
86923155
86923167
86923187
86923358
86923364
86923393
86923451
86923460
86923493
86923544
86923584
86923751
86923763
86923800
86923855
86923904
86923970
86923979
86924010
86924220
86924272
86924318
86924367
86924373
86924407
86924532
86924538
86924577
86924623
86924662
86924702
86924748
86924896
86924902
86924955
86924961
86925016
86925022
86925259
86925267
86925421
86925427
86925576
86925585
86925870
86925878
86926063
86926069
86926256
86926263
86926707
86926716
86926728
86926884
86927138
86927149
86927301
86927452
86927461
86927873
86927883
86927894
86928319
86928328
86928338
86928648
86928659
86928669
86928938
86929110
86929120
86929130
86929322
86929552
86929562
86929573
86929729
86929910
86929920
86929930
86930170
86930363
86930374
86930383
86930576
86930731
86930734
86930737
86930742
86930746
86930748
86930751
86930757
86930760
86930764
86930768
86930771
86930776
86930779
86930782
86930784
86930787
86930791
86930796
86933800
86933953
86933962
86933971
86934042
86934052
86934061
86934219
86934316
86934325
86934335
86934629
86934641
86934651
86934721
86934756
86934765
86934774
86934893
86934911
86934920
86934930
86935071
86935406
86935415
86935425
86935465
86935510
86935519
86935528
86935808
86935820
86935829
86936097
86936107
86936118
86936262
86936278
86936471
86936480
86936489
86936677
86936828
86936837
86936847
86937012
86937021
86937030
86937107
86937116
86937126
86937312
86937321
86937330
86937464
86937473
86937482
86937816
86937910
86937975
86938114
86938124
86938130
86938172
86938209
86938218
86938224
86938397
86938419
86938428
86938434
86938454
86938582
86938591
86938597
86938646
86938780
86938790
86938796
86938998
86939071
86939080
86939087
86939162
86939172
86939181
86939362
86939444
86939453
86939463
86939556
86939676
86939685
86939695
86939728
86939810
86939819
86939828
86939964
86939980
86939993
86940002
86940011
86940030
86940047
86940189
86940211
86940220
86940229
86940260
86940272
86940309
86940338
86940343
86940367
86940376
86940385
86940476
86940516
86940523
86940529
86940553
86940562
86940578
86940582
86940592
86940622
86940631
86940641
86940662
86940678
86940683
86940736
86940841
86940852
86940856
86940894
86940903
86940912
86940928
86940940
86940944
86940961
86940970
86940989
86940994
86941036
86941052
86941068
86941130
86941136
86941139
86941161
86941171
86941177
86941179
86941193
86941202
86941211
86941217
86941221
86941222
86941355
86941374
86941385
86941387
86941422
86941431
86941440
86941448
86941467
86941472
86941520
86941526
86941542
86941691
86941701
86941710
86941716
86941733
86941775
86941779
86941792
86941852
86941861
86941864
86941872
86941898
86942085
86942148
86942152
86942161
86942170
86942216
86942217
86942363
86942367
86942376
86942385
86942422
86942429
86942486
86942495
86942505
86942768
86942806
86942815
86942825
86943092
86943102
86943221
86943230
86943240
86943481
86943490
86943499
86943638
86943647
86943656
86943741
86943750
86943962
86943971
86943977
86944043
86944054
86944064
86944250
86944316
86944325
86944334
86944378
86944563
86944572
86944583
86944655
86944695
86944704
86944715
86944946
86944955
86944965
86945171
86945180
86945189
86945293
86945302
86945312
86945462
86945588
86945597
86945606
86945864
86945874
86945883
86945929
86945961
86945973
86945989
86946114
86946137
86946141
86946150
86946159
86946167
86946171
86946253
86946275
86946326
86946329
86946359
86946365
86946374
86946383
86946389
86946392
86946426
86946427
86946433
86946445
86946586
86946597
86946607
86946617
86946624
86946629
86946670
86946673
86946678
86946686
86946706
86946721
86946726
86946736
86946745
86946752
86946757
86946801
86946903
86946905
86946908
86946912
86946931
86946937
86946942
86946951
86946961
86946967
86946973
86946978
86946983
86946985
86946988
86946994
86947008
86947109
86947114
86947115
86947124
86947133
86947142
86947151
86947157
86947160
86947161
86947167
86947172
86947177
86947179
86947183
86947192
86947201
86947207
86947249
86947355
86947356
86947361
86947378
86947388
86947391
86947395
86947404
86947413
86947423
86947446
86947462
86947465
86947468
86947475
86947497
86947605
86947611
86947620
86947629
86947636
86947640
86947661
86947671
86947677
86947681
86947684
86947707
86947711
86947718
86947725
86947734
86947743
86947748
86947750
86947807
86947908
86947914
86947919
86947923
86947924
86947938
86947943
86947953
86947962
86947971
86947990
86947992
86947996
86948033
86948115
86948124
86948134
86948143
86948159
86948162
86948170
86948188
86948198
86948209
86948218
86948227
86948320
86948377
86948383
86948420
86948446
86948456
86948465
86948498
86948516
86948527
86948536
86948699
86948733
86948783
86948811
86948820
86948826
86948869
86948902
86949070
86949096
86949111
86949117
86949186
86949213
86949222
86949228
86949347
86949373
86949383
86949392
86949455
86949599
86949608
86949673
86949734
86949744
86949750
86950057
86950066
86950339
86950349
86950426
86950439
86950566
86950618
86950627
86950846
86950896
86950906
86950994
86951142
86951152
86951170
86951223
86951300
86951310
86951386
86951549
86951562
86951593
86951603
86951623
86951654
86951700
86951909
86951918
86951932
86951974
86951983
86952012
86952021
86952031
86952209
86952223
86952227
86952232
86952234
86952238
86952239
86952278
86952287
86952293
86952303
86952320
86952321
86952323
86952327
86952329
86952332
86952334
86952338
86952423
86952424
86952425
86952431
86952434
86952615
86952617
86952645
86952730
86952740
86952746
86953040
86953050
86953088
86953097
86953099
86953105
86953108
86953112
86953116
86953120
86953124
86953128
86953131
86953134
86953137
86953140
86953142
86953143
86953145
86953419
86953428
86953563
86953682
86953724
86953763
86953772
86953821
86953845
86953851
86953924
86954019
86954029
86954038
86954083
86954122
86954131
86954174
86954207
86954213
86954216
86954220
86954224
86954225
86954229
86954232
86954234
86954358
86954398
86954407
86954418
86954419
86954420
86954422
86954424
86954425
86954426
86954433
86954489
86954496
86954509
86954510
86954513
86954514
86954517
86954530
86954532
86954592
86954603
86954818
86954831
86954839
86954844
86954846
86954878
86954933
86954942
86954948
86955001
86955200
86955209
86955216
86955277
86955282
86955358
86955367
86955373
86955376
86955613
86955617
86955675
86955684
86955688
86955691
86955700
86955788
86955792
86955798
86955954
86955960
86955969
86955975
86955981
86956027
86956032
86956038
86956088
86956092
86956101
86956107
86956110
86956249
86956253
86956256
86956293
86956297
86956306
86956312
86956313
86956404
86956440
86956441
86956572
86956579
86956584
86956593
86956600
86956681
86956684
86956690
86956755
86956805
86956849
86956866
86956875
86956955
86956960
86957021
86957028
86957037
86957048
86957055
86957178
86957217
86957245
86957307
86957310
86957321
86957332
86957398
86957402
86957539
86957568
86957583
86957592
86957598
86957659
86957685
86957693
86957702
86957708
86957874
86957914
86957923
86957929
86957976
86958115
86958124
86958130
86958169
86958222
86958231
86958237
86958441
86958548
86958559
86958567
86958676
86958867
86958877
86958884
86959037
86959048
86959342
86959352
86959403
86959454
86959559
86959644
86959653
86959664
86959706
86959743
86959753
86959760
86959802
86959858
86959994
86960055
86960064
86960070
86960111
86960166
86960251
86960341
86960351
86960357
86960476
86960554
86960597
86960741
86960750
86960760
86960920
86961154
86961163
86961170
86961268
86961368
86961377
86961384
86961555
86961648
86961657
86961664
86961775
86961885
86961887
86961893
86961895
86961897
86961898
86961903
86961905
86961906
86961907
86961912
86961913
86961914
86961916
86961917
86962080
86962086
86962156
86962161
86962171
86962317
86962321
86962376
86962385
86962395
86962474
86962516
86962673
86962685
86962695
86962767
86962783
86962931
86963030
86963047
86963088
86963096
86963129
86963136
86963146
86963160
86963161
86963163
86963164
86963166
86963167
86963168
86963169
86963171
86963172
86963173
86963174
86963175
86963177
86963178
86963179
86963180
86963182
86963184
86963186
86963241
86963391
86963398
86963407
86963414
86963435
86963442
86963461
86963565
86963574
86963580
86963611
86963622
86963663
86963679
86963689
86963695
86963780
86963878
86963935
86963959
86963968
86963975
86964031
86964061
86964165
86964226
86964235
86964241
86964244
86964282
86964285
86964327
86964328
86964338
86964344
86964497
86964502
86964526
86964534
86964543
86964549
86964567
86964572
86964691
86964696
86964705
86964715
86964766
86964775
86964831
86964837
86964850
86965032
86965116
86965128
86965182
86965189
86965324
86965332
86965341
86965347
86965377
86965385
86965394
86965403
86965453
86965613
86965621
86965630
86965639
86965660
86965668
86965676
86965685
86965694
86965819
86965871
86965889
86965898
86965907
86966270
86966279
86966290
86966349
86966386
86966396
86966405
86966839
86966916
86966925
86966934
86966989
86967125
86967135
86967144
86967168
86967183
86967192
86967201
86967337
86967398
86967409
86967418
86967453
86967715
86967753
86967762
86967771
86967819
86967860
86967946
86967963
86967979
86968022
86968067
86968086
86968096
86968105
86968126
86968297
86968311
86968320
86968329
86968338
86968354
86968380
86968490
86968499
86968505
86968517
86968536
86968550
86968551
86968552
86968553
86968554
86968561
86968562
86968563
86968564
86968566
86968567
86968568
86968569
86968571
86968572
86968666
86968667
86968668
86968669
86968671
86968672
86968675
86968680
86968692
86968704
86968711
86968712
86968713
86968714
86968715
86968716
86968717
86968718
86968719
86968723
86968881
86968891
86968898
86968928
86969074
86969084
86969090
86969136
86969138
86969139
86969141
86969142
86969144
86969146
86969147
86969149
86969150
86969151
86969152
86969154
86969155
86969156
86969158
86969159
86969272
86969421
86969427
86969442
86969451
86969462
86969485
86969594
86969603
86969615
86969638
86969655
86969664
86969678
86969682
86969694
86969705
86969713
86969716
86969856
86969866
86969875
86969892
86969990
86970041
86995659
86995668
86995795
86995804
86995813
86995853
86995863
86995872
86995905
86995914
86995923
86996057
86996066
86996076
86996116
86996125
86996135
86996204
86996213
86996222
86996347
86996356
86996365
86996490
86996660
86996970
86996986
86997001
86997165
86997175
86997745
86997754
86998064
86998074
86998184
86998193
86998202
86998320
86998329
86998338
86998360
86998369
86998378
86998399
86998408
86998418
86998622
86998633
86998643
86998674
86998683
86998692
86998734
86998743
86998753
86998899
86998912
86999096
86999425
86999434
86999443
86999563
86999572
86999581
86999600
86999609
86999619
86999638
86999647
86999656
86999812
86999822
86999831
86999960
86999969
86999978
87000034
87000043
87000053
87000218
87000323
87000332
87000341
87000448
87000624
87000633
87000644
87000689
87000698
87000725
87000734
87000743
87000867
87000876
87000885
87000901
87000910
87000919
87000974
87000984
87000993
87001117
87001126
87001135
87001172
87001181
87001190
87001258
87001273
87001289
87001436
87001521
87001530
87001722
87001827
87001895
87001904
87002052
87002061
87002070
87002109
87002118
87002127
87002149
87002159
87002168
87002317
87002326
87002335
87002366
87002375
87002384
87002438
87002447
87002594
87002604
87002681
87002690
87002699
87002754
87002947
87002956
87002965
87003083
87003092
87003101
87003239
87003248
87003257
87003308
87003363
87003372
87003553
87003609
87003619
87003628
87003684
87003693
87003702
87003863
87003873
87003884
87003911
87003914
87003938
87003948
87003954
87003961
87003962
87003963
87004072
87004086
87004094
87004110
87004115
87004119
87004299
87004301
87004303
87004306
87004307
87004312
87004313
87004314
87004398
87004399
87004400
87004401
87004402
87004403
87004404
87004405
87004406
87004407
87004408
87004409
87004466
87004487
87004493
87004499
87004645
87004681
87004688
87004694
87004735
87004767
87004774
87004781
87004813
87004815
87004816
87004817
87004946
87004958
87004970
87005016
87005170
87005171
87005172
87005173
87005174
87005175
87005176
87005179
87005181
87005183
87005185
87005186
87005188
87005283
87005285
87005286
87005287
87005288
87005289
87005291
87005292
87005293
87005431
87005437
87005444
87005596
87005598
87005599
87005600
87005602
87005608
87005609
87005610
87005612
87005657
87005768
87005775
87005782
87005807
87005808
87005809
87005810
87005812
87005813
87005915
87005916
87005917
87005918
87005921
87005922
87006092
87006094
87006095
87006097
87006100
87006102
87006104
87006106
87006107
87006108
87006111
87006112
87006113
87006116
87006120
87006122
87006123
87006217
87006218
87006219
87006220
87006222
87006356
87006369
87006382
87006500
87006501
87006502
87006504
87006505
87006507
87006509
87006510
87006511
87006512
87006513
87006526
87006703
87006711
87006718
87006748
87006749
87006750
87006923
87006929
87006936
87006952
87006953
87007022
87007023
87007024
87007025
87007026
87007027
87007028
87007029
87007031
87007032
87007033
87007034
87007098
87007099
87007102
87007103
87007104
87007105
87007109
87007110
87007111
87007114
87007116
87007189
87007190
87007191
87007192
87007194
87007196
87007197
87007198
87007199
87007201
87007203
87007204
87007403
87007405
87007406
87007407
87007409
87007411
87007413
87007414
87007416
87007482
87007484
87007487
87007488
87007490
87007496
87007498
87007499
87007500
87007501
87007502
87007729
87007732
87007733
87007734
87007735
87007736
87007737
87007739
87007740
87007741
87007871
87007878
87007901
87007970
87007976
87008136
87008138
87008139
87008140
87008141
87008142
87008144
87008145
87008146
87008147
87008152
87008161
87008165
87008216
87008222
87008280
87008281
87008283
87008284
87008285
87008286
87008289
87008290
87008291
87008293
87008294
87008296
87008297
87008298
87008299
87008300
87008301
87008512
87008561
87008563
87008568
87008569
87008570
87008571
87008572
87008573
87008574
87008576
87008578
87008580
87008581
87008582
87008585
87008588
87008590
87008591
87008592
87008593
87008594
87008905
87008911
87008917
87008927
87008928
87008929
87008931
87008932
87008933
87008934
87008935
87008938
87008939
87008940
87008943
87008945
87008946
87008947
87009065
87009066
87009067
87009068
87009072
87009076
87009077
87009079
87009080
87009081
87009122
87009124
87009125
87009127
87009135
87009141
87009153
87009160
87009165
87009166
87009167
87009169
87009389
87009395
87009402
87009449
87009459
87009584
87009593
87009602
87009620
87009629
87009638
87009663
87009672
87009681
87009863
87009872
87009882
87009914
87009924
87009999
87010008
87010018
87010162
87010171
87010180
87010218
87010227
87010236
87010294
87010308
87010322
87010479
87010489
87010498
87010520
87010529
87010538
87010567
87010576
87010585
87010738
87010747
87010756
87010779
87010788
87010798
87010849
87010853
87010856
87010859
87010865
87010874
87010875
87010884
87010888
87010889
87010890
87011037
87011047
87011145
87011155
87011164
87011221
87011230
87011243
87011394
87011401
87011432
87011455
87011508
87011532
87011757
87011774
87011878
87011887
87012132
87012141
87012150
87012184
87012193
87012202
87012236
87012247
87012256
87012430
87012439
87012449
87012482
87012491
87012500
87012542
87012551
87012560
87012697
87012706
87012715
87012803
87012812
87012896
87013092
87013102
87013111
87013251
87013399
87013408
87013417
87013450
87013459
87013528
87013709
87013791
87013800
87013809
87013866
87014082
87014174
87014184
87014195
87014292
87014486
87014495
87014504
87014544
87014554
87014564
87014606
87014616
87014765
87014774
87014784
87014844
87014853
87014862
87014947
87014956
87014965
87015094
87015105
87015115
87015177
87015186
87015195
87015247
87015256
87015266
87015435
87015444
87015512
87015521
87015530
87015639
87015828
87015886
87015895
87015967
87015985
87016000
87016149
87016158
87016168
87016351
87016361
87016432
87016442
87016451
87016507
87016682
87016691
87016753
87016762
87016772
87016839
87016849
87017047
87017115
87017126
87017135
87017350
87017406
87017462
87017471
87017480
87017748
87017757
87018014
87018023
87018190
87018200
87018209
87018394
87018460
87018469
87018478
87018730
87018740
87018749
87018803
87018812
87018821
87018865
87018874
87018883
87019059
87019068
87019077
87019132
87019141
87019150
87019243
87019434
87019446
87019525
87019535
87019649
87019658
87019667
87019816
87019825
87019834
87019877
87019886
87019895
87019926
87019935
87019944
87020061
87020070
87020079
87020101
87020111
87020120
87020184
87020193
87020202
87020329
87020338
87020347
87020415
87020427
87020533
87020713
87020722
87020787
87020981
87021085
87021173
87021183
87021409
87021418
87021492
87021661
87021670
87021679
87021717
87021726
87021736
87021820
87022551
87022582
87022591
87022601
87022712
87022721
87022730
87022752
87022762
87022771
87022794
87022803
87022812
87022968
87022979
87022989
87023049
87023058
87023068
87023123
87023132
87023142
87023317
87023326
87023335
87023426
87023438
87023517
87023526
87023536
87023744
87023753
87023811
87023820
87023829
87023855
87023864
87023873
87023994
87024003
87024012
87024052
87024062
87024071
87024123
87024132
87024141
87024275
87024285
87024294
87024347
87024356
87024365
87024424
87024433
87024442
87024655
87024749
87024759
87025082
87025092
87025103
87025150
87025160
87025236
87025253
87025269
87025339
87025348
87025357
87025416
87025426
87025570
87025586
87025595
87025634
87025643
87025702
87025711
87025892
87025902
87026070
87026080
87026285
87026433
87026442
87026451
87026578
87026587
87026596
87026619
87026628
87026652
87026661
87026670
87026850
87026859
87026908
87026917
87026929
87026978
87026987
87027152
87027161
87027644
87027653
87027662
87027776
87027785
87027794
87027819
87027828
87027837
87027864
87027873
87027882
87028052
87028061
87028143
87028153
87028162
87028241
87028250
87028431
87028440
87028523
87028532
87028541
87028635
87028644
87028772
87028781
87028790
87028805
87028814
87028823
87028860
87028869
87029012
87029070
87029079
87029088
87029231
87029240
87029249
87029372
87029381
87029427
87029437
87029446
87029570
87029590
87029610
87029939
87029948
87030028
87030037
87030046
87030193
87030202
87030243
87030252
87030261
87030282
87030291
87030428
87030437
87030448
87030471
87030480
87030533
87030542
87030551
87030910
87030920
87030929
87031211
87031220
87031285
87031295
87031305
87031361
87031371
87031380
87031552
87031563
87031600
87031610
87031619
87031674
87031683
87031693
87031812
87031821
87031854
87031863
87031872
87031918
87032248
87032327
87032338
87032348
87032508
87032517
87032526
87032577
87032586
87032595
87032712
87032721
87032731
87032917
87032926
87032935
87032989
87032998
87033009
87033037
87033046
87033055
87033173
87033182
87033191
87033210
87033219
87033229
87033362
87033597
87033608
87033690
87033794
87033795
87033796
87033798
87033818
87033985
87033989
87033998
87034072
87034080
87034089
87034098
87034165
87034199
87034214
87034230
87034341
87034351
87034360
87034406
87034417
87034426
87034733
87034742
87034751
87034781
87034790
87034799
87034861
87034870
87034879
87035163
87035174
87035460
87035653
87064808
87065373
87065382
87065392
87065546
87065555
87065564
87065858
87066027
87066038
87066047
87066193
87066202
87066268
87066277
87066286
87066372
87066388
87066405
87066592
87066601
87066611
87066644
87066653
87066663
87066698
87066707
87066717
87067167
87067177
87067186
87067244
87067253
87067262
87067338
87067348
87067357
87067588
87067597
87067606
87067670
87067739
87067748
87067757
87068015
87068088
87068097
87068169
87068179
87068193
87068408
87068417
87068426
87068459
87068468
87068477
87068565
87068581
87068598
87068820
87068831
87068840
87068881
87068890
87068899
87069049
87069058
87069068
87069109
87069119
87069129
87069367
87069524
87069691
87069700
87069709
87069740
87069750
87069759
87069809
87069818
87069828
87069975
87069984
87069993
87070049
87070058
87070067
87070106
87070116
87070125
87070383
87070392
87070401
87070454
87070463
87070806
87070964
87071136
87071145
87071154
87071304
87071321
87071392
87071400
87071410
87071418
87071426
87071435
87071443
87071547
87071551
87071552
87071566
87071570
87071572
87071679
87071682
87071684
87071689
87071693
87071700
87071703
87071709
87071716
87071717
87071841
87071854
87071882
87071883
87072085
87072092
87072100
87072148
87072150
87072152
87072217
87072225
87072238
87072241
87072244
87072341
87072348
87072356
87072393
87072395
87072397
87072398
87072400
87072515
87072522
87072531
87072561
87072570
87072579
87072588
87072612
87072651
87072660
87072669
87072788
87072804
87072814
87072823
87072860
87072881
87072890
87072901
87072933
87072947
87072956
87072966
87073123
87073150
87073223
87073248
87073258
87073323
87073374
87073383
87073504
87073530
87073555
87073580
87073625
87073634
87073643
87073704
87073721
87073737
87073799
87073808
87073817
87073847
87073856
87073865
87074073
87074082
87074091
87074133
87074142
87074151
87074209
87074220
87074230
87074385
87074396
87074406
87074592
87074602
87074895
87074905
87074915
87074967
87074976
87075128
87075177
87075187
87075198
87075233
87075242
87075251
87075505
87075514
87075562
87075572
87075628
87075637
87075810
87075820
87076019
87076030
87076417
87076426
87076435
87076556
87076565
87076597
87076606
87076640
87076649
87076824
87076834
87076843
87076882
87076948
87076957
87077119
87077131
87077227
87077236
87077329
87077338
87077512
87077521
87077588
87077597
87077679
87077689
87077858
87077868
87077935
87077944
87077998
87078009
87078177
87078186
87078195
87078230
87078240
87078302
87078312
87078466
87078475
87078484
87078510
87078558
87078567
87078591
87078729
87078747
87078807
87078839
87078848
87078857
87078863
87078883
87078892
87078905
87079054
87079064
87079104
87079214
87079224
87079267
87079358
87079369
87079409
87079633
87079644
87079674
87079783
87079792
87079804
87079832
87079975
87079985
87080034
87080252
87080262
87080305
87080434
87080445
87080454
87080482
87080550
87080561
87080597
87080756
87080765
87080775
87080787
87080820
87080829
87080843
87080870
87080879
87080889
87080890
87081008
87081017
87081026
87081028
87081078
87081087
87081096
87081105
87081390
87082043
87082052
87082220
87082229
87082239
87082268
87082277
87082288
87082338
87082347
87082356
87082478
87082487
87082496
87082530
87082540
87082549
87082573
87082582
87082591
87082747
87082756
87082765
87082838
87082848
87082931
87082943
87082952
87083131
87083140
87083242
87083251
87083261
87083373
87083383
87083545
87083554
87083564
87083607
87083616
87083694
87083704
87083837
87083846
87083855
87083881
87083891
87083900
87083974
87083991
87084010
87084132
87084142
87084221
87084231
87084397
87084413
87084540
87084651
87084661
87084863
87084872
87084937
87084946
87084955
87085008
87085157
87085167
87085176
87085226
87085289
87085298
87085307
87085479
87085485
87085510
87085555
87085564
87085591
87085592
87085593
87085599
87085600
87085601
87085603
87085605
87085607
87085613
87085615
87085616
87085734
87085754
87085758
87085760
87085884
87085893
87085927
87085946
87086020
87086041
87086079
87086103
87086144
87086272
87086281
87086300
87086312
87086346
87086355
87086373
87086391
87086465
87086480
87086608
87086633
87086644
87086652
87086682
87086708
87086723
87086761
87086771
87086814
87086825
87086964
87086999
87087012
87087056
87087072
87087083
87087096
87087141
87087150
87087159
87087181
87087194
87087327
87087336
87087345
87087358
87087368
87087405
87087415
87087424
87087434
87087535
87087550
87087565
87087712
87087721
87087730
87087737
87087772
87087781
87087790
87087797
87087844
87087853
87087862
87087864
87088015
87088024
87088036
87088072
87088081
87088091
87088180
87088191
87088367
87088376
87088459
87088468
87088542
87088551
87088744
87088846
87088855
87088962
87088972
87089143
87089225
87089235
87089373
87089389
87089477
87089486
87089495
87089566
87089576
87089585
87089814
87089823
87089834
87089976
87090157
87090166
87090321
87090330
87090339
87090397
87090407
87090416
87090582
87090592
87090827
87090836
87090902
87090911
87091020
87091030
87091040
87091174
87091183
87091192
87091275
87091284
87091293
87091353
87091362
87091371
87091690
87091876
87092145
87092158
87092289
87092298
87092489
87092507
87092516
87092746
87092756
87092766
87092834
87092843
87092852
87093182
87093193
87093561
87093570
87093579
87093599
87093600
87093601
87093604
87093624
87093684
87093686
87093689
87093693
87093695
87093697
87093710
87093719
87093728
87093852
87093870
87093879
87093882
87093885
87094057
87094059
87094061
87094063
87094072
87094082
87094091
87094133
87094146
87094155
87094455
87094464
87094474
87094539
87094548
87094558
87094628
87094638
87095028
87095338
87095348
87095354
87095450
87095460
87095579
87095588
87095597
87095799
87095809
87095818
87095918
87095927
87095936
87095996
87096006
87096015
87096193
87096203
87096213
87096248
87096257
87096266
87096319
87096328
87096345
87096347
87096349
87096351
87096516
87096525
87096532
87096551
87096625
87096634
87096645
87096703
87096710
87096756
87096765
87096774
87096882
87096906
87096921
87096930
87096998
87097029
87097120
87097158
87097169
87097334
87097358
87097369
87097436
87097464
87097474
87097484
87097561
87097606
87097617
87097627
87097805
87097814
87097823
87097859
87097868
87097877
87097925
87097939
87097956
87098080
87098089
87098098
87098154
87098164
87098174
87098552
87098561
87098698
87098944
87099442
87099453
87099465
87099706
87099716
87099725
87099930
87099937
87100144
87100252
87100258
87100439
87100448
87101709
87101718
87101727
87101847
87101856
87101865
87102008
87102017
87102026
87102055
87102064
87102073
87102229
87102240
87102249
87102392
87102401
87102410
87102462
87102471
87102481
87102648
87102657
87102809
87102838
87102855
87102952
87103160
87103169
87103179
87103234
87103253
87103262
87103385
87103391
87103400
87103409
87103515
87103529
87103538
87103547
87103563
87103573
87103582
87103591
87103727
87103844
87103854
87103863
87104000
87104012
87104022
87104031
87104056
87104072
87104081
87104090
87104128
87104161
87104174
87104186
87104633
87104774
87104783
87104931
87105073
87105082
87105092
87105150
87105159
87105303
87105452
87105461
87105470
87105820
87105829
87105892
87105902
87106053
87106063
87106072
87106136
87106145
87106154
87106246
87106255
87106265
87106439
87106448
87106457
87106487
87106488
87106489
87106490
87106491
87106493
87106494
87106495
87106496
87106497
87106498
87106499
87106501
87106511
87106522
87106579
87106585
87106745
87106754
87106760
87106888
87106898
87106907
87107182
87107191
87107262
87107411
87107421
87107430
87107484
87107493
87107502
87107561
87107570
87107579
87107747
87107756
87107766
87107814
87107823
87107832
87107860
87107869
87107879
87108025
87108035
87108094
87108104
87108113
87108185
87108196
87108410
87108420
87108430
87108514
87108523
87108693
87108702
87108711
87108858
87108867
87108877
87108919
87108929
87108938
87109139
87109149
87109158
87109166
87109318
87109327
87109337
87109343
87109373
87109382
87109391
87109394
87109570
87109576
87109580
87109589
87109750
87109754
87109827
87109833
87109861
87110000
87110043
87110059
87110166
87110206
87110221
87110250
87110291
87110310
87110326
87110335
87110349
87110477
87110485
87110567
87110585
87110607
87110630
87110642
87110652
87110661
87110670
87110678
87110713
87110723
87110730
87110739
87110752
87110901
87110941
87111011
87111021
87111034
87111056
87111059
87111066
87111075
87111084
87111091
87111107
87111112
87111119
87111128
87111140
87111250
87111307
87111364
87111376
87111429
87111441
87111449
87111497
87111510
87111526
87111711
87111801
87111838
87111844
87111912
87111932
87111950
87112021
87112059
87112194
87112430
87112443
87112454
87112490
87112502
87112506
87112511
87112521
87112552
87112568
87112574
87112582
87112591
87112600
87112674
87112896
87112972
87113006
87113135
87113408
87113456
87113463
87113472
87113514
87113524
87113533
87113542
87113895
87113907
87113916
87113925
87113953
87113968
87113978
87113988
87114039
87114063
87114073
87114082
87114213
87114231
87114240
87114249
87114290
87114308
87114321
87114330
87114391
87114425
87114437
87114769
87162949
87163176
87163185
87163222
87163386
87163523
87163532
87163541
87163684
87163871
87163881
87163890
87164055
87164309
87164318
87164327
87164469
87164645
87164668
87164810
87164957
87164966
87164975
87165192
87165423
87165432
87165566
87165763
87165772
87165781
87165917
87166107
87166116
87166125
87166272
87166529
87166538
87166547
87166613
87166796
87166805
87166814
87166943
87167233
87167250
87167264
87167506
87167704
87167714
87167785
87168044
87168054
87168063
87168134
87168394
87168403
87168412
87168662
87169128
87169137
87169146
87169157
87169210
87169219
87169228
87169341
87169350
87169360
87169488
87169497
87169506
87169536
87169545
87169554
87169585
87169603
87169622
87169733
87169742
87169751
87169786
87169787
87169788
87169789
87169790
87169791
87169797
87169798
87169799
87169803
87169809
87169823
87169825
87169976
87169994
87170093
87170102
87170113
87170355
87170364
87170374
87170441
87170540
87170549
87170726
87170735
87170806
87170815
87171116
87171126
87171135
87171197
87171516
87171525
87172551
87172564
87174254
87174668
87174677
87175014
87175024
87175033
87175330
87175339
87175405
87175803
87175813
87175823
87176163
87176172
87176181
87176551
87176560
87176569
87177096
87177107
87177117
87177432
87177441
87177911
87177921
87178384
87178397
87178406
87178750
87178759
87179164
87179174
87179185
87179651
87180013
87180023
87180032
87180327
87180430
87180803
87180873
87180882
87180891
87181103
87181225
87181235
87181244
87181481
87181564
87181938
87182012
87182021
87182031
87182299
87182380
87182389
87182654
87182842
87182859
87183096
87183099
87183102
87183103
87183104
87183105
87183108
87183110
87183112
87183171
87183172
87183479
87183489
87183530
87183548
87183549
87184007
87184016
87184025
87184311
87184320
87184659
87184668
87185056
87185061
87185070
87185419
87185429
87185440
87185449
87185791
87185801
87185810
87186200
87186269
87186278
87186585
87186647
87186656
87186965
87186972
87186981
87187036
87187381
87187447
87187457
87187739
87187812
87187821
87188103
87188171
87188181
87188532
87188599
87188608
87188619
87188809
87188877
87188886
87188952
87189206
87189279
87189754
87189819
87189828
87189837
87190123
87190459
87190591
87190600
87190609
87190918
87191002
87191048
87191312
87191381
87191391
87191653
87191760
87191769
87192120
87192261
87192272
87192282
87192513
87192642
87192652
87192944
87192953
87193382
87193391
87193725
87193736
87194163
87194173
87194564
87194573
87194958
87194971
87195376
87195385
87195875
87195885
87196274
87196283
87196293
87196644
87196654
87197100
87197109
87197460
87197470
87197473
87197735
87197739
87197808
87197817
87198199
87198204
87198552
87198565
87198574
87198583
87198964
87199017
87199032
87199381
87199450
87199778
87200215
87200263
87200276
87200287
87200646
87201029
87201100
87201570
87201634
87201967
87201988
87202379
87202813
87203190
87203262
87203586
87203655
87203668
87204103
87204425
87204501
87204510
87204847
87205361
87205368
87205705
87205780
87205790
87206102
87206187
87206587
87206664
87206674
87206683
87206950
87207015
87207024
87207033
87207237
87207367
87207376
87207385
87207699
87207766
87207782
87208062
87208377
87208510
87208880
87209017
87209026
87209035
87209411
87209421
87209739
87209749
87209801
87210167
87210177
87210556
87210565
87210974
87210984
87211465
87211474
87211483
87211791
87211800
87212166
87212176
87212631
87212640
87213010
87213020
87213029
87213410
87213445
87213858
87213869
87213879
87214174
87214183
87214286
87214295
87214305
87214488
87214497
87214605
87214616
87214784
87214942
87214953
87215069
87215246
87215255
87215272
87215349
87215371
87215475
87215482
87215486
87215674
87216058
87216063
87216072
87216451
87216937
87216950
87217313
87217715
87217722
87217731
87218217
87218621
87218631
87218973
87219456
87219838
87220177
87220239
87220240
87220241
87220243
87220245
87221212
87221544
87221550
87222049
87222140
87222142
87222149
87222153
87222159
87222167
87222581
87222585
87223033
87223179
87223198
87223212
87223214
87223217
87223761
87223776
87224139
87224149
87224158
87224678
87225051
87225060
87225070
87225394
87225403
87225923
87225932
87225941
87226359
87226370
87226455
87226459
87226791
87226800
87226806
87229754
87229763
87229775
87229839
87229844
87229887
87229891
87229895
87229897
87229911
87229916
87229992
87229994
87230003
87230004
87230006
87230007
87230008
87230612
87230618
87230624
87231340
87231349
87231412
87231846
87232250
87232259
87232268
87232990
87233140
87233149
87233158
87233329
87233712
87233969
87234207
87234375
87234614
87234785
87234961
87235208
87235446
87235829
87235950
87236090
87236173
87236211
87236268
87236318
87236384
87236605
87236711
87236758
87236817
87237000
87237057
87237095
87237135
87237144
87237153
87237173
87237340
87237355
87237364
87237373
87237394
87237430
87237572
87237582
87237591
87237670
87237679
87237688
87237760
87237769
87237935
87237944
87237954
87238016
87238026
87238035
87238167
87238176
87238185
87238331
87238350
87238364
87239370
87239379
87239671
87239734
87239743
87240660
87240723
87240732
87240941
87241007
87241844
87241854
87241863
87242294
87242358
87242368
87243197
87243206
87243625
87243689
87243698
87244433
87244947
87244957
87244966
87245590
87246255
87246265
87246907
87246916
87247029
87247047
87247065
87247156
87247219
87247228
87247237
87247386
87247395
87247405
87247486
87247495
87247547
87247556
87247565
87247723
87247732
87247794
87247803
87247812
87248906
87249081
87249090
87249191
87249201
87249445
87250332
87250525
87250535
87250897
87250907
87250917
87250956
87250965
87250974
87250993
87251003
87251012
87251132
87251141
87251155
87251208
87251217
87251226
87251278
87251287
87251296
87251456
87251466
87251475
87251539
87251548
87251557
87251615
87251624
87251634
87251807
87251817
87251826
87251865
87251874
87251884
87251902
87251911
87251920
87252039
87252048
87252057
87252091
87252100
87252109
87252133
87252142
87252151
87252280
87252281
87252287
87252288
87252294
87252429
87252438
87252477
87252478
87252479
87252481
87252520
87252527
87252533
87252628
87252643
87252659
87252741
87252750
87252760
87252808
87252817
87252826
87252961
87252970
87252979
87253056
87253066
87253075
87253109
87253118
87253127
87253249
87253258
87253268
87253285
87253294
87253303
87253324
87253333
87253342
87253456
87253465
87253474
87253524
87253533
87253542
87253575
87253584
87253593
87253727
87253737
87253746
87253783
87253793
87253805
87253840
87253849
87253858
87253991
87254000
87254009
87254083
87254092
87254101
87254132
87254141
87254150
87254277
87254286
87254295
87254319
87254328
87254337
87254364
87254373
87254382
87254529
87254716
87254726
87254735
87254806
87254815
87254825
87255009
87255019
87255403
87255414
87255423
87255521
87255530
87255725
87255739
87255755
87255805
87255814
87255862
87255874
87255884
87256008
87256077
87256087
87256151
87256160
87256329
87256339
87256348
87256457
87256466
87256475
87256538
87256729
87256739
87256826
87256955
87257117
87257127
87257136
87257176
87257185
87257194
87257306
87257319
87257328
87257350
87257359
87257368
87257390
87257400
87257409
87257542
87257551
87257560
87257610
87257619
87257629
87257667
87257676
87257685
87257973
87258273
87258352
87258362
87258371
87258410
87258419
87258428
87258554
87258563
87258572
87258590
87258599
87258608
87258629
87258638
87258648
87258765
87258774
87258783
87258833
87258842
87258852
87258897
87258906
87258915
87259057
87259066
87259075
87259128
87259137
87259201
87259236
87259245
87259412
87259421
87259430
87259526
87259536
87259599
87259609
87259618
87259778
87259788
87259798
87259834
87259847
87259856
87259865
87259913
87259922
87259931
87260093
87260102
87260111
87260127
87260140
87260155
87260165
87260174
87260181
87260186
87260190
87260214
87260226
87260235
87260244
87260307
87260357
87260387
87260404
87260413
87260423
87260436
87260441
87260473
87260513
87260522
87260604
87260646
87260828
87260886
87260957
87260994
87261004
87261081
87261099
87261109
87261252
87261288
87261297
87261364
87261389
87261399
87261426
87261511
87261527
87261544
87261615
87261651
87261661
87261670
87261711
87261727
87261737
87261774
87261891
87261964
87261991
87262000
87262009
87262052
87262082
87262091
87262163
87262287
87262415
87262567
87262577
87262885
87262895
87262904
87263263
87263272
87263283
87263592
87263601
87263610
87263840
87263852
87263858
87263946
87263955
87263964
87264080
87264283
87264569
87264756
87264914
87265028
87265038
87265047
87265295
87265306
87265315
87265474
87265483
87265589
87265599
87265612
87265770
87265780
87265789
87265860
87265870
87266005
87266017
87266240
87266249
87266350
87266361
87266478
87266652
87266661
87266670
87266772
87266782
87266793
87266915
87266924
87267832
87267841
87267850
87268519
87268531
87268544
87269109
87269125
87269865
87269875
87269885
87270488
87270497
87270507
87271190
87271206
87271948
87271957
87271966
87272423
87272433
87273268
87273278
87273287
87273706
87273715
87274460
87274469
87274978
87274987
87275794
87275803
87276137
87363792
87363801
87363810
87364486
87364495
87364504
87364510
87364511
87364513
87364514
87364515
87364516
87365323
87365329
87365348
87365349
87365351
87365352
87365354
87365356
87365357
87365359
87365360
87365361
87365363
87365364
87365365
87365366
87365368
87365370
87365504
87365510
87365516
87365677
87365682
87365691
87365692
87365699
87365706
87365707
87365711
87365714
87365832
87365838
87365888
87365894
87365900
87366049
87366058
87366067
87366102
87366111
87366121
87366152
87366161
87366170
87366294
87366303
87366312
87366461
87366470
87366479
87366520
87366530
87366539
87366668
87366677
87366686
87367020
87367034
87367048
87367108
87367118
87367127
87367270
87367285
87367300
87367344
87367353
87367362
87367373
87367381
87367390
87367399
87367504
87367506
87367507
87367508
87367509
87367534
87367543
87367587
87367593
87367602
87367611
87367617
87367630
87367631
87367641
87367651
87367660
87367766
87367767
87367817
87367826
87367835
87367891
87367907
87367931
87367940
87367949
87367963
87367965
87367983
87367992
87368001
87368112
87368115
87368136
87368145
87368154
87368176
87368179
87368200
87368210
87368219
87368234
87368237
87368293
87368515
87368525
87368612
87368728
87368747
87368869
87368878
87368920
87368929
87368938
87369069
87369078
87369087
87369158
87369167
87369176
87369224
87369233
87369244
87369394
87369404
87369413
87369465
87369475
87369485
87369535
87369544
87369554
87369711
87369720
87369730
87369805
87369814
87369824
87369854
87369863
87369983
87369992
87370001
87370020
87370030
87370039
87370062
87370071
87370080
87370195
87370204
87370214
87370264
87370273
87370282
87370313
87370322
87370331
87370475
87370484
87370493
87370534
87370543
87370552
87370593
87370603
87370612
87370750
87370759
87370768
87370831
87370842
87370851
87370874
87370883
87370892
87371039
87371048
87371058
87371117
87371126
87371135
87371176
87371185
87371196
87371342
87371351
87371360
87371390
87371399
87371409
87371472
87371482
87371491
87371657
87371666
87371676
87371744
87371753
87371762
87371830
87371839
87371849
87372034
87372043
87372052
87372126
87372135
87372141
87372189
87372198
87372207
87372352
87372361
87372370
87372393
87372402
87372411
87372444
87372461
87372478
87372604
87372613
87372654
87372663
87372673
87372787
87372805
87372863
87372872
87372881
87372922
87372931
87373071
87373080
87373090
87373170
87373179
87373231
87373241
87373250
87373388
87373397
87373435
87373444
87373454
87373485
87373494
87373503
87373635
87373644
87373810
87373819
87373830
87373891
87373901
87373939
87374069
87374078
87374088
87374117
87374149
87374158
87374203
87374236
87374245
87374255
87374283
87374399
87374411
87374420
87374441
87374478
87374507
87374517
87374540
87374545
87374565
87374574
87374583
87374587
87374589
87374694
87374703
87374712
87374721
87374723
87374729
87374738
87374747
87374759
87374764
87374776
87374785
87374796
87374800
87374905
87374914
87374923
87374932
87374965
87374982
87374991
87375000
87375009
87375015
87375033
87375042
87375051
87375062
87375069
87375200
87375209
87375218
87375224
87375230
87375256
87375265
87375274
87375285
87375294
87375323
87375332
87375341
87375347
87375371
87375504
87375514
87375526
87375533
87375555
87375564
87375573
87375576
87375578
87375596
87375605
87375614
87375653
87375728
87375737
87375747
87375750
87375752
87375768
87375777
87375786
87375789
87375809
87375818
87375824
87375828
87375965
87375969
87375978
87375988
87376016
87376021
87376030
87376066
87376075
87376218
87376227
87376271
87376280
87376289
87376349
87376367
87376503
87376513
87376522
87376550
87376559
87376681
87376695
87376725
87376734
87376743
87376763
87376772
87376910
87376919
87376929
87376994
87377003
87377048
87377057
87377218
87377228
87377237
87377296
87377305
87377362
87377372
87377566
87377579
87377675
87377726
87377735
87377744
87377877
87377886
87377939
87377948
87377957
87377989
87377999
87378132
87378142
87378152
87378222
87378231
87378282
87378291
87378302
87378449
87378458
87378523
87378532
87378602
87378613
87378623
87378784
87378795
87378859
87378869
87378878
87378904
87378913
87378922
87379044
87379053
87379077
87379086
87379095
87379116
87379125
87379134
87379280
87379289
87379299
87379328
87379337
87379367
87379376
87379512
87379523
87379571
87379580
87379625
87379634
87379643
87379815
87379825
87379876
87379885
87379916
87379926
87380052
87380061
87380085
87380094
87380133
87380150
87380281
87380290
87380325
87380335
87380455
87380472
87380519
87380528
87380537
87380582
87380594
87380782
87380792
87380895
87380904
87380950
87380959
87381080
87381089
87381122
87381132
87381157
87381166
87381175
87381181
87381291
87381300
87381310
87381363
87381373
87381385
87381410
87381419
87381429
87381437
87381558
87381563
87381572
87381584
87381610
87381616
87381625
87381639
87381669
87381674
87381683
87381695
87381823
87381830
87381840
87381852
87381908
87381914
87381923
87381936
87381955
87381962
87381971
87381982
87382099
87382105
87382115
87382126
87382152
87382158
87382167
87382177
87382198
87382206
87382216
87382227
87382338
87382348
87382357
87382379
87382422
87382434
87382443
87382455
87382493
87382503
87382512
87382522
87382656
87382670
87382680
87382686
87382715
87382726
87382736
87382746
87382783
87382802
87382811
87382814
87382961
87383012
87383017
87383026
87383081
87383105
87383114
87383163
87383174
87383183
87383312
87383321
87383330
87383345
87383362
87383371
87383428
87383585
87383594
87383636
87383645
87383685
87383694
87383835
87383844
87383902
87383911
87383956
87383974
87384135
87384144
87384185
87384195
87384300
87384318
87384389
87384398
87384438
87384447
87384568
87384577
87384642
87384651
87384691
87384701
87384856
87384866
87384929
87384938
87385023
87385032
87385180
87385189
87385258
87385267
87385291
87385306
87385315
87385399
87385550
87385640
87385755
87385807
87385816
87385874
87385892
87385901
87385933
87385949
87385958
87385967
87386079
87386113
87386122
87386156
87386176
87386185
87386194
87386215
87386232
87386241
87386250
87386370
87386386
87386395
87386404
87386470
87386509
87386518
87386533
87386573
87386609
87386621
87386807
87386816
87386826
87386903
87386989
87386999
87387008
87387208
87387222
87387313
87387326
87387336
87387439
87387619
87387628
87387639
87387698
87387707
87387716
87387783
87387793
87387802
87387965
87387979
87388060
87388069
87388078
87388114
87388123
87388132
87388250
87388259
87388268
87388304
87388313
87388617
87388626
87388636
87388973
87389036
87389066
87389983
87389992
87390001
87390691
87390700
87390736
87391266
87391275
87391284
87391969
87392035
87392478
87392488
87392495
87392847
87392856
87392865
87392888
87392897
87392906
87392945
87393011
87393217
87393317
87393414
87393529
87393538
87393572
87393931
87393941
87393950
87394422
87394842
87394851
87394861
87395285
87395403
87395413
87395474
87395494
87395504
87395513
87395530
87395544
87395553
87395562
87395570
87395679
87395688
87395697
87395710
87395718
87395727
87395736
87395749
87395780
87395831
87395961
87395971
87396090
87396099
87396105
87396258
87396268
87396474
87396485
87396491
87396562
87396571
87396651
87396660
87396671
87396842
87396930
87396941
87396950
87397007
87397016
87397163
87397172
87397181
87397252
87397261
87397356
87397365
87397736
87397745
87398063
87398073
87398083
87398136
87398145
87398155
87398289
87398306
87398326
87398441
87398451
87398461
87398521
87398530
87398540
87398563
87398667
87398677
87398686
87398710
87398716
87398725
87398734
87398758
87398766
87398775
87398784
87398803
87398904
87398913
87398922
87398973
87398988
87398998
87399007
87399026
87399040
87399049
87399058
87399078
87399191
87399200
87399209
87399235
87399255
87399264
87399273
87399297
87399318
87399327
87399336
87399362
87399474
87399483
87399492
87399546
87399562
87399571
87399580
87399594
87399603
87399612
87399621
87399630
87399738
87399747
87399756
87399775
87399785
87399794
87399803
87399818
87399825
87399834
87399843
87399860
87399967
87399976
87399985
87400122
87400136
87400145
87400154
87400178
87400205
87400214
87400224
87400257
87400371
87400380
87400389
87400425
87400706
87400720
87400735
87400814
87400823
87400832
87400998
87401014
87401030
87401061
87401070
87401079
87401102
87401111
87401121
87401242
87401251
87401260
87401281
87401290
87401299
87401318
87401327
87401336
87401479
87401488
87401498
87401591
87401600
87401610
87401644
87401653
87401662
87401794
87401803
87401812
87401860
87401869
87401925
87401942
87401960
87402104
87402113
87402161
87402170
87402179
87402301
87402318
87402332
87402364
87402373
87402382
87402415
87402424
87402434
87402560
87402569
87402578
87402640
87402650
87402659
87402674
87402676
87402678
87402679
87402680
87402681
87402684
87402685
87402688
87402689
87402691
87402693
87402695
87402796
87402798
87402799
87402801
87402803
87402807
87402932
87402941
87402947
87402975
87402976
87402978
87402980
87403009
87403058
87403078
87403087
87403097
87403123
87403591
87403600
87403609
87403894
87404241
87404250
87404259
87404448
87404449
87404810
87435486
87435659
87435730
87435790
87435955
87436036
87436084
87436221
87436254
87436280
87436288
87436293
87436341
87436419
87436421
87436425
87436429
87436463
87436477
87436482
87436486
87436491
87436494
87436499
87436513
87436522
87436526
87436532
87436539
87436545
87436600
87436673
87436680
87436690
87436695
87436700
87436718
87436763
87436777
87436797
87436850
87436859
87436954
87437022
87437043
87437085
87437113
87437124
87437154
87437177
87437182
87437283
87437312
87437319
87437334
87437363
87437369
87437415
87437440
87437449
87437556
87437583
87437623
87437638
87437666
87437674
87437680
87437719
87437729
87437849
87437904
87437928
87437977
87438003
87438050
87438171
87438287
87438371
87438426
87442516
87442518
87442549
87442552
87442690
87442692
87442777
87442786
87442871
87442877
87443052
87443056
87443130
87443139
87443217
87443228
87443452
87443460
87443547
87443551
87443634
87443645
87443804
87443806
87443813
87443861
87443862
87443868
87443928
87443938
87444063
87444113
87444116
87444121
87444192
87444199
87444211
87444241
87444286
87444296
87444422
87444445
87444465
87444475
87444480
87444487
87444494
87444513
87444528
87444533
87444547
87444551
87444594
87444622
87444637
87444737
87444753
87444792
87444878
87444885
87444904
87444978
87444996
87445021
87445143
87445146
87445178
87445265
87445277
87445297
87445331
87445342
87445380
87445587
87445590
87445615
87445669
87445675
87445687
87445728
87445747
87445807
87445989
87445993
87446011
87446078
87446098
87446130
87446191
87446207
87446277
87446485
87446494
87446567
87446578
87446603
87446648
87446828
87446839
87446872
87451477
87451479
87451482
87451483
87451484
87451486
87451488
87451489
87451490
87451492
87451493
87451495
87451500
87451501
87451502
87451503
87451504
87451507
87451512
87451514
87453084
87453208
87453236
87453238
87453252
87453256
87453286
87453300
87453302
87453422
87453449
87453453
87453459
87453461
87453463
87453492
87453494
87453497
87453498
87453499
87453500
87453503
87453505
87453507
87453508
87453509
87453510
87453511
87453512
87453515
87453516
87453519
87453522
87453524
87453674
87453682
87453683
87453684
87453686
87453836
87453857
87453962
87453971
87453991
87454183
87454190
87454276
87454290
87454366
87454373
87454544
87454558
87454653
87454664
87454714
87454720
87454861
87454864
87454867
87454910
87454915
87454941
87454942
87454947
87455085
87455186
87455262
87455424
87455508
87455590
87455749
87455857
87455859
87455861
87455863
87455864
87455865
87455868
87455869
87455870
87455871
87455873
87455875
87455877
87455878
87455880
87455881
87455884
87455886
87455887
87455889
87456058
87456062
87456063
87456064
87456129
87456132
87456135
87456136
87456137
87456139
87456142
87456143
87456144
87456146
87456148
87456149
87456150
87456155
87456156
87456158
87456160
87456162
87456164
87456166
87456168
87456170
87456172
87456173
87456206
87456436
87456532
87456571
87456574
87456635
87456816
87456890
87456988
87457149
87457189
87457229
87457335
87457358
87457431
87457602
87457699
87457812
87457948
87458031
87458170
87458270
87458287
87458314
87458320
87458322
87458334
87458442
87458455
87458461
87458472
87458480
87458488
87458590
87458638
87458652
87458691
87458706
87458726
87458732
87458839
87458860
87458864
87458878
87458895
87458902
87458924
87458951
87458959
87459072
87459122
87459125
87459134
87459159
87459162
87459169
87459177
87459184
87459285
87459291
87459295
87459301
87459309
87459311
87459318
87459330
87459359
87459440
87459482
87459486
87459492
87459507
87459513
87459526
87459608
87459673
87459692
87459730
87459836
87459931
87459960
87460070
87460085
87463549
87463583
87463717
87463777
87463803
87463939
87464014
87464080
87464256
87464339
87464436
87464559
87464560
87464562
87464563
87464564
87464565
87464567
87464568
87464569
87464571
87464573
87464575
87464594
87464598
87464611
87464626
87464636
87464640
87464642
87464652
87464664
87464675
87464709
87464719
87464723
87464725
87464733
87464735
87464759
87464854
87464865
87464867
87464871
87464898
87464907
87464911
87464924
87464936
87464941
87464946
87464948
87464949
87464950
87464952
87464960
87464964
87464966
87464969
87464970
87464971
87464973
87465016
87465077
87465091
87465094
87465102
87465103
87465104
87465107
87465109
87465126
87465137
87465145
87465148
87465149
87465154
87465160
87465169
87465206
87465215
87465224
87465228
87465233
87465366
87465374
87465389
87465419
87465521
87465528
87465532
87465538
87465546
87465592
87465598
87465601
87465614
87465619
87465742
87465745
87465747
87465750
87465753
87465776
87465778
87465782
87465789
87465792
87465826
87465829
87465833
87465842
87465845
87465964
87465966
87465973
87465997
87466016
87466038
87466039
87466041
87466043
87466045
87466054
87466056
87466062
87466064
87466066
87466174
87466176
87466183
87466186
87466187
87466213
87466221
87466228
87466237
87466241
87466289
87466291
87466296
87466308
87466469
87466481
87466653
87466658
87466734
87466736
87466869
87466913
87466965
87467111
87467212
87467289
87468550
87468552
87468677
87468678
87468713
87468714
87468761
87468762
87468924
87468925
87469006
87469007
87469064
87469065
87469227
87469288
87469295
87469298
87469299
87469300
87469302
87469304
87469306
87469308
87469309
87469312
87469313
87469315
87469554
87469557
87469655
87469720
87469873
87469924
87469992
87470147
87470236
87470298
87470507
87470597
87470601
87470659
87470663
87470812
87470815
87470928
87470930
87470983
87470985
87471148
87471151
87471243
87471245
87471432
87471434
87471605
87471688
87471753
87471960
87471961
87472041
87472042
87472136
87472137
87472333
87472432
87472476
87472598
87472631
87472728
87472901
87472988
87473073
87473267
87473368
87473451
87473624
87473728
87473787
87473907
87473949
87474133
87475029
87475053
87475064
87475070
87475102
87475109
87475247
87475254
87475295
87475305
87475343
87475355
87475511
87475518
87475564
87475573
87475608
87475613
87475739
87475746
87475779
87475784
87475812
87475837
87475977
87475985
87476031
87476042
87476102
87476148
87476236
87476237
87476238
87476242
87476245
87476247
87476249
87476250
87476251
87476252
87476256
87476281
87476468
87476479
87476684
87476820
87476914
87477097
87477164
87477231
87477374
87477477
87477567
87477740
87490670
87490710
87490766
87490767
87491221
87491222
87491224
87491226
87491227
87491229
87491230
87491231
87491232
87491236
87491238
87491240
87491241
87491242
87491244
87491246
87491260
87491262
87491313
87491317
87669092
87671771
87674401
87674620
87674821
87675014
87675015
87675016
87675017
87675018
87675019
87675020
87675021
87675022
87675023
