121944584
121944664
121944718
121944762
121944807
121944836
121944879
121944937
121944978
121944999
121945020
121945035
121945046
121945053
121945058
121945064
121945068
121945071
121945074
121946359
121946364
121946366
121946397
121946435
121946472
121946513
121946557
121946561
121946565
121946568
121946570
121946599
121946647
121946725
121946802
121946875
121946930
121946980
121948130
121948193
121948253
121948285
121948340
121948384
121948406
121948411
121948412
121948416
121948417
121948421
121948422
121948424
121948426
121948428
121948430
121948433
121948435
121949725
121949726
121949742
121949783
121949821
121949854
121950472
121950510
121950525
121950535
121950574
121950639
121950713
121950791
121950855
121950914
121950957
121950988
121951004
121951010
121951013
121951015
121951017
121951020
121951023
121951725
121951731
121951736
121951769
121951824
121951903
121951978
121952052
121952113
121952157
121952190
121952213
121952219
121952221
121952223
121952225
121952228
121952237
121952278
121953685
121953692
121953696
121953698
121953700
121953702
121953704
121953707
121953708
121953712
121953716
121953736
121953763
121953765
121953766
121953768
121953773
121953808
121953873
121955052
121955084
121955142
121955216
121955293
121955364
121955423
121955479
121955530
121955552
121955560
121955563
121955564
121955567
121955573
121955593
121955614
121955640
121955671
121955683
121956488
121956562
121956640
121956703
121956757
121956794
121956818
121956832
121956838
121956842
121956846
121956848
121956852
121956856
121956857
121956860
121956865
121956869
121956874
121958592
121958597
121958604
121958608
121958611
121958613
121958617
121958620
121958622
121958625
121958627
121958631
121958650
121958697
121958772
121958851
121958927
121958987
121959036
121960589
121960593
121960595
121960596
121960599
121960602
121960603
121960606
121960608
121960615
121960620
121960623
121960648
121960698
121960773
121960846
121960928
121961021
121961104
121962276
121962337
121962383
121962418
121962440
121962444
121962446
121962449
121962451
121962455
121962457
121962460
121962461
121962462
121962464
121962497
121962535
121962569
121962605
121963746
121963752
121963754
121963756
121963757
121963760
121963763
121963765
121963766
121963767
121963768
121963771
121963772
121963773
121963775
121963778
121963780
121963782
121963783
121965227
121965245
121965246
121965249
121965251
121965256
121965288
121965342
121965417
121965502
121965566
121965628
121965669
121965704
121965726
121965736
121965741
121965742
121965744
121967305
121967327
121967360
121967374
121967380
121967383
121967389
121967393
121967397
121967400
121967404
121967407
121967410
121967414
121967418
121967420
121967423
121967427
121967430
121968661
121968667
121968669
121968672
121968677
121968679
121968683
121968687
121968690
121968693
121968696
121968697
121968724
121968764
121968800
121968841
121968880
121968916
121968919
121970118
121970119
121970122
121970123
121970146
121970196
121970267
121970344
121970420
121970478
121970525
121970556
121970576
121970584
121970589
121970591
121970594
121970595
121970598
121972040
121972042
121972044
121972045
121972047
121972050
121972051
121972052
121972055
121972058
121972059
121972061
121972063
121972066
121972067
121972068
121972070
121972072
121972097
121973524
121973526
121973551
121973601
121973672
121973750
121973823
121973862
121973913
121973946
121973984
121974015
121974038
121974044
121974045
121974051
121974054
121974060
121974061
121975474
121975521
121975582
121975646
121975708
121975771
121975831
121975892
121975905
121975914
121975923
121975929
121975932
121975939
121975940
121975942
121975972
121976021
121976095
121976567
121977262
121977313
121977392
121977468
121977542
121977597
121977648
121977676
121977699
121977706
121977742
121977784
121977823
121977866
121977903
121977930
121977935
121977939
121977941
121979234
121979235
121979237
121979242
121979244
121979245
121979247
121979250
121979253
121979255
121979257
121979260
121979261
121979265
121979297
121979350
121979430
121979509
121979613
121980853
121980931
121981005
121981071
121981113
121981146
121981165
121981174
121981175
121981177
121981178
121981181
121981182
121981184
121981187
121981188
121981190
121981194
121981197
121982734
121982737
121982738
121982739
121982741
121982743
121982745
121982747
121982749
121982751
121982755
121982760
121982794
121982851
121982927
121983008
121983076
121983134
121983177
121984645
121984648
121984651
121984655
121984657
121984661
121984663
121984664
121984667
121984669
121984671
121984673
121984676
121984678
121984681
121984684
121984686
121984688
121984691
121986024
121986025
121986027
121986050
121986097
121986166
121986244
121986320
121986379
121986429
121986465
121986494
121986507
121986514
121986517
121986519
121986526
121986528
121986529
121987988
121987990
121987991
121987993
121987994
121987999
121988003
121988006
121988007
121988010
121988011
121988012
121988013
121988015
121988016
121988018
121988020
121988043
121988092
122114482
122114508
122114541
122114570
122114590
122114604
122114618
122114621
122114628
122114633
122114636
122114643
122114645
122114647
122114649
122114651
122114653
122114655
122114656
122115711
122115712
122115714
122115717
122115718
122115721
122115722
122115724
122115727
122115728
122115747
122115787
122115850
122115930
122116010
122116047
122116080
122116111
122116148
122116826
122116863
122117580
122117635
122117714
122117794
122117843
122117869
122117895
122117931
122117960
122117983
122118008
122118022
122118035
122118042
122118047
122118050
122118057
122118062
122118066
122118683
122119212
122119215
122119217
122119221
122119223
122119227
122119230
122119239
122119251
122119264
122119271
122119283
122119285
122119287
122119311
122119354
122119421
122119500
122119572
122120557
122120627
122120698
122120735
122120762
122120792
122120821
122120850
122120874
122120895
122120911
122120944
122120952
122120957
122120960
122120962
122120966
122120968
122120970
122122065
122122073
122122079
122122082
122122089
122122094
122122098
122122103
122122106
122122107
122122109
122122111
122122134
122122177
122122245
122122319
122122393
122122424
122122588
122122614
122122616
122122617
122122619
122122620
122122622
122122625
122122649
122122697
122122764
122122833
122122905
122122941
122122972
122122991
122123030
122123071
122123104
122123128
122124222
122124243
122124265
122124290
122124325
122124342
122124351
122124357
122124362
122124365
122124367
122124369
122124372
122124375
122124378
122124380
122124384
122124388
122124390
122125443
122126018
122126022
122126023
122126026
122126027
122126040
122126072
122126132
122126211
122126286
122126324
122126339
122126366
122126396
122126431
122126461
122126481
122126500
122126512
122127582
122127600
122127617
122127627
122127662
122127667
122127671
122127673
122127675
122127677
122127679
122127680
122127682
122127684
122127688
122127689
122127691
122127695
122127699
122128757
122128758
122128760
122128771
122128813
122128875
122128959
122129019
122129054
122129073
122129098
122129128
122129167
122129197
122129218
122129234
122129249
122129255
122129258
122130352
122130377
122130404
122130430
122130452
122130463
122130477
122130483
122130490
122130499
122130501
122130503
122130504
122130506
122130510
122130514
122130516
122130532
122130575
122131639
122131656
122131694
122131759
122131834
122131911
122131940
122131956
122131985
122132013
122132051
122132077
122132103
122132119
122132128
122132139
122132143
122132147
122132152
122133234
122133239
122133240
122133242
122133244
122133247
122133249
122133252
122133255
122133257
122133261
122133262
122133264
122133265
122133268
122133289
122133331
122133398
122133464
122134472
122134540
122134617
122134676
122134704
122134725
122134747
122134780
122134813
122134841
122134863
122134880
122134891
122134898
122134902
122134906
122134910
122134916
122134918
122135999
122136002
122136004
122136007
122136012
122136014
122136018
122136021
122136023
122136026
122136027
122136030
122136032
122136057
122136102
122136166
122136242
122136311
122136339
122137384
122137451
122137494
122137517
122137551
122137582
122137618
122137648
122137667
122137683
122137723
122137733
122137739
122137742
122137746
122137752
122137759
122137766
122137768
122138895
122138898
122138901
122138907
122138911
122138914
122138920
122138924
122138926
122138930
122138933
122138956
122139004
122139081
122139152
122139212
122139242
122139269
122139298
122139950
122140032
122140335
122140355
122140374
122140397
122140434
122140464
122140490
122140502
122140513
122140529
122140542
122140547
122140551
122140555
122140556
122140558
122140560
122140563
122140566
122141640
122141642
122141646
122141647
122141649
122141651
122141655
122141656
122141658
122141685
122141736
122141808
122141883
122141942
122141968
122141988
122142019
122142050
122142075
122143092
122143124
122143162
122143188
122143206
122143221
122143228
122143238
122143243
122143248
122143249
122143251
122143253
122143255
122143260
122143262
122143263
122143268
122143269
122144399
122144401
122144403
122144405
122144409
122144413
122144416
122144446
122144495
122144571
122144645
122144699
122144726
122144745
122144769
122144795
122144824
122144853
122144872
122146015
122146016
122146023
122146035
122146038
122146042
122146044
122146050
122146054
122146058
122146061
122146063
122146066
122146067
122146083
122146123
122146182
122146265
122146335
122147284
122147361
122147424
122147457
122147475
122147502
122147535
122147570
122147600
122147624
122147641
122147678
122147687
122147692
122147695
122147697
122147698
122147700
122147702
122148756
122148757
122148758
122148760
122148764
122148766
122148768
122148773
122148776
122148778
122148780
122148782
122148797
122148836
122148899
122148971
122149041
122149071
122149088
122150154
122150186
122150211
122150247
122150281
122150332
122150374
122150394
122150416
122150427
122150437
122150446
122150456
122150464
122150466
122150470
122150473
122318963
122318987
122318997
122319003
122319004
122319011
122319018
122319024
122319027
122319030
122319035
122319038
122319039
122319042
122319043
122319047
122319050
122319052
122319055
122320447
122320451
122320453
122320458
122320462
122320464
122320469
122320499
122320554
122320629
122320712
122320783
122320857
122320897
122320930
122320951
122320954
122320957
122320959
122322303
122322307
122322311
122322315
122322318
122322320
122322323
122322326
122322327
122322330
122322333
122322334
122322336
122322339
122322344
122322348
122322351
122322354
122322359
122323904
122323907
122323909
122323912
122323914
122323946
122324002
122324078
122324158
122324227
122324287
122324333
122324369
122324388
122324401
122324408
122324416
122324423
122324426
122325907
122325909
122325915
122325918
122325925
122325929
122325934
122325938
122325940
122325954
122325958
122325961
122325967
122325970
122325973
122325976
122325979
122325981
122325987
122531552
122531553
122531554
122531555
122531556
122531557
122531558
122531559
122531560
122531561
122532250
122532251
122532256
122532258
122532260
122532262
122532269
122532271
122532275
122532276
122819140
122819162
122819182
122819204
122819225
122819247
122819267
122819298
122819339
122819413
122819511
122819605
122819681
122819733
122819779
122819811
122819839
122819864
122819873
122821537
122821555
122821565
122821574
122821586
122821598
122821605
122821617
122821628
122821663
122821693
122821723
122821756
122821787
122821814
122821826
122821834
122821841
122821856
122823688
122823697
122823711
122823720
122823733
122823753
122823801
122823869
122823968
122824065
122824166
122824245
122824301
122824343
122824382
122824405
122824419
122824435
122824439
122826272
122826281
122826304
122826332
122826341
122826349
122826362
122826378
122826403
122826433
122826465
122826489
122826522
122826553
122826559
122826570
122826587
122826604
122826620
122827800
122827803
122827804
122827805
122827830
122827876
122827945
122828022
122828098
122828145
122828202
122828253
122828296
122828329
122828351
122828373
122828394
122828414
122828424
122829632
122829645
122829650
122829658
122829661
122829664
122829668
122829671
122829673
122829694
122829720
122829742
122829764
122829765
122829769
122829771
122829772
122829774
122829799
122830997
122830999
122831024
122831072
122831147
122831225
122831309
122831383
122831453
122831500
122831525
122831540
122831543
122831547
122831550
122831555
122831576
122831597
122831604
122832747
122832749
122832762
122832779
122832780
122832782
122832785
122832787
122832789
122832796
122832817
122832838
122832858
122832878
122832882
122832886
122832911
122832960
122833036
122834241
122834298
122834386
122834467
122834550
122834617
122834672
122834713
122834743
122834763
122834773
122834786
122834801
122834833
122834862
122834884
122834912
122834942
122834962
122836288
122836289
122836290
122836294
122836301
122836302
122836304
122836305
122836307
122836311
122836331
122836352
122836372
122836396
122836450
122836515
122836590
122836668
122836743
122837901
122837975
122838044
122838098
122838144
122838181
122838216
122838245
122838262
122838279
122838314
122838346
122838367
122838387
122838394
122838397
122838399
122838404
122838406
122839649
122839650
122839653
122839657
122839664
122839686
122839708
122839729
122839750
122839772
122839787
122839791
122839821
122839872
122839947
122840031
122840108
122840173
122840216
122913746
122915994
122916570
123029414
123029434
123029453
123029474
123029503
123029551
123029623
123029665
123029743
123029803
123029857
123029894
123029924
123029937
123029944
123029945
123029947
123029951
123029953
123031289
123031311
123031337
123031366
123031392
123031417
123031440
123031462
123031484
123031505
123031526
123031547
123031567
123031587
123031596
123031597
123031600
123031603
123031604
123032830
123032832
123032835
123032838
123032863
123032923
123032990
123033079
123033177
123033257
123033338
123033391
123033437
123033470
123033493
123033514
123033527
123033534
123033538
123034834
123034838
123034840
123034843
123034847
123034849
123034858
123034860
123034864
123034868
123034871
123034874
123034879
123034900
123034920
123034942
123034962
123034982
123035008
123036547
123036550
123036557
123036591
123036647
123036721
123036800
123036867
123036933
123036977
123037010
123037026
123037029
123037030
123037033
123037038
123037043
123037046
123037048
123038319
123038323
123038324
123038326
123038327
123038328
123038329
123038331
123038334
123038336
123038337
123038340
123038341
123038342
123038344
123038345
123038353
123038385
123038455
123039666
123039698
123039756
123039829
123039907
123039975
123040032
123040080
123040109
123040127
123040134
123040137
123040139
123040150
123040167
123040178
123040199
123040221
123040239
123041451
123041453
123041456
123041461
123041462
123041464
123041467
123041468
123041473
123041475
123041477
123041479
123041487
123041509
123041537
123041595
123041671
123041766
123041860
123042907
123042991
123043071
123043133
123043186
123043227
123043257
123043277
123043310
123043320
123043336
123043354
123043379
123043403
123043426
123043446
123043467
123043469
123043471
123044644
123044646
123044648
123044649
123044651
123044653
123044654
123044673
123044695
123044716
123044736
123044757
123044779
123044811
123044868
123044942
123045013
123045091
123045151
123046186
123046245
123046302
123046349
123046382
123046423
123046452
123046474
123046494
123046513
123046537
123046541
123046544
123046545
123046549
123046551
123046553
123046554
123046556
123047811
123047819
123047839
123047861
123047883
123047904
123047924
123047933
123047937
123047942
123047947
123047979
123048032
123048107
123048186
123048258
123048316
123048367
123048403
123221335
123221338
123221343
123221344
123221345
123221346
123221349
123221354
123221358
123221359
123221364
123221366
123221367
123221369
123221370
123221373
123221393
123221412
123221433
123222905
123222907
123222908
123222917
123222950
123223084
123223161
123223228
123223281
123223326
123223356
123223376
123223384
123223387
123223391
123223394
123223395
123223396
123224833
123224855
123224877
123224887
123224898
123224909
123224912
123224914
123224916
123224919
123224920
123224921
123224922
123224923
123224925
123224926
123224928
123224941
123224978
123226111
123226247
123227827
123227866
123227887
123227909
123227930
123227951
123227972
123227993
123228013
123228034
123228055
123228075
123228096
123228119
123228141
123228157
123228179
123228208
123228260
123230550
123230647
123231934
123231956
123231979
123232007
123232060
123232133
123232225
123232317
123232405
123232490
123232559
123232603
123232634
123232655
123232675
123232694
123232717
123232737
123232758
123234866
123234894
123234895
123234896
123234897
123234898
123234904
123234906
123234911
123234914
123234916
123234920
123234924
123234926
123234929
123234931
123234934
123234944
123234984
123236331
123236344
123236379
123236439
123236517
123236599
123236677
123236732
123236771
123236803
123236822
123236827
123236829
123236831
123236834
123236836
123236840
123236841
123236844
123238303
123238332
123238355
123238377
123238396
123238419
123238429
123238432
123238436
123238440
123238443
123238445
123238448
123238449
123238453
123239582
123239638
123239670
123239697
123239707
123239708
123239711
123239716
123239717
123239719
123239726
123239727
123239732
123239735
123239736
123239738
123239741
123239742
123239745
123241156
123241160
123241162
123241163
123241167
123241171
123241173
123241176
123241178
123241203
123241250
123241323
123241398
123241480
123241539
123241591
123241631
123241648
123241652
123243073
123243110
123243136
123243155
123243173
123243195
123243231
123243261
123243263
123243266
123243268
123243269
123243271
123243272
123243273
123243274
123243275
123243277
123243279
123244411
123244417
123245097
123245099
123245101
123245104
123245106
123245107
123245108
123245109
123245110
123245130
123245174
123245235
123245316
123245405
123245487
123245561
123245616
123245659
123245692
123247111
123247144
123247155
123247157
123247160
123247164
123247190
123247198
123247214
123247218
123247221
123248460
123248492
123248522
123248547
123248570
123248593
123248615
123248636
123248657
123248674
123248696
123248713
123248733
123248744
123248748
123248750
123248754
123248756
123248758
123251226
123251248
123251274
123251316
123251339
123251362
123251382
123251402
123251424
123251435
123251436
123251437
123251438
123251439
123251440
123251442
123251445
123251446
123251448
123252299
123252615
123252634
123252635
123254085
123254088
123254091
123254093
123254094
123254095
123254110
123254149
123254210
123254284
123254361
123254417
123254465
123254510
123254540
123254574
123254595
123254608
123254615
123255356
123256154
123256158
123256163
123256166
123256171
123256174
123256176
123256181
123256183
123256186
123256189
123256214
123256260
123256329
123256409
123256492
123256555
123256609
123256645
123258077
123258664
123259505
123260083
123260140
123260170
123260194
123260199
123260201
123260203
123260205
123260206
123260208
123260210
123260211
123260213
123260216
123260217
123260219
123260220
123260221
123260222
123264889
123455692
123455713
123455715
123455721
123455722
123455724
123455726
123455729
123455731
123455733
123455734
123455735
123455738
123455739
123455740
123455759
123455805
123455873
123455946
123457234
123457301
123457376
123457453
123457516
123457575
123457606
123457632
123457642
123457644
123457646
123457650
123457653
123457656
123457660
123457662
123457665
123457670
123457672
123459005
123459009
123459013
123459017
123459019
123459023
123459024
123459026
123459029
123459031
123459032
123459035
123459037
123459042
123459063
123459116
123459188
123459258
123459337
123460535
123460627
123460725
123460786
123460841
123460872
123460895
123460906
123460911
123460913
123460915
123460936
123460945
123460948
123460950
123460952
123460954
123460955
123460957
123462218
123462233
123462253
123462272
123462292
123462312
123462331
123462351
123462371
123462392
123462405
123462407
123462433
123462482
123462550
123462629
123462699
123462753
123462803
123463954
123464004
123464049
123464084
123464118
123464160
123464184
123464215
123464243
123464268
123464292
123464316
123464338
123464349
123464352
123464353
123464356
123464357
123464358
123465571
123465574
123465577
123465599
123465641
123465706
123465800
123465895
123465982
123466045
123466099
123466131
123466157
123466173
123466180
123466184
123466188
123466190
123466195
123467481
123467484
123467487
123467490
123467495
123467515
123467535
123467554
123467577
123467596
123467620
123467623
123467624
123467626
123467628
123467630
123467633
123467638
123467667
123468893
123468907
123468949
123469015
123469109
123469204
123469294
123469366
123469429
123469486
123469523
123469546
123469562
123469564
123469565
123469567
123469568
123469570
123469574
123700494
123700495
123820129
123881750
123881758
123883138
123883144
123883931
123884534
123884537
124031664
124031665
124031666
124031668
124031670
124031671
124031672
124031674
124031675
124031676
124031677
124031678
124031679
124031680
124031681
124032514
124032515
124032516
124032517
124032518
124032519
124032520
124032521
124032522
124032523
124032524
124032525
124032526
124032527
124032528
124098414
124098438
124205105
124205113
124205115
124205119
124205121
124205123
124205124
124205127
124205128
124205130
124205132
124205133
124205134
124205135
124205136
124205137
124205150
124205171
124205191
124206502
124206505
124206509
124206512
124206515
124206539
124206580
124206645
124206720
124206798
124206851
124206905
124206944
124206979
124206997
124207005
124207009
124207012
124207025
124208448
124208456
124208484
124208488
124208491
124208493
124208496
124208498
124208499
124208502
124208503
124208505
124208507
124208508
124208510
124208512
124208514
124208516
124208521
124209948
124209950
124209953
124209960
124209994
124210048
124210119
124210195
124210262
124210317
124210371
124210406
124210429
124210436
124210444
124210450
124210451
124210453
124210455
124211944
124211952
124211960
124211965
124211968
124211971
124211974
124211980
124211986
124211993
124211997
124211998
124211999
124212001
124212002
124212003
124212004
124212007
124212040
124213380
124213403
124213446
124213502
124213578
124213653
124213712
124213770
124213815
124213851
124213884
124213896
124213905
124213908
124213909
124213910
124213918
124213920
124213921
124215298
124215303
124215305
124215311
124215312
124215313
124215316
124215319
124215325
124215357
124215416
124215492
124215564
124215619
124215665
124215702
124215733
124215760
124215792
124217193
124217215
124217227
124217232
124217234
124217237
124217241
124217243
124217247
124217249
124217251
124217253
124217256
124217258
124217260
124217261
124217264
124217266
124217268
124218593
124218595
124218597
124218598
124218601
124218602
124218605
124218634
124218685
124218760
124218839
124218909
124218965
124219014
124219048
124219071
124219076
124219080
124219083
124220541
124220545
124220551
124220555
124220580
124220588
124220591
124220593
124220595
124220596
124220597
124220598
124220599
124220600
124220601
124220602
124220603
124220604
124220605
124221909
124221929
124221938
124221942
124221945
124221965
124222010
124222079
124222154
124222226
124222282
124222337
124222379
124222403
124222416
124222419
124222424
124222426
124222433
124223739
124223762
124223789
124263161
124418825
124418826
124418827
124418828
124418830
124418831
124418832
124418833
124418834
124418835
124418836
124418837
124418838
124418839
124418840
124418841
124418842
124418843
124418844
124419243
124419250
124419254
124419259
124419266
124419274
124419874
124419886
124419896
124419905
124419915
124419927
124419978
124419985
124419995
124420004
124420014
124420022
124420028
124420034
124420039
124420047
124420053
124420060
124420067
124420370
124420372
124420378
124420383
124420933
124420935
124420937
124420939
124420941
124420943
124420946
124420948
124420950
124420952
124420954
124420955
124420956
124420957
124421479
124421564
124421572
124421636
124421645
124422396
124422399
124422403
124422406
124422479
124422484
124422490
124422496
124422507
124422512
124422562
124422573
124422579
124422592
124423834
124423836
124423839
124423842
124423868
124423870
124423872
124423874
124423877
124423879
124423881
124423883
124423884
124423885
124423886
124423887
124425302
124425338
124425342
124425348
124425352
124425356
124425363
124425367
124425372
124425397
124425402
124425406
124425409
124425414
124425418
124425423
124425428
124425432
124425437
124425507
124425509
124425511
124425513
124425515
124425876
124426257
124426261
124426267
124426272
124426276
124426281
124426285
124426290
124426295
124426890
124426892
124426894
124426896
124426899
124426901
124427039
124427049
124427622
124427624
124427625
124427626
124427627
124427628
124427631
124427633
124427634
124427635
124427636
124427637
124427639
124427640
124427644
124428082
124428092
124428097
124428102
124428130
124428139
124428150
124428156
124428205
124428245
124428430
124428431
124428432
124428433
124428434
124428435
124428436
124428437
124428443
124428449
124428455
124428459
124428463
124428470
124428475
124428942
124428943
124428944
124428945
124428946
124428952
124428959
124428965
124428972
124428980
124613156
124626940
124626941
124626942
124626944
124626945
124626946
124626947
124626948
124626949
124626951
124626952
124626953
124626954
124626955
124626956
124626959
124626960
124626961
124626962
124627792
124627793
124627832
124627833
124627834
124627836
124627838
124627839
124627840
124627842
124627843
124627844
124627846
124627847
124627848
124627849
124627866
124627871
124627876
124627880
124627885
124628589
124628590
124628591
124629098
124629100
124629101
124629102
124629103
124629105
124629106
124629107
124629109
124629112
124629113
124629114
124629115
124629116
124629118
124629120
124629121
124629122
124629123
124629267
124629271
124629275
124629832
124629838
124629839
124629886
124629887
124629888
124629923
124629924
124629927
124629928
124629930
124629931
124629932
124629933
124629934
124629935
124630162
124630177
124630192
124630640
124630663
124630666
124630668
124630670
124630671
124630674
124630675
124630676
124631210
124631228
124631233
124631236
124631242
124631245
124631247
124631367
124631371
124631375
124631378
124631382
124631386
124631392
124631399
124631404
124631411
124631532
124631534
124631535
124631536
124631537
124631538
124631539
124631541
124632217
124632220
124632223
124632225
124632226
124632227
124632229
124632363
124632377
124632383
124632392
124632400
124632407
124632413
124632473
124632482
124632977
124632978
124632979
124632980
124632981
124632983
124632984
124632985
124632986
124632989
124632991
124632992
124632993
124632994
124633007
124633013
124633696
124633699
124633720
124633772
124633774
124633775
124633776
124633777
124633778
124634152
124634160
124634170
124634583
124634584
124634586
124634587
124634588
124634589
124634591
124634593
124634596
124634597
124634598
124634599
124634600
124634601
124634602
124634604
124634608
124634614
124634622
