12.671
17.338
14.369
14.384
14.230
21.810
21.618
23.172
20.725
23.002
24.123
24.576
3.379
23.121
17.391
12.669
6.221
22.474
13.296
13.165
18.596
22.128
13.815
13.744
13.940
13.949
13.952
14.671
16.284
14.827
12.491
2.404
14.822
16.041
15.794
13.089
17.351
13.152
14.308
12.851
15.193
19.694
13.880
13.217
13.953
14.501
14.134
14.086
14.939
13.773
12.754
17.377
13.421
14.069
13.831
13.718
15.837
13.849
13.569
15.779
16.656
13.655
13.318
23.400
13.412
13.213
13.676
14.220
13.592
13.120
13.170
13.707
13.162
12.935
13.874
19.896
15.140
13.448
13.363
14.318
8.695
14.249
19.770
12.934
12.599
13.797
17.716
17.765
14.054
17.872
13.181
13.775
13.138
17.183
13.814
17.492
13.384
13.163
13.429
16.481
15.102
17.313
14.143
13.165
