47.330
49.399
56.684
51.660
50.437
51.941
59.642
56.527
57.644
58.087
56.665
60.259
57.482
51.619
54.163
50.140
54.427
48.391
51.554
49.501
51.556
48.691
51.165
49.630
54.918
49.324
51.334
50.097
48.100
48.381
49.227
54.402
48.455
50.009
52.113
50.760
52.640
53.816
50.450
52.604
50.437
52.000
49.097
47.242
43.833
45.395
41.997
48.206
48.327
50.698
50.921
50.852
49.304
49.118
54.191
51.365
48.094
51.333
46.323
47.793
47.643
48.081
46.186
49.642
45.485
45.759
46.854
48.132
50.039
50.438
45.536
48.737
47.175
48.540
48.004
49.654
49.335
48.463
49.468
47.924
47.706
47.657
51.233
50.775
49.767
50.011
49.439
48.460
47.311
47.582
45.195
46.415
46.332
47.285
48.149
47.065
41.060
44.638
