50.664
49.068
48.203
51.628
55.899
49.799
49.455
47.207
49.279
56.889
51.536
50.330
51.828
59.963
56.776
57.531
57.785
56.428
60.090
57.205
51.522
54.432
50.383
54.304
48.157
51.445
49.387
51.813
48.927
51.413
49.371
54.772
49.207
51.578
50.328
47.968
48.288
49.137
54.276
48.667
50.140
51.924
50.525
52.353
53.707
50.346
52.487
50.313
51.872
49.012
47.012
43.634
45.251
41.883
48.092
48.205
50.579
51.161
51.100
49.531
49.350
54.191
51.599
48.316
51.586
46.528
47.672
47.477
47.872
45.879
49.540
45.394
45.643
46.736
48.348
49.923
50.166
45.382
48.956
47.382
48.393
47.902
49.509
49.239
48.336
49.685
48.113
47.904
47.530
51.100
50.524
50.975
50.565
50.968
49.574
46.902
50.981
49.670
50.936
