17.878
18.873
17.472
17.790
17.268
18.141
17.547
19.585
18.894
17.342
16.983
26.723
27.189
24.452
28.934
27.407
25.715
25.293
23.116
27.754
26.424
16.634
26.131
19.919
18.456
19.283
20.949
23.213
17.586
17.924
17.517
20.537
28.943
20.254
18.831
17.167
18.985
19.835
24.925
17.272
19.935
20.560
19.241
18.961
18.773
17.522
18.026
19.585
18.926
17.070
18.314
17.643
17.951
18.146
22.705
19.173
17.309
17.668
17.781
21.000
22.406
18.239
18.383
18.765
17.267
17.090
18.494
18.423
19.405
17.723
18.027
18.237
17.277
18.296
19.101
20.194
20.316
18.875
17.812
18.533
18.621
19.208
19.135
18.517
18.620
17.920
18.523
17.952
17.774
18.547
18.790
17.726
18.269
20.083
19.071
19.544
17.669
