13.663
12.710
12.666
12.923
14.666
13.353
13.244
12.600
17.402
14.328
14.344
14.190
21.778
21.571
23.275
20.796
22.955
24.156
24.538
3.379
23.083
17.460
12.695
6.221
22.436
13.405
13.121
18.595
22.222
13.852
13.778
14.015
14.039
13.911
14.632
16.339
14.827
12.444
2.404
14.773
16.038
15.747
13.050
17.351
13.180
14.343
12.809
15.193
19.694
13.972
13.326
13.940
14.446
14.073
14.049
15.088
13.799
12.834
17.272
13.373
14.009
13.762
13.750
15.883
13.879
13.599
15.830
16.706
13.666
13.349
23.487
13.353
13.176
13.631
14.134
13.538
13.102
13.133
13.662
13.193
12.963
13.842
19.888
15.076
13.474
13.398
14.269
8.695
14.253
19.727
12.877
12.610
13.817
17.662
17.712
13.999
17.962
13.328
14.014
13.292
17.200
13.904
17.304
13.470
13.210
