129871010
129871012
129871070
129871072
129871073
129871074
129871075
129871076
129871077
129871079
129871081
129871083
129871087
129871088
129871090
129871095
129871188
129871189
129871191
129871192
129871196
129871198
129871203
129871205
129871207
129871209
129871210
129871218
129871224
129871226
129871227
129871231
129871232
129871234
129871237
129871241
129871453
129871456
129871458
129871459
129871460
129871463
129871465
129871468
129871470
129871472
129871473
129871475
129871477
129871481
129871483
129871485
129871486
129871487
129871489
129871492
129871585
129871587
129871592
129871594
129871595
129871667
129871671
129871675
129871677
129871679
129871684
129871686
129871748
129871751
129871754
129871757
129871862
129871868
129871891
129871922
129871925
129871928
129871931
129871933
129871934
129871935
129871938
129871940
129871959
129872004
129872005
129872006
129872007
129872009
129872011
129872014
129872017
129872018
129872023
129872027
129872030
129872034
129872035
129872240
129872241
129872245
129872248
129872249
129872250
129872251
129872254
129872257
129872258
129872261
129872264
129872270
129872271
129872274
129872275
129872277
129872278
129872280
129872286
129872309
129872384
129872386
129872388
129872390
129872396
129872398
129872400
129872401
129872404
129872479
129872481
129872482
129872485
129872488
129872489
129872491
129872532
129872538
129872539
129872541
129872617
129872619
129872622
129872624
129872626
129872689
129872691
129872694
129872697
129872699
129872701
129872702
129872705
129872706
129873019
129873022
129873024
129873027
129873029
129873035
129873042
129873050
129873057
129873138
129873141
129873143
129873144
129873147
129873149
129873151
129873152
129873153
129873154
129873161
129873163
129873168
129873170
129873172
129873174
129873382
129873384
129873385
129873388
129873391
129873392
129873395
129873398
129873401
129873402
129873404
129873405
129873407
129873409
129873411
129873413
129873416
129873419
129873422
129873423
129873596
129873598
129873600
129873602
129873650
129873654
129873655
129873662
129873760
129873762
129873766
129873773
129873775
129873783
129873785
129873788
129873792
129873799
129873801
129873809
129873813
129873819
129873824
129873913
129873936
129873938
129873990
129874083
129874085
129874110
129874152
129874155
129874156
129874196
129874198
129874200
129874202
129874205
129874226
129874228
129874229
129874341
129874344
129874347
129874349
129874351
129874352
129874353
129874354
129874356
129874357
129874359
129874367
129874368
129874371
129874372
129874373
130138813
130138815
130138818
130138819
130138822
130138826
130138993
130138998
130139002
130139003
130139011
130139014
130139017
130139018
130139024
130139031
130139032
130139038
130139040
130139043
130139044
130139051
130139189
130139191
130139192
130139195
130139202
130139205
130139208
130139211
130139213
130139216
130139218
130139221
130139224
130139227
130139351
130139358
130139359
130139362
130139363
130139366
130139371
130139372
130139375
130139376
130139381
130139382
130139387
130139388
130139389
130139533
130139537
130139538
130139544
130139548
130139551
130139552
130139555
130139557
130139560
130139562
130139564
130139569
130139572
130139573
130139576
130139577
130139715
130139716
130139730
130139731
130139735
130139736
130139742
130139743
130139747
130139748
130139752
130139754
130139758
130139759
130139762
130139763
130139770
130139776
130139779
130139781
130140057
130140058
130140064
130140068
130140069
130140074
130140075
130140080
130140085
130140086
130140088
130140089
130140096
130140097
130140098
130140102
130140116
130140117
130140123
130140127
130140252
130140253
130140258
130140259
130140263
130140264
130140267
130140272
130140374
130140380
130140381
130140387
130140394
130140398
130140400
130140562
130140565
130140745
130140746
130140751
130140752
130140754
130140759
130140761
130140763
130140905
130140909
130140910
130140914
130140917
130140920
130140921
130140925
130140928
130140932
130140935
130140937
130140941
130140942
130140947
130140949
130140950
130140952
130140953
130140954
130141090
130141092
130141095
130141097
130141099
130141102
130141107
130141111
130141114
130141115
130141119
130141122
130141125
130141126
130141135
130141136
130141277
130141280
130141283
130141284
130141285
130141288
130141289
130141292
130141296
130141297
130141301
130141302
130141306
130141307
130141312
130141314
130141449
130141452
130141453
130141456
130141457
130141460
130141463
130141464
130141467
130141468
130141475
130141479
130141485
130141487
130141490
130141493
130141496
130141498
130141501
130141505
130141626
130141632
130141637
130141645
130141649
130141654
130141658
130141659
130141662
130141666
130141672
130141673
130141677
130141680
130141895
130141899
130141902
130141904
130141908
130141909
130141916
130141921
130141922
130141927
130141931
130141932
130141937
130141941
130141945
130245860
130245894
130245915
130245928
130245936
130245945
130245948
130245955
130245960
130245968
130245972
130245977
130245980
130245983
130245987
130245989
130245992
130245996
130245998
130246586
130247877
130247880
130247904
130247937
130247939
130248350
130248365
130248375
130248384
130248395
130248406
130248444
130249205
130249208
130249209
130249211
130249212
130249213
130249214
130249216
130249217
130249218
130249221
130249235
130249245
130249294
130249310
130249329
130249377
130249392
130249466
130249772
130249774
130249779
130249781
130249784
130250360
130250366
130250368
130250369
130250371
130250380
130250384
130250385
130250386
130250391
130250392
130250394
130250396
130250433
130250468
130250490
130250499
130250515
130250549
130250572
130250599
130250622
130250640
130251101
130251117
130251131
130251132
130251134
130251135
130251137
130251140
130252270
130252312
130252347
130252488
130252494
130252496
130252498
130252499
130252506
130252508
130252509
130252510
130253197
130253200
130253202
130253203
130253206
130253209
130253211
130253212
130253213
130253218
130253801
130253804
130253806
130253807
130253818
130253819
130253820
130253822
130253824
130253825
130254314
130254341
130254344
130254347
130254352
130254375
130254399
130254413
130254415
130254426
130254427
130254430
130254441
130254446
130255127
130255135
130255144
130255159
130255174
130255180
130255184
130255190
130255196
130255200
130255205
130255210
130255216
130256129
130256133
130256146
130256148
130256149
130256150
130256151
130256152
130256155
130256161
130256164
130256171
130256185
130256189
130256191
130256194
130256198
130256207
130256212
130256836
130256842
130256846
130257624
130257625
130257628
130257631
130257632
130257633
130257634
130257635
130257637
130257640
130257666
130257704
130257719
130257798
130257852
130257859
130257885
130257946
130257959
130258203
130258241
130258259
130258269
130258282
130258358
130258429
130258508
130258543
130258567
130258586
130258626
130258636
130258645
130258652
130258656
130258663
130259066
130259082
130259106
130259120
130259168
130259213
130259261
130259299
130259306
130259333
130260184
130260187
130260189
130260191
130260199
130260209
130260215
130260217
130260218
130260219
130260751
130260752
130260757
130260764
130260770
130260775
130261349
130261357
130261383
130261413
130261427
130261438
130261445
130261455
130261464
130261470
130261473
130261477
130261483
130261488
130261490
130262043
130262049
130262060
130262063
130262064
130262065
130262067
130262068
130262072
130262075
130262078
130262080
130262082
130262083
130262085
130262086
130262087
130262088
130262094
130263337
130263365
130263369
130263374
130263393
130263402
130263406
130263409
130263420
130263430
130263439
130263445
130263452
130263456
130263461
130263464
130264140
130264164
130264179
130264198
130264207
130264222
130264236
130264278
130264317
130264360
130264386
130264399
130264417
130264453
130264464
130264479
130264485
130264497
130264539
130265293
130265319
130265333
130265352
130265364
130265370
130265373
130265382
130265388
130265393
130265403
130265404
130265408
130265414
130265421
130265425
130265426
130265428
130265429
130265994
130266020
130266026
130266081
130266175
130266227
130266245
130266300
130266324
130266419
130266443
130266450
130266475
130266479
130266494
130266498
130266501
130266506
130267219
130267229
130267234
130267237
130267255
130267272
130267282
130267290
130267293
130267305
130267309
130267316
130267323
130267326
130267330
130267336
130267339
130267344
130267345
130267998
130267999
130268006
130268008
130268012
130268013
130268014
130268603
130268604
130268605
130268606
130268612
130268616
130268622
130268639
130268659
130268727
130268788
130268838
130268895
130268899
130268918
130268930
130268948
130268967
130269013
130467213
130467216
130467217
130467290
130467291
130467295
130467297
130467299
130467301
130467303
130467305
130467306
130467307
130467308
130467309
130467311
130467313
130467339
130467346
130467347
130467348
130467349
130467350
130467545
130467547
130467548
130467549
130467550
130467554
130467556
130467557
130467559
130467562
130467564
130467565
130467569
130467572
130467574
130467614
130467615
130467616
130467674
130467681
130467682
130467684
130467685
130467687
130467689
130467691
130467727
130467730
130467732
130467735
130467737
130467787
130467793
130467794
130467795
130467796
130467797
130467798
130467800
130467802
130467873
130467881
130467943
130467946
130467948
130467950
130467952
130467954
130467956
130467958
130467960
130467961
130467962
130467984
130467985
130467986
130467990
130467992
130468000
130468001
130468002
130468006
130468008
130468010
130468098
130468106
130468108
130468110
130468112
130468141
130468146
130468152
130468154
130468156
130468235
130468236
130468237
130468239
130468244
130468246
130468248
130468250
130468305
130468310
130468312
130468315
130468316
130468322
130468324
130468423
130468426
130468428
130468575
130468577
130468787
130468790
130468792
130468795
130468797
130468798
130468801
130468802
130468803
130468804
130468872
130468874
130468877
130468879
130468881
130468883
130468890
130468892
130468893
130468894
130468895
130468897
130468898
130468899
130468901
130469083
130469090
130469093
130469094
130469099
130469101
130469105
130469106
130469107
130469108
130469110
130469114
130469117
130469120
130469121
130469126
130469128
130469129
130469131
130469201
130469203
130469204
130469205
130469206
130469208
130469251
130469316
130469326
130469328
130469331
130469436
130469437
130469438
130469440
130469441
130469444
130469445
130469446
130469448
130469449
130469483
130469490
130469492
130469496
130469519
130469521
130469523
130469524
130469527
130469563
130469568
130469574
130469631
130469633
130469635
130469638
130469640
130469642
130469644
130469649
130469788
130469791
130469793
130469796
130469799
130469802
130469804
130469895
130469897
130469901
130469902
130469904
130469905
130469906
130469907
130469909
130469912
130469914
130469916
130469919
130469921
130469922
130469923
130469927
130469930
130469931
130595199
130595202
130595205
130595206
130595825
130595849
130595851
130595853
130595858
130595870
130595871
130595875
130595889
130595899
130595902
130595908
130596968
130597023
130597043
130597053
130597059
130597068
130597085
130597094
130597097
130597197
130597201
130597204
130597217
130597227
130597242
130597292
130597317
130597407
130597425
130597438
130597462
130597467
130597475
130597482
130598011
130598019
130599212
130599216
130599223
130599226
130599228
130599242
130599245
130599248
130599251
130599253
130599254
130599256
130599259
130599260
130599262
130599264
130599269
130599271
130599276
130600008
130600011
130600017
130600036
130600046
130600048
130600067
130600071
130600077
130600080
130600473
130600490
130600504
130600510
130600538
130600553
130600704
130600716
130600756
130600773
130600836
130600887
130601034
130601044
130601069
130601086
130601110
130601129
130601985
130601993
130601996
130602000
130602003
130602009
130602012
130602014
130602016
130602046
130602055
130602057
130602649
130602662
130602671
130602688
130602716
130602717
130603122
130603146
130603170
130603185
130603199
130603223
130603243
130603251
130603257
130603280
130603285
130603295
130603296
130603305
130603323
130603325
130603404
130603415
130603428
130603453
130603519
130603567
130603596
130603644
130603654
130604123
130604145
130604156
130604197
130604262
130604299
130604671
130604672
130604675
130604690
130604694
130604695
130604698
130605290
130605291
130605299
130605310
130605312
130605323
130605328
130605330
130605332
130605361
130605377
130605924
130605931
130605949
130605955
130605969
130605981
130605983
130605991
130605993
130605999
130606001
130606006
130606008
130606011
130606769
130606771
130606772
130606774
130606776
130606777
130606778
130606780
130606783
130606784
130606788
130606791
130606795
130606796
130606798
130606802
130606805
130606806
130606809
130607354
130607358
130607373
130607375
130607378
130607381
130608150
130608162
130608165
130608169
130608180
130608184
130608188
130608191
130608197
130608209
130608213
130608219
130608221
130608230
130608234
130608257
130608258
130608260
130608265
130608901
130608904
130608906
130608909
130609507
130610163
130610168
130610177
130610186
130610195
130610200
130610206
130610231
130610234
130610235
130610238
130610243
130610257
130610870
130610876
130610879
130610907
130610912
130610916
130610917
130610921
130610922
130610923
130610927
130610929
130611344
130611406
130611421
130611429
130611438
130611481
130611484
130612305
130612307
130612312
130612313
130612315
130612318
130612320
130612321
130612324
130612335
130612345
130612350
130612387
130612413
130612910
130612911
130612914
130612916
130612918
130612921
130612923
130612925
130612942
130612945
130612946
130613780
130613795
130613820
130613850
130613860
130613866
130613875
130613895
130613924
130613955
130613981
130614020
130614042
130614073
130614080
130614133
130614145
130614158
130614171
130615001
130615013
130615047
130615052
130615058
130615063
130615067
130615078
130615085
130615108
130615119
130615121
130615122
130615125
130615126
130615128
130615135
130615139
130615145
130615702
130615706
130615719
130615721
130615722
130615725
130615726
130615728
130616544
130616547
130616549
130616556
130616559
130616563
130616570
130616572
130616577
130616578
130616581
130616585
130616589
130616593
130616595
130616598
130616599
130616602
130616619
130617142
130617143
130617145
130840848
130851694
130851696
130851698
130851700
130851703
130851704
130851714
130851716
130851896
130851898
130851900
130851902
130851912
130851913
130852131
130852133
130852136
130852138
130852140
130852147
130852157
130852159
130852163
130852165
130852173
130852174
130852177
130852178
130852179
130852181
130852183
130852185
130852187
130852261
130852263
130852269
130852270
130852271
130852275
130852380
130852381
130852385
130852497
130852601
130852605
130852607
130852612
130852618
130852621
130852622
130852623
130852624
130852625
130852627
130852628
130852629
130852632
130852635
130852638
130852640
130852642
130852821
130852823
130852905
130852909
130852911
130852912
130852936
130852941
130852957
130852959
130853030
130853151
130853153
130853154
130853155
130853157
130853159
130853160
130853162
130853176
130853178
130853180
130853182
130853230
130853244
130853245
130853247
130853249
130853251
130853252
130853254
130853257
130853264
130853265
130853266
130853268
130853382
130853384
130853386
130853388
130853390
130853392
130853393
130853406
130853407
130853409
130853411
130853412
130853502
130853507
130853509
130853511
130853513
130853524
130853545
130853678
130853686
130853691
130853692
130853693
130853695
130853813
130853815
130853817
130853818
130853819
130853821
130853822
130853824
130853826
130853834
130853836
130853837
130853838
130853839
130853840
130853842
130853844
130853847
130853850
130854191
130854196
130854204
130854207
130854212
130854214
130854222
130854225
130854229
130854231
130854236
130854240
130854242
130854245
130854249
130854252
130854257
130854261
130854267
130854507
130854517
130854525
130854529
130854531
130854532
130854533
130854535
130854539
130854549
130854551
130854555
130854570
130854578
130854582
130854588
130854592
130854597
130854619
130854779
130854783
130854787
130854794
130854796
130854798
130854915
130854917
130854919
130854936
130854939
130854941
130854947
130854949
130854950
130854951
130854954
130854956
130854961
130854963
130854964
130854965
130854969
130854983
130854987
130855166
130855169
130855172
130855174
130855176
130855255
130855256
130855257
130855258
130855260
130855261
130855262
130855263
130855264
130855276
130855277
130855278
130855280
130855486
130855487
130855488
130855490
130855491
130855493
130855500
130855501
130855504
130855505
130855506
130855507
130855508
130855575
130855576
130855694
130855698
130855702
130855870
130855871
130855873
130855874
130855875
130855877
130855879
130855881
130855883
130855885
130855887
130855888
130855890
130855892
130855895
130855896
130855957
130855960
130855964
130855977
130855988
130856218
130856220
130856221
130856222
130856224
130856226
130856337
130856338
130856342
130856349
130856351
130856354
130856360
130856364
130856366
130856370
130856374
130856379
130856382
130856387
130856388
130856398
130856401
130856402
130856512
130856514
130856520
130856521
130856658
130856676
130856678
130856684
130856688
130856691
130856705
130856709
130856713
130856719
130856721
130856724
130856727
130856733
130856735
130856738
130856742
130856748
130856752
131165147
131165149
131165151
131165152
131165154
131165156
131165157
131165160
131165161
131165162
131165164
131165166
131165168
131165729
131165731
131165739
131165740
131165748
131165770
131165772
131165774
131165851
131165862
131165879
131165894
131165917
131165983
131166005
131166026
131166044
131166063
131166098
131166106
131166113
131166145
131166155
131167056
131167062
131167142
131167149
131167184
131167199
131167214
131167221
131167246
131167248
131167268
131167269
131167282
131167285
131167289
131167293
131167294
131167295
131167363
131167364
131167365
131167369
131167414
131167896
131167897
131167903
131167908
131167909
131167912
131167976
131167984
131168023
131168033
131168049
131168057
131168075
131168515
131168519
131168525
131168532
131169362
131169368
131169372
131169378
131169381
131169503
131169505
131169507
131169510
131169899
131169910
131169921
131169939
131169950
131169962
131169964
131169973
131169981
131169997
131170003
131170006
131170069
131170078
131170079
131170081
131170082
131170084
131170891
131170895
131170898
131170903
131170909
131170911
131170912
131170914
131170917
131170920
131170922
131170923
131170925
131170926
131170927
131170928
131170931
131170937
131170948
131171635
131171636
131171638
131171640
131171642
131171651
131171657
131171658
131171663
131171665
131171667
131171672
131171698
131171760
131171786
131171838
131171867
131171914
131171974
131172348
131172360
131172389
131172399
131172485
131172596
131172602
131172608
131172615
131172991
131172995
131173017
131173020
131173023
131173042
131173047
131173050
131173069
131173541
131173549
131173574
131173595
131173609
131173613
131173837
131173840
131173842
131174375
131174376
131174378
131174379
131174380
131174384
131174388
131174390
131174391
131174493
131174505
131175060
131175067
131175072
131175080
131175088
131175091
131175099
131175103
131175347
131175360
131175371
131175401
131175432
131175448
131175875
131175885
131175888
131175896
131175901
131175903
131175904
131175907
131175909
131175911
131175925
131176023
131176024
131176026
131176028
131176033
131176037
131176044
131176056
131176580
131176583
131176588
131176590
131176592
131176593
131176595
131176596
131176598
131176601
131176602
131176605
131176606
131176934
131176964
131177984
131178009
131178021
131178034
131178041
131178044
131178052
131178061
131178065
131178075
131178089
131178094
131178098
131178103
131178108
131178114
131178199
131178201
131178202
131178204
131178205
131178207
131178788
131178794
131178830
131178847
131179415
131179887
131179901
131180443
131180518
131180526
131180545
131180571
131180580
131180614
131180621
131180625
131180630
131180635
131180636
131180646
131180651
131180654
131180661
131180673
131180675
131181446
131181448
131181775
131181818
131181843
131181917
131181948
131181965
131182001
131182031
131182073
131182097
131182111
131182118
131182130
131182144
131182156
131182170
131182174
131182372
131182937
131182939
131182942
131182944
131182945
131182950
131182953
131182955
131182956
131182958
131182959
131182962
131182965
131182967
131182970
131182971
131182975
131182978
131182982
131237117
131328943
131328947
131328948
131328949
131328950
131328953
131328956
131328959
131328963
131328971
131328972
131328976
131328978
131328980
131328986
131328989
131329004
131329011
131329019
131329755
131329762
131329764
131329765
131329777
131329781
131329789
131329798
131329812
131331052
131331053
131331056
131331066
131331076
131331118
131331136
131331147
131331167
131331188
131331273
131331326
131331351
131331379
131331389
131331399
131331411
131331476
131331487
131331780
131331787
131331794
131331799
131331805
131331812
131331915
131331917
131332538
131332540
131332543
131332545
131333114
131333117
131333121
131333122
131333131
131333135
131333703
131333710
131333715
131333719
131333751
131333756
131333761
131334023
131334113
131334123
131334172
131334195
131334306
131334319
131334330
131334341
131334363
131335000
131335020
131335028
131335035
131335039
131335046
131335052
131335055
131335057
131335059
131335104
131335105
131335106
131335107
131335108
131335110
131335120
131335881
131335886
131335896
131335902
131335908
131336345
131336354
131336409
131336450
131336468
131336479
131336485
131336502
131336506
131336517
131336541
131336554
131337398
131337403
131337404
131337407
131337411
131337412
131337413
131337416
131337417
131337419
131337426
131337430
131337436
131337437
131337441
131337443
131337445
131337448
131337449
131338133
131338139
131338144
131338147
131338158
131338159
131338823
131338827
131338832
131338835
131338836
131338842
131338844
131338845
131338847
131338848
131338849
131338851
131338852
131338854
131338856
131338858
131338865
131338867
131339403
131339404
131339406
131339407
131339417
131339421
131340184
131340196
131340207
131340209
131340768
131340799
131340830
131340858
131340867
131340871
131340884
131340890
131340898
131340994
131341000
131341013
131341025
131341049
131341075
131341580
131341581
131341582
131341584
131341586
131341588
131341589
131341590
131342353
131342354
131342357
131342360
131342367
131342371
131342373
131342376
131342377
131342379
131342389
131342390
131342391
131342392
131342396
131342397
131342398
131342416
131342428
131342954
131342955
131342973
131342976
131342977
131342978
131342983
131342992
131343021
131343040
131343050
131343114
131343141
131343166
131343593
131343594
131343596
131343601
131343603
131344345
131344348
131344350
131344365
131344370
131344378
131344385
131344386
131344397
131344401
131344407
131344413
131344422
131344423
131344432
131344433
131344438
131344442
131344451
131345150
131345156
131345157
131345159
131345160
131345164
131345165
131345166
131345174
131345177
131345181
131345182
131345184
131345187
131345192
131345212
131345247
131345291
131345843
131345875
131345954
131346021
131346077
131346114
131346135
131346171
131346203
131346215
131346247
131346366
131346373
131346405
131347163
131347179
131347180
131347187
131347189
131347190
131347192
131347203
131347204
131347208
131347213
131347214
131347220
131347221
131347224
131347225
131347228
131347230
131347233
131347928
131347930
131347932
131347937
131347940
131347944
131347947
131347950
131347956
131347961
131347963
131347964
131347967
131347969
131347972
131347974
131347977
131347983
131348898
131348901
131348909
131348914
131348918
131348925
131348935
131348939
131348971
131349014
131349128
131349153
131349182
131349222
131349231
131349246
131349272
131349309
131350041
131350057
131350087
131350117
131350131
131350141
131350153
131350156
131350158
131350161
131350166
131350167
131350172
131350173
131350180
131350182
131350187
131350198
131351040
131351042
131351043
131351045
131351046
131351051
131351059
131351140
131351143
131351234
131351262
131351364
131351374
131351444
131351470
131351481
131351521
131351529
131351549
131351857
131351925
131351986
131352014
131352040
131352082
131352128
131352146
131352153
131352159
131352174
131352917
131352954
131353545
131354124
131354395
131354794
131354796
