129870929
129870931
129870932
129870937
129870939
129870943
129870945
129870949
129870950
129870952
129870954
129870963
129870970
129870972
129870973
129870980
129870981
129870982
129870984
129870989
129871142
129871145
129871147
129871167
129871168
129871170
129871173
129871175
129871288
129871289
129871290
129871292
129871296
129871358
129871359
129871360
129871361
129871364
129871365
129871366
129871367
129871372
129871373
129871375
129871377
129871378
129871380
129871384
129871386
129871388
129871390
129871392
129871400
129871544
129871545
129871548
129871550
129871552
129871723
129871726
129871728
129871733
129871735
129871737
129871762
129871813
129871820
129871822
129871825
129871826
129871829
129871831
129871834
129871838
129871887
129871900
129871903
129871950
129871970
129872150
129872159
129872165
129872167
129872170
129872173
129872175
129872177
129872303
129872344
129872347
129872349
129872351
129872353
129872355
129872358
129872360
129872362
129872364
129872366
129872425
129872427
129872431
129872432
129872436
129872438
129872445
129872447
129872449
129872450
129872451
129872452
129872454
129872457
129872499
129872500
129872502
129872506
129872548
129872550
129872553
129872557
129872560
129872571
129872573
129872649
129872651
129872653
129872655
129872656
129872657
129872658
129872662
129872944
129872945
129872946
129872947
129872948
129872949
129872951
129872952
129872955
129872957
129872988
129872993
129873085
129873087
129873092
129873235
129873239
129873240
129873244
129873245
129873293
129873295
129873297
129873298
129873300
129873301
129873303
129873306
129873308
129873311
129873316
129873318
129873319
129873322
129873323
129873327
129873328
129873332
129873335
129873336
129873503
129873507
129873508
129873510
129873511
129873513
129873519
129873521
129873523
129873527
129873531
129873534
129873535
129873537
129873538
129873540
129873629
129873632
129873677
129873679
129873681
129873682
129873684
129873688
129873690
129873694
129873697
129873700
129873701
129873901
129873922
129873923
129873924
129873951
129874007
129874008
129874010
129874012
129874013
129874015
129874016
129874017
129874019
129874021
129874025
129874027
129874030
129874034
129874036
129874038
129874040
129874047
129874097
129874105
129874136
129874138
129874140
129874141
129874175
129874177
129874178
129874180
129874182
129874183
129874208
129874209
129874211
129874265
129874266
129874267
129874270
129874272
129874275
129874277
129874279
129874280
129874283
129874284
129874285
129874287
129874289
129874290
129874291
129874297
129874298
129874300
129874302
130138763
130138766
130138772
130138774
130138776
130138779
130138780
130138784
130138788
130138789
130138793
130138794
130138804
130138805
130138962
130138965
130138968
130138971
130138975
130138978
130138979
130138982
130138986
130138990
130139152
130139161
130139165
130139166
130139170
130139173
130139177
130139178
130139180
130139183
130139185
130139321
130139325
130139329
130139335
130139336
130139338
130139341
130139342
130139347
130139348
130139503
130139508
130139512
130139513
130139518
130139523
130139524
130139527
130139530
130139532
130139651
130139655
130139659
130139663
130139664
130139666
130139668
130139670
130139672
130139678
130139681
130139686
130139690
130139691
130139692
130139698
130139700
130139705
130139706
130139711
130139990
130139994
130139995
130140000
130140005
130140006
130140010
130140014
130140018
130140019
130140024
130140026
130140032
130140033
130140038
130140043
130140044
130140048
130140049
130140053
130140222
130140223
130140237
130140242
130140245
130140246
130140249
130140505
130140510
130140516
130140522
130140523
130140527
130140528
130140534
130140538
130140539
130140544
130140545
130140546
130140703
130140708
130140709
130140713
130140714
130140719
130140722
130140724
130140728
130140730
130140733
130140738
130140739
130140870
130140873
130140874
130140877
130140881
130140884
130140886
130140890
130140891
130140895
130140898
130140902
130140903
130141065
130141067
130141070
130141072
130141074
130141078
130141080
130141082
130141083
130141084
130141248
130141249
130141251
130141256
130141258
130141261
130141262
130141266
130141267
130141268
130141272
130141276
130141391
130141400
130141411
130141415
130141417
130141420
130141421
130141426
130141429
130141434
130141436
130141439
130141441
130141443
130141445
130141448
130141560
130141562
130141568
130141573
130141575
130141580
130141586
130141588
130141592
130141594
130141598
130141600
130141607
130141608
130141613
130141618
130141620
130141815
130141820
130141821
130141823
130141824
130141830
130141831
130141843
130141849
130141872
130141874
130141876
130141887
130141888
130244694
130244700
130244704
130244707
130244710
130244714
130244717
130244719
130244722
130244724
130244727
130244732
130244735
130244738
130244742
130244745
130244747
130244750
130244752
130246003
130246005
130246007
130246010
130246034
130246052
130246093
130246101
130246146
130246224
130246305
130246358
130246385
130246406
130246443
130246479
130246505
130246508
130246510
130246589
130246593
130246596
130246598
130246599
130247130
130247136
130247142
130247145
130247156
130247161
130247162
130247170
130247172
130247176
130247182
130247188
130247193
130247354
130247382
130247394
130247408
130247471
130248501
130248503
130248505
130248508
130248509
130248510
130248511
130248512
130248513
130248514
130248518
130248519
130248520
130248524
130248530
130248565
130248624
130248633
130248745
130249481
130249524
130249552
130249611
130249663
130249693
130249701
130249707
130249715
130249716
130249718
130249728
130249737
130249740
130249743
130249747
130249786
130249816
130249871
130249936
130249957
130250734
130250766
130250775
130250823
130250831
130250851
130250860
130250863
130250870
130251148
130251149
130251151
130251156
130251163
130251170
130251177
130251182
130251839
130251848
130251849
130251855
130251859
130251864
130251866
130251869
130251871
130251872
130251873
130251874
130251875
130251877
130252424
130252426
130252427
130252428
130252431
130252434
130252435
130252438
130252439
130252523
130252537
130252571
130252622
130252643
130252721
130252750
130252773
130252785
130253223
130253224
130253232
130253247
130253287
130253344
130253420
130253433
130253479
130253509
130253534
130253606
130253636
130253832
130253834
130253844
130253846
130253849
130253850
130254447
130254464
130254476
130254491
130254499
130254516
130254545
130254547
130255273
130255287
130255296
130255307
130255309
130255352
130255357
130255368
130255384
130255388
130255390
130255392
130256214
130256216
130256218
130256220
130256221
130256222
130256224
130256228
130256246
130256260
130256311
130256385
130256455
130256475
130256545
130256567
130256640
130256662
130256684
130256848
130256850
130256854
130256855
130256862
130256903
130256982
130257008
130257028
130257098
130257121
130257136
130257974
130257991
130258017
130258031
130258050
130258062
130258106
130258111
130258117
130258124
130258134
130258141
130258145
130258147
130258148
130258149
130258153
130258154
130258158
130258709
130258711
130258716
130258719
130258720
130258722
130258724
130258726
130258729
130258731
130258732
130258733
130258735
130259364
130259380
130259409
130259468
130259473
130259487
130260222
130260785
130260787
130260788
130260789
130260800
130260801
130260806
130260808
130260810
130260812
130260813
130261491
130261493
130261497
130261498
130261499
130261502
130261503
130261504
130261505
130261512
130261514
130261522
130262602
130262604
130262610
130262615
130262619
130262626
130262628
130262629
130262630
130262633
130262635
130262636
130262637
130262640
130262643
130262644
130262647
130262653
130262654
130263467
130263468
130263469
130263501
130263510
130263561
130263580
130263673
130263735
130263768
130263811
130263815
130263866
130263915
130263955
130263968
130263973
130263980
130263987
130264578
130264615
130264619
130264626
130264630
130264638
130264647
130264648
130264649
130264650
130264651
130264659
130264662
130264668
130264671
130264672
130264676
130264677
130265430
130265433
130265438
130265441
130265443
130265451
130265496
130265509
130265571
130265647
130265703
130265714
130265741
130265797
130265818
130265871
130265898
130265921
130265932
130266508
130266510
130266513
130266521
130266522
130266524
130266525
130266528
130266529
130266530
130266532
130266534
130266535
130266538
130266539
130266541
130266543
130266544
130266547
130267348
130267350
130267358
130267378
130267389
130267401
130267459
130267537
130267634
130267656
130267664
130267713
130267728
130267745
130267756
130267803
130267849
130267886
130267891
130268015
130268021
130268023
130268025
130268027
130268028
130268043
130269082
130269092
130269124
130269136
130269147
130269156
130269178
130269209
130467041
130467046
130467051
130467053
130467055
130467056
130467057
130467065
130467067
130467071
130467073
130467081
130467090
130467092
130467094
130467097
130467099
130467108
130467109
130467220
130467225
130467227
130467238
130467240
130467241
130467243
130467400
130467402
130467404
130467406
130467408
130467409
130467410
130467413
130467424
130467425
130467427
130467429
130467431
130467433
130467436
130467438
130467441
130467443
130467451
130467619
130467621
130467623
130467626
130467628
130467630
130467632
130467634
130467639
130467694
130467697
130467701
130467708
130467709
130467710
130467711
130467712
130467714
130467716
130467718
130467904
130468160
130468161
130468163
130468164
130468165
130468166
130468173
130468175
130468182
130468184
130468187
130468188
130468196
130468199
130468200
130468204
130468205
130468208
130468214
130468257
130468259
130468336
130468339
130468348
130468350
130468351
130468430
130468431
130468434
130468436
130468440
130468442
130468446
130468454
130468462
130468464
130468526
130468527
130468529
130468531
130468533
130468534
130468540
130468542
130468651
130468657
130468665
130468667
130468668
130468670
130468671
130468674
130468681
130468683
130468686
130468687
130468689
130468694
130468698
130468699
130468700
130468701
130468702
130468743
130468744
130468745
130468748
130468751
130468805
130468906
130468914
130468916
130468918
130468919
130468923
130468925
130468932
130468933
130468934
130468935
130468952
130468954
130468963
130468965
130468972
130468973
130468974
130468975
130468977
130468979
130469012
130469014
130469017
130469019
130469133
130469136
130469137
130469140
130469142
130469145
130469147
130469155
130469156
130469210
130469212
130469262
130469264
130469266
130469268
130469271
130469273
130469275
130469276
130469277
130469281
130469283
130469285
130469287
130469292
130469349
130469354
130469355
130469356
130469357
130469359
130469360
130469363
130469368
130469373
130469375
130469456
130469458
130469466
130469469
130469472
130469474
130469529
130469531
130469533
130469599
130469601
130469603
130469605
130469607
130469609
130469675
130469677
130469678
130469680
130469682
130469684
130469686
130469689
130469694
130469696
130469732
130469734
130469737
130469739
130469741
130469750
130469751
130469752
130469753
130469806
130469808
130469810
130469840
130469842
130469844
130469847
130469850
130469852
130469853
130469854
130469855
130469856
130469857
130469858
130594756
130594772
130594799
130594871
130594881
130594892
130594912
130594933
130594950
130594976
130594990
130595000
130595007
130595015
130595023
130595030
130595036
130595044
130595050
130595487
130595507
130595916
130595926
130595947
130595950
130595951
130595956
130595959
130595961
130595963
130595964
130595965
130595967
130595971
130595973
130595984
130595996
130596038
130596052
130596105
130596491
130596493
130596494
130596497
130596499
130596503
130597131
130597133
130597495
130597514
130597528
130597541
130597564
130597579
130597597
130597619
130597638
130597653
130597695
130597704
130597716
130598647
130598648
130598652
130598656
130598660
130598666
130598667
130598669
130598677
130598684
130598685
130598686
130598690
130598693
130598695
130598697
130598698
130598699
130598701
130599278
130599280
130599282
130599283
130599285
130599290
130599292
130599296
130599298
130599299
130599302
130599303
130599306
130599311
130599313
130599315
130599330
130599334
130599336
130600096
130600103
130600104
130600107
130600112
130600113
130600115
130600117
130600587
130600588
130600590
130600594
130600597
130600614
130600615
130600618
130600621
130600622
130600628
130600631
130600633
130600634
130600635
130600636
130601220
130601223
130601239
130601242
130601244
130601246
130601249
130601250
130601252
130601254
130601257
130601259
130601261
130601263
130601272
130601280
130601288
130601303
130601344
130602723
130602728
130602730
130602732
130602735
130602737
130602739
130602740
130603337
130603338
130603339
130603341
130603344
130603345
130603349
130603352
130603766
130603786
130603818
130603828
130603846
130603889
130603911
130603916
130603922
130603925
130603947
130603993
130603997
130604022
130604038
130604047
130604050
130604434
130604463
130604481
130604490
130604504
130604528
130604541
130604556
130604700
130604725
130604752
130604783
130604823
130605111
130605430
130605459
130605499
130605516
130605547
130605574
130605579
130605587
130605601
130605650
130605660
130606020
130606027
130606031
130606035
130606038
130606041
130606043
130606048
130606060
130606087
130606133
130606178
130606196
130606217
130606814
130606817
130606827
130606860
130606898
130606936
130606974
130607007
130607162
130607178
130607204
130607225
130607390
130607392
130607394
130607400
130607401
130607403
130607404
130607407
130607409
130607411
130607419
130607420
130607422
130607427
130607434
130608266
130608273
130608276
130608306
130608324
130608343
130608385
130608415
130608569
130608604
130608619
130608633
130608660
130608910
130608911
130608914
130608916
130608917
130608920
130608921
130608924
130608925
130608930
130608934
130608958
130608975
130609514
130609516
130609518
130609521
130609526
130610286
130610288
130610933
130610936
130610950
130610953
130610954
130610956
130610958
130610960
130610961
130610962
130610964
130610967
130611549
130611550
130611551
130611554
130611557
130611558
130611559
130611580
130611604
130611632
130611646
130611668
130611688
130611735
130611770
130611805
130611835
130611868
130611883
130612653
130612683
130612697
130612724
130612753
130612765
130612952
130612953
130612955
130612963
130612993
130613000
130613032
130613051
130613128
130613177
130613233
130613273
130613308
130613356
130613385
130613427
130613437
130613453
130613469
130614185
130614219
130614225
130614244
130614262
130614267
130614280
130614304
130614319
130614326
130614328
130614334
130614352
130614363
130614370
130614384
130614388
130614392
130614397
130615146
130615152
130615154
130615155
130615160
130615161
130615164
130615737
130615740
130615742
130615745
130615758
130615759
130615762
130615763
130615765
130615769
130615772
130615774
130615775
130615777
130615780
130615783
130615784
130615785
130615787
130616620
130616622
130616626
130616628
130616629
130616630
130616634
130616636
130616638
130616652
130616671
130616680
130616760
130616793
130616864
130616907
130616955
130616977
130851471
130851474
130851476
130851478
130851480
130851482
130851484
130851485
130851486
130851487
130851490
130851492
130851493
130851506
130851508
130851511
130851516
130851518
130851520
130851717
130851718
130851719
130851720
130851722
130851723
130851728
130851729
130851732
130851736
130851982
130851983
130851984
130851986
130851997
130852000
130852001
130852002
130852004
130852005
130852006
130852007
130852018
130852020
130852022
130852025
130852027
130852031
130852035
130852190
130852202
130852206
130852208
130852210
130852213
130852246
130852293
130852296
130852298
130852401
130852405
130852406
130852407
130852408
130852421
130852422
130852424
130852425
130852426
130852432
130852434
130852644
130852649
130852665
130852667
130852669
130852832
130852834
130852836
130852838
130852841
130852842
130852843
130852845
130852856
130852860
130852863
130852865
130852960
130852961
130852962
130852963
130852964
130852969
130853035
130853038
130853040
130853044
130853185
130853187
130853189
130853190
130853192
130853277
130853279
130853283
130853285
130853287
130853288
130853290
130853293
130853295
130853298
130853300
130853302
130853303
130853309
130853310
130853312
130853313
130853325
130853326
130853479
130853481
130853483
130853485
130853486
130853487
130853497
130853546
130853548
130853551
130853554
130853555
130853568
130853571
130853573
130853574
130853636
130853637
130853641
130853642
130853645
130853647
130853702
130853705
130853708
130853720
130853722
130853723
130853726
130853727
130853728
130853730
130853731
130853896
130853898
130853901
130853904
130853907
130853909
130853910
130853911
130853912
130853924
130853926
130853928
130853929
130853933
130853934
130853935
130853936
130853999
130854003
130854007
130854010
130854015
130854017
130854019
130854021
130854278
130854282
130854285
130854287
130854289
130854293
130854298
130854299
130854300
130854317
130854320
130854323
130854325
130854327
130854329
130854331
130854334
130854340
130854342
130854388
130854390
130854397
130854398
130854399
130854400
130854622
130854627
130854630
130854638
130854641
130854649
130854654
130854658
130854668
130854681
130854688
130854694
130854695
130854701
130854809
130854811
130854817
130854820
130854824
130854825
130854827
130854845
130854847
130854851
130854853
130855000
130855003
130855019
130855025
130855027
130855032
130855037
130855042
130855048
130855054
130855063
130855378
130855383
130855398
130855404
130855408
130855415
130855418
130855424
130855429
130855433
130855437
130855441
130855510
130855512
130855514
130855516
130855518
130855521
130855523
130855524
130855525
130855566
130855580
130855581
130855584
130855586
130855587
130855590
130855591
130855606
130855704
130855706
130855709
130855722
130855726
130855729
130855734
130855762
130855764
130855897
130855899
130855904
130855907
130855910
130855912
130855923
130856098
130856099
130856100
130856104
130856106
130856107
130856108
130856109
130856111
130856113
130856114
130856116
130856117
130856121
130856123
130856124
130856126
130856127
130856404
130856407
130856417
130856418
130856425
130856427
130856430
130856433
130856439
130856441
130856443
130856446
130856448
130856459
130856463
130856469
130856472
130856474
131164267
131164269
131164286
131164293
131164310
131164315
131164317
131164322
131164332
131164337
131164354
131164355
131164359
131164363
131164365
131164379
131164385
131164387
131164389
131165127
131165128
131165170
131165172
131165174
131165177
131165179
131165181
131166441
131166446
131166448
131166453
131166456
131166459
131166465
131166471
131166477
131166483
131166487
131166493
131166499
131166516
131166521
131166532
131166536
131166541
131166544
131167296
131167297
131167300
131167302
131167309
131167311
131167313
131167316
131167317
131167319
131167321
131167323
131167325
131167327
131167427
131167459
131167503
131167705
131167725
131167750
131167776
131167785
131167921
131167923
131167925
131167926
131167927
131167931
131168250
131168259
131168265
131168276
131168282
131168293
131168303
131168308
131168716
131168720
131168723
131168725
131168728
131168739
131169460
131169463
131169465
131169468
131169472
131169475
131169477
131169480
131169484
131170026
131170123
131170124
131170134
131170670
131170679
131170682
131170949
131170950
131170951
131170952
131170962
131170966
131170968
131170971
131170977
131170981
131170982
131170987
131171006
131171012
131171025
131171055
131171507
131171522
131171525
131171528
131171530
131171531
131171984
131171999
131172019
131172049
131172071
131172093
131172112
131172119
131172148
131172172
131172184
131172189
131172190
131172193
131172197
131172199
131172202
131172203
131172209
131172269
131172271
131172272
131172275
131172276
131172277
131172657
131173071
131173083
131173085
131173090
131173099
131173101
131173104
131173107
131173109
131173114
131173118
131173120
131173715
131173720
131173728
131173734
131173738
131173848
131173850
131173852
131173854
131173855
131173856
131173857
131173860
131173870
131174396
131174398
131174411
131174414
131174416
131174417
131174526
131174541
131174556
131174566
131174595
131174632
131174689
131174714
131174724
131174744
131175201
131175215
131175217
131175232
131175234
131175462
131175477
131175688
131175702
131175713
131175730
131175743
131175940
131175944
131175946
131175948
131175950
131175952
131175961
131175963
131175965
131175967
131175969
131175970
131175972
131176368
131176400
131176442
131176462
131176470
131176482
131176488
131176617
131176618
131176623
131177174
131177180
131177184
131177193
131177196
131177204
131177214
131177219
131177467
131177470
131177472
131177479
131177484
131177486
131177488
131177492
131177494
131178669
131178670
131178671
131178672
131178674
131178679
131178680
131178682
131178691
131178694
131178696
131178697
131178699
131178701
131178703
131178711
131178713
131178714
131178715
131179418
131179425
131179443
131179451
131179461
131179473
131179475
131179487
131179491
131179493
131179497
131179501
131179508
131179509
131179510
131180062
131180065
131180067
131180069
131180071
131180729
131180730
131180734
131180735
131180737
131180738
131180739
131180741
131180743
131180747
131180777
131180797
131180810
131180818
131180824
131180917
131180954
131180971
131180983
131181560
131182186
131182194
131182199
131182208
131182218
131182230
131182252
131182264
131182272
131182274
131182289
131182304
131182306
131182317
131182319
131182690
131182709
131182734
131182750
131182759
131182777
131182787
131328215
131328216
131328218
131328222
131328223
131328225
131328227
131328231
131328232
131328235
131328237
131328239
131328255
131328259
131328270
131328278
131328282
131328289
131328295
131328867
131328870
131329084
131329155
131329165
131329198
131329231
131329255
131329265
131329278
131329291
131329295
131329311
131329319
131329331
131329650
131329824
131329839
131329874
131329902
131329919
131329958
131329984
131330066
131330097
131330113
131330121
131330176
131330208
131330225
131330238
131330247
131330255
131330263
131330272
131330878
131330890
131330891
131330892
131330895
131330899
131330901
131330902
131330903
131330906
131330911
131330913
131330916
131330924
131330925
131330927
131330942
131330943
131330948
131331497
131331527
131331543
131331558
131331570
131331596
131331623
131331628
131331632
131331635
131331645
131331653
131331660
131331974
131332030
131332050
131332102
131332187
131332189
131332201
131332234
131332257
131332294
131332335
131332356
131332436
131332559
131332570
131332586
131332617
131332655
131332744
131332783
131332822
131333139
131333141
131333145
131333148
131333149
131333150
131334428
131334429
131334431
131334432
131334434
131334440
131334480
131334484
131334486
131334489
131334493
131334495
131334496
131335125
131335152
131335184
131335214
131335231
131335255
131335288
131335326
131335351
131335371
131335424
131335989
131335995
131336000
131336602
131336605
131336613
131336637
131336641
131336650
131336655
131336663
131336670
131336676
131336786
131336790
131336796
131336814
131336831
131336845
131336872
131336892
131336963
131337048
131337070
131337135
131337168
131337214
131337240
131337450
131337451
131337452
131337455
131337483
131337502
131337516
131338184
131338188
131338192
131338197
131338202
131338204
131338217
131338222
131338223
131338224
131338227
131338229
131338231
131338233
131338235
131338236
131338246
131338256
131338304
131339436
131339439
131339442
131339444
131339445
131339448
131339450
131339452
131339456
131339457
131339461
131339462
131339464
131339467
131339471
131339473
131339474
131339476
131339479
131340949
131340955
131340958
131340959
131340961
131341101
131341126
131341163
131341192
131341276
131341336
131341358
131341407
131341429
131341439
131341488
131341497
131341511
131341512
131341514
131341516
131341519
131341521
131341527
131341594
131341604
131341625
131341652
131341693
131341720
131341747
131341794
131341903
131341906
131342435
131342448
131342465
131342489
131342502
131342533
131342552
131342597
131342621
131342654
131342708
131342733
131342747
131342784
131342817
131342847
131342851
131342870
131342885
131343340
131343377
131343398
131343416
131343432
131343441
131343448
131343454
131343466
131343474
131343498
131343501
131343503
131343507
131343619
131344467
131344469
131344472
131344473
131344474
131344478
131344480
131344482
131344484
131344492
131344500
131344520
131344543
131344567
131344602
131344630
131344650
131344666
131344773
131345314
131345358
131345386
131345436
131345500
131345532
131345606
131345652
131345659
131345681
131345698
131345707
131345717
131345721
131345738
131345740
131345742
131345746
131346409
131346421
131346426
131346509
131346522
131346528
131346543
131346551
131347235
131347243
131347245
131347246
131347249
131347250
131347253
131347257
131347260
131347262
131347263
131347265
131347268
131347269
131347271
131347272
131347284
131347285
131347294
131347986
131348002
131348003
131348004
131348006
131348007
131348009
131348011
131348012
131348016
131348020
131348028
131348044
131348081
131348109
131348187
131348233
131348258
131348271
131349321
131349339
131349348
131349363
131349383
131349428
131349441
131349460
131349482
131349516
131349523
131349530
131349548
131349561
131349566
131349568
131349570
131350393
131350419
131350443
131350514
131350564
131350576
131350597
131350626
131350661
131350697
131350753
131350766
131350775
131350777
131350780
131351564
131351569
131351583
131351588
131351592
131351594
131351597
131351602
131351608
131351609
131351612
131351613
131351615
131351619
131351621
131351626
131351629
131351631
131351633
131352191
131352973
131354083
131354582
