87027862
87027871
87027880
87028050
87028059
87028068
87028141
87028151
87028160
87028239
87028248
87028257
87028428
87028438
87028448
87028521
87028530
87028539
87028598
87028633
87028642
87028651
87028770
87028779
87028788
87028803
87028812
87028821
87028858
87028867
87028876
87029010
87029019
87029025
87029067
87029077
87029086
87029229
87029238
87029247
87029370
87029379
87029388
87029425
87029435
87029444
87029563
87029585
87029605
87029937
87029946
87029955
87030026
87030035
87030044
87030191
87030200
87030209
87030237
87030241
87030250
87030259
87030280
87030289
87030298
87030426
87030435
87030446
87030469
87030478
87030487
87030531
87030540
87030549
87030796
87030803
87030811
87030908
87030918
87030927
87031017
87031024
87031032
87031209
87031218
87031228
87031283
87031293
87031303
87031359
87031369
87031378
87031550
87031561
87031570
87031598
87031608
87031617
87031672
87031681
87031691
87031810
87031819
87031828
87031852
87031861
87031870
87031916
87031925
87031931
87032124
87032130
87032138
87032233
87032239
87032246
87032323
87032336
87032345
87032506
87032515
87032524
87032575
87032584
87032593
87032694
87032710
87032719
87032729
87032914
87032924
87032933
87032987
87032996
87033006
87033035
87033044
87033053
87033171
87033180
87033189
87033208
87033217
87033226
87033359
87033369
87033376
87033595
87033605
87033615
87033688
87033699
87033705
87033816
87033826
87033832
87033987
87033996
87034005
87034078
87034087
87034096
87034195
87034211
87034226
87034339
87034349
87034358
87034404
87034414
87034424
87034731
87034740
87034749
87034779
87034788
87034797
87034859
87034868
87034877
87035072
87035079
87035086
87035161
87035170
87035181
87035273
87035280
87035287
87035457
87035467
87035473
87035651
87035660
87035669
87035714
87035723
87035733
87035986
87035995
87036005
87036040
87036049
87036058
87036085
87036094
87036103
87036332
87036341
87036350
87036380
87036390
87036399
87036443
87036452
87036461
87036737
87036743
87036749
87036836
87036842
87036848
87037049
87037055
87037063
87037172
87037248
87037254
87037260
87037316
87037327
87037336
87037400
87037409
87037418
87037438
87037612
87037621
87037631
87037724
87037733
87037742
87037796
87037803
87037811
87038085
87038094
87038181
87038190
87038198
87038306
87038318
87038645
87039160
87039166
87041026
87041035
87041042
87041122
87041131
87041140
87041280
87041290
87041299
87041533
87041542
87041585
87041594
87041724
87041734
87041780
87041791
87041921
87041940
87042081
87042090
87042142
87042151
87042260
87042278
87042349
87042359
87042426
87042435
87042687
87042696
87042729
87042738
87042776
87042785
87043008
87043018
87043048
87043057
87043092
87043102
87043562
87043571
87043580
87043819
87043828
87043837
87043872
87043881
87043890
87044044
87044054
87044063
87044102
87044224
87044233
87044242
87044265
87044274
87044284
87044402
87044411
87044421
87044536
87044546
87044555
87044573
87044582
87044591
87044625
87044634
87044643
87044796
87044805
87044814
87044854
87044864
87044873
87044943
87044957
87044967
87044977
87045120
87045129
87045139
87045195
87045205
87045214
87045264
87045278
87045292
87045445
87045454
87045463
87045485
87045494
87045503
87045535
87045544
87045553
87045669
87045678
87045687
87045715
87045724
87045733
87045786
87045795
87045804
87045931
87045940
87045949
87045993
87046003
87046012
87046070
87046080
87046089
87046237
87046246
87046255
87046343
87046353
87046363
87046436
87046446
87046455
87046583
87046592
87046601
87046632
87046642
87046653
87046707
87046724
87046740
87046824
87046833
87046842
87046863
87046872
87046882
87047036
87047053
87047069
87047118
87047127
87047137
87047195
87047204
87047213
87047355
87047364
87047373
87047429
87047439
87047448
87047494
87047504
87047513
87047560
87047681
87047691
87047700
87047746
87047756
87047765
87047807
87047817
87047827
87047955
87047964
87047973
87048000
87048009
87048019
87048051
87048062
87048071
87048219
87048229
87048238
87048307
87048317
87048323
87048433
87048439
87048445
87048628
87048636
87048643
87048741
87048747
87048754
87048828
87048837
87048846
87049008
87049017
87049027
87049080
87049089
87049098
87049159
87049168
87049177
87049346
87049355
87049364
87049419
87049428
87049437
87049464
87049474
87049494
87049761
87049770
87049781
87049868
87049877
87049888
87050065
87050075
87050084
87050234
87050244
87050253
87050320
87050330
87050339
87050448
87050457
87050463
87050607
87050616
87050626
87050791
87050800
87050811
87050872
87050881
87050890
87051117
87051126
87051135
87051196
87051205
87051214
87051289
87051298
87051307
87051637
87051646
87051655
87051717
87051727
87051737
87051838
87051848
87051861
87052034
87052043
87052052
87052150
87052163
87052172
87052232
87052379
87052399
87052414
87052491
87052500
87052509
87052565
87052574
87052583
87052721
87052730
87052740
87052779
87052788
87052797
87052857
87052868
87052878
87053062
87053071
87053077
87053126
87053135
87053144
87053196
87053205
87053214
87053369
87053380
87053386
87053447
87053457
87053466
87053547
87053553
87053561
87053760
87053770
87053780
87053847
87053853
87053862
87053953
87053963
87053969
87054119
87054128
87054138
87054286
87054295
87054304
87054343
87054352
87054361
87054524
87054533
87054542
87054622
87054632
87054642
87054815
87054824
87054830
87055015
87055024
87055030
87055108
87055114
87055120
87055195
87055205
87055215
87055425
87055436
87055446
87055560
87055567
87055573
87055663
87055672
87055681
87055800
87055809
87055818
87055864
87055874
87055884
87056088
87056097
87056107
87056278
87056287
87056296
87056405
87056418
87056424
87056611
87056621
87056631
87056850
87056860
87056866
87056945
87056954
87056963
87057024
87057051
87057060
87057067
87057206
87057215
87057224
87057250
87057259
87057269
87057301
87057312
87057321
87057540
87057551
87057560
87057602
87057611
87057620
87057728
87057745
87057763
87057858
87057870
87057880
87057973
87057979
87057985
87058164
87058173
87058182
87058270
87058279
87058285
87058370
87058379
87058385
87058568
87058577
87058586
87058649
87058658
87058669
87058699
87058708
87058717
87058835
87058844
87058854
87058868
87058877
87058886
87058908
87058917
87058926
87059074
87059083
87059092
87059149
87059158
87059167
87059245
87059251
87059258
87059427
87059435
87059442
87059531
87059538
87059544
87059628
87059637
87059644
87059809
87059818
87059827
87059874
87059883
87059892
87059918
87059927
87059936
87060094
87060101
87060107
87060173
87060180
87060186
87060354
87060361
87060367
87060567
87060577
87060584
87060681
87060690
87060699
87060889
87060899
87060909
87061070
87061079
87061089
87061132
87061141
87061153
87061228
87061235
87061244
87061253
87061376
87061386
87061395
87061415
87061424
87061433
87061469
87061479
87061488
87061615
87061624
87061633
87061761
87061770
87061779
87061865
87061874
87061880
87062037
87062046
87062057
87062247
87062256
87062262
87062364
87062375
87062384
87062548
87062557
87062563
87062605
87062618
87062627
87062712
87062729
87062747
87062834
87062844
87062853
87062878
87062887
87062896
87063005
87063019
87063028
87063044
87063054
87063063
87063086
87063095
87063104
87063296
87063310
87063316
87063399
87063409
87063415
87063498
87063510
87063517
87063693
87063700
87063707
87063760
87063769
87063778
87063919
87063928
87063937
87064096
87064105
87064115
87064148
87064157
87064166
87064298
87064307
87064316
87064420
87064429
87064438
87064455
87064464
87064473
87064500
87064523
87064543
87064806
87064815
87064821
87064899
87064905
87064911
87065008
87065015
87065023
87065309
87065315
87065321
87065371
87065380
87065390
87065544
87065553
87065562
87065601
87065764
87065770
87065777
87065844
87065850
87065856
87066025
87066036
87066045
87066191
87066200
87066209
87066266
87066275
87066284
87066367
87066384
87066400
87066590
87066599
87066609
87066642
87066651
87066661
87066696
87066705
87066715
87067165
87067175
87067184
87067242
87067251
87067260
87067336
87067346
87067355
87067585
87067595
87067604
87067668
87067677
87067683
87067737
87067746
87067755
87068013
87068022
87068028
87068086
87068095
87068104
87068167
87068176
87068188
87068406
87068415
87068424
87068457
87068466
87068475
87068562
87068577
87068593
87068818
87068829
87068838
87068879
87068888
87068897
87069047
87069056
87069065
87069107
87069116
87069127
87069154
87069163
87069165
87069179
87069193
87069200
87069206
87069237
87069244
87069247
87069365
87069376
87069445
87069451
87069459
87069521
87069531
87069537
87069689
87069698
87069707
87069738
87069748
87069757
87069807
87069816
87069825
87069973
87069982
87069991
87070047
87070056
87070065
87070104
87070114
87070123
87070141
87070381
87070390
87070399
87070452
87070461
87070470
87070536
87070542
87070549
87070804
87070813
87070819
87070892
87070898
87070904
87070962
87070971
87070977
87071134
87071143
87071152
87071228
87071235
87071243
87071302
87071312
87071319
87071549
87071559
87071686
87071698
87071711
87071837
87071850
87072206
87072520
87072529
87072567
87072577
87072586
87072649
87072658
87072667
87072802
87072812
87102226
87102236
87102247
87102390
87102399
87102408
87102460
87102469
87102479
87102646
87102655
87102666
87102804
87102831
87102851
87102945
87102950
87102959
87102965
87103146
87103158
87103167
87103175
87103177
87103251
87103260
87103269
87103389
87103398
87103407
87103527
87103536
87103545
87103571
87103580
87103589
87103841
87103851
87103861
87104010
87104019
87104029
87104070
87104079
87104088
87104158
87104171
87104183
87104630
87104641
87104647
87104770
87104781
87104791
87104893
87104926
87104943
87104957
87105070
87105080
87105090
87105148
87105157
87105166
87105301
87105311
87105317
87105378
87105384
87105390
87105448
87105459
87105468
87105707
87105714
87105721
87105818
87105827
87105836
87105890
87105900
87105909
87106051
87106061
87106070
87106134
87106143
87106152
87106244
87106253
87106263
87106437
87106446
87106455
87106503
87106509
87106516
87106743
87106752
87106816
87106822
87106829
87106886
87106896
87106905
87107074
87107093
87107100
87107107
87107180
87107189
87107198
87107260
87107269
87107275
87107409
87107419
87107428
87107481
87107491
87107500
87107537
87107559
87107568
87107577
87107594
87107745
87107754
87107763
87107812
87107821
87107830
87107858
87107867
87107876
87108023
87108033
87108042
87108092
87108101
87108111
87108183
87108194
87108204
87108408
87108418
87108428
87108511
87108521
87108530
87108691
87108700
87108709
87108856
87108865
87108874
87108917
87108926
87108936
87109137
87109147
87109156
87109316
87109325
87109335
87109371
87109380
87109389
87109567
87109578
87109587
87109752
87109761
87109768
87109831
87109840
87109848
87110055
87110071
87110086
87110227
87110233
87110239
87110322
87110333
87110343
87110562
87110580
87110599
87110650
87110659
87110668
87110728
87110737
87110746
87111009
87111019
87111028
87111064
87111073
87111082
87111117
87111126
87111135
87111362
87111374
87111383
87111453
87111459
87111466
87111529
87111535
87111541
87111842
87111851
87111857
87111954
87111960
87111966
87112066
87112072
87112079
87112441
87112452
87112461
87112509
87112519
87112528
87112580
87112589
87112598
87112630
87112916
87112922
87112929
87113037
87113044
87113050
87113148
87113154
87113162
87113423
87113429
87113435
87113461
87113470
87113479
87113522
87113531
87113540
87113905
87113914
87113923
87113966
87113975
87113986
87114060
87114071
87114080
87114229
87114238
87114247
87114306
87114318
87114328
87114423
87114433
87114445
87114767
87114776
87114884
87114894
87114903
87114969
87114978
87114987
87115259
87115268
87115277
87115311
87115320
87115398
87115407
87115416
87115652
87115662
87115671
87115724
87115734
87115743
87115830
87115839
87116127
87116137
87116146
87116195
87116204
87116213
87116339
87116349
87116644
87116654
87116660
87116736
87116747
87116753
87116884
87116901
87117087
87117096
87117107
87117152
87117350
87117359
87117369
87117540
87117549
87117606
87117616
87117626
87117787
87117796
87117805
87117954
87117963
87118029
87118039
87118048
87118108
87118251
87118263
87118269
87118456
87118468
87118476
87118566
87118574
87118580
87118757
87118763
87118769
87118946
87118955
87118964
87119006
87119017
87119026
87119183
87119192
87119201
87119342
87119351
87119361
87119441
87119453
87119463
87119605
87119615
87119624
87119779
87119788
87119797
87119858
87119868
87119877
87120088
87120097
87120107
87120178
87120187
87120196
87120268
87120277
87120283
87120436
87120445
87120455
87120483
87120492
87120501
87120556
87120570
87120582
87120712
87120721
87120730
87120787
87120796
87120805
87120857
87120867
87120876
87121016
87121027
87121037
87121086
87121095
87121104
87121189
87121198
87121210
87121350
87121360
87121369
87121412
87121422
87121431
87121509
87121516
87121522
87121683
87121692
87121701
87121794
87121803
87121809
87121935
87121952
87121969
87122054
87122063
87122073
87122119
87122129
87122139
87122270
87122279
87122288
87122341
87122350
87122360
87122421
87122432
87122441
87122479
87122620
87122630
87122639
87122712
87122722
87122804
87122810
87122816
87122984
87122991
87122999
87123052
87123061
87123071
87123117
87123126
87123135
87123299
87123308
87123317
87123404
87123410
87123416
87123530
87123536
87123543
87123728
87123734
87123741
87123868
87123874
87123881
87123954
87123963
87123973
87124158
87124168
87124178
87124230
87124240
87124249
87124292
87124301
87124310
87124518
87124530
87124539
87124605
87124614
87124623
87124669
87124678
87124688
87124895
87124905
87124912
87125004
87125013
87125022
87125104
87125114
87125123
87125286
87125295
87125306
87125374
87125384
87125393
87125508
87125522
87125701
87125712
87125722
87125799
87125809
87125818
87125879
87125888
87125897
87126048
87126058
87126067
87126110
87126119
87126129
87126197
87126207
87126216
87126364
87126375
87126381
87126445
87126456
87126465
87126571
87126583
87126589
87126745
87126754
87126763
87126890
87126899
87126912
87126995
87127051
87127069
87127203
87127213
87127223
87127280
87127291
87127301
87127410
87127426
87127440
87127492
87127501
87127510
87127568
87127577
87127583
87127777
87127787
87127793
87127861
87127870
87127879
87127936
87127948
87127958
87128120
87128129
87128139
87128216
87128225
87128234
87128432
87128438
87128444
87128857
87128867
87128878
87129229
87129236
87129242
87129605
87129614
87129624
87130085
87130096
87130102
87130476
87130486
87130495
87130775
87130784
87130790
87131278
87131288
87131297
87131655
87131661
87131667
87132040
87132050
87132056
87132464
87132521
87132527
87132831
87132840
87132850
87133185
87133191
87133197
87133704
87133710
87133716
87134047
87134057
87134067
87134359
87134368
87134377
87134777
87134786
87134795
87135131
87135141
87135152
87135487
87135497
87135506
87135968
87135977
87135986
87136274
87136283
87136293
87136655
87136666
87136678
87137127
87137136
87137145
87137523
87137533
87137873
87137944
87137954
87138316
87138326
87138335
87138683
87138694
87138705
87139037
87139046
87139055
87139488
87139497
87139506
87139836
87139846
87139855
87140160
87140174
87140189
87140585
87140594
87140603
87140942
87140951
87140960
87141364
87141383
87141402
87141730
87141736
87141743
87142110
87142119
87142128
87142620
87142630
87142640
87143003
87143013
87143019
87143385
87143404
87143410
87143803
87143812
87143820
87144177
87144187
87144193
87144619
87144630
87144638
87145189
87145199
87145210
87147455
87147464
87147473
87147830
87147839
87147848
87148298
87148305
87148752
87148758
87148764
87149106
87149115
87149124
87149484
87149493
87149502
87149934
87149943
87149952
87150233
87150244
87150254
87150582
87150591
87150601
87151030
87151041
87151054
87151401
87151410
87151419
87151734
87151798
87151807
87151817
87152190
87152199
87152208
87152615
87152626
87152636
87153014
87153024
87153034
87153469
87153478
87153488
87153826
87153835
87153844
87154181
87154187
87154193
87154647
87154657
87154666
87155035
87155044
87155054
87155420
87155437
87155454
87155858
87155867
87155876
87156100
87156110
87156122
87156564
87156580
87156596
87156915
87156927
87156937
87157259
87157268
87157277
87157654
87157680
87157689
87157983
87157989
87157996
87158338
87158347
87158358
87158821
87158827
87158833
87159188
87159197
87159206
87159500
87159566
87159575
87159947
87159956
87159965
87160287
87160297
87160306
87160648
87160657
87160667
87161108
87161117
87161126
87161381
87161391
87161454
87161705
87161714
87161724
87162124
87162133
87162142
87162455
87162466
87162475
87162788
87162797
87162806
87163173
87163183
87163192
87163521
87163530
87163539
87163869
87163878
87163888
87164307
87164316
87164325
87164608
87164666
87164675
87164955
87164964
87164973
87165065
87165421
87165430
87165439
87165761
87165770
87165779
87166105
87166114
87166123
87166527
87166536
87166545
87166794
87166803
87166812
87167228
87167245
87167260
87167702
87167711
87167721
87168042
87168051
87168061
87168352
87168401
87168410
87169126
87169135
87169144
87169208
87169217
87169226
87169339
87169348
87169358
87169486
87169495
87169504
87169534
87169543
87169552
87169581
87169599
87169617
87169731
87169740
87169749
87169801
87169811
87169817
87169970
87169988
87170007
87170091
87170100
87170110
87170193
87170201
87170207
87170353
87170362
87170371
87170439
87170448
87170454
87170538
87170547
87170556
87170724
87170733
87170742
87170804
87170813
87170823
87170886
87170893
87170899
87171062
87171068
87171074
87171114
87171124
87171133
87171195
87171204
87171211
87171403
87171409
87171419
87171514
87171523
87171532
87171689
87171697
87171704
87172151
87172157
87172164
87172549
87172562
87172572
87172996
87173003
87173009
87173117
87173472
87173479
87173487
87173884
87173890
87173896
87174252
87174261
87174267
87174666
87174675
87174684
87175012
87175022
87175031
87175328
87175337
87175403
87175800
87175811
87175820
87176160
87176170
87176179
87176549
87176558
87176567
87177094
87177105
87177115
87177430
87177439
87177496
87177908
87177918
87177928
87178381
87178394
87178404
87178748
87178757
87178766
87179152
87179172
87179182
87179648
87179660
87179667
87180010
87180021
87180030
87180428
87180437
87253522
87253531
87253540
87253573
87253582
87253591
87253725
87253735
87253744
87253781
87253791
87253803
87253838
87253847
87253856
87253989
87253998
87254007
87254056
87254081
87254090
87254099
87254130
87254139
87254148
87254275
87254284
87254293
87254317
87254326
87254335
87254362
87254371
87254380
87254527
87254536
87254542
87254714
87254724
87254733
87254804
87254813
87254823
87255007
87255017
87255026
87255401
87255412
87255421
87255519
87255528
87255539
87255721
87255736
87255752
87255803
87255812
87255821
87255860
87255869
87255881
87256006
87256015
87256022
87256075
87256084
87256095
87256149
87256158
87256167
87256327
87256337
87256346
87256455
87256464
87256473
87256535
87256545
87256553
87256727
87256737
87256746
87256824
87256833
87256839
87256950
87256966
87256979
87257115
87257125
87257134
87257174
87257183
87257192
87257301
87257317
87257326
87257348
87257357
87257366
87257388
87257397
87257407
87257540
87257549
87257558
87257608
87257617
87257627
87257665
87257674
87257683
87257866
87257872
87257878
87257971
87257982
87257988
87258072
87258080
87258086
87258270
87258280
87258287
87258316
87258350
87258360
87258369
87258408
87258417
87258426
87258552
87258561
87258570
87258588
87258597
87258606
87258627
87258636
87258646
87258763
87258772
87258781
87258831
87258840
87258850
87258895
87258904
87258913
87259055
87259064
87259073
87259126
87259135
87259144
87259228
87259234
87259243
87259409
87259419
87259428
87259524
87259534
87259544
87259597
87259607
87259616
87259776
87259786
87259796
87259845
87259854
87259863
87259911
87259920
87259929
87260091
87260100
87260109
87260153
87260163
87260172
87260224
87260233
87260242
87260402
87260411
87260421
87260511
87260520
87260529
87260644
87260653
87260659
87260883
87260893
87260899
87260992
87261002
87261011
87261097
87261106
87261122
87261285
87261295
87261305
87261387
87261396
87261406
87261504
87261523
87261540
87261649
87261659
87261668
87261725
87261734
87261744
87261889
87261898
87261905
87261989
87261998
87262007
87262080
87262089
87262099
87262285
87262294
87262300
87262342
87262413
87262422
87262429
87262564
87262575
87262585
87262809
87262815
87262821
87262882
87262893
87262902
87263042
87263051
87263058
87263261
87263270
87263279
87263520
87263526
87263532
87263590
87263599
87263608
87263838
87263849
87263944
87263953
87263962
87264076
87264089
87264280
87264290
87264296
87264417
87264453
87264461
87264567
87264576
87264583
87264754
87264763
87264899
87264906
87264912
87265026
87265035
87265045
87265292
87265303
87265313
87265472
87265481
87265490
87265587
87265596
87265608
87265768
87265778
87265787
87265857
87265868
87265878
87266003
87266014
87266024
87266238
87266247
87266257
87266348
87266359
87266369
87266476
87266485
87266492
87266650
87266659
87266668
87266770
87266779
87266791
87266913
87266922
87266933
87267828
87267839
87267848
87268516
87268528
87268540
87269106
87269121
87269179
87269863
87269873
87269883
87270486
87270495
87270505
87271184
87271202
87271219
87271390
87271946
87271955
87271964
87272421
87272431
87273266
87273275
87273285
87273704
87273713
87273722
87274458
87274467
87274476
87274976
87274985
87274994
87275792
87275801
87275810
87276135
87276144
87276153
87277051
87277060
87277069
87277431
87277441
87277450
87278354
87278417
87278683
87278692
87278701
87279571
87279619
87279914
87279923
87279932
87281049
87281058
87281067
87281099
87281108
87281117
87282178
87282187
87282197
87282393
87282402
87282411
87282413
87283530
87283539
87283548
87283600
87283609
87283619
87284882
87284892
87284901
87284992
87284999
87285005
87286073
87286083
87286094
87286310
87286319
87286328
87287184
87287193
87287254
87287405
87287414
87287423
87288309
87288319
87288328
87288743
87288752
87288761
87289412
87289421
87289487
87289965
87289974
87289988
87290619
87290688
87291236
87291245
87291254
87292074
87292085
87292413
87292422
87292431
87293105
87293115
87293184
87293418
87293695
87293704
87294388
87294412
87294900
87294917
87294934
87295757
87295763
87295769
87296109
87296119
87296128
87296916
87296935
87296952
87297471
87297480
87297489
87298116
87298128
87298137
87298633
87298642
87299458
87299467
87299473
87300227
87300236
87300305
87300913
87300919
87300926
87301777
87301787
87301798
87302188
87302198
87302204
87303100
87303109
87303116
87303369
87303378
87303387
87304213
87304222
87304658
87304667
87305839
87305848
87305857
87306952
87306961
87306970
87307091
87307100
87308207
87308264
87308273
87308497
87308507
87309713
87309763
87309782
87309931
87309937
87309943
87311311
87311317
87311323
87312001
87312010
87312019
87313200
87313210
87313277
87314564
87314573
87314582
87315665
87315675
87315749
87315759
87315917
87315926
87315977
87315986
87315995
87316064
87316075
87316266
87316306
87316316
87316325
87316406
87316415
87316424
87316481
87316490
87316496
87316652
87316661
87316670
87316697
87316702
87316711
87316722
87316749
87316758
87316876
87316953
87316962
87316971
87317002
87317011
87317045
87317054
87317192
87317201
87317210
87317267
87317277
87317399
87317417
87317602
87317609
87317615
87317692
87317701
87317711
87317913
87317920
87317929
87318022
87318031
87318042
87318135
87318145
87318390
87318399
87318613
87318622
87318711
87318720
87318729
87319274
87319395
87319405
87319415
87319642
87319653
87319659
87319794
87319801
87319807
87319901
87319910
87319920
87320150
87320156
87320162
87320787
87320796
87320825
87321434
87321440
87321446
87322363
87322374
87322384
87322785
87322796
87322805
87323645
87323654
87323663
87324120
87324130
87324141
87325042
87325053
87325063
87325383
87325393
87325405
87326367
87326376
87326385
87326538
87326727
87326748
87326768
87327736
87327772
87327781
87328225
87328235
87328246
87328314
87329119
87329159
87329169
87329581
87329591
87329600
87330734
87330744
87331062
87331071
87331080
87331992
87332003
87332012
87332306
87332317
87332369
87332950
87332960
87332971
87333551
87333561
87333596
87334505
87334517
87334528
87335126
87335135
87335144
87335810
87335876
87335882
87336722
87336760
87336797
87337122
87337132
87337141
87337542
87337838
87337855
87337867
87338542
87338554
87338560
87339120
87339126
87339132
87339784
87339795
87339807
87340581
87340590
87340599
87341375
87341385
87341395
87342016
87342026
87342037
87342976
87342986
87342996
87343606
87343616
87343625
87344574
87344581
87344642
87345168
87345175
87345182
87346133
87346196
87346202
87346822
87346831
87346837
87347777
87347830
87347839
87348304
87348313
87348322
87349432
87349442
87349452
87349606
87349616
87349625
87349718
87349727
87349737
87349757
87349780
87349936
87349945
87349954
87349964
87349969
87349973
87349986
87350007
87350010
87350014
87350021
87350024
87350079
87350094
87350154
87350180
87350190
87350200
87350415
87350421
87350429
87350549
87350556
87350562
87350687
87350694
87350705
87350898
87350908
87350917
87351022
87351033
87351042
87351172
87351181
87351190
87351685
87351698
87351708
87352646
87352655
87352664
87352993
87353003
87353066
87354130
87354139
87354148
87354521
87354531
87354540
87355425
87355469
87355498
87355877
87355887
87355897
87356861
87356870
87356881
87357373
87357382
87357391
87358241
87358250
87358260
87358709
87358718
87358727
87358887
87358907
87358924
87359232
87359246
87359255
87359531
87359540
87359550
87360192
87360211
87360229
87360360
87360370
87360379
87360642
87360651
87360660
87360774
87360783
87360793
87361201
87361219
87361228
87362391
87362400
87362410
87363098
87363107
87363116
87363790
87363799
87363808
87364483
87364493
87364502
87365680
87365689
87365748
87365886
87366045
87366056
87366065
87366100
87366109
87366119
87366150
87366159
87366168
87366292
87366301
87366310
87366459
87366468
87366477
87366518
87366527
87366537
87366666
87366675
87366684
87367017
87367030
87367044
87367106
87367115
87367125
87367267
87367281
87367295
87367342
87367351
87367360
87367379
87367388
87367397
87367531
87367541
87367552
87367600
87367609
87367639
87367649
87367658
87367815
87367824
87367833
87367929
87367938
87367947
87367980
87367990
87367999
87368134
87368143
87368152
87368198
87368207
87368217
87368291
87368300
87368306
87368512
87368523
87368533
87368610
87368619
87368627
87368724
87368741
87368759
87368867
87368876
87368885
87368918
87368927
87368936
87369067
87369076
87369085
87369156
87369165
87369174
87369222
87369231
87369240
87369392
87369402
87369411
87369463
87369473
87369483
87369533
87369542
87369552
87369709
87369718
87369727
87369784
87369795
87369803
87369812
87369821
87369852
87369861
87369870
87369981
87369990
87369999
87370018
87370028
87370037
87370060
87370069
87370078
87370193
87370202
87370212
87370262
87370271
87370280
87370311
87370320
87370329
87370472
87370482
87370491
87370532
87370541
87370550
87370591
87370601
87370610
87370748
87370757
87370766
87370829
87370838
87370849
87370872
87370881
87370890
87371037
87371046
87371055
87371115
87371124
87371133
87371174
87371183
87371194
87371338
87371349
87371358
87371388
87371397
87371407
87371470
87371480
87371489
87398986
87398995
87399005
87399038
87399047
87399056
87399188
87399198
87399207
87399253
87399262
87399271
87399316
87399325
87399334
87399471
87399481
87399490
87399538
87399560
87399569
87399578
87399601
87399610
87399619
87399736
87399745
87399754
87399783
87399792
87399801
87399823
87399832
87399841
87399965
87399974
87399983
87400134
87400143
87400152
87400203
87400212
87400222
87400369
87400378
87400387
87400703
87400717
87400732
87400812
87400821
87400830
87400994
87401010
87401026
87401059
87401068
87401077
87401100
87401109
87401118
87401240
87401249
87401258
87401279
87401288
87401297
87401316
87401325
87401334
87401477
87401486
87401495
87401589
87401598
87401608
87401642
87401651
87401660
87401792
87401801
87401810
87401858
87401867
87401876
87401920
87401938
87401955
87402102
87402111
87402121
87402159
87402168
87402177
87402296
87402314
87402330
87402362
87402371
87402380
87402413
87402422
87402432
87402558
87402567
87402576
87402638
87402648
87402657
87402747
87402930
87402939
87403007
87403016
87403022
87403076
87403085
87403094
87403589
87403598
87403607
87403831
87404239
87404248
87404257
87404808
87404817
87404826
87405340
87405349
87405358
87405953
87405962
87405971
87406521
87406531
87406540
87406661
87406670
87406679
87406732
87406741
87406750
87406786
87406796
87406805
87406950
87406959
87406968
87407018
87407028
87407037
87407077
87407087
87407096
87407245
87407256
87407265
87407330
87407340
87407372
87407381
87407391
87407538
87407548
87407558
87407603
87407613
87407622
87407646
87407656
87407665
87407789
87407798
87407807
87408320
87408330
87408339
87408785
87408795
87408804
87408942
87408952
87408962
87409012
87409021
87409031
87409074
87409084
87409093
87409259
87409268
87409277
87409316
87409326
87409335
87409357
87409371
87409388
87409499
87409508
87409517
87409543
87409552
87409561
87409658
87409675
87409692
87409750
87409759
87409769
87409810
87409819
87409828
87409957
87409966
87409975
87410024
87410033
87410043
87410087
87410097
87410106
87410243
87410252
87410261
87410291
87410335
87410345
87410354
87410405
87410414
87410423
87410547
87410556
87410565
87410601
87410611
87410621
87410644
87410653
87410663
87410792
87410801
87410810
87411004
87411013
87411023
87411089
87411100
87411110
87411275
87411284
87411294
87411366
87411376
87411385
87411441
87411450
87411459
87411622
87411632
87411642
87411736
87411745
87411754
87411787
87411796
87411805
87411926
87411935
87411944
87411967
87411977
87411986
87412034
87412043
87412052
87412181
87412190
87412203
87412292
87412301
87412312
87412375
87412385
87412394
87412556
87412565
87412574
87412636
87412645
87412654
87412736
87412745
87412755
87412929
87412939
87412948
87413009
87413020
87413029
87413051
87413060
87413069
87413200
87413209
87413219
87413265
87413274
87413283
87413392
87413401
87413410
87413556
87413566
87413575
87413600
87413609
87413618
87413694
87413713
87413730
87413811
87413820
87413883
87413892
87413901
87414061
87414070
87414079
87414145
87414177
87414190
87414196
87414263
87414272
87414280
87414442
87414451
87414457
87414511
87414520
87414529
87414651
87414660
87414666
87414798
87414807
87414816
87414879
87414888
87414897
87414927
87414936
87414945
87415099
87415108
87415118
87415185
87415195
87415204
87415260
87415270
87415279
87415440
87415449
87415458
87415567
87415573
87415579
87416126
87416132
87416264
87416275
87416284
87416352
87416361
87416370
87416417
87416427
87416436
87416597
87416607
87416618
87416678
87416687
87416697
87416755
87416764
87416773
87416978
87416990
87416999
87417080
87417090
87417100
87417156
87417166
87417172
87417327
87417337
87417346
87417393
87417402
87417411
87417446
87417456
87417466
87417617
87417626
87417635
87417682
87417691
87417700
87417746
87417755
87417894
87417903
87417913
87417965
87417976
87417985
87418027
87418036
87418048
87418218
87418244
87418253
87418259
87418321
87418330
87418336
87418446
87418467
87418484
87418570
87418579
87418585
87418657
87418666
87418673
87418799
87418808
87418817
87418881
87418891
87418900
87418938
87418947
87419092
87419102
87419111
87419183
87419190
87419197
87419536
87419542
87419553
87419660
87419668
87419674
87419742
87419751
87419757
87421924
87425397
87425750
87428046
87430536
87431152
87431616
87431618
87434465
87437599
87438679
87438680
87438681
87438682
87438683
87438684
87438685
87438686
87438687
87438689
87438690
87438691
87438692
87438693
87438694
87438695
87438696
87438697
87438698
87438699
87438701
87438702
87438703
87438704
87441202
87442860
87444835
87448870
87453135
87457133
87457230
87458438
87458443
87458444
87458445
87458657
87458668
87459353
87459903
87462854
87463198
87465177
87465968
87467757
87469616
87469707
87469708
87471695
87473651
87474189
87474366
87476714
87478891
87478892
87478893
87478894
87478895
87478896
87478897
87478898
87478899
87478900
87478901
87478902
87478903
87478904
87478905
87478906
87478909
87478911
87478912
87478914
87484282
87509386
87509387
87509388
87509389
87509391
87509392
87509393
87509394
87509395
87509396
87509397
87509398
87509399
87509400
87509401
87509402
87509403
87509404
87509405
87509406
87509407
87509408
87509410
87509411
87509741
87510415
87510417
87510422
87510424
87510426
87510428
87510433
87510435
87510439
87510441
87510447
87510449
87510451
87510452
87510457
87510460
87510464
87510467
87510473
87510474
87510847
87510850
87510852
87510858
87510863
87510866
87510870
87510875
87510881
87510884
87510887
87510894
87510900
87510903
87510912
87510915
87510917
87510920
87510922
87511371
87511375
87511383
87511386
87511387
87511390
87511391
87511392
87511400
87511402
87511629
87511640
87511645
87511693
87511695
87511700
87511703
87511704
87511708
87511711
87511713
87511831
87511837
87511838
87511842
87511991
87511993
87511996
87512108
87512112
87512175
87512182
87512184
87512186
87512192
87514088
87529596
87543601
87554183
87554184
87555867
87555868
87555900
87555934
87556291
87556292
87556698
87556699
87557052
87557112
87557350
87557468
87557473
87557479
87557726
87558372
87558413
87558598
87559172
87559378
87559507
87559508
87574119
87591357
87591489
87604033
87605129
87632146
87634016
87634017
87639436
87671902
87703661
87733486
87733641
87766255
87799382
87812659
87812787
87826455
87834064
87849472
87861028
87865597
87867128
87869926
87881979
87889722
87890022
87895425
87903635
87924794
87955905
87984600
88007663
88013683
88026002
88026006
88027125
88051618
88058410
88090492
88098463
88115080
88129514
88153606
88153607
88155863
88155864
88157638
88157639
88157643
88157644
88157766
88157767
88161058
88173822
88173823
88173824
88173825
88189903
88219378
88248630
88277812
88302597
88320576
88321766
88323638
88340160
88362907
88391721
88397062
88397066
88397068
88397071
88397076
88397079
88397084
88397089
88397150
88397206
88397275
88397337
88397338
88397397
88397461
88397519
88397523
88397585
88397643
88397698
88400113
88400166
88400228
88400289
88400349
88400351
88400411
88400413
88400416
88400418
88400421
88400422
88400425
88400428
88400430
88400431
88400433
88400435
88400437
88402792
88402853
88402909
88402913
88402975
88403035
88403095
88403150
88403152
88403156
88403903
88403905
88403964
88404795
88404855
88404908
88404962
88404972
88405030
88405089
88405149
88405827
88405889
88405944
88405947
88406692
88406752
88406810
88407247
88407303
88408025
88408087
88408089
88408092
88408094
88416429
88416487
88416488
88416549
88421042
88450468
88479246
88503541
88503599
88508808
88538372
88567358
88598824
88627543
88655992
88667612
88674039
88674486
88700669
88720871
88730389
88743019
88743020
88743503
88743561
88779842
88819706
88836144
88836153
88836162
88837068
88837077
88837087
88837758
88837767
88837776
88838671
88838680
88838689
88839675
88839684
88839693
88840637
88840646
88840655
88841737
88841746
88841755
88842709
88842718
88842784
88843756
88843819
88843831
88844875
88844885
88844951
88846048
88846057
88846066
88846979
88846988
88846997
88848023
88848032
88848042
88849117
88849126
88849135
88849693
88849702
88849711
88850785
88850794
88850803
88851444
88851453
88851479
88852533
88852542
88852551
88853154
88853163
88853172
88854157
88854166
88854232
88854820
88854832
88854899
88855906
88855972
88855981
88856487
88856556
88856565
88857683
88857704
88857719
88858247
88858256
88858322
88859414
88859423
88859433
88860058
88860068
88860077
88861150
88861165
88861225
88861455
88861940
88861950
88861959
88862887
88862896
88862905
88863554
88863563
88863572
88864467
88864476
88864516
88865365
88865374
88865383
88866176
88866185
88866194
88867093
88867102
88867111
88867850
88867859
88867868
88868903
88868953
88868963
88869631
88869640
88869650
88870605
88870614
88870623
88871363
88871372
88871382
88872348
88872357
88872366
88873003
88873012
88873021
88873947
88873957
88873966
88874614
88874623
88874635
88875561
88875570
88875579
88876244
88876253
88876263
88877219
88877228
88877238
88877956
88877965
88877974
88878920
88878929
88878938
88879594
88879632
88879669
88880681
88880690
88880699
88881429
88881439
88881501
