15.895
15.974
2.460
17.563
5.310
18.514
25.727
15.946
17.887
2.478
16.857
18.379
22.221
18.267
19.470
16.923
16.159
17.664
17.150
18.055
16.829
17.078
16.952
18.384
18.191
16.824
2.369
19.316
2.304
16.793
16.884
16.644
16.967
18.408
18.581
17.124
54.958
4.738
22.564
22.005
6.495
37.379
6.592
17.985
2.580
17.285
17.196
2.501
15.947
16.581
55.321
24.723
19.037
17.845
18.718
21.252
16.221
48.663
33.189
20.553
17.554
16.238
16.138
17.449
18.522
48.765
38.681
18.654
16.453
48.510
16.659
48.750
24.170
16.605
16.703
16.607
16.714
17.501
17.967
16.670
41.945
75.059
62.044
15.273
17.363
79.908
18.386
17.687
3.196
15.375
16.018
18.565
15.901
42.006
34.059
20.566
17.452
17.330
17.328
17.830
16.631
16.662
16.099
17.192
17.530
20.972
17.016
32.319
16.730
