70.554
71.775
69.641
73.689
76.728
75.987
70.202
68.918
69.362
72.996
79.476
72.954
79.157
77.116
95.220
84.369
88.590
71.739
70.462
69.587
76.488
63.571
68.491
69.098
66.376
72.143
67.086
65.729
68.440
70.446
67.106
66.967
70.056
70.069
75.448
72.241
76.645
67.505
66.828
67.181
68.907
68.270
74.204
82.161
72.530
75.664
73.008
77.255
79.036
76.861
77.814
85.953
72.111
70.734
72.671
77.271
75.743
75.762
70.716
81.211
70.763
71.033
69.467
76.104
76.830
76.962
77.051
81.922
69.671
68.451
68.441
71.782
72.995
76.128
79.725
88.154
70.024
72.918
72.827
70.238
74.288
83.405
69.916
75.307
73.589
78.408
75.874
77.199
82.621
85.042
90.752
79.825
74.202
72.167
72.975
77.136
79.792
74.092
75.738
72.492
72.226
