12.747
12.551
13.299
14.367
13.678
13.969
13.328
13.494
12.618
12.790
13.540
13.126
13.508
13.647
6.647
13.383
14.435
12.849
13.642
12.646
13.263
12.979
13.132
12.428
12.692
13.004
13.515
12.725
13.079
13.214
17.236
13.497
13.402
13.180
13.614
13.546
14.676
13.476
13.247
14.309
1.480
15.564
14.292
13.791
13.721
14.130
13.795
14.246
13.887
59.342
12.811
13.310
14.990
14.456
14.333
13.784
13.913
13.892
2.465
13.802
14.199
13.176
14.079
14.146
13.500
15.264
13.449
13.681
13.114
13.830
16.359
11.924
13.791
15.469
14.422
14.198
13.952
13.512
14.094
15.408
15.477
14.218
14.903
14.241
13.751
14.027
14.193
14.239
14.040
14.345
69.153
14.067
15.233
14.171
3.416
13.372
14.587
16.568
13.562
21.781
10.497
13.851
13.428
14.218
13.930
13.812
13.961
14.332
27.735
13.674
15.032
14.359
13.521
13.276
