28.213
27.114
28.996
31.367
29.538
30.834
30.770
29.239
29.292
29.689
32.343
36.937
34.978
32.333
29.355
30.083
30.748
30.636
34.037
33.697
29.184
30.210
28.451
29.905
28.852
29.019
33.980
36.410
36.200
29.982
28.797
28.585
30.175
35.199
30.584
34.260
25.514
26.027
25.899
28.286
26.921
31.759
34.823
27.941
26.437
25.794
25.982
25.926
28.158
30.126
30.259
25.612
27.170
25.806
28.380
31.007
29.767
29.677
31.631
30.036
30.018
30.934
31.077
35.543
37.634
32.913
34.023
30.848
28.295
31.271
30.420
30.361
30.788
60.354
83.947
56.730
35.961
32.400
28.796
28.349
28.216
29.428
36.013
37.354
35.222
35.189
32.817
31.652
30.950
30.987
32.928
34.285
33.767
30.156
29.606
31.482
29.258
29.054
30.800
35.156
30.608
29.718
28.313
30.423
28.219
31.894
30.348
31.809
30.935
31.065
29.010
28.764
28.425
32.662
31.485
32.719
32.302
30.291
29.965
