13.911
13.982
15.301
15.238
14.800
14.463
15.202
15.014
13.332
16.269
14.754
15.965
15.993
15.196
15.090
15.724
16.138
14.067
14.257
13.506
14.383
17.894
15.229
14.817
15.525
13.812
13.561
49.371
14.634
13.842
14.624
15.099
14.158
16.230
14.486
13.749
13.887
13.466
16.871
16.578
12.788
13.462
12.683
13.967
13.866
14.301
14.028
13.596
14.535
13.101
15.515
16.559
13.009
15.173
13.336
1.237
13.881
12.622
13.979
1.885
13.957
12.772
13.966
14.192
15.358
8.175
11.568
6.591
18.250
13.329
13.572
147.437
13.589
13.491
13.177
12.310
12.439
12.109
14.905
14.131
13.902
13.159
12.947
12.817
13.111
13.905
16.290
12.870
14.340
13.929
16.263
13.732
15.697
14.797
13.884
13.370
12.966
17.777
7.624
13.846
11.901
14.622
13.929
