15.797
13.345
14.499
13.968
13.049
12.355
13.166
13.482
14.469
15.256
13.637
13.027
12.063
12.105
14.056
15.756
14.129
14.287
14.548
14.074
13.599
13.705
14.105
16.313
13.792
15.200
13.779
13.421
12.961
13.307
14.008
13.175
12.896
12.806
13.634
14.320
13.493
13.031
13.095
14.235
13.390
13.590
13.276
11.912
13.413
14.794
12.050
12.132
13.715
13.425
12.992
13.758
16.358
33.706
6.276
12.426
14.203
13.194
14.466
12.653
12.283
15.908
12.416
1.448
14.483
12.618
16.397
13.428
13.426
146.699
13.138
20.813
13.462
12.606
13.052
14.181
13.651
14.567
12.252
19.235
14.022
12.431
14.392
15.986
13.474
13.090
14.410
13.312
13.590
13.912
15.787
17.420
41.000
13.311
14.318
14.143
13.495
13.628
13.688
14.615
13.912
