62.020
42.719
64.139
59.182
61.195
64.664
60.966
60.020
59.173
66.770
66.148
70.259
61.966
60.590
62.338
69.159
66.354
69.232
61.341
63.442
62.202
63.091
60.550
65.148
63.152
60.705
63.128
67.770
64.099
82.219
75.560
72.901
73.887
74.054
79.513
77.224
79.729
74.481
73.424
72.402
76.740
83.001
81.745
74.254
72.522
74.047
80.068
77.779
83.776
76.249
73.549
75.219
79.160
80.836
87.103
72.527
70.450
59.542
74.898
84.556
84.982
78.209
73.967
76.569
80.389
74.853
82.370
52.838
52.285
51.487
53.087
54.561
50.755
55.331
53.201
54.992
50.232
22.687
51.647
57.191
54.332
55.926
57.870
58.338
51.717
54.052
54.747
55.409
56.433
54.291
59.315
56.574
54.984
53.688
