93727357
93727443
93764884
93764999
93804044
93804139
93838300
93838376
93875919
93912789
93912873
93951746
93951835
93989224
93989301
94025929
94026027
94059621
94059713
94092749
94092846
94129895
94129971
94171112
94171203
94210302
94210379
94249723
94249799
94285979
94286076
94323030
94323106
94361593
94361684
94400135
94400262
94431975
94432061
94462604
94462688
94494316
94524950
94525028
94555354
94555433
94584311
94584390
94616491
94616614
94648083
94648174
94674828
94674911
94701601
94701690
94738307
94738399
94773763
94773858
94809195
94809299
94847226
94847312
94881049
94881200
94918778
94918871
94983998
94984132
95037853
95038000
95076141
95076245
95105444
95105532
95132823
95132927
95158466
95158549
95183854
95183953
95209878
95209977
95236274
95236381
95264811
95264903
95290563
95290651
95316321
95316413
95341815
95341915
95368037
95368138
95395713
95395834
95423876
95423980
95452141
95452250
95478580
95478669
95505498
95505604
95538110
95538217
95566317
95566430
95593437
95593540
95634784
95634978
95672837
95672955
95700133
95700248
95728802
95754681
95754772
95780558
95780669
95806483
95806589
95832317
95832419
95864000
95864100
95891479
95917765
95917856
95944916
95945014
95971196
95971314
95997350
95997450
96022958
96023059
96051018
96051123
96079325
96079430
96109131
96109233
96136923
96137031
96163581
96163671
96191056
96191151
96217791
96245116
96245227
96279342
96279438
96308377
96368152
96368268
96397021
96397128
96425962
96426061
96450029
96454388
96482874
96482975
96510405
96540062
96540145
