18.182
19.365
21.680
19.956
18.287
29.871
26.402
17.808
18.437
18.625
18.917
19.041
18.816
19.086
18.241
20.172
19.102
19.401
22.990
17.667
18.540
18.776
16.770
18.041
16.679
21.602
18.721
21.644
18.565
35.427
35.992
18.886
19.349
19.426
19.853
19.848
19.188
19.876
19.968
19.685
20.441
21.079
18.052
25.367
20.209
20.563
18.347
18.906
19.237
20.272
21.149
20.196
20.558
17.202
17.023
16.530
17.334
16.229
19.125
18.686
17.373
16.163
19.478
20.161
18.321
17.926
17.732
16.924
18.545
19.691
18.108
18.148
18.396
21.748
17.979
17.469
17.684
18.457
18.103
16.361
19.732
20.281
18.249
18.340
22.517
23.092
19.128
15.908
16.346
17.398
17.524
16.501
19.221
16.917
18.199
19.280
24.458
23.814
20.684
21.589
15.133
15.723
17.153
19.859
17.825
17.701
19.337
17.851
9.193
22.359
22.968
18.195
17.489
16.859
16.435
16.125
17.629
17.031
19.891
19.631
22.485
23.289
18.305
18.185
15.765
15.485
16.571
17.132
18.255
17.309
17.799
18.907
19.008
16.855
16.659
15.924
16.281
18.013
16.275
16.744
20.184
20.455
22.509
17.427
18.239
18.952
18.773
16.700
16.549
17.730
18.051
22.079
21.603
20.212
18.130
15.907
16.290
16.260
15.744
16.113
19.448
18.037
13.940
17.677
17.470
19.215
18.761
17.368
17.469
15.825
17.948
