16.041
18.355
18.254
16.720
18.131
20.942
19.784
16.177
15.685
16.116
16.020
16.161
16.580
17.037
17.392
17.183
21.338
22.136
16.788
16.648
17.566
17.321
17.171
16.898
18.403
18.381
18.485
18.735
19.393
20.468
16.873
17.455
16.085
15.967
15.999
15.943
18.026
17.246
17.344
17.930
17.870
17.045
18.143
17.806
17.744
17.086
16.531
16.112
16.175
18.095
17.851
17.290
16.905
16.028
16.717
15.913
15.978
18.395
17.530
16.954
16.100
16.087
15.904
17.834
18.210
16.649
17.425
17.078
17.683
16.412
17.650
18.335
17.842
17.029
17.274
16.684
18.290
17.132
17.300
16.382
17.077
16.524
16.087
15.776
16.679
17.690
17.193
20.259
22.652
15.746
15.868
16.976
18.300
16.599
16.158
15.770
16.697
17.733
17.602
19.059
18.494
19.604
19.493
16.808
16.592
17.716
18.478
19.095
17.061
19.669
19.173
19.436
16.103
16.124
17.429
16.319
17.154
15.967
20.114
18.430
18.060
19.792
19.971
16.507
16.413
15.397
16.013
16.853
16.555
17.531
17.820
18.184
17.319
18.515
16.555
17.091
15.753
17.089
16.130
15.935
16.611
17.419
18.173
16.304
19.623
16.752
15.328
16.969
18.058
18.598
18.764
38.451
16.782
17.219
16.965
16.886
20.739
19.126
16.127
17.107
17.416
18.162
16.730
16.006
18.047
