12.006
14.014
15.737
16.168
14.343
14.621
14.123
13.709
13.824
14.180
16.444
13.840
15.314
13.861
13.665
13.081
13.443
14.198
13.334
13.022
12.886
13.733
14.476
13.644
13.165
13.187
14.328
13.497
13.668
13.332
11.940
13.467
14.825
12.130
12.151
13.778
13.510
13.087
13.844
16.497
33.706
6.276
12.528
14.384
13.314
14.529
12.672
12.283
15.908
12.464
1.448
14.606
12.693
16.397
13.483
13.459
149.594
13.181
20.813
13.520
12.663
13.091
14.237
13.697
14.758
12.337
19.556
14.093
12.498
14.548
15.986
13.594
13.208
14.603
13.320
13.744
14.067
15.331
17.623
41.000
13.455
14.372
14.208
13.630
13.713
13.796
14.783
14.054
13.216
15.765
14.191
14.392
13.606
16.814
13.773
13.563
14.136
14.633
17.338
14.400
14.681
