62.592
69.648
66.690
69.144
61.452
63.742
62.440
63.773
61.165
65.499
63.436
60.891
63.388
68.179
66.189
83.580
76.659
73.911
74.913
75.103
80.849
78.066
81.084
75.475
74.396
73.317
77.981
84.607
83.319
75.256
73.050
74.605
80.598
78.042
84.504
76.849
74.097
75.803
80.009
81.944
88.823
73.741
71.081
59.960
75.422
85.786
86.271
79.405
74.462
77.108
80.980
76.222
83.612
53.652
52.758
51.926
53.629
55.506
51.517
56.217
53.627
55.276
50.538
22.687
52.004
57.786
54.805
56.096
58.473
58.978
51.973
54.399
55.085
55.395
56.461
54.646
59.797
57.109
55.493
54.337
54.602
56.969
56.481
56.833
56.818
61.298
53.182
50.251
54.118
62.246
59.903
59.166
