19.832
20.611
19.224
21.068
19.916
18.390
17.935
20.560
20.358
18.803
18.938
20.776
20.887
22.026
19.139
18.840
18.240
19.819
19.742
20.528
18.121
20.971
19.116
18.990
20.539
18.621
19.475
17.430
18.903
17.828
18.562
16.038
16.295
14.708
17.759
18.716
18.333
18.249
16.386
17.770
17.798
18.170
16.658
20.009
17.128
17.348
16.781
18.562
17.092
16.405
16.257
18.781
18.222
18.685
17.968
18.426
155.154
17.564
17.657
17.239
16.482
16.205
17.979
15.829
18.727
17.587
16.701
16.680
18.433
18.324
18.243
18.640
17.506
19.076
16.473
17.620
17.625
18.362
19.147
18.519
17.473
17.103
21.244
18.813
18.315
18.256
18.647
16.504
20.075
19.034
17.958
23.311
18.240
17.381
24.862
19.030
18.549
17.867
