16.246
15.409
15.302
17.856
16.246
14.081
14.296
13.610
14.509
17.532
15.308
14.892
15.623
13.863
13.746
49.371
14.783
13.970
14.793
15.274
14.268
16.540
14.578
13.873
14.014
13.612
17.105
16.839
12.898
13.559
12.777
14.014
13.937
14.387
14.243
13.636
14.626
13.159
15.636
16.718
13.276
15.399
13.481
1.237
14.107
12.795
14.202
1.885
14.161
12.988
13.966
14.490
15.686
8.175
11.568
6.591
18.250
13.524
13.776
150.500
13.813
13.727
13.277
12.337
12.430
12.105
14.976
14.284
14.010
13.244
12.995
12.878
13.173
14.029
16.533
12.988
14.393
14.055
16.440
13.973
15.993
15.096
14.073
13.538
13.203
18.148
7.624
13.945
11.901
14.766
14.085
14.248
13.398
15.257
14.696
13.003
12.956
14.286
13.948
14.796
14.370
15.143
14.509
