95073237
95073328
95073346
95073352
95073353
95073354
95073410
95073656
95073823
95073856
95073857
95073867
95073873
95073878
95073884
95073885
95073892
95073908
95074108
95074324
95078173
95078180
95078187
95078191
95078197
95078219
95078226
95078448
95078652
95078703
95078712
95078718
95078724
95078831
95078838
95078856
95079000
95079248
95079264
95079373
95082530
95082544
95082564
95082806
95082944
95082951
95082953
95082954
95083016
95083081
95083085
95083098
95083126
95083137
95083146
95083212
95083460
95083622
95083658
95083668
95086335
95086345
95086595
95086744
95086768
95086772
95086780
95086791
95086793
95086795
95086800
95086802
95086804
95086852
95087089
95087253
95087305
95087306
95087309
95090038
95090042
95090043
95090050
95090052
95090058
95090064
95090175
95090425
95090561
95090565
95090579
95090580
95090591
95090592
95090603
95090607
95090615
95090620
95090690
95093747
95093835
95093836
95093843
95093844
95093847
95093852
95093853
95093856
95093861
95093864
95093866
95093867
95094023
95094261
95094358
95094367
95094368
95094372
95097383
95097392
95097430
95097518
95097522
95097733
95097949
95097956
95098016
95098027
95098028
95098034
95098040
95098046
95098051
95098059
95098064
95098068
95098078
95098289
95101390
95101531
95101535
95101540
95101552
95101557
95101560
95101566
95101568
95101573
95101616
95101844
95102019
95102024
95102083
95102096
95102112
95102125
95102127
95105021
95105168
95105212
95105221
95105223
95105230
95105237
95105249
95105254
95105281
95105285
95105523
95105550
95105742
95105799
95105824
95105838
95105839
95105947
95105954
95108938
95108942
95108949
95108951
95109039
95109051
95109297
95109438
95109467
95109487
95109488
95109506
95109517
95109525
95109526
95109535
95109671
95109902
95109919
95110095
95112678
95112684
95112690
95112725
95112950
95112969
95113151
95113202
95113259
95113318
95113327
95113343
95113362
95113377
95113535
95113766
95113876
95113878
95113890
95113891
95116631
95116647
95116654
95116659
95116663
95116670
95116693
95116698
95116704
95116924
95117125
95117178
95117179
95117186
95117191
95117196
95117201
95117209
95117213
95117363
95119997
95119999
95120004
95120184
95120198
95120424
95120500
95120506
95120510
95120515
95120519
95120522
95120528
95120610
95120853
95120868
95121005
95121029
95121034
95121036
95123709
95123714
95123715
95123720
95123870
95123883
95124124
95124137
95124145
95124222
95124232
95124239
95124240
95124245
95124255
95124259
95124261
95124271
95124423
95124657
95233377
95233607
95233696
95233700
95236669
95236670
95236777
95236783
95236790
95236797
95236927
95237174
95237187
95237296
95237299
95237307
95237315
95237320
95237326
95237331
95237337
95237396
95237641
95240326
95240327
95240380
95240390
95240518
95240530
95240779
95240938
95240963
95240977
95240986
95240987
95241001
95241008
95241010
95241016
95241083
95241335
95241345
95241505
95244656
95244658
95244664
95244671
95244676
95244682
95244689
95244773
95245035
95245045
95245066
95245203
95245207
95245211
95245223
95245240
95245254
95245258
95245278
95245294
95248218
95248219
95248225
95248328
95248333
95248334
95248381
95248392
95248403
95248646
95248653
95248808
95248846
95248855
95248859
95248863
95248872
95248879
95248905
95249122
95911234
95911235
95911236
95911242
95911243
95911248
95911252
95911254
95911259
95911260
95911374
95911617
95911756
95911772
95911778
95911784
95911788
95911794
95911796
95914466
95914474
95914475
95914476
95914478
95914479
95914490
95914498
95914499
95914505
95914506
95914564
95914809
95915068
95915114
95915130
95915133
95915138
95915245
95915250
95918109
95918117
95918236
95918485
95918618
95918631
95918637
95918639
95918646
95918653
95918655
95918657
95918663
95918669
95918736
95918983
95919139
95919144
95919177
95919183
95922135
95922148
95922160
95922249
95922498
95922657
95922689
95922698
95922707
95922708
95922717
95922718
95922727
95922736
95922765
95922987
95923193
95923246
95923257
95923267
95925775
95926006
95926103
95926112
95926116
95926117
95926118
95926123
95926127
95926134
95926140
95926142
95926256
95926502
95926638
95926655
95926664
95926671
95926675
95926678
95929500
95929747
95929759
95929773
95929784
95929890
95929900
95929907
95929914
95929920
95929928
95929934
95929993
95930004
95930246
95930407
95930446
95930454
95930460
95930465
95933171
95933172
95933176
95933177
95933184
95933185
95933187
95933191
95933195
95933212
95933410
95933628
95933635
95933644
95933696
95933701
95933708
95933713
95933716
95933723
95936449
95936458
95936664
95936670
95936678
95936760
95936774
95937023
95937043
95937187
95937218
95937220
95937235
95937248
95937250
95937258
95937264
95937270
95937411
95937648
95940544
95940639
95940641
95940643
95940650
95940657
95940658
95940660
95940661
95940673
95940674
95940679
95940682
95940683
95940687
95940836
95940852
95941089
95941181
95941187
95943492
95943636
95943650
95943890
95943992
95943994
95944008
95944015
95944021
95944022
95944029
95944039
95944050
95944051
95944144
95944408
95944559
95944607
95944617
95944625
95947456
95947465
95947470
95947472
95947482
95947492
95947638
95947878
95947987
95948001
95948011
95948018
95948026
95948032
95948038
95948099
95948370
95948385
95948546
95948581
95950971
95951033
95951276
95951452
95951495
95951503
95951509
95951516
95951527
95951534
95951543
95951548
95951757
95951995
95952072
95952081
95952087
95952096
95952104
95952110
95954756
95954760
95954780
95954784
95954791
95955013
95955229
95955237
95955290
95955294
95955295
95955300
95955308
95955314
95955317
95955318
95955325
95955502
95955735
95955819
95958636
95958641
95958642
95958643
95958651
95958825
95959059
95959144
95959149
95959155
95959159
95959161
95959166
95959167
95959170
95959171
95959274
95959523
95959654
95961961
95961979
95961991
95962248
95962393
95962398
95962406
95962407
95962415
95962420
95962426
95962436
95962437
95962444
95962500
95962741
95962917
95962922
95962927
95962935
96430816
96430826
96430841
96430863
96430871
96430879
96430951
96431198
96431367
96431501
96431515
96431516
96431528
96431541
96431553
96431561
96431562
96431586
96431794
96432012
96435264
96435270
96435448
96435462
96435692
96435767
96435768
96435775
96435777
96435780
96435781
96435787
96435791
96435794
96435797
96435936
96436182
96436339
96436393
96438823
96438936
96439176
96439192
96439210
96439218
96439324
96439334
96439341
96439342
96439343
96439351
96439356
96439362
96439369
96439449
96439698
96439708
96439717
96442272
96442276
96442281
96442285
96442290
96442393
96442394
96442397
96442400
96442520
96442760
96442773
96442892
96442905
96442909
96442912
96442914
96442917
96442920
96442927
96446013
96446026
96446030
96446229
96446453
96446529
96446545
96446546
96446551
96446557
96446561
96446562
96446563
96446571
96446578
96446718
96446980
96447089
96447099
96450086
96450094
96450097
96450102
96450103
96450107
96450118
96450296
96450531
96450611
96450612
96450623
96450628
96450631
96450632
96450636
96450641
96450642
96450643
96450646
96453945
96454017
96454028
96454029
96454037
96454049
96454051
96454061
96454068
96454069
96454081
96454090
96454094
96454325
96454557
96454632
96454646
96454659
96454661
96457501
96457511
96457521
96457551
96457765
96458002
96458062
96458068
96458079
96458080
96458081
96458086
96458093
96458098
96458111
96458264
96458280
96458297
96458311
96458545
96461727
96461728
96461740
96461762
96461840
96461851
96461856
96461857
96461862
96461906
96461918
96462152
96462166
96462325
96462374
96462375
96462376
96462384
96462389
96462392
96465089
96465256
96465264
96465299
96465300
96465304
96465307
96465310
96465311
96465314
96465317
96465318
96465343
96465563
96465769
96465772
96465780
96465788
96465832
96465835
96468436
96468677
96468878
96468937
96468941
96468951
96468957
96468967
96468974
96468978
96469104
96469341
96469467
96469597
96469598
96469608
96469613
96469616
96469620
96469621
96472590
96472596
96472605
96472620
96472805
96473024
96473116
96473119
96473126
96473133
96473134
96473174
96473249
96473256
96473261
96473365
96473381
96473396
96473647
96473769
96476949
96476954
96476955
96476956
96476964
96476971
96476972
96476977
96476990
96477172
96477405
96477471
96477472
96477473
96477474
96477478
96477480
96477483
96477484
96799483
96799694
96799746
96799751
96799788
96800014
96800035
96800162
96800269
96800301
96800316
96800321
96800323
96800332
96800348
96800372
96800376
96800583
96800728
96800737
96804008
96804009
96804011
96804073
96804086
96804088
96804096
96804097
96804101
96804107
96804113
96804237
96804460
96804568
96804574
96804576
96804647
96804651
96804657
96804691
96807935
96807940
96807989
96808023
96808036
96808037
96808045
96808056
96808057
96808119
96808369
96808480
96808569
96808574
96808577
96808610
96808661
96808735
96808741
96808742
96812050
96812070
96812178
96812403
96812409
96812529
96812595
96812611
96812623
96812648
96812663
96812676
96812745
96812750
96812804
96813042
96813179
96813253
96813284
96813291
96816406
96816459
96816480
96816481
96816489
96816490
96816496
96816498
96816505
96816514
96816638
96816845
96816853
96816961
96817030
96817032
96817049
96817055
96817060
96820112
96820119
96820125
96820130
96820132
96820169
96820399
96820420
96820579
96820648
96820671
96820677
96820682
96820787
96820796
96820798
96820818
96823798
96823802
96823957
96823974
96824214
96824297
96824304
96824312
96824316
96824317
96824322
96824326
96824331
96824410
96824650
96824797
96824801
96824829
96824834
96824839
96827879
96827884
96827889
96827899
96828062
96828292
96828403
96828512
96828518
96828527
96828531
96828537
96828543
96828619
96828869
96829026
96829059
96829067
96829076
96829077
96831505
96831510
96831514
96831652
96831890
96832011
96832020
96832024
96832028
96832132
96832135
96832141
96832145
96832195
96832211
96832466
96832616
96832650
96835188
96835438
96835455
96835625
96835642
96835649
96835751
96835753
96835762
96835775
96835781
96835794
96835795
96835830
96836054
96836265
96836327
96836337
96836342
96836346
96838887
96838931
96839164
96839351
96839396
96839403
96839404
96839405
96839412
96839424
96839533
96839534
96839548
96839568
96839770
96840004
96840073
96840079
96840094
96840098
96843159
96843166
96843168
96843183
96843192
96843199
96843270
96843516
96843686
96843726
96843727
96843739
96843749
96843756
96843763
96843770
96843789
96843985
96844211
96844223
96847026
96847182
96847198
96847199
96847200
96847209
96847210
96847214
96847215
96847216
96847217
96847221
96847228
96847231
96847313
96847557
96847709
96847712
96847735
96847736
96850929
96850935
96850949
96850955
96850958
96851134
96851358
96851371
96851380
96851459
96851462
96851486
96851496
96851511
96851521
96851527
96967161
96967164
96967209
96967210
96967215
96967220
96967226
96967231
96967233
96967234
96967252
96967258
96967466
96967698
96967766
96967779
96967785
96967790
96967803
96967810
96970536
96970543
96970546
96970675
96970934
96971087
96971103
96971111
96971121
96971130
96971132
96971138
96971148
96971209
96971447
96971611
96971675
96971688
96974466
96974475
96974483
96974490
96974497
96974505
96974689
96974925
96975013
96975021
96975023
96975035
96975042
96975048
96975056
96975065
96975162
96975409
96975427
96975567
96978296
96978443
96978467
96978481
96978486
96978495
96978501
96978502
96978507
96978553
96978788
96978967
96978974
96978986
96979009
96979010
96979016
96979020
96979021
96979025
96982866
96982886
96983129
96983271
96983289
96983296
96983297
96983302
96983307
96983313
96983319
96983375
96983621
96983781
96983835
96983843
96983850
96983851
96983861
96983866
96986533
96986535
96986538
96986539
96986542
96986543
96986573
96986796
96986988
96987034
96987036
96987039
96987042
96987047
96987052
96987054
96987210
96987489
96987587
96987593
96990481
96990488
96990492
96990499
96990503
96990672
96990919
96991026
96991033
96991036
96991043
96991051
96991052
96991056
96991060
96991061
96991157
96994262
96994264
96994268
96994273
96994278
96994289
96994468
96994700
96994709
96994784
96994785
96994793
96994797
96994798
96994802
96994807
96994810
96994817
96994967
96995214
96998209
96998210
96998217
96998218
96998223
96998225
96998231
96998238
96998245
96998246
96998331
96998577
96998734
96998752
96998757
96998760
96998764
96998769
96998771
97001644
97001653
97001664
97001674
97001739
97002008
97002188
97002230
97002231
97002241
97002246
97002257
97002264
97002265
97002279
97002280
97002281
97002321
97002332
97002569
97005689
97005691
97005698
97005706
97005708
97005712
97005718
97005723
97005784
97006028
97006040
97006201
97006215
97006225
97006226
97006227
97006234
97006235
97006239
97008947
97008954
97008981
97009197
97009400
97009461
97009468
97009472
97009473
97009480
97009481
97009482
97009483
97009489
97009490
97009494
97009512
97009724
97009933
97009997
97012156
97012161
97012164
97012166
97012170
97012311
97012337
97012356
97012582
97012667
97012671
97012672
97012676
97012679
97012681
97012685
97012690
97012693
97012825
97014233
97014242
97014314
97014558
97014706
97015705
97015815
97017536
97017540
97017640
97017892
97018029
97018060
97018070
97018074
97018081
97018088
97018094
97018120
97018127
97018353
97018367
97018547
97018591
97018595
97018602
