92420002
92420003
92420005
92420124
92420136
92420144
92420145
92420146
92420316
92420379
92420420
92420442
92420517
92420518
92420593
92420601
92420661
92420669
92420670
92420731
92425899
92425900
92425903
92426027
92426028
92426089
92426272
92426275
92426393
92426570
92426571
92426688
92426745
92426862
92426863
92426976
92427098
92427099
92427173
92431691
92431752
92431758
92431763
92431767
92431892
92432008
92432069
92432187
92432316
92432440
92432561
92432658
92432671
92432742
92432779
92432959
92433085
92433152
92437939
92438062
92438194
92438323
92438448
92438655
92438784
92438797
92438807
92438820
92438888
92439015
92439016
92439019
92439140
92439266
92439329
92439448
92439650
92439787
92444564
92444616
92444631
92444645
92444660
92444661
92444835
92444841
92444843
92444844
92444855
92444985
92444986
92445004
92445050
92445051
92445052
92445119
92445120
92449700
92449881
92449885
92449890
92449951
92450014
92450079
92450197
92450309
92450315
92450377
92450378
92450379
92450439
92450508
92450509
92450510
92450573
92450746
92450870
92455018
92455020
92455140
92455202
92455265
92455269
92455275
92455391
92455513
92455514
92455635
92455644
92455708
92455709
92455710
92455711
92455832
92455840
92455902
92460290
92460291
92460408
92460547
92460754
92460755
92460878
92461000
92461058
92461119
92461125
92461187
92461312
92461436
92461553
92461677
92461678
92461799
92461806
92461807
92462411
92462414
92462416
92462538
92462603
92462722
92462900
92463019
92463146
92463204
92463259
92463322
92463344
92463381
92463441
92463561
92463738
92463858
92464077
92464084
92467741
92467752
92467763
92467765
92467774
92467782
92467789
92467791
92467799
92467808
92467916
92467920
92467926
92467927
92467981
92467983
92467992
92468000
92468009
92468017
92468700
92468706
92468740
92468744
92468751
92468759
92468764
92468770
92468776
92468784
92468791
92468800
92468828
92468829
92468835
92468844
92468855
92468961
92468969
92468971
92469337
92469579
92469584
92469588
92469593
92469596
92469603
92469612
92469613
92469616
92469621
92469624
92469628
92469633
92469634
92469636
92469645
92469652
92469657
92469661
92469662
92471759
92471770
92471786
92471814
92471879
92471926
92472035
92472054
92472056
92472126
92472254
92472387
92472533
92472659
92472735
92472875
92472896
92472932
92473065
92473200
92477063
92477105
92477122
92477125
92477252
92477381
92477396
92477411
92477542
92477675
92477798
92477867
92478054
92478184
92478202
92478204
92478205
92478221
92478237
92478312
92483267
92485458
92485459
92485480
92485502
92485527
92485548
92485572
92485596
92485617
92485620
92485641
92485667
92485668
92485691
92485713
92485735
92485753
92485776
92485794
92485796
92628002
92628123
92628413
92628580
92628649
92628661
92628663
92628671
92628672
92628677
92628683
92628691
92628696
92628761
92629054
92629263
92629354
92629355
92629366
92629367
92633011
92633116
92633406
92633593
92633642
92633652
92633653
92633657
92633664
92633685
92633690
92633726
92634008
92634234
92634338
92634363
92634365
92634370
92634371
92634379
92638213
92638287
92638581
92638588
92638794
92638803
92638909
92638920
92638931
92638940
92638951
92638952
92638961
92638991
92638999
92639254
92639490
92639672
92639723
92643433
92643449
92643465
92643476
92643477
92643491
92643603
92643880
92644070
92644142
92644158
92644168
92644268
92644285
92644286
92644293
92644339
92644351
92644627
92644842
92648589
92648747
92648893
92648902
92648916
92648933
92648936
92648953
92648971
92648974
92649113
92649129
92649420
92649579
92649585
92649592
92649631
92649636
92649639
92649640
92653695
92653830
92653833
92653850
92653860
92653868
92653869
92653880
92653881
92653882
92653884
92653913
92653962
92654137
92654151
92654451
92654463
92654588
92654597
92654625
92658178
92658193
92658201
92658209
92658210
92658250
92658514
92658745
92658851
92658865
92658868
92658870
92658875
92658876
92658881
92658893
92658901
92659090
92659108
92659375
92662369
92662526
92662810
92662970
92662980
92663020
92663028
92663034
92663044
92663055
92663056
92663062
92663063
92663152
92663428
92663633
92663718
92663723
92663731
92663739
92667169
92667170
92667171
92667174
92667178
92667179
92667182
92667183
92667203
92667422
92667684
92667690
92667695
92667705
92667807
92667826
92667830
92667832
92667837
92667843
92669771
92669783
92669856
92669864
92669867
92669873
92669896
92670145
92670191
92670221
92670233
92670251
92670347
92670449
92670537
92670550
92670561
92670563
92670565
92670566
92674805
92674819
92674825
92674832
92674837
92674849
92674873
92675103
92675361
92675480
92675499
92675506
92675512
92675518
92675522
92675529
92675645
92675924
92676103
92676170
92679828
92679837
92679845
92679852
92679866
92679873
92680075
92680339
92680492
92680528
92680536
92680543
92680544
92680551
92680558
92680566
92680572
92680686
92680958
92680974
92681146
92685360
92685363
92685364
92685367
92685369
92685373
92685377
92685379
92685509
92685805
92685980
92686042
92686044
92686064
92686070
92686075
92686082
92686086
92686142
92686738
92686743
92687409
92687414
92687610
92687878
92688027
92688062
92688069
92688073
92688074
92688076
92688085
92688091
92688096
92688206
92688224
92688521
92688688
92688753
92688754
92688758
92692192
92692372
92692638
92692781
92694902
92694905
92694910
92694919
92695026
92695296
92695477
92695559
92695563
92695567
92695580
92695589
92695590
92695595
92695596
92695597
92695611
92695617
92695694
92695970
92700772
92700821
92701074
92701273
92701403
92701425
92701428
92701429
92701433
92701434
92701438
92701445
92701461
92701650
92701917
92702061
92702099
92702105
92702109
92702116
92844586
92844597
92844608
92844613
92844615
92844623
92844637
92844830
92845116
92845265
92845313
92845314
92845326
92845335
92845341
92845345
92845400
92845544
92845562
92845849
92849380
92849390
92849392
92849491
92849775
92849972
92850062
92850184
92850209
92850218
92850229
92850240
92850272
92850510
92850766
92850898
92850937
92850956
92850967
92850975
92854478
92854713
92854842
92854877
92854881
92854883
92854884
92854891
92854895
92854900
92854942
92855185
92855454
92855616
92855695
92855702
92855708
92855709
92855712
92855718
92859396
92859420
92859448
92859470
92859477
92859482
92859561
92859851
92859868
92860056
92860164
92860172
92860180
92860186
92860191
92860199
92860200
92860236
92860246
92860257
92865647
92865824
92865943
92866033
92866396
92866815
92866998
92867135
92867136
92867138
92867313
92867440
92867445
92867451
92867458
92867750
92867764
92868105
92868428
92868663
92874480
92874599
92874608
92874656
92874662
92874664
92874665
92874669
92874674
92874810
92875025
92875289
92875439
92875446
92875480
92875604
92875612
92875616
92875617
92875624
92880800
92880816
92880887
92881154
92881381
92881482
92881485
92881495
92881499
92881503
92881507
92881508
92881509
92881512
92881539
92881786
92881812
92882064
92882188
92882191
92885236
92885247
92885296
92885558
92885763
92885889
92885898
92885958
92885969
92885977
92885984
92885985
92885993
92886003
92886207
92886225
92886245
92886541
92886704
92886716
92889956
92890168
92890417
92890565
92890570
92890638
92890661
92890662
92890677
92890679
92890680
92890690
92890695
92890696
92890698
92890707
92890915
92891198
92891357
92891365
92894529
92894955
92895140
92895223
92895234
92895235
92895245
92895253
92895254
92895263
92895268
92895332
92895658
92895669
92895869
92895881
92895895
92895982
92895993
92896000
92896012
92901082
92901089
92901211
92901514
92901679
92901683
92901789
92901805
92901810
92901811
92901814
92901820
92901826
92901827
92901903
92902191
92902397
92902403
92902415
92902506
92906195
92906210
92906215
92906221
92906229
92906234
92906375
92906387
92906597
92906770
92906882
92906925
92906943
92906946
92906951
92906955
92907013
92907023
92907289
92907493
93004192
93004199
93004206
93004212
93004219
93004223
93004230
93004236
93004237
93004240
93004255
93004489
93004510
93004529
93004548
93004729
93004791
93004800
93004806
93004812
93007556
93007557
93007572
93007578
93007583
93007584
93007585
93007590
93007596
93007726
93007744
93007993
93008111
93008125
93008168
93008179
93008189
93008200
93008211
93008265
93011050
93011051
93011083
93011087
93011311
93011588
93011787
93011914
93011980
93011981
93012048
93012119
93012185
93012250
93012514
93012526
93012755
93012864
93012874
93012883
93017076
93017110
93017119
93017120
93017122
93017127
93017132
93017135
93017136
93017160
93017377
93017391
93017588
93017639
93017640
93017644
93017651
93017674
93017690
93017708
93020475
93020481
93020488
93020491
93020581
93020827
93020969
93020991
93020992
93020997
93021002
93021007
93021011
93021012
93021015
93021044
93021277
93021289
93021463
93021511
93025371
93025505
93025514
93025521
93025522
93025524
93025528
93025535
93025539
93025545
93025626
93025640
93025884
93026030
93026053
93026059
93026065
93026071
93026072
93026078
93031076
93031077
93031078
93031081
93031082
93031085
93031092
93031093
93031100
93031101
93031106
93031107
93031176
93031421
93031588
93031607
93031608
93031610
93031614
93034358
93034365
93034375
93034376
93034501
93034748
93034875
93034893
93034899
93034905
93034909
93034910
93034919
93034928
93034981
93035224
93035238
93035393
93035447
93035457
93038540
93038548
93038553
93038554
93038631
93038877
93039037
93039059
93039060
93039069
93039075
93039081
93039086
93039091
93039092
93039121
93039342
93039542
93039599
93039605
93044018
93044019
93044034
93044043
93044052
93044060
93044072
93044080
93044088
93044166
93044414
93044576
93044597
93044611
93044617
93044630
93044639
93044645
93044668
93044902
93045118
93235206
93401965
93402210
93402405
93402415
93402485
93402490
93402525
93402630
93402667
93402669
93402691
93402699
93402709
93402882
93402902
93403118
93403124
93403136
93403208
93407765
93407914
93408171
93408374
93408421
93408428
93408432
93408440
93408447
93408448
93408453
93408454
93408516
93408744
93408913
93408966
93408976
93408983
93408988
93412430
93412622
93412685
93412695
93412696
93412701
93412706
93412711
93412813
93412814
93412815
93412816
93412822
93413002
93413213
93413410
93413411
93413514
93413539
93416420
93416655
93416790
93416852
93416859
93416860
93416864
93416865
93416889
93416914
93416938
93417082
93417100
93417342
93417359
93417492
93417519
93417534
93417550
93423178
93423273
93423283
93423284
93423285
93423292
93423296
93423398
93423401
93423405
93423491
93423505
93423747
93423894
93423941
93423976
93423999
93424022
93427054
93427120
93427231
93427232
93427234
93427255
93427257
93427284
93427306
93427307
93427309
93427319
93427321
93427322
93427323
93427377
93427609
93427802
93427875
93431203
93431209
93431215
93431226
93431227
93431234
93431335
93431621
93431801
93431851
93431870
93431896
93431898
93431922
93431950
93431977
93432013
93432217
93432464
93436670
93436686
93437048
93437296
93437479
93437480
93437537
93437538
93437540
93437547
93437549
93437558
93437565
93437691
93438088
93438453
93438459
93438467
93438500
93438556
93441181
93441205
93441215
93441236
93441294
93441304
93441533
93441546
93441714
93441764
93441765
93441766
93441771
93441778
93441783
93441788
93441790
93441791
93446327
93446433
93446439
93446469
93446478
93446482
93446490
93446499
93446506
93446569
93446785
93446796
93446966
93447029
93447030
93447046
93447071
93447073
93447085
93448705
93448711
93448712
93448714
93448721
93448725
93448728
93448735
93448740
93448741
93448744
93448748
93448753
93448756
93448759
93448780
93448806
93448809
93448830
93449309
93449315
93449322
93449324
93449325
93449330
93449351
93449377
93449380
93449404
93449406
93449441
93449465
93449490
93449509
93449516
93449517
93449525
93449533
93450092
93450113
93450124
93450130
93450143
93450149
93450157
93450163
93450170
93450176
93450184
93450189
93450196
93450204
93450210
93450217
93450222
93570137
93571697
93571706
93571966
93572125
93572168
93572188
93572210
93572225
93572238
93572255
93572282
93572489
93572508
93572711
93572883
93573075
93573085
93573318
93573320
93576790
93576898
93576921
93576923
93576939
93576958
93576961
93576976
93576997
93576998
93577000
93577016
93577151
93577396
93577523
93577552
93577571
93577588
93577607
93618474
93769138
93769141
93769158
93769178
93769195
93769263
93769330
93769351
93769454
93769706
93769863
93769872
93769905
93769924
93769940
93769956
93769973
93769989
93769991
93770036
93774795
93774826
93774847
93774867
93774887
93774889
93774960
93775077
93775153
93775413
93775584
93775591
93775644
93775664
93775683
93775684
93775706
93775765
93775780
93775854
93779443
93779596
93779837
93779984
93780084
93780103
93780116
93780118
93780132
93780145
93780146
93780148
93780150
93780151
93780154
93780167
93780291
93780566
93780720
93780726
93785786
93785805
93785822
93785824
93785842
93785844
93785859
93785977
93786008
93786208
93786469
93786477
93786565
93786567
93786587
93786589
93786590
93786609
93786610
93786626
93790149
93790162
93790176
93790194
93790292
93790326
93790516
93790796
93790915
93790916
93790946
93790967
93790984
93790998
93791000
93791016
93791019
93791035
93791133
93791380
93795032
93795035
93795052
93795054
93795074
93795076
93795094
93795109
93795239
93795484
93795627
93795628
93795665
93795666
93795681
93795693
93795711
93795726
93795739
93800998
93801092
93801114
93801131
93801133
93801150
93801167
93801183
93801202
93801204
93801352
93801614
93801739
93801742
93801762
93801783
93801802
93801827
93801844
93801866
93806138
93806335
93806395
93806397
93806419
93806439
93806454
93806472
93806488
93806505
93806693
93806715
93806961
93807054
93807059
93807078
93807105
93807123
93807125
93810165
93810375
93810460
93810461
93810479
93810506
93810526
93810543
93810562
93810564
93810583
93810585
93810778
93811029
93811041
93811135
93811140
93811165
93811191
93811192
93811960
93815725
93815739
93815948
93815951
93815963
93816013
93816017
93816035
93816049
93816064
93816078
93816081
93816095
93816122
93816321
93816542
93816632
93816652
93816654
93820327
93820348
93820366
93820432
93820677
93820863
93820928
93820929
93820947
93820949
93820970
93820989
93820990
93821006
93821008
93821010
93821027
93821071
93821296
93821505
93824741
93824752
93824833
93824850
93824851
93824869
93824880
93824882
93824899
93824916
93824932
93825082
93825332
93825456
93825479
93825492
93825506
93825508
93825522
93825537
93829176
93829185
93829405
93829624
93829705
93829721
93829722
93829725
93829744
93829763
93829782
93829805
93829822
93829978
93830225
93830358
93830384
93830402
93830422
93830440
93986343
94035152
94066472
94077341
94204283
94204339
94204587
94204608
94204789
94204798
94204851
94204867
94204870
94204885
94204902
94204904
94204906
94204907
94204926
94204928
94204944
94204946
94205014
94210820
94210837
94210839
94210882
94211113
94211320
94211395
94211414
94211434
94211453
94211454
94211473
94211491
94211507
94211683
94211933
94212037
94212038
94212041
94215656
94215903
94216021
94216047
94216068
94216070
94216071
94216089
94216091
94216107
94216109
94216126
94216146
94216271
94216531
94216679
94216702
94216724
94216746
94220169
94220184
94220188
94220204
94220368
94220388
94220639
94220740
94220755
94220770
94220786
94220788
94220804
94220819
94220834
94220836
94220839
94220958
94221211
94226843
94226899
94227153
94227338
94227391
94227411
94227413
94227429
94227547
94227564
94227584
94227606
94227796
94228038
94228127
94228147
94228149
94228167
94228185
94233056
94233071
94233093
94233108
94233124
94233139
94233153
94233328
94233577
94233678
94233696
94233697
94233716
94233783
94233847
94233862
94233879
94233965
94234222
94237804
94237824
94237826
94237842
94237858
94237874
94237891
94237893
94237895
94238012
94238143
94238406
94238543
94238566
94238569
94238582
94238599
94238601
94238603
94243398
94243647
94243663
94243799
94243827
94243836
94243850
94243966
94243979
94243994
94244041
94244281
94244483
94244540
94244558
94244575
94244589
94244606
94244620
94248723
94248742
94248764
94248784
94248978
94249236
94249399
94249452
94249455
94249456
94249479
94249497
94249519
94249537
94249539
94249542
94249559
94249628
94249900
94253586
94253603
94253619
94253656
94253869
94254117
94254197
94254218
94254238
94254255
94254257
94254277
94254279
94254295
94254314
94254472
94254486
94254735
94254857
94258593
94259520
94259538
94259556
94259677
94259957
94260128
94260162
94260179
94260181
94260200
94260216
94260234
94260250
94260298
94260541
94260731
94260742
94260797
94260815
94264887
94264902
94264913
94264929
94264975
94265215
94265419
94265473
94265475
94265510
94265527
94265530
94265543
94265557
94265576
94265593
94265771
94266014
94266124
94470581
94612442
94612529
94612541
94612555
94612560
94612569
94612571
94612574
94612579
94612676
94612688
94612939
94613063
94613082
94613088
94613095
94613098
94613106
94613112
94617647
94617748
94617993
94618136
94618161
94618163
94618171
94618178
94618184
94618194
94618200
94618202
94618243
94618257
94618498
94618512
94618675
94618708
94618720
94622320
94622347
94622394
94622627
94622845
94622920
94622942
94622948
94622954
94622964
94622973
94622979
94623116
94623355
94623481
94623484
94623500
94623510
94623519
94626590
94626593
94626596
94626743
94626974
94627084
94627086
94627113
94627116
94627119
94627124
94627128
94627132
94627208
94627464
94627626
94627676
94627678
94627697
94632839
94632845
94632853
94632855
94632860
94632866
94632872
94632974
94633222
94633357
94633383
94633393
94633399
94633400
94633405
94633425
94633443
94633487
94633723
94636802
94636804
94636808
94636812
94636815
94636984
94637213
94637308
94637313
94637316
94637318
94637319
94637320
94637323
94637325
94637327
94637328
94637428
94637675
94640544
94640751
94640836
94640856
94640879
94640903
94640923
94640942
94640959
94641094
94641353
94641491
94641511
94641527
94641529
94641542
94641544
94641556
94641557
94644342
94644345
94644350
94644384
94644612
94644819
94644899
94644930
94644961
94644971
94644972
94644989
94644990
94645007
94645022
94645199
94645450
94645464
94645477
94648489
94648506
94648518
94648524
94648535
94648536
94648560
94648755
94648772
94648983
94649055
94649056
94649063
94649074
94649083
94649096
94649106
94649112
94649248
94652040
94652059
94652142
94652408
94652584
94652642
94652664
94652684
94652704
94652707
94652734
94652752
94652754
94652779
94652997
94653199
94653206
94653266
94653275
94654501
94656180
94656184
94656189
94656192
94656193
94656196
94656197
94656351
94656585
94656695
94656706
94656709
94656716
94656723
94656724
94656726
94656738
94656741
94659431
94659442
94659443
94659451
94659457
94659461
94659469
94659470
94659478
94659479
94659565
94659808
94659823
94659964
94659981
94659986
94659990
94660000
94660005
94662728
94662771
94662778
94662782
94662786
94662787
94662788
94662793
94662799
94662800
94662801
94662825
94662832
94663055
94663248
94663303
94663319
94663322
94663327
94665981
94665988
94665989
94665994
94665998
94666001
94666002
94666004
94666005
94666006
94666012
94666017
94666156
94666394
94666406
94666512
94666518
94666520
94666527
94669378
94669385
94669389
94669393
94669395
94669405
94669406
94669407
94669415
94669452
94669681
94669697
94669881
94669918
94669923
94669925
94669926
94669931
94669934
94855244
95074398
95074508
95074514
95074520
95074521
95074530
95074538
95074544
95074545
95074686
95074701
95074991
95075254
95075266
95075289
95075291
95075307
95075316
95075321
95075326
95079384
95079385
95079391
95079395
95079401
95079408
95079416
95079479
95079728
95079895
95079901
95079930
95079944
95079959
95080032
95080038
95080040
95080051
95080052
95080058
95083669
95083680
95083681
95083689
95083698
95083699
95083706
95083743
95083971
95083989
95084185
95084252
95084264
95084265
95084274
95084283
95084284
95084396
95084403
95084434
95087314
95087316
95087320
95087323
95087327
95087341
95087346
95087353
95087361
95087368
95087375
95087383
95087397
95087640
95087652
95087662
95087676
95087690
95087820
95087843
95090939
95091088
95091138
95091146
95091152
95091158
95091163
95091171
95091172
95091187
95091383
95091405
95091614
95091624
95091679
95091692
95091694
95091706
95091720
95091726
95094375
95094376
95094377
95094382
95094383
95094385
95094387
95094388
95094563
95094814
95094822
95094977
95095052
95095069
95095082
95095088
95095099
95095105
95095158
95095398
95098301
95098504
95098509
95098574
95098588
95098597
95098702
95098708
95098713
95098714
95098719
95098876
95099117
95099212
95099218
95099219
95099224
95099225
95099231
95099239
95102133
95102134
95102149
95102253
95102445
95102465
95102677
95102687
95102744
95102754
95102759
95102763
95102769
95102773
95102779
95102901
95102922
95103163
95103180
95103288
95105962
95105973
95106139
95106380
95106472
95106482
95106490
95106497
95106504
95106510
95106516
95106588
95106599
95106847
95106861
95107011
95107038
95107040
95107047
95107059
95110147
95110149
95110156
95110162
95110174
95110176
95110188
95110190
95110196
95110219
95110418
95110641
95110712
95110753
95110834
95110841
95110849
95110858
95110859
95110869
95112122
95113894
95113903
95113908
95113909
95113913
95113915
95113920
95113921
95113922
95114057
95114294
95114406
95114418
95114430
95114434
95114439
95114440
95114445
95114447
95117375
95117614
95117711
95117720
95117724
95117729
95117734
95117739
95117745
95117825
95118067
95118229
95118252
95118258
95118265
95118271
95118272
95118281
95118287
95118289
95121038
95121041
95121045
95121046
95121050
95121052
95121056
95121120
95121365
95121375
95121528
95121535
95121561
95121562
95121567
95121572
95121578
95121581
95121584
95121609
95124765
95124776
95124797
95124799
95124802
95124803
95124823
95124845
95124859
95124876
95124973
95125232
95125392
95125425
95125442
95125459
95125481
95125497
95125500
95125502
95233086
95233707
95233710
95233717
95233722
95233727
95233807
95234053
95234207
95234229
95234240
95234267
95234349
95234354
95234363
95234382
95234588
95234799
95234871
95234872
95234873
95237805
95237840
95237841
95237843
95237851
95237857
95237858
95237864
95237873
95237874
95237928
95238010
95238230
95238250
95238268
95238447
95238450
95238456
95238494
95238501
95241514
95241519
95241540
95241660
95241672
95241682
95241697
95241698
95241705
95241774
95242025
95242188
95242230
95242240
95242254
95242268
95242281
95242290
95242291
95242315
95245295
95245316
95245394
95245405
95245652
95245672
95245822
95245847
95245856
95245857
95245863
95245866
95245870
95245873
95246015
95246242
95246436
95246494
95246498
95246502
95249318
95249486
95249494
95249499
95249500
95249510
95249521
95249526
95249527
95249528
95249538
95249543
95249734
95249750
95249962
95250040
95250042
95250043
95250053
95250058
95270617
