92420741
92420909
92421064
92421210
92421232
92421276
92421396
92421521
92421697
92421710
92421929
92421934
92421936
92422082
92422320
92422497
92422659
92422828
92422834
92422846
92427186
92427201
92427266
92427332
92427391
92427395
92427511
92427568
92427580
92427675
92427803
92427862
92427871
92427939
92428060
92428072
92428199
92428328
92428392
92428396
92433325
92433337
92433461
92433587
92433598
92433604
92433669
92433783
92433859
92433860
92434084
92434204
92434384
92434451
92434519
92434524
92434528
92434589
92434710
92434832
92439789
92439795
92439805
92439927
92440115
92440116
92440183
92440303
92440486
92440610
92440618
92440628
92440637
92440639
92440650
92440716
92440885
92441052
92441179
92441308
92445243
92445305
92445426
92445543
92445544
92445607
92445609
92445732
92445848
92445912
92446030
92446201
92446261
92446262
92446264
92446385
92446568
92446688
92446750
92446755
92450871
92450878
92450941
92451003
92451008
92451015
92451192
92451193
92451308
92451428
92451492
92451555
92451581
92451743
92451871
92451991
92451992
92452111
92452226
92452292
92455962
92455963
92455974
92455975
92455979
92456099
92456223
92456224
92456293
92456354
92456472
92456533
92456596
92456715
92456834
92456952
92457066
92457181
92457305
92457307
92461813
92461817
92461824
92461828
92461839
92461840
92461847
92461854
92461861
92461866
92461963
92461974
92461979
92461983
92462011
92462016
92462027
92462034
92462041
92462042
92464096
92464103
92464104
92464107
92464116
92464121
92464206
92464277
92464297
92464350
92464360
92464530
92464537
92464539
92464704
92464717
92464723
92464732
92464805
92464922
92468026
92468033
92468042
92468049
92468059
92468067
92468075
92468087
92468194
92468202
92468209
92468217
92468221
92468229
92468230
92468239
92468245
92468251
92468255
92468261
92468980
92468990
92468998
92469005
92469014
92469015
92469025
92469027
92469036
92469049
92469058
92469067
92469078
92469088
92469187
92469189
92469190
92469199
92469207
92469216
92469665
92469670
92469677
92469687
92469697
92469704
92469706
92469709
92469710
92469716
92469717
92469721
92469724
92469728
92469734
92469735
92469740
92469742
92469747
92469753
92470402
92473339
92473468
92473600
92473674
92473692
92473771
92473906
92474043
92474176
92474308
92474310
92474441
92474510
92474528
92474546
92474557
92474625
92474780
92474782
92474908
92478457
92478649
92478720
92478853
92478988
92479168
92479240
92479249
92479265
92479268
92479396
92479588
92479710
92479712
92479847
92479931
92480063
92480078
92480093
92480108
92481867
92481903
92483448
92483587
92483720
92485800
92485819
92485835
92485837
92485847
92485864
92485886
92485897
92485916
92485932
92485950
92485964
92485983
92485999
92486001
92486021
92486039
92486057
92486058
92486079
92629377
92629388
92629395
92629401
92629425
92629671
92629943
92630068
92630094
92630095
92630111
92630121
92630130
92630137
92630140
92630262
92630282
92630561
92630728
92630781
92634393
92634397
92634449
92634465
92634707
92634989
92635123
92635151
92635156
92635161
92635162
92635167
92635169
92635174
92635184
92635299
92635575
92635759
92635826
92635840
92639724
92639734
92639744
92639745
92639753
92639762
92639763
92639776
92639973
92639992
92640267
92640395
92640420
92640433
92640434
92640441
92640444
92640449
92640450
92640456
92644950
92644965
92644972
92644984
92644993
92645002
92645003
92645014
92645205
92645478
92645631
92645773
92645785
92645794
92645802
92645813
92645820
92645822
92645823
92645931
92649647
92649650
92649658
92649660
92649665
92649781
92650077
92650254
92650317
92650323
92650332
92650388
92650442
92650445
92650473
92650723
92650961
92651067
92651087
92651091
92654627
92654637
92654645
92654650
92654664
92654675
92654676
92654807
92655097
92655280
92655290
92655295
92655331
92655348
92655356
92655363
92655368
92655379
92655445
92655724
92659514
92659517
92659532
92659534
92659538
92659543
92659549
92659552
92659662
92659949
92660129
92660198
92660199
92660205
92660226
92660229
92660235
92660238
92660288
92663744
92663751
92663778
92664005
92664030
92664277
92664395
92664400
92664401
92664414
92664420
92664421
92664423
92664424
92664430
92664435
92664436
92664445
92664446
92664475
92667850
92670568
92670576
92670583
92670592
92670654
92670663
92670672
92670686
92670974
92671162
92671243
92671252
92671262
92671268
92671279
92671288
92671313
92671319
92671559
92671819
92676180
92676181
92676190
92676191
92676192
92676199
92676207
92676216
92676281
92676551
92676755
92676855
92676872
92676876
92676883
92676888
92676894
92676895
92676919
92677156
92681216
92681240
92681249
92681262
92681272
92681280
92681281
92681339
92681351
92681653
92681858
92681960
92681976
92681977
92681984
92681991
92682000
92682014
92682040
92682047
92683878
92684037
92686419
92686623
92686727
92686746
92686753
92686883
92687172
92687399
92688760
92688766
92688773
92688774
92688779
92688785
92688859
92688873
92689161
92689326
92689429
92689453
92689464
92689468
92689476
92689481
92689500
92689741
92690008
92690130
92696161
92696255
92696273
92696282
92696288
92696294
92696305
92696327
92696522
92696766
92696916
92696920
92696986
92696999
92697010
92697018
92697147
92697269
92697507
92697521
92702121
92702129
92702224
92702503
92702694
92846046
92846055
92846066
92846125
92846137
92846146
92846153
92846158
92846164
92846165
92846228
92846238
92846518
92846721
92846834
92846842
92846872
92846874
92846883
92846884
92850984
92850987
92850994
92850995
92851165
92851184
92851472
92851632
92851679
92851680
92851691
92851700
92851702
92851703
92851713
92851723
92851760
92851960
92851976
92852269
92855722
92855723
92855816
92856106
92856298
92856391
92856401
92856403
92856408
92856412
92856416
92856418
92856419
92856422
92856473
92856750
92856973
92857180
92857197
92857200
92860265
92860276
92860562
92860774
92860785
92860878
92860898
92860905
92860913
92860921
92860927
92860968
92861207
92861449
92861587
92861667
92861704
92861717
92861722
92861733
92868665
92868670
92868673
92868676
92868789
92868852
92868853
92869091
92869395
92869577
92869662
92869663
92869665
92869672
92869677
92869681
92869686
92869694
92869739
92869751
92875625
92875630
92875811
92876111
92876279
92876344
92876449
92876450
92876459
92876463
92876469
92876475
92876478
92876559
92876850
92877050
92877148
92877153
92877163
92877165
92882217
92882226
92882231
92882232
92882256
92882260
92882269
92882450
92882471
92882732
92882902
92882912
92882944
92882946
92882953
92882959
92882964
92882969
92882974
92883092
92886760
92886778
92886795
92886798
92886816
92886828
92886840
92886842
92887003
92887270
92887447
92887535
92887558
92887559
92887568
92887580
92887581
92887583
92887584
92887595
92891374
92891434
92891447
92891448
92891459
92891468
92891474
92891484
92891486
92891487
92891629
92891646
92891923
92892107
92892176
92892197
92892199
92892207
92892217
92892228
92896022
92896029
92896030
92896031
92896032
92896195
92896582
92896598
92896924
92897158
92897234
92897235
92897245
92897250
92897251
92897256
92897263
92897286
92897602
92897868
92902517
92902528
92902530
92902531
92902540
92902552
92902553
92902557
92902613
92902887
92902906
92903114
92903240
92903253
92903255
92903265
92903271
92903278
92903279
92903280
92907619
92907648
92907656
92907660
92907661
93004813
93004822
93004830
93004831
93004837
93005011
93005230
93005338
93005340
93005356
93005358
93005368
93005374
93005381
93005386
93005394
93005395
93005505
93005747
93005878
93008515
93008694
93008730
93008739
93008745
93008753
93008754
93008759
93008760
93008767
93008782
93008786
93008990
93009004
93009213
93009223
93009287
93009297
93009305
93009319
93012889
93012896
93012902
93012909
93012910
93012984
93013228
93013237
93013389
93013410
93013411
93013414
93013418
93013419
93013422
93013424
93013428
93013433
93013466
93017728
93017910
93018156
93018261
93018270
93018278
93018279
93018285
93018291
93018295
93018301
93018373
93018385
93018399
93018414
93018654
93018664
93018796
93018812
93018813
93021517
93021523
93021529
93021534
93021537
93021542
93021703
93021937
93022032
93022040
93022045
93022048
93022053
93022057
93022058
93022062
93022161
93022574
93022892
93026082
93026113
93026337
93026349
93026543
93026553
93026589
93026594
93026602
93026607
93026616
93026621
93026627
93026788
93027034
93027045
93027127
93027134
93027135
93027141
93031618
93031620
93031626
93031627
93031650
93031865
93031878
93032075
93032128
93032133
93032136
93032141
93032142
93032143
93032147
93032151
93032154
93032315
93032574
93035458
93035466
93035476
93035477
93035484
93035494
93035512
93035519
93035944
93035958
93036360
93036369
93036588
93036589
93036600
93036613
93036621
93036630
93036638
93036639
93039606
93039610
93039618
93039626
93039631
93039639
93039783
93040047
93040167
93040170
93040179
93040185
93040186
93040193
93040194
93040199
93040201
93040202
93040209
93040217
93045182
93045184
93045185
93045191
93045200
93045207
93045214
93045221
93045226
93045227
93045373
93045613
93045621
93045731
93045740
93045743
93045747
93045753
93045760
93045763
93403220
93403232
93403233
93403242
93403247
93403254
93403260
93403470
93403845
93404258
93404279
93404453
93404661
93404662
93404817
93405021
93405022
93405190
93405413
93408995
93409000
93409011
93409014
93409210
93409415
93409427
93409436
93409543
93409549
93409585
93409636
93409686
93409693
93409737
93409852
93409854
93409867
93409870
93413561
93413564
93413581
93413583
93413601
93413622
93413759
93413993
93414153
93414172
93414186
93414243
93414246
93414249
93414250
93414254
93414259
93414264
93414352
93417556
93417560
93417569
93417570
93417630
93417638
93417893
93418081
93418134
93418136
93418160
93418171
93418174
93418278
93418279
93418286
93418287
93418298
93418332
93424025
93424042
93424054
93424056
93424116
93424352
93424533
93424594
93424692
93424696
93424700
93424704
93424706
93424709
93424728
93424734
93424741
93424983
93424999
93427895
93427898
93427906
93427975
93428183
93428345
93428399
93428400
93428581
93428789
93428898
93428901
93428939
93428940
93428943
93428955
93428956
93428965
93429022
93432473
93432558
93432577
93432579
93432587
93432594
93432599
93432604
93432610
93432764
93433054
93433189
93433217
93433234
93433236
93433244
93433250
93433257
93433263
93438502
93438515
93438523
93438530
93438537
93438540
93438548
93438581
93438824
93439070
93439154
93439177
93439210
93439236
93439238
93439263
93439290
93439292
93439318
93441824
93442025
93442041
93442222
93442230
93442297
93442308
93442319
93442330
93442335
93442336
93442339
93442365
93442538
93442553
93442770
93442897
93442929
93442931
93447112
93447137
93447187
93447195
93447201
93447207
93447216
93447449
93447463
93447621
93447712
93447757
93447778
93447785
93447790
93447791
93447800
93447818
93448023
93448832
93448843
93448862
93448864
93448888
93448913
93448925
93448927
93448929
93448932
93448933
93448937
93448940
93448942
93448945
93448952
93448985
93448989
93448993
93449538
93449539
93449551
93449552
93449571
93449572
93449580
93449588
93449599
93449606
93449613
93449615
93449616
93449617
93449626
93449632
93449639
93449674
93449687
93570146
93570164
93570169
93573435
93573475
93573510
93573547
93573712
93573736
93573753
93573772
93573786
93574019
93574105
93574127
93574130
93574148
93574166
93574168
93574254
93574391
93574412
93577624
93577626
93577646
93577713
93578065
93578241
93578306
93578308
93578337
93578363
93578364
93578387
93578388
93578416
93578435
93578471
93578697
93578913
93578989
93770278
93770472
93770536
93770606
93770674
93770691
93770708
93770711
93770728
93770744
93770923
93770943
93770964
93771215
93771324
93771356
93771378
93771405
93771408
93771430
93775899
93776151
93776161
93776405
93776480
93776482
93776512
93776513
93776556
93776594
93776629
93776667
93776688
93776858
93776878
93777114
93777276
93777290
93777344
93777369
93780750
93780767
93780785
93780802
93780824
93780846
93780847
93780922
93781198
93781379
93781455
93781474
93781494
93781510
93781525
93781527
93781641
93781661
93781850
93781865
93786627
93786645
93786662
93786664
93786685
93786878
93787114
93787214
93787218
93787222
93787319
93787337
93787351
93787368
93787382
93787398
93787530
93787774
93787912
93791534
93791596
93791616
93791631
93791650
93791665
93791696
93791729
93791959
93791970
93792188
93792193
93792257
93792274
93792294
93792296
93792314
93792334
93792349
93792364
93795809
93796070
93796233
93796286
93796301
93796314
93796329
93796344
93796359
93796376
93796576
93796806
93796893
93796894
93796913
93796928
93796942
93796945
93796961
93796980
93801938
93802201
93802376
93802425
93802447
93802470
93802490
93802492
93802514
93802534
93802561
93802570
93802577
93802816
93803035
93803104
93803121
93803123
93803126
93803139
93807127
93807146
93807162
93807184
93807187
93807337
93807577
93807706
93807731
93807758
93807774
93807776
93807793
93807814
93807841
93807916
93807928
93808183
93808354
93808408
93811219
93811239
93811257
93811277
93811402
93811651
93811806
93811808
93811837
93811840
93811843
93811845
93811847
93811867
93811887
93811906
93811909
93811932
93811950
93812072
93816672
93816689
93816702
93816716
93816717
93816733
93816859
93817113
93817257
93817287
93817302
93817318
93817333
93817350
93817364
93817408
93817650
93817842
93817911
93817927
93821573
93821592
93821607
93821625
93821641
93821644
93821660
93821676
93821847
93822083
93822211
93822214
93822241
93822244
93822266
93822289
93822306
93822324
93822341
93822342
93825539
93825554
93825644
93825904
93826067
93826075
93826102
93826103
93826117
93826133
93826147
93826149
93826163
93826177
93826178
93826180
93826246
93826523
93826540
93826551
93830459
93830461
93830479
93830553
93830833
93831002
93831054
93831056
93831076
93831077
93831094
93831096
93831115
93831130
93831147
94077357
94205026
94205301
94205321
94205331
94205474
94205509
94205525
94205527
94205550
94205568
94205586
94205603
94205658
94205667
94205922
94206111
94206262
94206428
94206646
94212061
94212076
94212093
94212094
94212112
94212146
94212164
94212270
94212526
94212536
94212553
94212684
94212711
94212729
94212744
94212762
94212763
94212783
94212798
94216766
94216768
94216791
94216811
94216869
94217119
94217314
94217377
94217398
94217421
94217440
94217459
94217460
94217479
94217499
94217507
94217703
94217938
94218040
94221227
94221239
94221366
94221371
94221397
94221414
94221432
94221447
94221464
94221478
94221546
94221800
94221814
94221825
94221984
94222020
94222035
94222037
94222053
94228203
94228220
94228238
94228353
94228615
94228756
94228787
94228807
94228821
94228837
94228854
94228927
94229020
94229257
94229447
94229459
94229535
94229559
94229577
94234387
94234417
94234431
94234445
94234458
94234473
94234488
94234513
94234726
94234950
94235036
94235074
94235076
94235092
94235108
94235124
94235139
94235255
94235395
94238605
94238607
94238625
94238644
94238663
94238756
94238774
94239026
94239192
94239197
94239258
94239259
94239282
94239326
94239416
94239431
94239449
94239451
94239452
94244636
94244821
94245049
94245179
94245204
94245222
94245240
94245242
94245243
94245259
94245274
94245314
94245477
94245491
94245506
94245757
94245770
94245911
94245948
94250110
94250161
94250230
94250232
94250300
94250318
94250334
94250352
94250373
94250567
94250800
94250903
94250922
94250944
94250961
94250979
94250997
94251014
94251113
94254881
94254902
94254922
94254942
94254962
94254977
94254979
94255073
94255320
94255498
94255505
94255512
94255538
94255557
94255578
94255581
94255598
94255601
94255603
94260829
94260844
94260846
94260858
94260861
94260876
94260877
94260906
94261113
94261332
94261416
94261433
94261450
94261465
94261468
94261483
94261500
94261515
94266141
94266143
94266161
94266177
94266181
94266182
94266200
94266211
94266227
94266361
94266622
94266631
94266759
94266783
94266784
94266788
94613117
94613154
94613163
94613403
94613579
94613623
94613627
94613635
94613636
94613642
94613649
94613655
94613663
94613843
94614077
94614159
94614170
94614174
94614181
94618729
94618739
94618748
94618753
94618754
94618770
94618963
94619184
94619260
94619267
94619294
94619500
94619679
94619815
94619829
94619934
94619954
94620208
94620335
94623527
94623534
94623543
94623600
94623847
94624042
94624095
94624096
94624105
94624125
94624146
94624169
94624191
94624221
94624413
94624651
94624753
94624776
94624793
94627700
94627706
94627709
94627731
94627750
94627783
94627987
94628197
94628265
94628276
94628279
94628293
94628296
94628311
94628312
94628315
94628325
94628327
94628335
94633742
94633761
94633952
94634123
94634355
94634511
94634533
94634543
94634552
94634555
94634721
94634952
94635052
94635058
94635059
94635060
94635061
94635062
94635064
94637812
94637830
94637844
94637857
94637871
94637879
94637899
94637927
94638156
94638367
94638451
94638480
94638502
94638505
94638527
94638529
94638550
94638559
94638564
94641565
94641569
94641676
94641693
94641934
94642065
94642077
94642078
94642083
94642084
94642085
94642091
94642096
94642102
94642103
94642106
94642107
94642198
94645573
94645582
94645588
94645591
94645594
94645599
94645602
94645697
94645945
94646095
94646119
94646129
94646138
94646150
94646163
94646173
94646199
94646408
94646620
94649263
94649511
94649627
94649637
94649645
94649652
94649659
94649665
94649671
94649722
94649964
94650134
94650141
94650179
94650188
94650189
94650190
94650197
94650212
94653284
94653292
94653294
94653303
94653312
94653323
94653478
94653724
94653842
94653875
94653882
94653893
94653901
94653911
94653923
94654037
94654288
94654430
94654437
94656758
94656759
94656867
94657108
94657255
94657261
94657274
94657277
94657281
94657287
94657288
94657290
94657294
94657342
94657581
94657748
94657800
94657808
94660013
94660039
94660253
94660265
94660466
94660472
94660523
94660530
94660537
94660549
94660553
94660561
94660566
94660716
94660728
94660962
94660975
94661076
94661090
94663335
94663342
94663343
94663344
94663349
94663511
94663521
94663752
94663841
94663842
94663844
94663845
94663849
94663853
94663854
94663860
94663863
94663870
94666536
94666545
94666552
94666561
94666647
94666891
94666906
94667059
94667073
94667084
94667091
94667096
94667107
94667115
94667135
94667144
94667362
94667566
94667575
94669939
94669943
94670115
94670131
94670356
94670366
94670436
94670438
94670439
94670441
94670445
94670451
94670460
94670465
94670568
94670584
94670600
94670626
94670862
95075327
95075396
95075643
95075785
95075836
95075845
95075851
95075908
95075963
95075966
95075979
95076177
95076403
95076411
95076491
95076492
95076499
95076509
95076526
95076546
95080063
95080064
95080115
95080357
95080371
95080543
95080597
95080618
95080637
95080639
95080642
95080664
95080679
95080693
95080716
95080919
95081239
95081503
95081519
95081627
95084678
95084696
95084888
95084956
95084982
95085010
95085020
95085022
95085031
95085034
95085036
95085038
95085047
95085068
95085077
95085291
95085498
95085563
95085565
95087846
95087847
95087854
95087858
95087860
95087863
95087864
95087914
95088156
95088329
95088374
95088380
95088391
95088409
95088424
95088429
95088437
95088598
95088839
95088940
95091729
95091731
95091878
95092110
95092128
95092226
95092228
95092235
95092245
95092250
95092259
95092260
95092266
95092267
95092269
95092275
95092389
95092403
95092648
95092774
95095413
95095573
95095614
95095623
95095627
95095628
95095629
95095634
95095639
95095647
95095666
95095877
95096087
95096154
95096165
95096170
95096275
95096282
95096292
95096295
95099241
95099247
95099250
95099340
95099357
95099606
95099737
95099741
95099754
95099756
95099761
95099765
95099770
95099823
95099911
95100143
95100331
95100340
95100344
95103290
95103294
95103295
95103307
95103316
95103417
95103435
95103444
95103454
95103571
95103814
95103823
95103948
95103951
95103953
95103970
95103971
95103972
95103984
95103994
95107061
95107062
95107063
95107069
95107077
95107121
95107134
95107246
95107487
95107658
95107705
95107712
95107718
95107727
95107737
95107739
95107740
95107746
95107761
95107962
95110871
95110873
95111019
95111262
95111279
95111380
95111393
95111394
95111396
95111403
95111411
95111423
95111432
95111440
95111521
95111770
95111784
95111929
95111962
95111969
95114587
95114829
95114845
95115004
95115030
95115035
95115038
95115039
95115043
95115046
95115047
95115053
95115070
95115268
95115484
95115551
95115559
95115564
95115568
95115574
95118322
95118333
95118564
95118749
95118800
95118807
95118808
95118810
95118821
95118823
95118831
95118842
95118849
95118850
95118867
95118875
95119086
95119102
95119286
95119361
95121818
95122024
95122080
95122084
95122087
95122093
95122100
95122104
95122109
95122235
95122251
95122483
95122598
95122607
95122612
95122614
95122618
95122619
95122623
95122625
95125504
95125506
95125524
95125526
95125528
95125529
95125629
95125890
95126057
95126092
95126094
95126113
95126129
95126147
95126166
95126185
95126274
95126530
95126701
95234874
95234877
95234884
95234885
95234894
95234895
95234896
95234900
95234905
95234910
95234926
95235129
95235344
95235415
95235425
95235430
95235431
95235433
95235438
95235447
95238506
95238507
95238515
95238522
95238523
95238531
95238554
95238765
95238780
95238980
95239037
95239039
95239044
95239052
95239158
95239166
95239167
95239176
95239177
95239186
95242520
95242743
95242829
95242843
95242858
95242872
95242883
95242894
95242990
95243221
95243413
95243474
95243475
95243476
95243488
95243490
95243494
95243504
95243513
95243523
95246505
95246506
95246510
95246513
95246515
95246665
95246900
95246910
95246921
95247107
95247109
95247119
95247123
95247127
95247130
95247131
95247133
95247135
95247139
95247256
95250064
95250070
95250080
95250087
95250088
95250243
