92417884
92418151
92418306
92418434
92418503
92418628
92418640
92418641
92418642
92418644
92418654
92418895
92418910
92419318
92419586
92419744
92419745
92419747
92419748
92419815
92424266
92424396
92424397
92424515
92424693
92424805
92424866
92424983
92424984
92425096
92425104
92425373
92425412
92425414
92425545
92425722
92425785
92425790
92425791
92425845
92430020
92430027
92430028
92430029
92430152
92430269
92430416
92430604
92430605
92430774
92430886
92430953
92430965
92430971
92430973
92431031
92431154
92431275
92431436
92431568
92436607
92436721
92436786
92436788
92436910
92436971
92436978
92436984
92436986
92436987
92437105
92437227
92437235
92437338
92437457
92437576
92437579
92437580
92437699
92437866
92443204
92443322
92443393
92443402
92443472
92443473
92443629
92443635
92443761
92443834
92443903
92444054
92444089
92444092
92444219
92444229
92444244
92444304
92444363
92444433
92448329
92448338
92448401
92448409
92448415
92448532
92448667
92448859
92448981
92449106
92449233
92449238
92449239
92449245
92449246
92449255
92449257
92449325
92449448
92449570
92453928
92454039
92454050
92454053
92454149
92454272
92454391
92454453
92454462
92454584
92454705
92454708
92454766
92454768
92454770
92454775
92454777
92454787
92454789
92454903
92458993
92459114
92459237
92459238
92459244
92459248
92459255
92459356
92459483
92459485
92459497
92459617
92459618
92459737
92459915
92460034
92460040
92460044
92460053
92460156
92462237
92462240
92462244
92462248
92462250
92462254
92462259
92462260
92462264
92462267
92462270
92462275
92462276
92462280
92462292
92462295
92462298
92462301
92462304
92462359
92466612
92466614
92466677
92466852
92466967
92467139
92467318
92467320
92467381
92467391
92467404
92467467
92467589
92467696
92467703
92467704
92467710
92467719
92467725
92467731
92468489
92468495
92468500
92468506
92468512
92468513
92468519
92468520
92468523
92468535
92468574
92468651
92468662
92468666
92468668
92468672
92468679
92468684
92468685
92468692
92469411
92469420
92469427
92469461
92469479
92469489
92469498
92469504
92469505
92469512
92469524
92469535
92469536
92469545
92469552
92469559
92469563
92469564
92469565
92469571
92470225
92470231
92470232
92470342
92470463
92470579
92470580
92470709
92470710
92470831
92470963
92471080
92471087
92471088
92471210
92471332
92471395
92471514
92471515
92471697
92476407
92476412
92476415
92476542
92476674
92476857
92476928
92477060
92481550
92485113
92485133
92485150
92485179
92485203
92485227
92485253
92485256
92485308
92485309
92485334
92485336
92485359
92485361
92485387
92485407
92485409
92485429
92485452
92485457
92627227
92627233
92627245
92627253
92627264
92627274
92627284
92627292
92627297
92627491
92627512
92627791
92627805
92627931
92627963
92627972
92627978
92627982
92627990
92627991
92631616
92631867
92631883
92632099
92632113
92632206
92632221
92632227
92632232
92632237
92632242
92632261
92632473
92632718
92632844
92632880
92632986
92632991
92633000
92633005
92637344
92637373
92637374
92637379
92637387
92637393
92637395
92637400
92637401
92637407
92637550
92637830
92637980
92638064
92638082
92638091
92638098
92638099
92638137
92638151
92641903
92641909
92641910
92641917
92641924
92641965
92642228
92642456
92642602
92642679
92642687
92642692
92642700
92642708
92642718
92642911
92643213
92643372
92643416
92643417
92647294
92647299
92647313
92647353
92647362
92647397
92647677
92647931
92647942
92648045
92648066
92648067
92648080
92648091
92648106
92648107
92648118
92648129
92648322
92648338
92652500
92652502
92652505
92652508
92652512
92652524
92652563
92652826
92653050
92653060
92653164
92653173
92653178
92653185
92653189
92653190
92653191
92653200
92653219
92653407
92656802
92656806
92656807
92656828
92657035
92657310
92657457
92657482
92657483
92657491
92657498
92657502
92657507
92657510
92657602
92657895
92657912
92658077
92658150
92658165
92661645
92661646
92661652
92661653
92661666
92661668
92661679
92661696
92661902
92661920
92661941
92662194
92662318
92662328
92662330
92662335
92662337
92662344
92662350
92662358
92665826
92665832
92665835
92665922
92666209
92666396
92666475
92666483
92666488
92666492
92666499
92666504
92666506
92666533
92666774
92666802
92667041
92667051
92667151
92667164
92668510
92668511
92668514
92668518
92668521
92668667
92668687
92668935
92669100
92669178
92669190
92669191
92669192
92669199
92669201
92669204
92669209
92669284
92669565
92673405
92673414
92673423
92673432
92673446
92673456
92673461
92673658
92673918
92673931
92674085
92674122
92674133
92674141
92674145
92674153
92674161
92674244
92674538
92674732
92678412
92678695
92678902
92679012
92679045
92679046
92679058
92679068
92679081
92679083
92679107
92679109
92679158
92679407
92679427
92679667
92679797
92679814
92679816
92679827
92683388
92684030
92684045
92684087
92684347
92684568
92684673
92684687
92684690
92684694
92684699
92684701
92684702
92684705
92684722
92684921
92685181
92685318
92685358
92691502
92691505
92691506
92691509
92691511
92691515
92691519
92691539
92691762
92691779
92692005
92692019
92692144
92692171
92692174
92692176
92692180
92692183
92692186
92693544
92693551
92693797
92694058
92694170
92694207
92694209
92694213
92694219
92694220
92694224
92694234
92694238
92694436
92694704
92694831
92694876
92694889
92694897
92699932
92700002
92700011
92700016
92700020
92700023
92700028
92700029
92700033
92700034
92700216
92700230
92700490
92700650
92700746
92700751
92700753
92700754
92700758
92700766
92843360
92843579
92843587
92843598
92843737
92843849
92843861
92843871
92843880
92843885
92843886
92843908
92843912
92843920
92843930
92844182
92844401
92844418
92844545
92844585
92848006
92848308
92848314
92848458
92848479
92848494
92848504
92848506
92848518
92848528
92848602
92848812
92848832
92849123
92849138
92849299
92849338
92849352
92849361
92849369
92853462
92853464
92853466
92853519
92853528
92853810
92854022
92854032
92854142
92854156
92854165
92854167
92854176
92854184
92854186
92854192
92854215
92854437
92854458
92857955
92857968
92857973
92858186
92858455
92858608
92858640
92858641
92858644
92858648
92858652
92858656
92858706
92858710
92858711
92858871
92859163
92859341
92859353
92859358
92863278
92863431
92863700
92863714
92863877
92863943
92864010
92864092
92864093
92864215
92864335
92864453
92864647
92864662
92864677
92865097
92865279
92865402
92865521
92865590
92872208
92872217
92872335
92872529
92872542
92872837
92873046
92873131
92873137
92873138
92873145
92873150
92873159
92873165
92873308
92873315
92873326
92873774
92874121
92874360
92879327
92879426
92879492
92879614
92879615
92879736
92879737
92879738
92879849
92879963
92879967
92879968
92880232
92880509
92880678
92880762
92880777
92880778
92880781
92880785
92884458
92884459
92884460
92884475
92884476
92884479
92884487
92884489
92884490
92884498
92884587
92884605
92884913
92885113
92885119
92885196
92885199
92885214
92885223
92885229
92889158
92889159
92889170
92889180
92889181
92889205
92889427
92889684
92889698
92889841
92889883
92889897
92889900
92889901
92889914
92889925
92889926
92889927
92889929
92889937
92893696
92893706
92893723
92893736
92893747
92893761
92893946
92893968
92893990
92894270
92894417
92894470
92894471
92894484
92894495
92894503
92894513
92894521
92894644
92894942
92899726
92900019
92900217
92900333
92900345
92900347
92900357
92900360
92900366
92900367
92900373
92900397
92900612
92900630
92900887
92901025
92901054
92901060
92901069
92901075
92904725
92904731
92904737
92904746
92904819
92905107
92905284
92905409
92905414
92905449
92905450
92905458
92905467
92905473
92905480
92905505
92905509
92905742
92906013
92906156
93003552
93003705
93003706
93003712
93003719
93003876
93003877
93003879
93004086
93004145
93004151
93004158
93004162
93004168
93004173
93004175
93004180
93004182
93004190
93004191
93006464
93006470
93006475
93006481
93006487
93006489
93006543
93006790
93006971
93006980
93007011
93007018
93007026
93007035
93007040
93007046
93007059
93007239
93007463
93007545
93010436
93010443
93010453
93010463
93010464
93010493
93010706
93010922
93010994
93010995
93010997
93010998
93010999
93011008
93011015
93011016
93011030
93011031
93011037
93011048
93014675
93014799
93014953
93014960
93015158
93015439
93015883
93016199
93016360
93016361
93016564
93016568
93016569
93016571
93016577
93016578
93016581
93016582
93016660
93016902
93019627
93019817
93019898
93019908
93019909
93019916
93019917
93019918
93019924
93019930
93019932
93019936
93019940
93020106
93020364
93020455
93020457
93020464
93020469
93020470
93024428
93024437
93024442
93024450
93024460
93024467
93024468
93024482
93024676
93024692
93024902
93024968
93024973
93024982
93024990
93024994
93024999
93025003
93025112
93025127
93029946
93030049
93030056
93030061
93030068
93030072
93030224
93030238
93030479
93030563
93030566
93030569
93030571
93030573
93030576
93030582
93030659
93030907
93031054
93031075
93033285
93033520
93033706
93033711
93033761
93033768
93033779
93033789
93033804
93033805
93033812
93033826
93034011
93034242
93034319
93034321
93034329
93034339
93034341
93034350
93037845
93037856
93037863
93037872
93037930
93037938
93037951
93037963
93037974
93037982
93037990
93038121
93038368
93038495
93038498
93038511
93038518
93038526
93038528
93038539
93041622
93041831
93041989
93042198
93042360
93042574
93042767
93043202
93043405
93043461
93043472
93043486
93043497
93043503
93043511
93043512
93043519
93043680
93043693
93043926
93559906
93559908
93559932
93559933
93559956
93559977
93559995
93559996
93559997
93559999
93569375
93570060
93570113
93570762
93570792
93570827
93570854
93570880
93570917
93570951
93571087
93571356
93571505
93571525
93571542
93571563
93571579
93571595
93571597
93571599
93571615
93571617
93575657
93575660
93575674
93575689
93575705
93575745
93575971
93575991
93576189
93576197
93576263
93576283
93576302
93576319
93576321
93576336
93576353
93576370
93576549
93767256
93767424
93767651
93768008
93768023
93768083
93768397
93768477
93768497
93768517
93768536
93768559
93768579
93768581
93768598
93768599
93768755
93769008
93769016
93769136
93772825
93772847
93772867
93772885
93772903
93772926
93772959
93773167
93773185
93773402
93773583
93773606
93773700
93773868
93774089
93774091
93774251
93774271
93774418
93774672
93778561
93778621
93778643
93778661
93778663
93778677
93778692
93778806
93778830
93779032
93779047
93779273
93779352
93779367
93779369
93779383
93779385
93779398
93779412
93779426
93783930
93784186
93784645
93784977
93785122
93785143
93785146
93785148
93785165
93785182
93785198
93785199
93785201
93785216
93785256
93785486
93785689
93785698
93785705
93785709
93788715
93788725
93788738
93788994
93789172
93789179
93789188
93789213
93789215
93789235
93789253
93789266
93789283
93789286
93789303
93789452
93789852
93790057
93790130
93790147
93793775
93793956
93794209
93794314
93794317
93794321
93794322
93794343
93794360
93794378
93794393
93794410
93794426
93794427
93794430
93794608
93794859
93794981
93795010
93795013
93799853
93799855
93799856
93799869
93799904
93800124
93800142
93800159
93800368
93800440
93800462
93800464
93800480
93800496
93800511
93800527
93800528
93800552
93800757
93800979
93804801
93804971
93804974
93805024
93805084
93805086
93805104
93805107
93805126
93805245
93805497
93805654
93805682
93805705
93805788
93805806
93805825
93805844
93805846
93805895
93809140
93809141
93809165
93809183
93809201
93809247
93809495
93809699
93809703
93809767
93809769
93809792
93809817
93809819
93809821
93809843
93809862
93809880
93809915
93809924
93814183
93814402
93814404
93814573
93814769
93815087
93815284
93815356
93815375
93815378
93815379
93815400
93815419
93815420
93815440
93815441
93815458
93815484
93815492
93815707
93818864
93819106
93819209
93819211
93819228
93819230
93819256
93819386
93819604
93819687
93819702
93819814
93820078
93820228
93820232
93820236
93820264
93820266
93820287
93820304
93823608
93823623
93823624
93823639
93823655
93823688
93823914
93824124
93824134
93824139
93824204
93824222
93824224
93824239
93824253
93824268
93824282
93824284
93824309
93824505
93828251
93828381
93828404
93828419
93828435
93828458
93828461
93828481
93828501
93828505
93828508
93828599
93828851
93829018
93829064
93829079
93829095
93829112
93829130
93829147
94203495
94203497
94203500
94203515
94203517
94203532
94203548
94203563
94203565
94203581
94203583
94203722
94203978
94204141
94204171
94204198
94204219
94204240
94204261
94209874
94209884
94210005
94210047
94210070
94210087
94210090
94210108
94210126
94210142
94210222
94210498
94210506
94210668
94210675
94210713
94210761
94210779
94210800
94214555
94214571
94214573
94214589
94214590
94214607
94214623
94214642
94214644
94214699
94214952
94215176
94215238
94215266
94215289
94215410
94215437
94215459
94215484
94218914
94218927
94219222
94219388
94219437
94219460
94219483
94219485
94219489
94219512
94219531
94219552
94219591
94219823
94220036
94220096
94220113
94220132
94220151
94224481
94224737
94224977
94225145
94225354
94225569
94225734
94226049
94226300
94226553
94226569
94226719
94226759
94226776
94226778
94226795
94226797
94226812
94226828
94231744
94231759
94231776
94231789
94231791
94231805
94231930
94232181
94232320
94232343
94232359
94232375
94232389
94232404
94232406
94232463
94232573
94232820
94233002
94236602
94236623
94236646
94236860
94236877
94236893
94236911
94237108
94237168
94237186
94237200
94237220
94237238
94237248
94237264
94237436
94237686
94237695
94237802
94241857
94242024
94242241
94242254
94242369
94242655
94243057
94243066
94243187
94243190
94243210
94243225
94243227
94243240
94243242
94243257
94243258
94243275
94243288
94247767
94247857
94248003
94248039
94248063
94248081
94248082
94248086
94248105
94248108
94248126
94248265
94248524
94248654
94248657
94248662
94248665
94248686
94248706
94252303
94252319
94252491
94252510
94252742
94252752
94252855
94252873
94252891
94252909
94252925
94252940
94252956
94253050
94253316
94253482
94253522
94253542
94253560
94257210
94257547
94257764
94257767
94257986
94258156
94258371
94258375
94258376
94258550
94258571
94258572
94258611
94259029
94259356
94259438
94259461
94259483
94259500
94263345
94263438
94263624
94263641
94263870
94263968
94263970
94263988
94264003
94264103
94264156
94264238
94264252
94264272
94264393
94264670
94264816
94264851
94264868
94611464
94611471
94611475
94611483
94611510
94611521
94611753
94611769
94611944
94611950
94611990
94611998
94612001
94612007
94612009
94612014
94612017
94612031
94612220
94617045
94617064
94617067
94617077
94617078
94617084
94617232
94617247
94617264
94617498
94617506
94617592
94617604
94617614
94617623
94617625
94617634
94617640
94617645
94621321
94621557
94621650
94621653
94621661
94621669
94621681
94621683
94621689
94621700
94621707
94621798
94622051
94622066
94622206
94622227
94622246
94622272
94622293
94625394
94625402
94625508
94625757
94625907
94625935
94625955
94625972
94625991
94626015
94626026
94626071
94626311
94626329
94626526
94626569
94626576
94626581
94626586
94631728
94631768
94632002
94632019
94632237
94632286
94632295
94632297
94632304
94632309
94632314
94632318
94632325
94632329
94632486
94632728
94632826
94632828
94632837
94635616
94635619
94635726
94635974
94636108
94636123
94636144
94636164
94636185
94636202
94636219
94636221
94636264
94636276
94636521
94636536
94636711
94636769
94636792
94639684
94639686
94639687
94639710
94639730
94639733
94639735
94639758
94639848
94640096
94640255
94640275
94640283
94640287
94640293
94640299
94640306
94640307
94640332
94643294
94643299
94643473
94643700
94643800
94643805
94643809
94643812
94643815
94643820
94643825
94643900
94644144
94644157
94644169
94644314
94644330
94644334
94644338
94647344
94647352
94647362
94647475
94647726
94647857
94647884
94647898
94647904
94647912
94647919
94647920
94647921
94647923
94647929
94647986
94648248
94648416
94648461
94651178
94651390
94651450
94651455
94651456
94651457
94651461
94651466
94651472
94651476
94651486
94651632
94651648
94651880
94651986
94651995
94652001
94652008
94652020
94655085
94655118
94655326
94655537
94655602
94655614
94655628
94655644
94655662
94655664
94655670
94655680
94655860
94656083
94656161
94656171
94656176
94656177
94656178
94658500
94658514
94658752
94658763
94658861
94658863
94658882
94658885
94658908
94658914
94658915
94658919
94658926
94658932
94659046
94659059
94659075
94659310
94659428
94661685
94661686
94661692
94661769
94661782
94662029
94662185
94662220
94662234
94662241
94662243
94662244
94662249
94662253
94662257
94662295
94662305
94662544
94662560
94664923
94664927
94664930
94664931
94664960
94665173
94665376
94665441
94665455
94665457
94665458
94665469
94665472
94665478
94665481
94665486
94665639
94665870
94665884
94668251
94668258
94668265
94668267
94668268
94668277
94668437
94668670
94668788
94668810
94668813
94668827
94668833
94668840
94668848
94668851
94668933
94669174
94669325
95233377
95233607
95233696
95233700
95236669
95236670
95236777
95236783
95236790
95236797
95236927
95237174
95237187
95237296
95237299
95237307
95237315
95237320
95237326
95237331
95237337
95237396
95237641
95240326
95240327
95240380
95240390
95240518
95240530
95240779
95240938
95240963
95240977
95240986
95240987
95241001
95241008
95241010
95241016
95241083
95241335
95241345
95241505
95244656
95244658
95244664
95244671
95244676
95244682
95244689
95244773
95245035
95245045
95245066
95245203
95245207
95245211
95245223
95245240
95245254
95245258
95245278
95245294
95248218
95248219
95248225
95248328
95248333
95248334
95248381
95248392
95248403
95248646
95248653
95248808
95248846
95248855
95248859
95248863
95248872
95248879
95248905
95249122
