18.072
18.101
18.651
18.970
18.017
18.244
17.472
18.083
17.353
17.219
17.988
18.346
17.244
17.778
19.630
18.595
18.674
17.219
18.607
18.400
19.173
19.911
19.349
17.781
18.183
19.670
18.145
17.507
18.550
18.334
17.991
16.484
19.663
19.062
20.824
18.044
17.760
17.562
18.970
18.119
19.222
17.216
16.866
17.271
18.564
19.850
19.135
19.038
17.765
17.186
17.974
19.148
18.661
20.083
18.188
17.960
18.800
19.586
18.186
18.796
17.713
18.815
18.136
18.580
18.347
18.835
17.322
19.082
17.996
19.002
17.493
18.404
17.748
17.607
17.644
17.352
20.486
20.138
18.290
18.379
18.854
18.405
19.179
19.990
17.681
21.811
20.973
21.436
20.160
21.290
22.449
21.785
21.863
