47.637
49.029
48.526
50.197
49.817
48.935
49.967
48.336
48.133
48.147
51.703
50.424
49.633
49.903
49.338
48.864
47.648
47.941
45.560
46.772
46.728
47.684
48.557
47.544
41.418
45.057
45.615
42.830
49.031
48.189
44.211
45.213
44.271
46.417
50.114
52.673
47.965
46.738
49.130
48.008
46.825
37.136
46.365
44.916
47.143
48.652
48.926
52.515
50.084
50.448
47.794
45.478
53.303
32.105
30.965
29.684
27.452
27.683
30.485
31.618
29.328
28.946
29.781
30.631
30.653
28.472
49.865
45.539
48.174
47.800
47.893
49.556
33.556
33.227
32.710
32.612
50.978
52.188
46.380
50.464
36.449
20.475
48.654
48.429
47.160
65.004
63.095
64.549
64.915
65.473
61.260
64.220
62.888
61.454
62.044
63.320
64.183
