13.333
14.307
8.695
14.249
19.850
12.799
12.519
13.691
17.735
17.763
14.054
18.075
13.351
13.999
13.313
17.376
13.918
17.469
13.507
13.265
13.530
16.620
15.142
17.370
14.159
13.194
13.524
15.128
15.046
17.285
13.341
12.413
13.330
15.026
13.094
18.498
12.559
12.659
13.036
15.725
13.499
20.329
12.523
12.941
12.544
13.480
13.323
13.315
17.614
15.015
13.024
12.348
17.655
14.116
18.902
12.728
12.570
13.485
18.081
14.583
16.243
18.533
13.851
13.962
12.991
14.197
17.393
14.356
17.614
17.234
13.182
13.237
13.913
14.204
13.266
17.624
13.116
13.357
14.410
16.096
15.321
18.223
14.095
13.931
14.260
13.108
16.844
19.559
14.921
36.623
15.289
15.394
15.754
18.732
14.421
15.251
