13.650
13.484
15.311
15.362
15.332
14.416
12.408
13.196
21.367
12.908
14.220
12.264
13.902
14.171
13.653
13.529
13.823
13.410
13.714
13.370
14.373
13.562
15.119
13.861
1.523
13.098
14.045
13.580
13.507
15.338
13.720
12.688
13.298
13.255
13.436
14.405
13.470
13.695
14.435
14.945
13.560
13.962
13.245
13.547
13.363
14.332
13.184
13.558
14.512
13.417
14.237
12.760
12.921
11.895
13.536
14.295
12.872
13.797
12.950
13.578
13.439
12.607
13.650
16.332
13.046
14.150
14.469
13.654
12.904
11.386
14.643
13.626
13.723
13.115
14.582
13.845
13.958
13.424
12.600
15.243
15.046
13.632
13.728
12.282
13.453
11.893
13.146
13.041
12.168
13.227
13.827
12.424
11.963
12.895
14.325
14.231
12.777
14.374
13.190
13.436
13.530
12.465
14.588
13.671
14.152
12.678
15.869
14.363
15.161
14.445
14.115
13.905
13.923
14.750
12.970
13.280
13.691
12.803
13.137
12.207
13.054
13.590
14.125
13.129
13.186
13.303
13.603
13.762
12.999
13.700
13.093
13.377
14.181
13.764
11.160
13.890
22.981
12.419
11.885
12.307
13.109
12.170
11.688
12.259
13.338
11.532
15.307
12.963
12.060
12.501
12.696
13.892
12.524
13.487
13.083
12.110
11.020
12.960
13.955
13.653
12.353
13.932
12.546
14.655
12.443
12.403
12.487
13.094
13.230
14.705
13.363
13.853
13.224
13.859
13.282
13.853
12.872
12.947
13.374
14.487
14.463
13.072
13.204
15.067
13.165
15.840
15.386
15.046
13.958
14.113
13.934
16.432
14.093
15.445
14.093
13.024
13.908
13.842
13.802
12.909
13.169
16.292
12.788
14.246
13.333
12.929
