79.668
78.805
95.404
85.826
85.837
81.430
82.276
85.926
84.228
82.001
80.203
80.635
94.258
81.223
85.747
80.408
79.565
78.886
80.306
79.278
81.078
81.775
75.682
87.561
82.008
81.358
79.918
84.579
90.437
85.837
82.211
87.042
83.197
82.468
85.589
84.100
91.272
85.883
87.718
91.710
87.273
86.819
86.005
79.214
85.099
98.156
86.927
90.075
82.921
79.398
92.361
67.195
86.253
71.000
79.481
86.637
81.659
77.449
47.267
71.776
81.014
109.008
59.167
84.905
93.808
90.980
92.643
76.060
92.815
92.640
98.151
92.671
89.868
98.600
100.717
89.136
99.792
101.270
102.974
98.864
76.860
102.878
89.690
86.826
92.443
93.743
87.915
91.070
88.981
98.807
91.060
97.152
86.927
94.114
95.774
96.725
93.118
94.648
89.208
91.504
94.454
86.648
101.547
94.668
102.701
95.987
103.333
93.270
101.362
86.905
89.392
100.808
86.053
87.240
87.564
91.042
91.231
99.129
94.074
103.619
94.966
90.704
82.352
104.261
90.678
88.413
96.053
104.051
100.676
105.068
96.527
93.873
93.921
104.846
99.477
90.397
86.217
87.604
96.154
93.662
96.186
102.491
97.949
98.275
99.861
89.163
102.043
89.894
86.526
96.292
102.574
95.936
102.009
90.461
101.548
91.871
101.388
92.001
93.924
90.824
106.013
93.864
108.852
90.072
88.060
100.787
101.057
96.853
97.291
117.749
98.479
100.628
103.464
99.131
95.656
104.994
97.677
99.819
98.795
97.835
101.811
95.983
93.654
98.810
96.238
96.252
94.030
106.453
98.958
94.062
90.106
95.648
102.914
81.843
83.116
73.057
77.637
88.264
86.673
75.724
76.921
