17.574
17.764
16.696
20.172
19.049
16.993
18.025
17.948
24.772
16.420
16.671
16.736
18.356
18.101
16.277
17.273
18.111
16.934
17.117
17.730
18.359
17.870
16.742
18.391
17.495
18.438
17.663
15.201
19.882
18.059
16.833
17.298
16.624
16.554
17.079
16.238
19.819
18.285
18.880
18.672
16.900
17.157
17.235
17.520
16.743
17.071
17.201
18.174
21.563
19.068
17.029
16.027
16.141
13.505
17.311
18.422
17.327
18.016
16.913
16.597
17.347
19.932
19.896
18.577
14.228
16.539
17.150
17.133
16.783
16.367
17.504
17.701
16.310
16.514
16.677
15.838
16.501
15.872
15.572
17.359
16.592
16.807
17.639
16.975
16.526
17.103
15.756
18.340
16.888
17.225
16.456
16.953
17.738
16.555
16.240
17.659
15.924
38.792
29.791
37.530
17.298
35.895
17.731
17.089
17.409
17.366
15.674
17.228
16.585
16.921
16.473
16.725
16.610
15.795
17.116
15.892
16.622
16.510
17.770
16.840
17.213
16.814
17.574
18.231
16.510
16.791
17.799
16.092
16.787
18.040
17.444
17.992
17.118
18.291
26.020
15.856
15.985
17.245
17.165
14.137
15.650
14.444
17.373
17.552
17.849
17.674
17.558
18.861
16.432
17.758
38.312
31.860
34.323
32.641
29.493
35.027
34.679
17.711
16.441
40.061
29.736
34.665
16.455
16.222
19.218
18.462
18.097
17.284
17.775
17.639
17.444
16.046
16.320
15.716
16.693
16.525
17.227
18.074
17.399
16.674
17.133
17.092
16.442
16.807
20.497
16.567
15.956
16.604
16.077
16.332
17.472
16.799
17.520
16.613
17.362
19.294
17.801
19.960
20.050
18.484
18.002
16.937
16.706
16.709
19.738
21.067
19.330
17.222
17.562
16.500
15.935
15.685
16.265
16.795
16.662
20.353
16.809
16.328
