16.252
17.202
15.209
18.338
18.835
18.600
18.869
17.306
19.825
16.321
16.256
15.897
17.005
17.849
19.082
17.047
16.292
18.022
17.257
17.266
19.743
21.015
16.714
17.033
18.479
16.803
16.099
16.960
14.792
20.983
19.718
18.582
17.416
16.392
17.352
16.579
16.471
19.104
16.958
17.173
18.176
17.838
16.806
17.138
16.521
16.200
17.951
17.693
17.881
18.741
17.336
17.658
16.968
16.379
15.608
17.023
15.170
19.162
17.219
16.103
16.261
16.480
18.600
18.707
18.682
15.609
16.721
17.887
18.082
18.118
17.518
18.774
17.407
15.619
15.902
15.513
17.230
16.582
16.776
15.516
17.889
13.018
17.150
17.919
17.867
18.721
15.990
14.056
15.134
15.918
15.475
17.648
16.728
16.082
16.243
15.875
17.637
16.745
18.069
16.368
17.490
17.514
17.827
20.039
17.228
17.495
17.046
15.981
18.171
16.874
16.743
18.022
17.150
17.480
15.767
17.305
16.718
14.464
14.944
16.056
17.726
19.348
15.227
16.943
16.934
16.985
16.349
17.027
17.391
15.484
18.036
15.124
18.077
18.063
16.958
17.273
16.070
16.374
15.485
17.587
17.120
13.566
14.731
14.684
17.021
15.969
18.083
14.156
17.836
15.132
17.790
16.978
14.833
16.850
17.383
17.271
16.720
15.266
18.362
14.817
16.004
17.644
15.161
17.815
15.406
16.257
17.077
16.596
15.561
16.592
15.113
19.568
17.882
16.972
17.417
17.064
16.065
15.478
16.409
18.901
17.355
118.629
16.900
16.817
16.111
17.056
17.135
17.003
17.326
15.776
16.605
17.521
18.639
16.988
18.252
19.300
19.795
22.219
20.589
18.024
19.971
18.544
18.129
19.503
19.848
19.357
18.627
17.085
17.611
17.269
17.127
16.206
16.239
20.381
17.224
15.625
17.088
17.670
