16.158
17.362
15.364
14.683
16.397
13.844
15.774
17.077
17.497
19.157
17.052
16.484
17.284
16.933
19.127
18.112
16.685
16.440
28.218
16.078
16.499
17.194
17.494
19.579
16.540
60.212
23.238
32.618
22.462
17.514
16.026
15.650
21.268
15.845
21.284
22.691
18.377
20.136
17.805
17.978
18.010
17.293
16.151
18.936
19.188
20.016
18.451
17.514
45.565
4.531
17.702
18.245
17.027
16.321
16.161
15.493
17.415
16.910
17.528
16.798
19.078
18.648
14.252
17.974
16.376
15.200
16.140
16.566
16.063
14.334
14.703
14.408
15.985
16.007
16.260
16.441
19.763
17.486
17.716
16.488
15.968
16.581
16.368
15.891
15.769
15.890
16.817
16.595
18.116
14.118
16.986
16.596
16.702
16.350
15.912
15.748
16.193
19.525
20.252
16.102
15.865
17.693
17.062
15.523
15.943
15.533
14.867
15.556
15.867
16.532
16.585
17.623
16.581
14.883
16.294
15.790
15.856
15.744
15.814
16.214
15.359
15.421
14.880
25.928
18.402
17.155
16.386
18.274
15.725
15.489
15.399
2.360
15.799
15.675
15.565
15.866
16.670
17.643
17.925
17.922
18.732
18.192
18.123
16.122
15.466
15.991
16.521
15.641
17.618
14.965
27.709
27.671
17.587
17.647
18.432
22.661
21.661
16.083
16.353
17.556
15.907
15.909
16.567
14.901
17.628
17.916
17.834
17.883
16.330
18.586
15.684
15.335
15.071
16.372
17.060
17.686
15.923
15.369
16.932
