15.786
12.428
11.780
11.944
12.903
12.854
14.166
77.621
13.286
31.312
15.106
13.859
12.610
14.352
13.652
15.358
13.701
13.027
12.472
12.159
12.056
12.234
13.864
12.485
14.266
12.769
20.237
13.236
13.208
13.170
12.507
13.765
12.195
11.584
12.238
14.912
14.270
13.959
13.567
13.339
13.182
13.337
12.510
12.489
12.753
12.581
17.101
14.463
12.341
14.965
14.689
14.301
13.537
13.057
12.878
12.751
12.794
12.702
9.589
12.879
12.519
15.247
14.203
11.370
12.049
12.527
12.430
12.660
12.699
13.411
11.833
11.889
11.481
12.837
12.082
13.195
12.545
15.732
12.687
12.760
12.049
13.303
12.864
12.764
12.570
13.804
12.366
14.654
15.037
13.731
13.315
13.486
13.457
13.111
13.118
13.221
12.953
12.734
12.722
13.505
13.459
13.789
13.110
12.968
12.589
13.628
12.832
13.600
11.939
12.667
12.630
13.450
12.570
12.855
13.365
14.421
12.337
12.728
12.473
12.289
13.303
12.920
13.383
12.227
12.530
12.059
13.479
13.338
13.593
13.318
13.453
13.145
12.595
13.617
12.998
13.195
12.953
13.621
13.474
12.687
13.791
14.593
15.140
14.072
13.785
14.554
15.716
12.549
12.383
13.345
12.945
12.360
13.269
12.711
13.427
13.144
14.997
14.261
13.786
15.388
18.132
13.635
13.485
13.039
13.237
13.728
13.255
13.834
14.767
14.940
14.073
12.619
12.803
19.807
12.642
13.543
11.931
13.281
13.633
13.065
12.996
13.211
12.991
