17.418
17.173
16.734
17.007
18.086
19.434
16.852
17.986
18.175
16.725
16.515
17.682
16.915
18.194
19.319
17.048
16.508
15.468
15.823
15.385
18.328
16.230
16.388
16.033
24.275
21.152
19.110
18.389
16.420
15.347
15.438
19.088
20.274
20.761
19.571
18.994
18.130
18.448
16.198
16.642
16.326
16.146
20.714
19.833
18.094
18.925
18.613
17.625
17.504
16.199
16.881
15.439
21.731
16.973
15.896
16.187
15.907
17.790
18.026
15.827
16.619
17.066
15.599
15.833
16.577
16.852
15.722
15.210
15.110
17.354
16.981
17.674
18.044
19.899
18.031
18.253
22.878
24.210
17.249
16.548
15.784
16.458
15.815
19.944
20.873
18.832
18.964
19.188
18.620
18.855
16.799
16.853
15.993
16.276
16.312
16.320
17.549
17.313
17.058
17.499
16.694
17.950
15.997
15.781
24.018
23.786
15.463
15.820
16.174
16.418
17.942
17.911
16.721
17.077
17.424
20.378
15.962
16.186
15.907
16.342
15.990
17.246
19.674
19.270
18.486
17.843
17.090
16.704
16.501
16.884
16.018
16.103
15.377
15.707
16.099
19.391
20.649
17.768
17.349
16.810
16.476
16.142
16.858
16.121
16.269
16.665
16.738
15.812
16.580
16.677
20.276
17.411
18.357
20.254
19.509
16.504
16.409
18.653
16.186
16.992
17.408
16.849
19.378
18.274
16.499
17.270
17.031
23.059
15.821
15.885
16.075
17.588
17.533
15.360
16.671
17.331
16.120
