83.228
81.021
85.505
86.138
82.521
82.010
81.658
85.582
85.924
82.370
80.779
82.858
83.846
80.123
81.299
80.559
83.987
89.359
87.944
84.361
84.705
84.601
79.449
82.633
86.985
85.348
85.449
83.818
33.716
59.904
84.641
86.566
83.067
81.327
79.352
81.777
80.543
76.543
84.199
88.951
78.848
76.521
85.516
84.772
84.529
83.517
87.075
88.601
77.123
83.735
82.189
77.174
82.311
83.550
84.990
84.007
81.237
80.655
81.214
80.839
69.295
69.219
84.138
84.260
82.891
83.410
83.040
82.565
81.183
80.918
80.097
75.932
77.305
77.494
64.456
64.898
84.541
83.300
84.587
82.367
83.467
79.784
81.154
77.904
78.779
73.412
85.438
85.173
82.606
81.150
84.297
84.000
85.614
81.157
80.328
81.826
81.564
81.114
82.755
83.664
85.025
84.429
83.927
86.905
84.351
81.334
81.767
78.717
79.080
78.892
79.582
79.696
81.606
87.413
86.296
96.051
86.223
85.179
84.881
80.397
79.247
75.907
76.232
77.548
73.052
56.506
79.667
78.573
82.691
82.163
81.144
79.278
76.945
76.331
80.179
79.404
81.536
80.666
78.054
80.048
83.854
89.295
87.365
83.690
82.792
82.200
82.233
81.238
80.470
77.368
77.545
71.982
82.217
83.428
88.322
78.775
79.596
90.778
73.946
73.325
72.873
74.536
73.218
72.416
71.522
86.734
77.573
77.324
73.723
74.435
74.696
74.615
74.448
71.684
83.939
73.704
75.127
72.388
71.581
70.633
