96945450
96945541
96970844
96970943
96997388
96997511
97023746
97023868
97050122
97050226
97077017
97077107
97104021
97126084
97129845
97129938
97157323
97157425
97184222
97184313
97211975
97242826
97242921
97272545
97272645
97299658
97299781
97328121
97331005
97360191
97360293
97386980
97412758
97412852
97441043
97441145
97451628
97469027
97469135
97497494
97497616
97498362
97565275
97590822
97590923
97617153
97617244
97642691
97642784
97660787
97669888
97670000
97679727
97698725
97728627
97728704
97754119
97754205
97779784
97779889
97788769
97806060
97806150
97833519
97833622
97834446
97864076
97896367
97929919
97929987
97961155
97961210
97986924
97987014
98012210
98012289
98012968
98039396
98039497
98071140
98071313
98133397
98133543
98195257
98195403
98257297
98257446
98319955
98320107
98392846
98392969
98462709
98532464
98532596
98597836
98597988
98657923
98658078
98680359
98680362
98703189
98731908
98761698
98791098
98791178
98817235
98817316
98844489
98844570
98845760
98861739
98877457
98877533
98917795
98917889
99000251
99000334
99033317
99033392
99035281
99062508
99062604
99093587
99125779
99125863
99164419
99164524
99203337
99203415
99239310
99239392
99274969
99275047
99322759
99344021
99344114
99388211
99388280
99429090
99429165
99466080
99466149
99491420
99505125
99505198
99536056
99536136
99549057
99566994
99567076
99595354
99595406
99619661
99620898
99620972
99638871
99651797
99651866
99664053
99680996
99681060
99711640
99711742
99711881
99742327
99742401
99771461
99771540
99799548
99799613
99827874
99827934
99855668
99855731
99883487
99883551
99911232
99911305
99939036
99939099
99967423
99967495
