96945542
96970850
96997393
96997515
97023753
97023875
97050123
97077023
97077108
97126081
97129846
97129934
97157318
97157427
97184224
97184310
97211882
97211974
97242820
97242922
97272651
97299650
97299783
97328224
97331002
97360194
97360298
97386982
97387095
97412757
97412849
97441143
97451622
97469030
97469139
97497495
97497619
97498359
97529775
97529845
97565198
97565282
97590825
97590927
97617156
97617245
97642687
97642786
97660779
97669894
97669999
97698721
97728703
97754124
97754202
97779782
97779879
97788745
97806063
97806148
97833521
97833624
97834435
97863975
97864074
97896369
97896442
97929913
97929984
97961157
97961215
97986914
97987006
98012295
98012963
98039401
98039499
98133398
98133549
98195255
98195399
98257304
98257453
98319954
98392845
98392974
98462714
98532467
98532591
98597835
98597990
98657925
98658081
98703193
98731909
98731991
98761693
98791094
98791181
98817320
98844481
98844564
98845747
98877456
98877536
98917800
98917888
98957738
98957820
99000257
99000333
99033316
99033389
99035278
99062515
99062603
99093494
99093585
99125786
99125857
99164413
99164518
99203335
99203416
99239314
99239393
99274972
99275046
99322756
99344017
99344117
99388218
99388287
99429092
99429169
99466076
99466152
99491417
99505134
99505197
99536058
99536134
99549054
99567000
99567080
99595364
99595414
99620902
99620980
99651807
99651868
99664048
99681002
99681067
99711639
99711735
99711878
99742328
99742397
99771464
99771539
99799549
99799611
99827876
99827939
99855667
99855734
99883482
99883549
99911233
99911309
99939044
99939100
99967425
99967493
