79.447
81.035
73.971
74.597
80.672
77.013
79.412
80.513
81.366
82.141
78.480
77.579
77.166
75.866
79.283
79.123
76.493
78.208
78.280
77.850
80.233
83.345
82.902
78.065
80.355
76.885
75.515
83.728
77.168
81.643
81.859
81.961
79.158
80.226
78.479
77.269
76.246
75.323
73.209
80.589
79.669
83.170
79.790
79.882
80.027
78.532
79.160
81.217
80.772
90.651
81.554
85.203
83.319
82.376
82.879
80.445
81.644
84.090
82.459
91.149
81.076
78.615
84.219
79.056
84.085
83.606
78.351
77.511
76.367
78.544
76.273
81.185
81.169
78.412
77.908
76.163
80.205
80.915
78.845
77.134
77.875
78.930
75.022
76.937
87.537
86.054
84.541
84.196
82.747
78.585
81.256
83.879
82.763
80.513
79.388
33.716
59.904
80.466
82.786
79.103
78.782
77.509
79.367
78.784
74.364
81.431
87.639
77.708
75.304
82.979
81.645
81.634
80.697
83.957
85.940
76.508
81.164
79.020
76.214
79.646
80.698
82.044
81.209
78.273
79.052
79.639
79.256
67.419
67.460
83.019
82.604
81.219
81.298
80.938
80.192
78.782
80.021
79.205
70.881
76.379
76.928
64.792
65.225
80.607
82.565
84.455
81.653
82.874
80.150
80.534
78.415
79.293
75.486
82.787
82.226
80.774
79.831
80.194
83.397
83.964
78.941
78.450
79.671
79.597
79.107
80.769
83.482
84.806
81.961
85.801
86.241
84.675
83.128
82.781
81.032
81.060
