13.543
13.358
13.059
13.245
14.274
12.648
13.193
13.027
12.755
12.651
12.679
11.843
12.312
12.431
12.251
12.280
13.119
12.519
12.419
13.526
12.475
13.018
12.603
13.386
13.174
13.654
13.432
12.235
17.005
13.631
13.072
12.520
13.421
13.084
12.965
10.490
14.204
13.517
14.520
13.136
12.781
13.464
13.039
12.296
13.329
13.983
12.659
13.717
13.115
13.582
14.077
15.699
14.367
14.309
13.025
12.622
12.097
12.073
12.851
13.450
14.000
12.955
12.157
15.317
13.361
12.887
13.530
12.010
12.038
13.119
12.204
12.660
12.652
15.690
12.204
11.351
11.545
12.460
10.485
13.773
79.154
12.888
13.785
14.837
13.555
12.316
14.125
13.344
15.067
13.397
12.757
12.210
11.849
11.614
11.795
13.691
12.252
14.013
12.522
19.922
12.834
12.816
12.752
12.131
12.592
11.837
11.217
11.871
14.451
13.792
13.228
13.070
12.847
12.671
12.828
11.941
11.911
12.250
12.132
16.719
13.999
11.692
14.657
14.356
13.669
13.130
12.660
12.469
12.308
12.295
12.159
9.589
12.391
12.030
14.645
13.469
11.045
11.838
12.317
12.247
12.521
12.615
13.356
11.629
11.695
11.169
12.639
13.284
12.766
12.339
10.570
12.553
12.596
11.934
13.258
12.797
12.671
12.466
13.715
12.152
14.362
14.732
13.312
12.922
13.152
13.297
12.934
12.919
13.069
12.832
12.591
12.444
13.229
13.037
13.323
12.728
12.640
12.525
13.600
12.745
13.451
11.802
12.501
