16.188
16.979
15.884
15.154
16.564
15.990
17.050
19.141
17.672
16.790
14.957
17.011
14.620
17.093
15.349
16.305
15.241
16.303
15.525
15.740
14.418
15.151
15.004
16.450
14.998
17.347
16.451
16.444
17.881
16.092
21.533
18.473
16.264
15.330
16.058
13.415
16.667
15.903
18.991
17.346
15.989
22.936
18.043
22.512
16.310
16.395
17.378
15.809
17.059
16.596
19.112
18.234
17.317
18.020
16.106
18.352
16.680
16.837
15.068
15.625
17.219
15.964
18.053
16.204
14.186
15.497
15.223
17.219
15.856
15.354
16.105
17.337
15.477
14.759
16.354
13.685
15.855
17.199
17.391
19.103
16.861
16.412
17.150
16.752
18.996
17.915
16.527
16.208
16.408
15.759
17.078
17.372
19.538
16.454
60.212
23.238
32.854
22.492
17.454
16.160
15.758
21.268
15.715
26.827
24.731
18.684
21.209
19.291
17.854
17.484
17.339
16.176
19.118
19.372
20.385
18.744
17.782
45.565
4.531
17.842
18.391
17.174
16.428
16.183
15.498
17.267
16.894
17.599
16.842
19.034
18.537
14.105
17.666
16.045
15.069
16.038
16.516
15.952
14.225
14.607
14.434
15.907
15.525
15.905
16.104
15.190
17.565
17.800
15.993
15.950
16.301
16.078
15.521
15.418
15.290
15.413
15.947
16.449
17.964
14.364
16.844
16.483
16.535
16.201
15.927
15.743
16.012
16.272
19.475
20.192
16.146
15.915
17.731
16.817
15.541
15.905
15.480
14.838
