14.886
16.691
15.888
17.202
16.442
16.020
16.415
18.407
18.050
18.033
19.545
27.657
25.760
16.264
15.559
16.290
16.481
15.537
25.464
17.224
16.599
17.693
17.837
16.863
17.100
16.695
18.184
16.507
16.323
16.167
16.117
16.563
15.875
16.902
19.840
17.959
22.090
16.093
21.248
18.640
16.759
17.381
16.313
15.709
15.168
17.138
18.202
18.268
17.730
17.803
18.782
19.053
18.119
16.481
16.073
17.757
17.309
17.364
18.523
17.720
19.810
19.405
20.383
19.644
20.011
16.336
19.007
19.759
16.537
16.091
15.948
18.607
16.789
18.676
18.971
18.693
18.367
17.477
16.047
16.321
15.836
17.259
16.956
17.842
15.985
18.183
16.711
21.405
17.494
16.713
16.038
17.265
16.267
16.363
16.495
17.050
16.805
17.632
15.883
17.176
19.048
16.533
17.568
18.724
17.477
16.795
15.964
16.189
16.113
18.577
17.352
16.166
18.505
16.466
18.561
16.230
17.090
16.113
