3.255
12.316
12.989
26.907
0.000
14.084
0.000
46.333
13.554
14.876
15.760
16.339
17.360
15.257
25.130
13.539
15.399
14.395
14.203
14.654
15.155
15.440
14.973
15.932
15.550
16.012
32.685
7.981
16.305
14.496
14.059
14.830
14.056
14.247
13.820
10.959
15.710
16.218
23.966
16.890
9.785
2.003
2.836
15.885
20.742
14.506
17.474
36.764
16.071
14.664
15.209
13.589
14.523
14.332
13.872
15.980
16.370
15.377
14.190
15.827
13.385
14.026
13.797
14.679
16.840
14.583
15.112
19.108
15.466
11.582
10.561
16.409
18.226
17.424
20.218
15.603
17.812
14.748
15.211
21.545
14.582
16.020
14.944
15.588
13.670
16.504
16.561
15.619
18.994
13.734
16.571
14.345
14.455
13.448
15.347
16.048
14.206
13.453
18.474
14.813
14.229
13.934
16.022
14.765
15.091
14.666
13.540
14.209
17.054
14.892
14.767
20.226
14.361
14.267
17.297
15.746
15.925
17.328
15.353
16.562
18.216
14.279
16.086
17.181
19.580
16.257
16.227
14.856
15.298
15.733
