12.075
2.526
12.435
2.072
11.837
16.916
23.575
12.377
12.705
12.530
13.707
6.778
15.145
14.373
14.368
21.876
12.469
12.931
12.653
13.985
12.760
13.060
12.530
14.044
13.499
14.312
12.952
11.467
8.108
14.019
12.993
12.447
12.630
12.944
11.944
12.631
14.967
13.206
17.706
12.884
16.072
13.458
13.434
13.745
13.014
12.417
12.657
12.982
13.399
13.414
14.232
13.510
13.103
14.593
12.371
13.978
13.351
14.816
13.943
14.624
11.818
8.621
16.235
14.468
14.839
15.460
17.850
15.502
14.301
15.071
12.641
11.857
13.138
12.260
0.000
13.258
13.503
13.314
15.806
12.543
15.295
14.692
13.683
13.683
13.559
12.304
12.818
12.944
12.448
12.512
13.288
12.795
13.817
12.591
14.662
15.016
13.325
12.342
13.137
13.321
13.566
12.553
15.839
12.635
13.461
13.366
15.174
13.105
12.950
13.898
12.111
13.804
13.176
12.593
13.765
15.121
13.696
14.621
14.125
14.093
13.637
13.185
13.692
