93570146
93570164
93570169
93573435
93573475
93573510
93573547
93573712
93573736
93573753
93573772
93573786
93574019
93574105
93574127
93574130
93574148
93574166
93574168
93574254
93574391
93574412
93577624
93577626
93577646
93577713
93578065
93578241
93578306
93578308
93578337
93578363
93578364
93578387
93578388
93578416
93578435
93578471
93578697
93578913
93578989
93770278
93770472
93770536
93770606
93770674
93770691
93770708
93770711
93770728
93770744
93770923
93770943
93770964
93771215
93771324
93771356
93771378
93771405
93771408
93771430
93775899
93776151
93776161
93776405
93776480
93776482
93776512
93776513
93776556
93776594
93776629
93776667
93776688
93776858
93776878
93777114
93777276
93777290
93777344
93777369
93780750
93780767
93780785
93780802
93780824
93780846
93780847
93780922
93781198
93781379
93781455
93781474
93781494
93781510
93781525
93781527
93781641
93781661
93781850
93781865
93786627
93786645
93786662
93786664
93786685
93786878
93787114
93787214
93787218
93787222
93787319
93787337
93787351
93787368
93787382
93787398
93787530
93787774
93787912
93791534
93791596
93791616
93791631
93791650
93791665
93791696
93791729
93791959
93791970
93792188
93792193
93792257
93792274
93792294
93792296
93792314
93792334
93792349
93792364
93795809
93796070
93796233
93796286
93796301
93796314
93796329
93796344
93796359
93796376
93796576
93796806
93796893
93796894
93796913
93796928
93796942
93796945
93796961
93796980
93801938
93802201
93802376
93802425
93802447
93802470
93802490
93802492
93802514
93802534
93802561
93802570
93802577
93802816
93803035
93803104
93803121
93803123
93803126
93803139
93807127
93807146
93807162
93807184
93807187
93807337
93807577
93807706
93807731
93807758
93807774
93807776
93807793
93807814
93807841
93807916
93807928
93808183
93808354
93808408
93811219
93811239
93811257
93811277
93811402
93811651
93811806
93811808
93811837
93811840
93811843
93811845
93811847
93811867
93811887
93811906
93811909
93811932
93811950
93812072
93816672
93816689
93816702
93816716
93816717
93816733
93816859
93817113
93817257
93817287
93817302
93817318
93817333
93817350
93817364
93817408
93817650
93817842
93817911
93817927
93821573
93821592
93821607
93821625
93821641
93821644
93821660
93821676
93821847
93822083
93822211
93822214
93822241
93822244
93822266
93822289
93822306
93822324
93822341
93822342
93825539
93825554
93825644
93825904
93826067
93826075
93826102
93826103
93826117
93826133
93826147
93826149
93826163
93826177
93826178
93826180
93826246
93826523
93826540
93826551
93830459
93830461
93830479
93830553
93830833
93831002
93831054
93831056
93831076
93831077
93831094
93831096
93831115
93831130
93831147
94077357
94205026
94205301
94205321
94205331
94205474
94205509
94205525
94205527
94205550
94205568
94205586
94205603
94205658
94205667
94205922
94206111
94206262
94206428
94206646
94212061
94212076
94212093
94212094
94212112
94212146
94212164
94212270
94212526
94212536
94212553
94212684
94212711
94212729
94212744
94212762
94212763
94212783
94212798
94216766
94216768
94216791
94216811
94216869
94217119
94217314
94217377
94217398
94217421
94217440
94217459
94217460
94217479
94217499
94217507
94217703
94217938
94218040
94221227
94221239
94221366
94221371
94221397
94221414
94221432
94221447
94221464
94221478
94221546
94221800
94221814
94221825
94221984
94222020
94222035
94222037
94222053
94228203
94228220
94228238
94228353
94228615
94228756
94228787
94228807
94228821
94228837
94228854
94228927
94229020
94229257
94229447
94229459
94229535
94229559
94229577
94234387
94234417
94234431
94234445
94234458
94234473
94234488
94234513
94234726
94234950
94235036
94235074
94235076
94235092
94235108
94235124
94235139
94235255
94235395
94238605
94238607
94238625
94238644
94238663
94238756
94238774
94239026
94239192
94239197
94239258
94239259
94239282
94239326
94239416
94239431
94239449
94239451
94239452
94244636
94244821
94245049
94245179
94245204
94245222
94245240
94245242
94245243
94245259
94245274
94245314
94245477
94245491
94245506
94245757
94245770
94245911
94245948
94250110
94250161
94250230
94250232
94250300
94250318
94250334
94250352
94250373
94250567
94250800
94250903
94250922
94250944
94250961
94250979
94250997
94251014
94251113
94254881
94254902
94254922
94254942
94254962
94254977
94254979
94255073
94255320
94255498
94255505
94255512
94255538
94255557
94255578
94255581
94255598
94255601
94255603
94260829
94260844
94260846
94260858
94260861
94260876
94260877
94260906
94261113
94261332
94261416
94261433
94261450
94261465
94261468
94261483
94261500
94261515
94266141
94266143
94266161
94266177
94266181
94266182
94266200
94266211
94266227
94266361
94266622
94266631
94266759
94266783
94266784
94266788
94613117
94613154
94613163
94613403
94613579
94613623
94613627
94613635
94613636
94613642
94613649
94613655
94613663
94613843
94614077
94614159
94614170
94614174
94614181
94618729
94618739
94618748
94618753
94618754
94618770
94618963
94619184
94619260
94619267
94619294
94619500
94619679
94619815
94619829
94619934
94619954
94620208
94620335
94623527
94623534
94623543
94623600
94623847
94624042
94624095
94624096
94624105
94624125
94624146
94624169
94624191
94624221
94624413
94624651
94624753
94624776
94624793
94627700
94627706
94627709
94627731
94627750
94627783
94627987
94628197
94628265
94628276
94628279
94628293
94628296
94628311
94628312
94628315
94628325
94628327
94628335
94633742
94633761
94633952
94634123
94634355
94634511
94634533
94634543
94634552
94634555
94634721
94634952
94635052
94635058
94635059
94635060
94635061
94635062
94635064
94637812
94637830
94637844
94637857
94637871
94637879
94637899
94637927
94638156
94638367
94638451
94638480
94638502
94638505
94638527
94638529
94638550
94638559
94638564
94641565
94641569
94641676
94641693
94641934
94642065
94642077
94642078
94642083
94642084
94642085
94642091
94642096
94642102
94642103
94642106
94642107
94642198
94645573
94645582
94645588
94645591
94645594
94645599
94645602
94645697
94645945
94646095
94646119
94646129
94646138
94646150
94646163
94646173
94646199
94646408
94646620
94649263
94649511
94649627
94649637
94649645
94649652
94649659
94649665
94649671
94649722
94649964
94650134
94650141
94650179
94650188
94650189
94650190
94650197
94650212
94653284
94653292
94653294
94653303
94653312
94653323
94653478
94653724
94653842
94653875
94653882
94653893
94653901
94653911
94653923
94654037
94654288
94654430
94654437
94656758
94656759
94656867
94657108
94657255
94657261
94657274
94657277
94657281
94657287
94657288
94657290
94657294
94657342
94657581
94657748
94657800
94657808
94660013
94660039
94660253
94660265
94660466
94660472
94660523
94660530
94660537
94660549
94660553
94660561
94660566
94660716
94660728
94660962
94660975
94661076
94661090
94663335
94663342
94663343
94663344
94663349
94663511
94663521
94663752
94663841
94663842
94663844
94663845
94663849
94663853
94663854
94663860
94663863
94663870
94666536
94666545
94666552
94666561
94666647
94666891
94666906
94667059
94667073
94667084
94667091
94667096
94667107
94667115
94667135
94667144
94667362
94667566
94667575
94669939
94669943
94670115
94670131
94670356
94670366
94670436
94670438
94670439
94670441
94670445
94670451
94670460
94670465
94670568
94670584
94670600
94670626
94670862
95075327
95075396
95075643
95075785
95075836
95075845
95075851
95075908
95075963
95075966
95075979
95076177
95076403
95076411
95076491
95076492
95076499
95076509
95076526
95076546
95080063
95080064
95080115
95080357
95080371
95080543
95080597
95080618
95080637
95080639
95080642
95080664
95080679
95080693
95080716
95080919
95081239
95081503
95081519
95081627
95084678
95084696
95084888
95084956
95084982
95085010
95085020
95085022
95085031
95085034
95085036
95085038
95085047
95085068
95085077
95085291
95085498
95085563
95085565
95087846
95087847
95087854
95087858
95087860
95087863
95087864
95087914
95088156
95088329
95088374
95088380
95088391
95088409
95088424
95088429
95088437
95088598
95088839
95088940
95091729
95091731
95091878
95092110
95092128
95092226
95092228
95092235
95092245
95092250
95092259
95092260
95092266
95092267
95092269
95092275
95092389
95092403
95092648
95092774
95095413
95095573
95095614
95095623
95095627
95095628
95095629
95095634
95095639
95095647
95095666
95095877
95096087
95096154
95096165
95096170
95096275
95096282
95096292
95096295
95099241
95099247
95099250
95099340
95099357
95099606
95099737
95099741
95099754
95099756
95099761
95099765
95099770
95099823
95099911
95100143
95100331
95100340
95100344
95103290
95103294
95103295
95103307
95103316
95103417
95103435
95103444
95103454
95103571
95103814
95103823
95103948
95103951
95103953
95103970
95103971
95103972
95103984
95103994
95107061
95107062
95107063
95107069
95107077
95107121
95107134
95107246
95107487
95107658
95107705
95107712
95107718
95107727
95107737
95107739
95107740
95107746
95107761
95107962
95110871
95110873
95111019
95111262
95111279
95111380
95111393
95111394
95111396
95111403
95111411
95111423
95111432
95111440
95111521
95111770
95111784
95111929
95111962
95111969
95114587
95114829
95114845
95115004
95115030
95115035
95115038
95115039
95115043
95115046
95115047
95115053
95115070
95115268
95115484
95115551
95115559
95115564
95115568
95115574
95118322
95118333
95118564
95118749
95118800
95118807
95118808
95118810
95118821
95118823
95118831
95118842
95118849
95118850
95118867
95118875
95119086
95119102
95119286
95119361
95121818
95122024
95122080
95122084
95122087
95122093
95122100
95122104
95122109
95122235
95122251
95122483
95122598
95122607
95122612
95122614
95122618
95122619
95122623
95122625
95125504
95125506
95125524
95125526
95125528
95125529
95125629
95125890
95126057
95126092
95126094
95126113
95126129
95126147
95126166
95126185
95126274
95126530
95126701
95234874
95234877
95234884
95234885
95234894
95234895
95234896
95234900
95234905
95234910
95234926
95235129
95235344
95235415
95235425
95235430
95235431
95235433
95235438
95235447
95238506
95238507
95238515
95238522
95238523
95238531
95238554
95238765
95238780
95238980
95239037
95239039
95239044
95239052
95239158
95239166
95239167
95239176
95239177
95239186
95242520
95242743
95242829
95242843
95242858
95242872
95242883
95242894
95242990
95243221
95243413
95243474
95243475
95243476
95243488
95243490
95243494
95243504
95243513
95243523
95246505
95246506
95246510
95246513
95246515
95246665
95246900
95246910
95246921
95247107
95247109
95247119
95247123
95247127
95247130
95247131
95247133
95247135
95247139
95247256
95250064
95250070
95250080
95250087
95250088
95250243
95408265
95408266
95408267
95408272
95408281
95408336
95408468
95408479
95408718
95408859
95408908
95408917
95408924
95408930
95408936
95408938
95408946
95408979
95408984
95408994
95412483
95412489
95412493
95412508
95412536
95412786
95412804
95412821
95413010
95413051
95413064
95413067
95413068
95413073
95413082
95413083
95413090
95413095
95413205
95413396
95416722
95416846
95416864
95416971
95416983
95416990
95416991
95417003
95417016
95417018
95417019
95417103
95417117
95417366
95417517
95417545
95417558
95417560
95417566
95417579
95420493
95420494
95420497
95420637
95420870
95420991
95421006
95421014
95421021
95421022
95421032
95421034
95421129
95421143
95421208
95421458
95421634
95421669
95421670
95421680
95424824
95424832
95424838
95424845
95424851
95424856
95424972
95425211
95425349
95425351
95425375
95425381
95425382
95425383
95425384
95425385
95425386
95425392
95425396
95425400
95428305
95428537
95428749
95428814
95428838
95428852
95428859
95428861
95428872
95428881
95428890
95429031
95429274
95429286
95429415
95429425
95429427
95429428
95429439
95429440
95432459
95432466
95432660
95432679
95432889
95432950
95432951
95432958
95432960
95432965
95432971
95432978
95432983
95432984
95432987
95433168
95433189
95433395
95433487
95433493
95436367
95436372
95436379
95436383
95436471
95436719
95436869
95436902
95436915
95436921
95436926
95436950
95436959
95436960
95437069
95437307
95437321
95437515
95437524
95440432
95440441
95440518
95440524
95440527
95440530
95440536
95440538
95440604
95440735
95440985
95441125
95441142
95441144
95441145
95441155
95441160
95441164
95441167
95441171
95444826
95444832
95444833
95444840
95444846
95444847
95444848
95444858
95444867
95444881
95445099
95445344
95445410
95445415
95445417
95445474
95445532
95445539
95445542
95558180
95558185
95558195
95558205
95558216
95558217
95558218
95558340
95558547
95558763
95558771
95558844
95558852
95558861
95558870
95558877
95558885
95558893
95559006
95559253
95562382
95562388
95562398
95562402
95562409
95562411
95562412
95562427
95562627
95562874
95562959
95562960
95562971
95562984
95562994
95562996
95562997
95563006
95563016
95563100
95566737
95566738
95566746
95566747
95566758
95566763
95566769
95566929
95567161
95567174
95567182
95567193
95567278
95567287
95567303
95567315
95567321
95567328
95567333
95570192
95570194
95570206
95570219
95570294
95570545
95570704
95570747
95570757
95570765
95570773
95570780
95570786
95570805
95570996
95571219
95571305
95571317
95571327
95571334
95574219
95574224
95574229
95574235
95574236
95574240
95574277
95574504
95574699
95574744
95574747
95574748
95574751
95574754
95574760
95574768
95574769
95574774
95574947
95575183
95578594
95578740
95578767
95578778
95578779
95578789
95578798
95578808
95578816
95578847
95579077
95579093
95579274
95579326
95579342
95579343
95579345
95579351
95579358
95579365
95582092
95582134
95582137
95582146
95582147
95582156
95582161
95582162
95582163
95582167
95582186
95582388
95582600
95582605
95582666
95582670
95582674
95582677
95582678
95582681
95585405
95585454
95585693
95585870
95585917
95585918
95585919
95585935
95585936
95585937
95585941
95585943
95585948
95585949
95585950
95585962
95585970
95586025
95586035
95586292
95588758
95588969
95589170
95589185
95589246
95589248
95589253
95589258
95589260
95589263
95589266
95589272
95589416
95589429
95589668
95589766
95589773
95589779
95589782
95589787
95592798
95593047
95593147
95593148
95593162
95593171
95593179
95593180
95593187
95593194
95593195
95593200
95593325
95593347
95593618
95593740
95593760
95593770
95593771
95593780
95596588
95596596
95596774
95597037
95597154
95597165
95597176
95597184
95597185
95597190
95597197
95597205
95597278
95597525
95597691
95597727
95597728
95597736
95597743
95597752
95600758
95600771
95601017
95601146
95601156
95601162
95601168
95601175
95601178
95601181
95601214
95601433
95601622
95601671
95601674
95601678
95601688
95601689
95601691
95603861
95604249
95605041
95605060
95605077
95605078
95605124
95605355
95605536
95605587
95605588
95605592
95605599
95605600
95605607
95605617
95605632
95605633
95605654
95605854
95606085
95606161
95607353
95609140
95609383
95609396
95609406
95609498
95609500
95609510
95609511
95609520
95609521
95609522
95609530
95609536
95609537
95609538
95609539
95609540
95609541
95609549
95609569
95613832
95613834
95614010
95614300
95614633
95614920
95615049
95615129
95615143
95615151
95615171
95615177
95615303
95615319
95615687
95615700
95615973
95616120
95616248
95616420
95623678
95623705
95623706
95623715
95623716
95623983
95624326
95912842
95912843
95912844
95912845
95912847
95912852
95912853
95912855
95912861
95912863
95912868
95913052
95913066
95913285
95913361
95913367
95913369
95913372
95913373
95913374
95916356
95916363
95916369
95916409
95916645
95916825
95916874
95916881
95916891
95916898
95916901
95916909
95916910
95916916
95916933
95916937
95916943
95917163
95917359
95917428
95920262
95920273
95920282
95920283
95920290
95920295
95920300
95920307
95920378
95920626
95920784
95920817
95920822
95920831
95920837
95920838
95920845
95920851
95920884
95921096
95924383
95924384
95924392
95924394
95924395
95924402
95924409
95924418
95924424
95924458
95924698
95924920
95924925
95924980
95924981
95924984
95924987
95924989
95925000
95925012
95927722
95927725
95927729
95927732
95927735
95927827
95928072
95928251
95928262
95928267
95928270
95928277
95928280
95928285
95928286
95928317
95928539
95928557
95928746
95928751
95931587
95931591
95931597
95931601
95931605
95931606
95931679
95931690
95931706
95931960
95931972
95932111
95932115
95932123
95932129
95932135
95932137
95932142
95932143
95932145
95934667
95934781
95934804
95934805
95934810
95934817
95934820
95934825
95934829
95934830
95934897
95935144
95935152
95935308
95935335
95935345
95935346
95935351
95935359
95935360
95938478
95938479
95938600
95938852
95938859
95938874
95938975
95938990
95939070
95939078
95939079
95939080
95939087
95939093
95939096
95939171
95939183
95939429
95939572
95941763
95941778
95941865
95941878
95942127
95942274
95942302
95942307
95942322
95942323
95942345
95942352
95942356
95942384
95942389
95942611
95942629
95942822
95942876
95942890
95945290
95945505
95945517
95945534
95945727
95945774
95945779
95945789
95945791
95945798
95945804
95945809
95945811
95945820
95945994
95946240
95946322
95946329
95946340
95946352
95949364
95949605
95949614
95949625
95949707
95949715
95949723
95949733
95949747
95949762
95949763
95949774
95949878
95950133
95950284
95950289
95950308
95950309
95950318
95950327
95953150
95953153
95953158
95953164
95953165
95953333
95953353
95953569
95953662
95953676
95953679
95953683
95953688
95953692
95953699
95953774
95953788
95954036
95954182
95954202
95956903
95956910
95956916
95956922
95956928
95956938
95956946
95957071
95957085
95957327
95957442
95957455
95957463
95957468
95957474
95957480
95957482
95957487
95957546
95957554
95960237
95960439
95960456
95960656
95960712
95960716
95960730
95960732
95960738
95960739
95960742
95960743
95960748
95960753
95960767
95960957
95961187
95961260
95961261
95961269
95963535
95963540
95963555
95963750
95963978
95964048
95964051
95964068
95964080
95964082
95964083
95964091
95964099
95964107
95964117
95964259
95964503
95964630
95964647
95964660
96083286
96083299
96083315
96083325
96083337
96083348
96083363
96083498
96083744
96083871
96083892
96083893
96083906
96083915
96084022
96084034
96084042
96084043
96084044
96084116
96087618
96087701
96087804
96087811
96087812
96087819
96087822
96087831
96087843
96087971
96088225
96088377
96088404
96088419
96088423
96088427
96088433
96088439
96088480
96091320
96091326
96091352
96091566
96091578
96091784
96091837
96091882
96091950
96091959
96091964
96091971
96091978
96092115
96092128
96092142
96092384
96092478
96092488
96092494
96095771
96096015
96096029
96096139
96096158
96096165
96096172
96096176
96096178
96096180
96096187
96096251
96096497
96096659
96096684
96096686
96096688
96096689
96096762
96099770
96099776
96099823
96099826
96099842
96099850
96099861
96099862
96099863
96099874
96099883
96099884
96099920
96100154
96100170
96100189
96100365
96100405
96100411
96100413
96103767
96103774
96103836
96104092
96104104
96104261
96104265
96104272
96104300
96104301
96104303
96104333
96104336
96104342
96104360
96104380
96104383
96104397
96104453
96107582
96107591
96107619
96107830
96108060
96108132
96108133
96108138
96108144
96108145
96108151
96108152
96108153
96108161
96108170
96108172
96108186
96108371
96108600
96108692
96111986
96112009
96112028
96112051
96112252
96112489
96112499
96112586
96112608
96112625
96112641
96112658
96112676
96112693
96112812
96113097
96113249
96113251
96113255
96113280
96116522
96116772
96116961
96116991
96116992
96117003
96117009
96117014
96117021
96117027
96117049
96117265
96117279
96117297
96117505
96117559
96117563
96117566
96117567
96117573
96120408
96120415
96120416
96120417
96120491
96120745
96120757
96120918
96120955
96120966
96120976
96120978
96120982
96120993
96120995
96120996
96121004
96121009
96121064
96121306
96123508
96123524
96123732
96123790
96123804
96123808
96123813
96123823
96123828
96123829
96123833
96123975
96124212
96124226
96124333
96124342
96124343
96124350
96124351
96124357
96127086
96127115
96127335
96127542
96127584
96127589
96127592
96127598
96127605
96127611
96127613
96127614
96127615
96127625
96127645
96127655
96128082
96128136
96128142
96128152
96131032
96131034
96131047
96131062
96131063
96131075
96131077
96131079
96131089
96131100
96131249
96131498
96131605
96131619
96131620
96131634
96131635
96131644
96131658
96131659
96132193
96250676
96250831
96250860
96250875
96250912
96250932
96250935
96250956
96250975
96250977
96251039
96251052
96251311
96251495
96251504
96251548
96251550
96251572
96251594
96251613
96255116
96255376
96255386
96255551
96255589
96255610
96255628
96255643
96255659
96255661
96255671
96255673
96255711
96255945
96256158
96256218
96256221
96256235
96256237
96256239
96259458
96259554
96259557
96259576
96259595
96259614
96259632
96259650
96259668
96259787
96259803
96259823
96260077
96260201
96260204
96260227
96260244
96260261
96260278
96260296
96264133
96264162
96264201
96264226
96264286
96264497
96264515
96264757
96264768
96264835
96264932
96264936
96264950
96265004
96265008
96265054
96265068
96265072
96265118
96265139
96269461
96269614
96269638
96269656
96269658
96269660
96269678
96269679
96269698
96269713
96269716
96269718
96269767
96269783
96269929
96270198
96270361
96270367
96270393
96270413
96273390
96273405
96273421
96273437
96273693
96273814
96273833
96273947
96273957
96273958
96273973
96273989
96274005
96274070
96274323
96274504
96274551
96274571
96274586
96274588
96278120
96278121
96278124
96278144
96278146
96278167
96278185
96278205
96278227
96278365
96278583
96278601
96278812
96278903
96278927
96278947
96278951
96278970
96278994
96279014
96282479
96282485
96282509
96282525
96282545
96282563
96282564
96282567
96282568
96282569
96282572
96282583
96282651
96282910
96282925
96283088
96283129
96283139
96283149
96283150
96286086
96286176
96286427
96286444
96286587
96286609
96286617
96286626
96286636
96286637
96286638
96286648
96286658
96286704
96286974
96287155
96287200
96287201
96287208
96289790
96289853
96289854
96289857
96289858
96289859
96289860
96289864
96289868
96289869
96289871
96289876
96289877
96289881
96289882
96289902
96290106
96290310
96290398
96290416
96293418
96293419
96293425
96293438
96293446
96293455
96293458
96293540
96293818
96293975
96293994
96294000
96294006
96294008
96294016
96294017
96294025
96294030
96294061
96294070
96297258
96297525
96297611
96297635
96297656
96297657
96297658
96297660
96297687
96297689
96297690
96297711
96297713
96297741
96297766
96297772
96297779
96298003
96298227
96298319
96301428
96301696
96301805
96301822
96301827
96301833
96301844
96301852
96301867
96301874
96301875
96301954
96302206
96302371
96302377
96302393
96302401
96302402
96302412
96302972
