18.142
16.605
18.868
16.907
17.319
19.698
18.625
17.507
18.439
18.031
16.428
16.513
16.582
16.281
16.904
17.099
17.747
17.622
17.627
24.921
15.216
15.676
16.290
16.479
16.414
16.008
16.512
16.477
16.796
16.194
17.089
16.465
16.445
16.973
16.016
17.530
16.964
20.783
18.856
17.378
16.220
16.439
15.960
17.571
16.319
16.543
16.943
15.257
22.830
20.353
16.102
16.170
16.891
16.369
17.871
16.947
17.595
17.090
18.247
17.587
17.575
19.362
15.392
16.802
17.654
16.826
15.797
17.764
20.287
19.298
17.360
18.407
17.705
17.407
17.775
16.054
15.109
15.777
15.967
17.108
16.868
16.398
16.658
17.667
18.921
16.349
17.273
17.655
16.205
16.084
17.240
16.425
17.688
18.798
16.751
16.212
15.131
15.575
16.079
18.125
16.085
16.221
15.878
23.684
20.628
18.634
17.802
15.878
14.802
15.029
18.573
19.769
20.077
19.064
18.478
17.663
18.049
16.835
16.182
15.920
15.759
20.256
19.359
17.787
18.542
18.234
17.178
17.098
15.816
16.485
15.032
21.226
16.496
15.443
15.740
15.465
17.312
17.554
15.839
16.293
16.720
15.360
15.602
16.338
16.608
15.404
14.918
14.610
16.996
17.513
17.335
17.667
19.691
17.783
18.016
23.220
24.727
16.963
16.314
15.563
16.223
15.694
19.641
20.552
18.465
18.593
18.682
18.268
18.547
16.556
16.638
15.923
16.145
