87.131
93.118
86.948
84.781
82.246
83.963
92.874
91.493
83.164
83.273
87.143
87.152
83.595
84.554
78.415
79.013
84.567
80.409
82.645
84.188
83.963
84.692
82.446
81.206
80.648
81.441
83.227
83.057
78.488
80.713
82.060
81.295
82.269
85.523
84.674
81.831
84.414
80.817
78.934
87.228
78.632
84.467
85.652
85.074
83.282
83.511
82.582
81.401
82.835
77.152
76.289
84.732
83.847
88.150
83.034
85.777
84.534
83.119
83.725
85.082
85.214
94.866
85.689
89.190
246.373
87.820
87.770
87.129
85.072
85.679
88.441
86.848
96.114
85.564
83.064
86.882
81.916
85.759
87.050
81.444
80.424
79.343
82.675
80.451
84.616
85.055
80.982
80.489
79.604
82.708
82.804
81.891
80.325
82.193
83.188
79.679
80.843
82.903
86.804
91.576
90.227
87.295
87.574
86.885
81.284
84.369
88.355
86.738
85.075
83.487
33.716
59.904
84.958
87.276
83.226
81.495
79.562
82.469
81.260
77.032
84.525
89.971
79.638
77.330
86.223
85.491
85.058
84.177
87.745
89.255
78.799
83.324
81.843
78.292
83.163
84.373
85.683
84.355
82.095
81.514
82.090
81.716
70.334
70.273
84.740
84.293
82.957
84.437
84.070
83.539
82.143
83.201
82.396
76.726
79.598
80.500
67.131
67.514
88.424
86.206
87.522
85.111
86.224
82.601
83.947
80.348
81.185
77.262
86.353
86.081
82.793
81.526
85.976
84.348
85.947
82.413
81.838
82.676
82.599
