16.792
16.336
16.607
15.164
18.253
17.211
19.525
17.805
18.475
16.691
14.985
15.670
15.823
16.532
15.457
14.949
16.280
15.737
16.830
18.685
17.297
16.422
15.092
16.638
14.423
17.249
15.999
16.457
15.365
15.973
33.818
15.742
14.466
15.209
15.057
16.452
15.046
17.143
16.283
16.124
19.278
17.267
21.280
18.343
15.868
15.108
15.743
13.218
16.350
15.611
18.541
17.030
15.834
22.270
17.557
21.998
15.900
16.009
16.927
15.426
16.595
16.145
18.345
17.801
16.931
17.529
15.685
17.904
16.306
16.414
14.669
15.363
16.822
15.598
17.734
15.961
14.392
15.131
15.017
17.219
15.687
15.203
15.801
16.985
15.338
14.636
16.222
13.462
15.461
16.545
16.853
18.597
16.430
16.024
16.719
16.265
18.430
17.680
16.325
16.100
27.724
15.685
16.081
17.029
17.310
19.353
16.426
60.212
23.238
31.967
22.041
17.207
15.744
15.374
21.268
15.665
26.085
24.051
17.847
20.681
18.888
17.841
17.509
17.067
15.964
18.721
18.952
20.030
18.509
17.567
45.565
4.531
17.439
17.970
16.801
16.092
15.872
15.195
17.160
16.664
17.302
16.581
18.823
18.372
13.913
17.539
16.027
14.989
15.927
16.416
15.882
14.032
14.413
14.423
15.728
15.752
16.030
16.170
19.460
17.261
17.519
16.280
15.771
16.314
16.103
15.647
15.521
15.530
16.663
17.158
16.328
17.792
13.664
16.712
16.343
16.386
16.062
15.741
15.572
