99100247
99316074
99323401
99323514
99323549
99323575
99323583
99323591
99323592
99323730
99323958
99324086
99324108
99324116
99324128
99324134
99324135
99324141
99324144
99324150
99324244
99325386
99325398
99325404
99325406
99325409
99325415
99325416
99325459
99325717
99325918
99326011
99326046
99326058
99326067
99326068
99326069
99326070
99326071
99326078
99327180
99327311
99327317
99327351
99327380
99327389
99327401
99327402
99327407
99327413
99327415
99327590
99327818
99327831
99327932
99327955
99327969
99327970
99327976
99328654
99328755
99328992
99329003
99329138
99329161
99329169
99329171
99329179
99329184
99329194
99329195
99329202
99329253
99329499
99329669
99329754
99329787
99329820
99332422
99332431
99332586
99332637
99332640
99332644
99332676
99332709
99332711
99332730
99332735
99332742
99332744
99332929
99333177
99333425
99333429
99333446
99333453
99334562
99334661
99334676
99334684
99334685
99334698
99334708
99334709
99334720
99334727
99334882
99334902
99335146
99335250
99335276
99335312
99335348
99335384
99335411
99336797
99336808
99336830
99337018
99337226
99337337
99337377
99337387
99337395
99337410
99337425
99337431
99337517
99337534
99337781
99337953
99338006
99338033
99338064
99339138
99339232
99339272
99339308
99339350
99339363
99339370
99339379
99339507
99339520
99339539
99512246
99512285
99512286
99512308
99512318
99512354
99512592
99512845
99512854
99512905
99512920
99512931
99512948
99512964
99512982
99512983
99512985
99512999
99513175
99514273
99514291
99514293
99514295
99514354
99514618
99514819
99514882
99514925
99514929
99514941
99514944
99514956
99514961
99514962
99514963
99514982
99515009
99515229
99516263
99516277
99516352
99516649
99516810
99516850
99516869
99516882
99516890
99516899
99516908
99516931
99516940
99516945
99517160
99517370
99517466
99517468
99517509
99518161
99518170
99518179
99518199
99518205
99518207
99518227
99518427
99518648
99518749
99518753
99518791
99518825
99518828
99518857
99518892
99518901
99518912
99519036
99520175
99520210
99520219
99520222
99520233
99520235
99520249
99520251
99520276
99520350
99520630
99520643
99520803
99520834
99520848
99520858
99520859
99520860
99520868
99522157
99522166
99522178
99522194
99522203
99522210
99522300
99522313
99522576
99522753
99522831
99522873
99522898
99522922
99522931
99522939
99522971
99523186
99523391
99524720
99524743
99524745
99524758
99524765
99524773
99524782
99524802
99525005
99525231
99525312
99525346
99525380
99525413
99525431
99525447
99525458
99525563
99525580
99526637
99526675
99526709
99526728
99526758
99526766
99526771
99527000
99527015
99527208
99527268
99527270
99527288
99527291
99527301
99527317
99527325
99527335
99527348
99528596
99528597
99528603
99528649
99528888
99529079
99529181
99529227
99529229
99529255
99529260
99529270
99529276
99529286
99529465
99529713
99529720
99529791
99529813
99530489
99530595
99530848
99531016
99531037
99531046
99531053
99531058
99531060
99531063
99531064
99531068
99531074
99531114
99531346
99531541
99531547
99531603
99531635
99532320
99532321
99532327
99532507
99532746
99532841
99532842
99532845
99532847
99532880
99532915
99532917
99532948
99532951
99532954
99532971
99532982
99532983
99532990
99534246
99534258
99534259
99534271
99534320
99534556
99534574
99534773
99534784
99534847
99534858
99534860
99534873
99534880
99534888
99534900
99534916
99535127
99535361
99536225
99536240
99536241
99536252
99536255
99536340
99536593
99536763
99536769
99536780
99536888
99536944
99536977
99536987
99536997
99537008
99537012
99537054
99537292
99538602
99538762
99538799
99538810
99538820
99538829
99538840
99538841
99538843
99538854
99538896
99538906
99539146
99539336
99539407
99539409
99539413
99539464
99539500
99540583
99540592
99540607
99540710
99540715
99540750
99540785
99540787
99540823
99540857
99540879
99540889
99540990
99541254
99541397
99541416
99541428
99541438
99541449
99542742
99542752
99542754
99542767
99542783
99542795
99542811
99542878
99542889
99543164
99543348
99543403
99543438
99543460
99543474
99543484
99543494
99543523
99543527
99543768
99544776
99544778
99544779
99544785
99544787
99544792
99544909
99545159
99545290
99545301
99545307
99545313
99545320
99545326
99545330
99545364
99545588
99545787
99545845
99546567
99546684
99546935
99546952
99546961
99547101
99547104
99547140
99547143
99547173
99547203
99547206
99547208
99547220
99547228
99547233
99547337
99547612
99547753
99548506
99548694
99548709
99548937
99549012
99549022
99549031
99549039
99549045
99549059
99549077
99549078
99549201
99549221
99549484
99549649
99549690
99549722
99549733
99550894
99550998
99551036
99551073
99551076
99551097
99551108
99551114
99551269
99551488
99551502
99551644
99551721
99551740
99551753
99551760
99551766
99551773
99551774
99552986
99552987
99552993
99552994
99553004
99553017
99553022
99553031
99553032
99553053
99553273
99553295
99553312
99553539
99553611
99553639
99553669
99553684
99553695
99554273
99554424
99554673
99554793
99554826
99554829
99554856
99554858
99554885
99554913
99554931
99554936
99555019
99555292
99555445
99555479
99555485
99555486
99555491
99556729
99556739
99556747
99556758
99556764
99556836
99556844
99557094
99557111
99557130
99557288
99557342
99557370
99557396
99557398
99557422
99557431
99557440
99557441
99558605
99558607
99558610
99558642
99558674
99558706
99558724
99558732
99558922
99559170
99559188
99559271
99559282
99559292
99559301
99559309
99559322
99559330
99559406
99560568
99560578
99560579
99560590
99560600
99560609
99560631
99560825
99561052
99561144
99561182
99561210
99561241
99561244
99561246
99561280
99561318
99561355
99561506
99683184
99683420
99683433
99683531
99683547
99683549
99683556
99683566
99683567
99683576
99683583
99683590
99683696
99683944
99684084
99684104
99684135
99684164
99684168
99685486
99685529
99685568
99685601
99685633
99685669
99685680
99685777
99686026
99686175
99686206
99686215
99686223
99686236
99686249
99686258
99686259
99686296
99686541
99687574
99687588
99687598
99687612
99687615
99687627
99687637
99687803
99687821
99688062
99688071
99688175
99688213
99688248
99688288
99688291
99688323
99688325
99688328
99689388
99689537
99689543
99689583
99689587
99689616
99689648
99689650
99689667
99689675
99689677
99689688
99689766
99690034
99690190
99690219
99690220
99690225
99690232
99691341
99691448
99691451
99691463
99691471
99691477
99691484
99691491
99691498
99691587
99691859
99692037
99692081
99692110
99692112
99692132
99692137
99692145
99692152
99693341
99693377
99693379
99693410
99693432
99693441
99693450
99693570
99693587
99693846
99694013
99694032
99694034
99694042
99694043
99694050
99694058
99694059
99694071
99695330
99695490
99695509
99695742
99695870
99695912
99695948
99695974
99695982
99695989
99695995
99696067
99696366
99696538
99696546
99696549
99696572
99696584
99696591
99697251
99697259
99697260
99697305
99697540
99697726
99697783
99697803
99697811
99697817
99697818
99697825
99697830
99697838
99698011
99698257
99698360
99698389
99698425
99699117
99699361
99699529
99699574
99699602
99699627
99699654
99699656
99699658
99699679
99699686
99699707
99699712
99699926
99700177
99700260
99700278
99700285
99700291
99701527
99701534
99701555
99701565
99701578
99701586
99701593
99701600
99701627
99701862
99702091
99702174
99702177
99702220
99702221
99702223
99702234
99702244
99702256
99703409
99703445
99703478
99703505
99703526
99703534
99703541
99703601
99703879
99704078
99704129
99704156
99704162
99704171
99704185
99704191
99704197
99704199
99704383
99705419
99705424
99705461
99705474
99705485
99705734
99705903
99705958
99705960
99705985
99706016
99706043
99706047
99706052
99706066
99706252
99706271
99706289
99706530
99707258
99707262
99707269
99707352
99707591
99707755
99707827
99707858
99707867
99707877
99707890
99707898
99707899
99707926
99708140
99708357
99708419
99708454
99708489
99709191
99709203
99709204
99709342
99709594
99709744
99709776
99709808
99709836
99709838
99709841
99709869
99709870
99709881
99709893
99709894
99709983
99710251
99710268
99711072
99711121
99711155
99711168
99711179
99711187
99711188
99711190
99711199
99711268
99711525
99711726
99711744
99711750
99711791
99711795
99711828
99711846
99711847
99712838
99713055
99713122
99713132
99713142
99713153
99713160
99713161
99713173
99713184
99713186
99713352
99713621
99713753
99713756
99713786
99713817
99713843
99713850
99713896
99714115
99714332
99714393
99714395
99714402
99714409
99714416
99714418
99714428
99714437
99714447
99714599
99714850
99715754
99715765
99715807
99715819
99716087
99716287
99716363
99716368
99716370
99716408
99716440
99716463
99716471
99716483
99716501
99716702
99716935
99717011
99718262
99718317
99718331
99718344
99718355
99718357
99718366
99718378
99718380
99718392
99718396
99718573
99718855
99718944
99718976
99718979
99718982
99718988
99719017
99719047
99720319
99720321
99720350
99720383
99720395
99720422
99720452
99720669
99720878
99720881
99720936
99720937
99720943
99720950
99720956
99720962
99720963
99720968
99720969
99722174
99722179
99722185
99722186
99722235
99722246
99722515
99722715
99722781
99722809
99722838
99722857
99722859
99722868
99722873
99722887
99723075
99723267
99723377
99724150
99724181
99724183
99724207
99724320
99724577
99724709
99724713
99724714
99724717
99724718
99724733
99724739
99724746
99724755
99724762
99724771
99724772
99724861
99726051
99726053
99726077
99726085
99726297
99726527
99726642
99726689
99726725
99726728
99726766
99726792
99726818
99726819
99726827
99726829
99726962
99727242
99727357
99728113
99728143
99728368
99728565
99728619
99728631
99728632
99728636
99728637
99728645
99728650
99728657
99728658
99728669
99728865
99728883
99728902
99728925
99729161
99729871
99729954
99730205
99730222
99730384
99730424
99730453
99730485
99730514
99730516
99730517
99730522
99730523
99730527
99730577
99730843
99731021
99731027
99731064
99732359
99732388
99732399
99732400
99732411
99732423
99732425
99732439
99732440
99732451
99732510
99732521
99732531
99732787
99732972
99733024
99733052
99733085
99733102
99734191
99734202
99734212
99734219
99734303
99734336
99734371
99734373
99734400
99734433
99734464
99734466
99734468
99734476
99734656
99734675
99734930
99735024
99735040
99735861
99735874
99736123
99736139
99736265
99736282
99736290
99736291
99736299
99736312
99736313
99736318
99736320
99736321
99736328
99736404
99889522
100016776
100021260
100056999
100074158
100074407
100074481
100074490
100074496
100074501
100074503
100074511
100074522
100074529
100074531
100074663
100074935
100074950
100075093
100075135
100075168
100075176
100075185
100091636
100092938
100195306
100195558
100195719
100195762
100195796
100195810
100195811
100195820
100195821
100195828
100195837
100195839
100195871
100196110
100196317
100196412
100196468
100196498
100196502
100197571
100197757
100197804
100197826
100197841
100197853
100197866
100197883
100197884
100197929
100198167
100198364
100198453
100198544
100198547
100198566
100198576
100198587
100198603
100199833
100199867
100199868
100199869
100199881
100199882
100199884
100199893
100199910
100199927
100200036
100200288
100200429
100200470
100200503
100200536
100200571
100200582
100200593
100201913
100201925
100201933
100201943
100202025
100202275
100202422
100202472
100202493
100202501
100202509
100202518
100202520
100202545
100202547
100202550
100202554
100202603
100202833
100203795
100203796
100203797
100203802
100203804
100203811
100203822
100204006
100204240
100204317
100204346
100204372
100204400
100204427
100204447
100204453
100204533
100204786
100204800
100206124
100206246
100206261
100206270
100206279
100206293
100206306
100206316
100206373
100206633
100206833
100206840
100206850
100206899
100206929
100206931
100206962
100206973
100206981
100207720
100207721
100207724
100207725
100207726
100207727
100207728
100207730
100207731
100207732
100208338
100208378
100208401
100208414
100208440
100208441
100208537
100208819
100209007
100209052
100209060
100209074
100209076
100209078
100209080
100209088
100209090
100209101
100209108
100210429
100210435
100210445
100210456
100210457
100210462
100210601
100210619
100210887
100210895
100210911
100211022
100211055
100211058
100211088
100211105
100211115
100211130
100211136
100211215
100211216
100211219
100211220
100211221
100211222
100211223
100211225
100211226
100211227
100212359
100212389
100212418
100212421
100212432
100212436
100212458
100212662
100212681
100212876
100212881
100212947
100212981
100212983
100212990
100212991
100212992
100212996
100213014
100214016
100214245
100214251
100214321
100214322
100214341
100214342
100214361
100214362
100214369
100214378
100214383
100214393
100214551
100214819
100214953
100214992
100215028
100215068
100215659
100215672
100215680
100215682
100215684
100215685
100215686
100215687
100215696
100215701
100215882
100215898
100216132
100216221
100216255
100216291
100216328
100216362
100216363
100217597
100217653
100217656
100217659
100217703
100217732
100217770
100217972
100218192
100218193
100218194
100218195
100218198
100218200
100218201
100218205
100218206
100218207
100218209
100218297
100218318
100218319
100218326
100218327
100218328
100218333
100218350
100218351
100218357
100219570
100219571
100219572
100219573
100219574
100219575
100219576
100219577
100219578
100219579
100219614
100219615
100219616
100219617
100219618
100219619
100219620
100219621
100219622
100219623
100219631
100219635
100219641
100219643
100219650
100220748
100220749
100220751
100220753
100220754
100220755
100220757
100220758
100220760
100220761
100220874
100220878
100220888
100220895
100220900
100220906
100220907
100220975
100221254
100221415
100221455
100221458
100221460
100221493
100221496
100222184
100222186
100222235
100222478
100222666
100222711
100222742
100222775
100222779
100222816
100222849
100222886
100222889
100222891
100222922
100223120
100223350
100223419
100223449
100224211
100224297
100224547
100224694
100224741
100224743
100224746
100224759
100224760
100224761
100224770
100224782
100224784
100224795
100224803
100224804
100224807
100224808
100224914
100226117
100226129
100226130
100226131
100226141
100226142
100226148
100226188
100226200
100226212
100226221
100226235
100226484
100226495
100226664
100226687
100226688
100226709
100226711
100228089
100228135
100228137
100228138
100228161
100228162
100228163
100228165
100228173
100228186
100228187
100228199
100228349
100228361
100228612
100228728
100228742
100228743
100228767
100228778
100229524
100230038
100230048
100230050
100230063
100230064
100230074
100230093
100230238
100230479
100230492
100230607
100230611
100230633
100230645
100230646
100230658
100230671
100230683
100230694
100231826
100231828
100231844
100231846
100231854
100231864
100231865
100231875
100231884
100231887
100231896
100231940
100232180
100232383
100232419
100232428
100232429
100232430
100232431
100232440
100233520
100233531
100233619
100233635
100233646
100233652
100233657
100233662
100233668
100233747
100233995
100234173
100234178
100234199
100234212
100234224
100234231
100234232
100234245
100235339
100235346
100235351
100235357
100235362
100235363
100235364
100235365
100235366
100235510
100235756
100235870
100235873
100235881
100235892
100235898
100235899
100235905
100235907
100237045
100237047
100237052
100237066
100237068
100237070
100237079
100237089
100237117
100237333
100237539
100237606
100237617
100237627
100237628
100237637
100237644
100237651
100237658
100238766
100238768
100238770
100238777
100238786
100238788
100238790
100238800
100238859
100239098
100239112
100239267
100239277
100239319
100239320
100239332
100239340
100239352
100239363
100240190
100240205
100240405
100240478
100240494
100240500
100240501
100240502
100240508
100240513
100240519
100240524
100240681
100240694
100240924
100241025
100241035
100241036
100241046
100241636
100241644
100241662
100241670
100241778
100242029
100242170
100242184
100242185
100242190
100242199
100242208
100242216
100242218
100242223
100242278
100242520
100242533
100242549
100243433
100243434
100243435
100243602
100243830
100243937
100243941
100243954
100243955
100243966
100243976
100243978
100243992
100243999
100244005
100244006
100244131
100244372
100244504
100245119
100245121
100245122
100245124
100245131
100245138
100245146
100245219
100245468
100245665
100245705
100245707
100245718
100245719
100245728
100245741
100245742
100245755
100245764
100246959
100246960
100246967
100246968
100246975
100246980
100247142
100247162
100247395
100247496
100247501
100247505
100247526
100247538
100247540
100247547
100247548
100247557
100247568
100248703
100248709
100248718
100248720
100248731
100248740
100248780
100249015
100249033
100249047
100249225
100249269
100249279
100249280
100249281
100249288
100249298
100249308
100249323
100365489
100365503
100365625
100365882
100365896
100366017
100366054
100366090
100366093
100366134
100366164
100366196
100366204
100366265
100366510
100366714
100366760
100366773
100366787
100368208
100368209
100368223
100368232
100368243
100368257
100368293
100368303
100368543
100368757
100368763
100368844
100368878
100368917
100368922
100368965
100368968
100369001
100369029
100370398
100370417
100370436
100370489
100370500
100370776
100370949
100371001
100371003
100371020
100371033
100371045
100371056
100371069
100371085
100371275
100371511
100371596
100371637
100372453
100372708
100372906
100372913
100372920
100372971
100373003
100373033
100373035
100373085
100373111
100373124
100373154
100373161
100373379
100373582
100373648
100373655
100373657
100374855
100374869
100375008
100375027
100375029
100375038
100375070
100375125
100375126
100375164
100375165
100375176
100375177
100375246
100375498
100375665
100375698
100375700
100375725
100376669
100376916
100376924
100376932
100377029
100377033
100377061
100377081
100377083
100377109
100377113
100377143
100377206
100377216
100377346
100377596
100377720
100377760
100377761
100379108
100379125
100379131
100379139
100379150
100379158
100379347
100379574
100379657
100379690
100379716
100379740
100379742
100379766
100379768
100379769
100379771
100379890
100380142
100380960
100380973
100381166
100381193
100381448
100381543
100381564
100381572
100381579
100381608
100381646
100381665
100381822
100381840
100382098
100382214
100382240
100382270
100382276
100383083
100383324
100383463
100383501
100383528
100383558
100383572
100383578
100383584
100383666
100383681
100383934
100384072
100384078
100384080
100384103
100384106
100386144
100386148
100387508
100387511
100387513
100387560
100387802
100387972
100388028
100388042
100388048
100388050
100388053
100388056
100388063
100388233
100388468
100388554
100388572
100388598
100388601
100389366
100389445
100389455
100389724
100389746
100389911
100389952
100389979
100389988
100389992
100389995
100390001
100390027
100390261
100390464
100390526
100390533
100390536
100390560
100391817
100391892
100391920
100391961
100392018
100392210
100392455
100392464
100392558
100392561
100392601
100392635
100392637
100392640
100392675
100392679
100392712
100392748
100392749
100393981
100394011
100394035
100394042
100394044
100394047
100394052
100394057
100394138
100394412
100394428
100394441
100394453
100394597
100394612
100394613
100394623
100394634
100394647
100396017
100396025
100396035
100396041
100396047
100396055
100396060
100396216
100396231
100396502
100396625
100396660
100396686
100396705
100396709
100396714
100396716
100396771
100397008
100397840
100397843
100397866
100397869
100397893
100397917
100397933
100397935
100397956
100398162
100398173
100398389
100398395
100398401
100398478
100398482
100398489
100398494
100398499
100399690
100399697
100399704
100399711
100399718
100399725
100400224
100400263
100400292
100400319
100400355
100400362
100400367
100400369
100400374
100400511
100400757
100400770
100400873
100400916
100401532
100401557
100401570
100401668
100401945
100402078
100402099
100402101
100402105
100402108
100402113
100402114
100402117
100402120
100402158
100402384
100402407
100402603
100402664
100403385
100403508
100403529
100403763
100403874
100403876
100403878
100403902
100403927
100403951
100403977
100404001
100404005
100404077
100404086
100404330
100404492
100404504
100404506
100405650
100405665
100405667
100405668
100405680
100405684
100405685
100405686
100405692
100405695
100405759
100406000
100406015
100406023
100406199
100406242
100406265
100406289
100406291
100407449
100407461
100407556
100407581
100407606
100407621
100407627
100407630
100407631
100407633
100407636
100407751
100407768
100408011
100408130
100408133
100408143
100408145
100408148
100408838
100408981
100409235
100409248
100541445
100541456
100541472
100541478
100541485
100541685
100541933
100542036
100542037
100542053
100542062
100542063
100542078
100542079
100542091
100542103
100542106
100542110
100542120
100543459
100543473
100543491
100543504
100543505
100543520
100543523
100543540
100543541
100543648
100543914
100544087
100544138
100544152
100544163
100544174
100544186
100544187
100544190
100545458
100545469
100545481
100545497
100545499
100545508
100545660
100545903
100546051
100546096
100546109
100546121
100546135
100546136
100546148
100546149
100546150
100546164
100546257
100547436
100547440
100547443
100547478
100547479
100547481
100547483
100547493
100547494
100547495
100547502
100547512
100547513
100547519
100547520
100547699
100547934
100548029
100548030
100548807
100549078
100549263
100549317
100549318
100549328
100549336
100549337
100549346
100549352
100549357
100549377
100549586
100549609
100549850
100549921
100549929
100549939
100549944
100551202
100551210
100551215
100551222
100551231
100551233
100551405
100551680
100551800
100551815
100551822
100551824
100551833
100551840
100551852
100551858
100551861
100551863
100551985
100553143
100553144
100553161
100553361
100553570
100553686
100553695
100553700
100553728
100553738
100553744
100553750
100553752
100553759
100553767
100553904
100553920
100554171
100554333
100555063
100555280
100555452
100555569
100555609
100555635
100555636
100555643
100555644
100555651
100555653
100555654
100555660
100555665
100555845
100556083
100556161
100556200
100556226
100557351
100557353
100557396
100557399
100557427
100557436
100557441
100557445
100557450
100557459
100557637
100557894
100557980
100558011
100558047
100558049
100558074
100558075
100558082
100559312
100559313
100559323
100559332
100559339
100559340
100559341
100559349
100559358
100559395
100559627
100559855
100559865
100559875
100559924
100559937
100559947
100559954
100559961
100561225
100561235
100561236
100561237
100561245
100561254
100561292
100561553
100561758
100561764
100561841
100561844
100561846
100561870
100561878
100561886
100561892
100561898
100561911
100563086
100563094
100563101
100563110
100563120
100563191
100563441
100563452
100563601
100563651
100563683
100563702
100563703
100563709
100563722
100563723
100563728
100563759
100563983
100565471
100565475
100565609
100565896
100565912
100566083
100566093
100566185
100566261
100566265
100566332
100566372
100566418
100566466
100566553
100566827
100566846
100566863
100567067
100568947
100568962
100569136
100569143
100569198
100569249
100569300
100569304
100569308
100569313
100569367
100569418
100569422
100569426
100569431
100569481
100569484
100569487
100569695
100571330
100571386
100571436
100571441
100571491
100571539
100571641
100571950
100572186
100572291
100572342
100572397
100572445
100572495
100572542
100572597
100572939
100573222
100573234
100574597
100574601
100574704
100574988
100575000
100575016
100575034
100575237
100575315
100575323
100575547
100575619
100575687
100575782
100575785
100575828
100575907
100576170
100576205
100577750
100577817
100577863
100577909
100577961
100578255
100578636
100578640
100578684
100578730
100578775
100578821
100578869
100578874
100578879
100578883
100578946
100579205
100579490
100580869
100580931
100580999
100581067
100581201
100581501
100581737
100581865
100581926
100581929
100581976
100582024
100582027
100582077
100582133
100582313
100582601
100582802
100582877
100583231
100585045
100585052
100585063
100585070
100585079
100585176
100585226
100585277
100585281
100585284
100585334
100585381
100585431
100585519
100585800
100585819
100585834
100585844
100586047
100587465
100587638
100587916
100588069
100588169
100588175
100588179
100588250
100588254
100588309
100588351
100588393
100588444
100588567
100588857
100588869
100588882
100588896
100589073
100590466
100590717
100591002
100591014
100591155
100591212
100591262
100591266
100591316
100591362
100591408
100591452
100591455
100591656
100591943
100592126
100592135
100592212
100592215
100593460
100593542
100593554
100593835
100593847
100593867
100593880
100593894
100594090
100594101
100594189
100594193
100594254
100594300
100594345
100594395
100594438
100594508
100594773
100752569
100752594
100752595
100752606
100752612
100752622
100752625
100752633
100752715
100752961
100753121
100753172
100753197
100753201
100753207
100753214
100753223
100753251
100753453
100754484
100754485
100754549
100754789
100754969
100754978
100754983
100755031
100755059
100755087
100755102
100755110
100755118
100755139
100755353
100755593
100755695
100755702
100755703
100756859
100756868
100756875
100756922
100756958
100756966
100756974
100756983
100756984
100756993
100756994
100757025
100757247
100757420
100757520
100757527
100757563
100757591
100757621
100925931
100925936
100925992
100926006
100926267
100926467
100926479
100926553
100926579
100926602
100926625
100926647
100926670
100926691
100926885
100927140
100927240
100927261
100927281
100928662
100928692
100928722
100928752
100928755
100928786
100928788
100928953
100929234
100929354
100929377
100929399
100929420
100929442
100929461
100929486
100929557
100929570
100929839
100930887
100931052
100931313
100931444
100931479
100931516
100931563
100931596
100931630
100931633
100931667
100931668
100931769
100932038
100932218
100932257
100932277
100932304
100932305
100933779
100933815
100933841
100933866
100933892
100933919
100933943
100934028
100934296
100934517
100934522
100934575
100934639
100934683
100934721
100934756
100934792
100934794
100934850
100936682
100936743
100936862
100936876
100937178
100937387
100937466
100937522
100937577
100937581
100937586
100937591
100937646
100937649
100937709
100937766
100937864
100938159
100938397
100939891
100939898
100939902
100939962
100939971
100940204
100940493
100940506
100940634
100940722
100940785
100940845
100940908
100940969
100941027
100941033
100941190
100941492
100941680
100942979
100943037
100943100
100943160
100943250
100943543
100943805
100943817
100943919
100943995
100944064
100944129
100944134
100944204
100944213
100944217
100944285
100944360
100944611
100946362
100946421
100946425
100946554
100946880
100947097
100947180
100947245
100947307
100947312
100947380
100947443
100947503
100947604
100947902
100947925
100947945
100948165
100948287
100949964
100950253
100950413
100950479
100950535
100950593
100950650
100950655
100950715
100950769
100950883
100951185
100951398
100951481
100951540
100951604
100951657
100951662
100951667
100953732
100953791
100953850
100953912
100953917
100953976
100954112
100954410
100954609
100954703
100954708
100954773
100954832
100954838
100954843
100954902
100954909
100954912
100954915
100956815
100956928
100957000
100957071
100957076
100957149
100957221
100957227
100957289
100957292
100957297
100957301
100957397
100957408
100957421
100957435
100957449
100957747
100957955
100959338
100959404
100959465
100959541
100959814
100959831
100960091
100960219
100960280
100960285
100960341
100960394
100960397
100960458
100960517
100960584
100960780
100961061
100961228
100962762
100962765
100962827
100962832
100962951
100962963
100963258
100963463
100963555
100963615
100963684
100963747
100963822
100963884
100963889
100963974
100963984
100964246
100964507
100965854
100965924
100965983
100965988
100965992
100966058
100966133
100966374
100966686
100966837
100966906
100966970
100966974
100967042
100967046
100967051
100967057
100967061
100967123
100969118
100969184
100969244
100969306
100969364
100969450
100969720
100969969
100969977
100970083
100970145
100970207
100970272
100970346
100970350
100970425
100970500
100970743
100971038
100972401
100972465
100972469
100972474
100972539
100972603
100972606
100972610
100972676
100972680
100972740
100972983
100973265
100973415
100973418
100973422
100973484
100973539
100973543
100975514
100975609
100975675
100975750
100975753
100975809
100975816
100975873
100975927
100976003
100976012
100976025
100976037
100976322
100976539
100976635
100976695
100976752
100976810
100978761
100978766
100978823
100978828
100978890
100978958
100979029
100979033
100979104
100979233
100979565
100979780
100979876
100979942
100979949
100979954
100980011
100980017
100980075
100982104
100982166
100982223
100982283
100982343
100982468
100982728
100982746
100982904
100982941
100982962
100982964
100982992
100983019
100983040
100983042
100983067
100983132
100983380
100984578
100984604
100984626
100984774
100985051
100985189
100985250
100985273
100985299
100985320
100985339
100985341
100985371
100985437
100985690
100985861
100985942
100985944
100985972
100987266
100987412
100987447
100987467
100987468
100987488
100987490
100987508
100987530
100987551
100987634
100987900
100988068
100988130
100988132
100988156
100988179
100988204
100988226
100989004
100989259
100989480
100989554
100989558
100989586
100989617
100989649
100989674
100989701
100989727
100989896
100989912
100990157
100990288
100990310
100990326
100990327
100990339
100991505
100991515
100991528
100991538
100991547
100991548
100991558
100991565
100991745
100991766
100991999
100992086
100992089
100992093
100992117
100992140
100992147
100992177
100992205
100993532
100993534
100993549
100993562
100993577
100993603
100993819
100994029
100994124
100994157
100994174
100994187
100994189
100994206
100994219
100994232
100994362
100994608
100994734
100995687
100995931
100995937
100995950
100996029
100996032
100996046
100996063
100996064
100996081
100996095
100996096
100996112
100996115
100996117
100996136
100996320
100996338
100996366
101331837
101331858
101331859
101331908
101331913
101331926
101331927
101331932
101331933
101331941
101331952
101332035
101332278
101332443
101332540
101332564
101332567
101332569
101332589
101333510
101333717
101333783
101333799
101333810
101333811
101333825
101333836
101333837
101333850
101333859
101333861
101334033
101334281
101334377
101334386
101334399
101334409
101334410
101335717
101335724
101335736
101335746
101335747
101335753
101335916
101335936
101335958
101336149
101336256
101336299
101336310
101336317
101336324
101336330
101336335
101336338
101336339
101337449
101337459
101337465
101337655
101337884
101337895
101337974
101337992
101338011
101338012
101338032
101338049
101338067
101338068
101338087
101338088
101338091
101338269
101338507
101339272
101339488
101339694
101339763
101339764
101339774
101339782
101339789
101339796
101339803
101339804
101339805
101339814
101339973
101339986
101340239
101340341
101340366
101340368
101341155
101341401
101341415
101341430
101341594
101341601
101341607
101341630
101341631
101341639
101341647
101341656
101341668
101341669
101341670
101341681
101341682
101341683
101341686
101342912
101342935
101342958
101342968
101343120
101343133
101343148
101343351
101343364
101343467
101343526
101343547
101343556
101343565
101343566
101343571
101343573
101343585
101343691
101344662
101344668
101344670
101344672
101344673
101344674
101344712
101344969
101345201
101345287
101345291
101345330
101345371
101345405
101345423
101345433
101345441
101345596
101345840
101346665
101346692
101346752
101347003
101347022
101347225
101347286
101347295
101347296
101347306
101347315
101347316
101347317
101347318
101347319
101347325
101347338
101347373
101347601
101348732
101348765
101348863
101349111
101349278
101349300
101349308
101349310
101349317
101349327
101349328
101349344
101349369
101349421
101349430
101349681
101349886
101349979
101349981
101350803
101350947
101350962
101351193
101351209
101351217
101351347
101351404
101351435
101351457
101351458
101351466
101351494
101351521
101351624
101351641
101351914
101351930
101352086
101352756
101352783
101352794
101352798
101352827
101352837
101353070
101353256
101353303
101353315
101353326
101353340
101353342
101353355
101353377
101353378
101353396
101353595
101353860
101354727
101354731
101354758
101354786
101354812
101354890
101354901
101355149
101355296
101355328
101355333
101355339
101355345
101355361
101355388
101355436
101355660
101355679
101355693
101356815
101356894
101356902
101356919
101357172
101357310
101357314
101357333
101357344
101357370
101357403
101357434
101357458
101357517
101357767
101357973
101358024
101358034
101358036
101359253
101359401
101359430
101359455
101359480
101359483
101359486
101359515
101359548
101359575
101359578
101359658
101359899
101360067
101360073
101360081
101360107
101360120
101360125
101361329
101361369
101361403
101361444
101361448
101361451
101361493
101361496
101361501
101361503
101361506
101361529
101361551
101361685
101361698
101361954
101362083
101362098
101362104
101362837
101362876
101363128
101363147
101363352
101363419
101363449
101363452
101363482
101363511
101363542
101363568
101363588
101363765
101363782
101364014
101364094
101364118
101364120
101365420
101365427
101365473
101365500
101365529
101365532
101365534
101365564
101365575
101365586
101365612
101365822
101366047
101366164
101366177
101366179
101366186
101366187
101366197
101367499
101367535
101367571
101367608
101367630
101367648
101367650
101367690
101367931
101368144
101368196
101368199
101368206
101368211
101368237
101368265
101368292
101368320
101368323
101369601
101369607
101369608
101369620
101369659
101369892
101370084
101370153
101370189
101370232
101370235
101370277
101370320
101370323
101370355
101370358
101370360
101370361
101370398
101371691
101371950
101372170
101372251
101372280
101372282
101372283
101372291
101372300
101372312
101372322
101372332
101372508
101372754
101372874
101372876
101372928
101372977
101373023
101374343
101374351
101374352
101374362
101374371
101374380
101374398
101374437
101374643
101374662
101374908
101374917
101375012
101375021
101375030
101375049
101375075
101375087
101375093
101376382
101376412
101376427
101376454
101376473
101376673
101376693
101376711
101376722
101376950
101377001
101377002
101377005
101377011
101377012
101377019
101377043
101377077
101377108
101378300
101378301
101378302
101378313
101378333
101378354
101378361
101378368
101378453
101378723
101378735
101378755
101378768
101378962
101379026
101379046
101379066
101379083
101379107
101380379
101380381
101380384
101380416
101380451
101380538
101380788
101380803
101380818
101380957
101380979
101381013
101381015
101381034
101381036
101381043
101381044
101381051
101381061
101382438
101382478
101382500
101382608
101382626
101382876
101383009
101383036
101383046
101383054
101383062
101383063
101383065
101383066
101383078
101383108
101383194
101383461
101383653
101385012
101385058
101385093
101385134
101385139
101385149
101385151
101385166
101385167
101385169
101385179
101385180
101385252
101385266
101385524
101385685
101385718
101385730
101385763
101387135
101387182
101387188
101387222
101387223
101387231
101387241
101387249
101387329
101387599
101387762
101387803
101387805
101387812
101387829
101387865
101387904
101387907
101387927
101389206
101389208
101389241
101389252
101389367
101389616
101389762
101389798
101389831
101389833
101389836
101389840
101389870
101389885
101389906
101389909
101389911
101389914
101389934
101391232
101391253
101391255
101391287
101391312
101391318
101391327
101391351
101391568
101391585
101391813
101391887
101391915
101391920
101391926
101391933
101391934
101391951
101391953
101393236
101393243
101393264
101393294
101393296
101393345
101393357
101393597
101393783
101393828
101393839
101393870
101393893
101393900
101393901
101393907
101393914
101394086
101394106
101395242
101395263
101395265
101395323
101395578
101395596
101395815
101395876
101395878
101395880
101395894
101395906
101395923
101395956
101395984
101396025
101396032
101396238
101396252
101397311
101397314
101397342
101397344
101397440
101397696
101397847
101397881
101397921
101397924
101397966
101398004
101398025
101398049
101398094
101398339
101398574
101398660
101398676
101399563
101399580
101399850
101399861
101400006
101400030
101400039
101400046
101400054
101400079
101400080
101400086
101400133
101400372
101400556
101400628
101400669
101400717
101400720
101401993
101402020
101538315
101538392
101538659
101538855
101538923
101538970
101539015
101539053
101539072
101539091
101539121
101539323
101539340
101539694
101539709
101539710
101539751
101539754
101539805
101539858
101539890
101539892
101539894
101540069
101540328
101540448
101540452
101540457
101541590
101541671
101541683
101541693
101541957
101542142
101542209
101542280
101542313
101542315
101542336
101542338
101542359
101542377
101542435
101542679
101542892
101542898
101542963
101544078
101544238
101544539
101544698
101544702
101544730
101544732
101544752
101544755
101544775
101544795
101544816
101544835
101544922
101545195
101545386
101545441
101545463
101545502
101546873
101546890
101546902
101546912
101547016
101547018
101547022
101547023
101547026
101547028
101547079
101547103
101547104
101547145
101547180
101547197
101547214
101547384
101547653
101548858
101548924
101549000
101549073
101549106
101549183
101549442
101549640
101549693
101549695
101549715
101549717
101549737
101549756
101549759
101549809
101549868
101549871
101549874
101551451
101551492
101551555
101551560
101551605
101551744
101551757
101552002
101552136
101552206
101552278
101552316
101552348
101552351
101552352
101552372
101552374
101552397
101552480
101553317
101553337
101553599
101553732
101553764
101553803
101553806
101553810
101553842
101553866
101553886
101553887
101553911
101554017
101554308
101554531
101554627
101554632
101554675
101556230
101556262
101556282
101556317
101556359
101556407
101556438
101556496
101556747
101556941
101557007
101557044
101557045
101557066
101557087
101557107
101557144
101557203
101557457
101558861
101558862
101558890
101558975
101559239
101559414
101559468
101559506
101559549
101559552
101559592
101559595
101559630
101559648
101559651
101559699
101559937
101560163
101560245
101561331
101561459
101561751
101561919
101561994
101562025
101562042
101562059
101562082
101562120
101562161
101562401
101562607
101562616
101562689
101562696
101562736
101562781
101562815
101564301
101564324
101564354
101564387
101564393
101564396
101564492
101564784
101565022
101565111
101565157
101565204
101565254
101565315
101565360
101565384
101565386
101565573
101565827
101566893
101566897
101566944
101566974
101567052
101567312
101567479
101567558
101567631
101567634
101567656
101567684
101567685
101567718
101567758
101567839
101568098
101568363
101568370
101569383
101569403
101569436
101569439
101569441
101569610
101569868
101569998
101570028
101570050
101570085
101570128
101570131
101570135
101570137
101570178
101570198
101570292
101570553
101775670
101775900
101776010
101776094
101776180
101776260
101776357
101776413
101776595
101776901
101777145
101777218
101777222
101777283
101777288
101777369
101777464
101777472
101777479
101780090
101780114
101780120
101780154
101780181
101780190
101780435
101780668
101780763
101780812
101780859
101780904
101780943
101780969
101780974
101780978
101781011
101781020
101781247
101782640
101782713
101782794
101782797
101783073
101783399
101783560
101783604
101783639
101783673
101783675
101783696
101783717
101783734
101783858
101783873
101784141
101784165
101784322
101785286
101785290
101785352
101785400
101785539
101785814
101785979
101786022
101786071
101786075
101786117
101786168
101786247
101786322
101786450
101786469
101786779
101787021
101787034
101788591
101788644
101788685
101788712
101788715
101788756
101788797
101788847
101788965
101789221
101789234
101789405
101789474
101789477
101789519
101789573
101789631
101789693
101789699
101791586
101791629
101791654
101791656
101791692
101791717
101791962
101792180
101792251
101792274
101792302
101792303
101792335
101792383
101792387
101792430
101792487
101792690
101792950
101794914
101794924
101795028
101795071
101795116
101795166
101795170
101795207
101795226
101795244
101795404
101795423
101795682
101795797
101795814
101795816
101795836
101795880
101795918
101797554
101797611
101797615
101797667
101797717
101797778
101797833
101798042
101798327
101798465
101798470
101798518
101798559
101798593
101798617
101798635
101798652
101798746
101799038
101800216
101800219
101800224
101800275
101800330
101800336
101800422
101800433
101800447
101800749
101800969
101801052
101801111
101801115
101801170
101801226
101801230
101801281
101801286
101802801
101802820
101802839
101802858
101802860
101802881
101802883
101802903
101802906
101802926
101803089
101803339
101803481
101803533
101803568
101803572
101803574
101803606
101803609
101804558
101804597
101804740
101805013
101805176
101805241
101805286
101805335
101805367
101805395
101805426
101805475
101805488
101805734
101805928
101805934
101805943
101805988
101806007
101806757
101806783
101806789
101807006
101807260
101807381
101807386
101807439
101807492
101807546
101807599
101807650
101807695
101807861
101808131
101808148
101808296
101808336
101808339
101809168
101809233
101809485
101809679
101809737
101809758
101809777
101809799
101809818
101809840
101809863
101810060
101810317
101810439
101810485
101810536
101810577
101810620
101810668
101812211
101812235
101812265
101812284
101812288
101812310
101812340
101812376
101812384
101812614
101812839
101812924
101812925
101812948
101812975
101813000
101813025
101813050
101813071
101814681
101814737
101814791
101814795
101814843
101814874
101814936
101814949
101815204
101815219
101815236
101815421
101815429
101815474
101815494
101815511
101815528
101815530
101815531
101816874
101816905
101816938
101816943
101816944
101816979
101816982
101817013
101817062
101817067
101817109
101817292
101817572
101817731
101817789
101817843
101817898
101817946
101817980
