94773763
94773858
94809195
94809299
94847226
94847312
94881049
94881200
94918778
94918871
94983998
94984132
95037853
95038000
95076141
95076245
95105444
95105532
95132823
95132927
95158466
95158549
95183854
95183953
95209878
95209977
95236274
95236381
95264811
95264903
95290563
95290651
95316321
95316413
95341815
95341915
95368037
95368138
95395713
95395834
95423876
95423980
95452141
95452250
95478580
95478669
95505498
95505604
95538110
95538217
95566317
95566430
95593437
95593540
95634784
95634978
95672837
95672955
95700133
95700248
95728802
95754681
95754772
95780558
95780669
95806483
95806589
95832317
95832419
95864000
95864100
96217791
96245116
96245227
96279342
96279438
96308377
96368152
96368268
96397021
96397128
96425962
96426061
96450029
96454388
96482874
96482975
96510405
96540062
96540145
96571833
96571928
96602086
96602181
96632032
96632150
96662301
96662394
96697451
96742148
96742187
96777190
96777288
96807707
96807753
96810646
96837374
96837477
96852084
96865518
96892891
96919783
96919880
96945542
96970850
96997393
96997515
97023753
97023875
97050123
97077023
97077108
97126081
97129846
97129934
97157318
97157427
97184224
97184310
97211882
97211974
97242820
97242922
97272651
97299650
97299783
97328224
97331002
97360194
97360298
97386982
97387095
97412757
97412849
