12.644
12.986
13.622
13.042
13.603
14.500
13.789
14.885
13.361
13.919
13.345
12.959
13.512
13.697
13.589
13.981
13.752
13.383
14.023
13.448
12.914
13.198
13.957
12.857
14.138
13.037
13.849
13.725
7.588
14.522
14.276
15.040
27.481
13.529
15.006
14.374
13.589
13.600
13.480
14.804
14.256
14.382
14.402
17.127
16.507
16.949
14.287
13.266
16.457
14.318
15.071
15.885
15.879
13.444
14.220
13.771
14.812
13.457
13.226
14.937
13.244
13.782
13.686
16.033
16.889
14.056
14.454
12.923
13.831
12.734
13.894
14.504
14.422
13.701
15.214
13.477
14.534
13.091
12.969
12.898
13.834
12.869
13.575
14.075
13.999
13.651
13.553
13.760
14.090
13.509
13.418
12.806
11.829
14.333
13.901
15.137
16.098
13.291
13.150
12.832
13.396
13.325
12.541
14.805
14.406
12.929
13.852
15.309
14.000
14.139
17.038
13.701
13.367
15.492
13.192
13.601
13.779
13.913
15.070
51.045
14.542
12.295
12.435
12.622
13.563
12.738
14.049
13.544
12.183
13.656
12.920
13.170
12.829
13.543
13.521
13.695
13.528
13.249
13.669
14.655
12.997
13.545
13.284
13.241
13.084
13.058
12.238
13.035
12.792
12.518
12.737
13.361
12.765
31.459
13.652
12.643
13.232
12.782
13.589
13.333
13.840
13.650
12.565
17.005
13.793
13.311
12.974
13.704
13.399
