18.763
17.813
16.431
16.367
16.174
18.057
18.447
16.749
17.462
17.324
17.934
16.583
18.530
17.986
17.185
17.272
17.032
18.745
17.382
17.523
16.676
17.430
16.941
16.354
16.157
17.057
18.021
17.621
20.598
23.087
16.167
16.263
17.335
18.234
17.143
16.656
16.264
17.179
18.194
18.057
19.466
18.967
20.119
19.999
17.229
17.014
18.166
18.977
19.706
17.597
20.085
19.540
19.824
21.143
17.458
16.433
17.742
16.579
17.439
16.940
20.518
18.804
18.377
20.211
20.415
16.615
16.631
15.241
15.924
15.126
17.043
18.195
18.832
19.010
39.315
16.754
17.168
16.950
16.871
21.147
19.443
15.940
17.071
17.563
18.310
16.768
15.987
18.105
15.965
15.710
17.397
16.890
16.709
17.733
56.350
60.104
15.584
15.796
15.769
18.401
16.873
19.083
17.092
17.877
19.983
18.900
17.923
18.577
18.250
16.628
16.725
16.791
16.651
17.183
17.348
17.812
17.998
17.755
25.210
15.430
15.815
16.615
16.715
16.698
16.361
16.652
16.602
16.944
16.300
17.176
16.543
16.519
17.972
16.569
17.104
16.119
17.831
17.204
20.957
19.193
17.697
16.582
