70.845
69.380
58.535
56.795
231.571
75.801
74.533
81.638
78.861
71.834
71.970
73.741
75.058
73.358
73.762
71.942
71.766
73.955
76.714
83.807
84.646
76.088
75.343
77.315
77.028
74.167
72.993
69.729
70.583
79.993
77.991
86.331
84.244
78.896
89.720
76.050
76.533
77.605
78.005
80.395
78.737
76.392
81.893
87.037
86.013
78.683
76.473
75.325
79.647
59.420
63.373
81.357
82.283
83.621
82.096
70.815
69.761
70.030
71.653
69.833
77.343
75.976
77.024
76.449
81.221
81.196
72.057
72.328
71.005
70.960
72.725
72.513
76.295
72.892
76.492
77.265
84.802
83.774
75.155
76.857
75.775
75.626
76.297
74.491
74.234
73.090
74.252
80.887
81.084
75.547
71.772
71.942
72.296
73.280
80.006
78.587
61.012
57.334
71.273
72.623
85.347
75.820
72.164
73.007
73.056
72.378
74.983
73.212
65.087
75.712
76.944
73.836
74.213
75.566
75.774
77.567
74.220
73.899
76.854
78.005
74.493
74.538
122.116
80.427
78.102
81.111
86.794
82.256
81.152
79.185
79.052
90.589
87.076
79.140
79.853
83.809
83.183
79.680
80.611
75.664
76.074
80.709
76.771
78.182
78.614
78.781
79.649
77.005
76.201
75.697
76.387
78.168
78.142
74.458
76.230
78.066
77.947
77.486
80.029
79.324
76.439
78.885
75.220
74.272
82.970
72.471
81.127
82.656
81.460
79.968
80.132
