18.823
19.072
20.175
18.426
17.472
45.565
4.531
17.616
18.151
16.748
16.116
16.066
15.387
17.342
16.829
17.450
16.721
18.955
18.519
14.066
16.972
15.846
15.018
15.980
16.500
15.961
14.088
14.469
14.246
15.785
15.759
15.966
16.150
14.941
17.017
17.221
16.275
15.752
16.335
16.112
15.607
15.516
15.539
16.583
17.040
16.458
17.997
13.948
16.820
16.327
16.506
16.169
15.764
15.609
16.051
16.626
19.330
20.111
15.659
15.408
17.450
16.743
15.397
15.744
15.260
14.614
15.218
15.496
16.248
16.327
17.156
16.129
14.701
16.087
15.589
15.736
15.626
15.617
16.022
15.102
15.159
14.485
25.895
18.213
16.874
16.138
18.096
15.501
15.233
15.160
2.360
15.558
15.445
15.350
15.671
16.486
17.470
17.764
17.652
18.462
18.118
17.987
15.872
15.185
15.800
16.340
15.427
17.449
14.784
27.707
27.703
17.273
17.411
18.212
21.857
20.950
15.890
16.156
17.251
15.608
15.598
16.240
14.466
16.743
17.319
17.555
17.290
15.952
18.303
15.390
15.149
14.780
15.987
16.865
17.522
15.764
15.208
16.765
16.241
15.830
18.229
21.015
15.653
15.628
16.796
15.772
15.158
15.738
13.994
19.527
18.216
17.141
16.318
15.408
16.249
15.625
15.270
17.878
15.811
15.859
17.045
18.567
15.566
15.847
15.423
15.126
16.412
16.240
16.453
17.175
16.033
6.518
16.618
16.057
