20.413
19.531
17.528
18.723
18.405
17.278
17.150
15.879
16.520
15.108
21.447
16.685
15.593
15.853
15.559
17.341
17.586
15.699
16.351
16.821
15.454
15.702
16.447
16.716
15.464
14.950
14.812
17.110
17.662
17.449
17.813
15.040
17.552
17.681
23.464
25.008
17.040
16.333
15.498
16.194
15.238
19.666
20.616
18.595
18.708
18.986
18.252
18.454
16.369
16.483
15.631
15.922
15.949
15.960
17.163
16.912
16.735
17.185
16.191
17.310
15.679
15.371
24.704
24.248
15.043
15.403
15.764
15.993
17.326
17.339
16.606
16.657
17.012
20.074
15.603
15.928
15.645
16.095
15.723
17.164
19.497
19.074
18.289
17.609
16.842
16.453
16.260
16.651
15.745
15.846
15.140
15.476
15.833
19.189
20.481
17.604
17.140
17.052
16.721
16.045
16.765
16.024
16.181
16.630
16.694
15.932
16.432
16.554
19.795
17.557
18.307
19.820
18.790
16.260
16.160
18.396
15.903
16.654
17.063
16.327
18.552
17.685
16.454
17.393
17.006
23.110
15.734
15.875
16.116
17.673
17.600
15.418
16.748
17.369
16.087
16.111
16.248
17.122
16.934
16.025
16.800
16.568
16.221
16.714
14.330
18.745
17.117
15.580
16.498
15.777
15.586
15.980
15.467
18.876
17.401
17.538
17.779
15.919
16.232
16.069
16.394
15.687
15.827
16.278
17.980
20.279
17.932
16.257
15.488
