83.969
85.547
72.598
79.924
78.982
74.026
79.941
80.430
81.757
80.768
78.260
77.675
78.229
77.855
67.177
66.995
84.295
81.046
79.864
81.373
80.986
80.539
79.135
80.392
79.573
75.442
76.438
77.384
65.294
65.726
77.985
82.008
83.162
81.479
82.622
79.549
80.388
76.975
77.871
76.141
82.669
82.454
81.306
80.241
86.512
80.293
82.603
78.103
78.021
78.780
78.517
78.004
79.647
82.400
84.310
83.275
82.775
85.580
83.365
79.964
80.322
77.438
77.798
77.423
78.119
78.181
80.093
85.233
84.621
94.018
84.673
85.225
83.560
78.588
78.614
76.592
75.397
76.743
68.917
56.506
76.908
76.171
79.837
79.282
78.252
76.460
75.284
73.611
77.418
76.615
78.830
77.933
76.204
77.319
81.193
86.448
84.383
80.540
79.848
79.503
79.524
78.665
77.889
74.732
75.419
73.099
79.614
80.883
88.534
76.041
76.798
86.173
68.822
68.895
68.830
70.006
68.697
69.788
68.883
67.275
74.190
74.464
72.529
72.945
76.306
74.168
73.474
72.222
68.862
82.054
71.577
74.119
70.419
69.852
69.063
68.803
63.901
69.969
70.649
58.762
75.577
70.614
70.225
68.918
65.121
79.797
76.292
69.740
74.968
71.882
70.745
73.460
72.272
74.921
74.388
73.792
80.152
76.156
75.770
75.148
66.970
76.325
85.508
78.009
80.438
73.569
71.960
