16.836
14.169
12.212
14.831
14.564
14.058
13.388
12.843
12.666
12.533
12.582
12.493
9.589
12.632
12.262
14.199
13.250
11.288
11.717
12.244
12.302
12.554
12.624
13.353
11.656
11.718
11.275
12.721
13.308
12.997
12.341
10.558
12.496
12.553
11.862
13.131
12.714
12.610
12.403
13.661
12.221
14.527
14.900
13.516
13.088
13.358
13.193
12.844
12.762
12.951
12.709
12.489
12.511
13.301
13.186
13.554
12.861
12.693
12.310
13.359
12.592
13.280
11.591
12.290
12.351
13.122
12.295
12.472
13.161
14.243
12.060
12.515
12.228
12.075
13.055
12.749
13.291
12.017
12.390
11.881
13.294
13.155
13.593
13.191
13.278
12.964
12.403
13.441
12.810
12.963
12.732
13.342
13.190
12.554
13.549
14.371
15.140
13.923
13.655
15.214
16.282
12.364
12.170
13.177
12.779
12.171
13.098
12.698
13.228
12.967
14.807
14.056
13.570
16.962
19.805
13.457
13.305
12.802
13.020
13.489
13.014
13.741
14.478
14.679
13.895
12.332
12.564
19.754
12.480
13.446
11.892
13.268
13.556
12.746
12.807
13.221
12.952
12.976
12.632
13.779
12.712
13.669
13.134
8.479
12.593
13.400
12.948
13.033
14.667
13.178
12.173
12.626
12.827
12.805
13.752
12.859
12.104
13.476
14.037
12.760
13.278
12.575
12.917
12.631
13.493
12.522
12.237
13.471
12.707
13.697
12.437
