125672467
125672471
125672478
125672487
125672493
125672499
125672506
125672514
125672517
125672528
125672536
125672539
125672548
125672553
125672560
125672562
125672568
125672575
125672701
125672702
125672708
125672713
125672715
125672721
125672736
125673101
125673140
125673210
125673258
125673259
125673263
125673269
125673273
125673283
125673288
125673295
125673299
125673306
125673313
125673324
125673332
125673341
125673349
125673355
125673367
125673381
125673784
125673831
125673833
125673835
125674058
125674136
125674150
125674158
125674203
125674212
125674430
125674448
125674449
125674451
125674453
125674457
125674458
125674459
125674460
125674461
125674462
125674463
125674464
125674465
125674466
125674829
125675048
125675050
125675051
125675052
125675057
125675058
125675059
125675060
125675063
125675064
125675216
125675292
125675309
125675323
125675336
125675351
125675362
125675482
125675491
125675609
125675610
125675613
125675614
125675616
125675617
125675997
125676051
125676090
125676221
125676222
125676223
125676224
125676225
125676226
125676227
125676228
125676229
125676234
125676235
125676236
125676237
125676238
125676239
125676242
125676245
125676247
125676779
125676780
125676781
125676782
125676783
125676785
125676788
125676845
125677323
125677331
125677335
125677363
125677365
125677368
125677370
125677373
125677374
125677375
125677377
125677379
125677380
125677381
125677385
125677387
125677388
125677389
125677492
125677501
125677515
125677534
125677566
125677654
125677666
125678080
125678101
125678110
125678187
125678188
125678189
125678190
125678191
125678194
125678196
125678197
125678199
125678200
125678203
125678204
125678205
125678206
125678207
125678209
125678210
125678211
125678787
125678788
125678789
125678790
125678791
125678792
125678793
125678794
125678795
125678796
125678798
125678799
125678800
125678802
125678803
125678804
125678806
125678807
125678937
125678945
125678955
125678968
125679378
125679388
125679390
125679392
125679393
125679394
125679395
125679396
125679397
125679398
125679399
125679400
125679401
125679402
125679406
125679407
125679409
125679410
125679414
125679840
125679960
125679966
125679989
125679991
125680016
125680017
125680021
125680022
125680049
125680054
125680063
125680069
125680521
125680530
125680531
125680539
125680560
125681048
125681051
125681053
125681055
125681056
125681058
125681060
125681061
125681062
125681063
125681064
125681065
125681066
125681067
125681068
125681069
125681070
125681072
125681115
125681423
125681466
125681646
125681667
125681675
125681687
125681737
125681853
125681863
125681942
125681952
125681964
125681976
125681989
125682003
125682013
125682024
125682036
125682043
125682053
125682069
125682080
125682089
125682095
125682105
125865598
125865610
125865615
125865628
125865637
125866004
125866005
125866011
125866017
125866022
125866053
125866060
125866068
125866078
125866519
125866522
125866523
125866526
125866529
125866537
125866538
125866540
125866542
125866543
125866544
125866545
125866549
125866550
125866552
125866650
125867145
125867149
125867152
125867153
125867156
125867165
125867168
125867169
125867172
125867173
125867179
125867181
125867182
125867183
125867185
125867187
125867188
125867190
125867284
125867291
125867299
125867310
125867324
125867754
125867757
125867899
125867928
125867937
125867945
125867955
125867961
125867971
125867982
125868494
125868495
125868560
125868562
125868564
125868565
125868567
125868586
125868590
125868594
125868602
125868611
125868615
125868622
125868632
125868641
125868647
125869107
125869108
125869109
125869111
125869112
125869114
125869116
125869144
125869619
125869622
125869626
125869634
125869704
125869705
125869709
125869710
125869712
125869713
125869716
125869717
125869719
125869721
125869723
125869724
125869725
125869726
125869727
125869728
125869729
125869731
125869745
125869749
125869771
125870218
125870219
125870220
125870295
125870296
125870297
125870298
125870300
125870301
125870302
125870303
125870304
125870305
125870776
125870778
125870780
125870782
125870884
125870885
125870886
125870887
125870889
125870895
125870896
125870897
125870898
125870899
125870900
125871702
125871712
125871722
125871736
125871744
125871755
125871761
125871778
125871787
125871793
125871804
125871813
125871825
125871829
125871837
125871885
125871895
125871904
125872154
125872156
125872157
125872158
125872160
125872161
125872162
125872163
125872164
125872165
125872167
125872168
125872169
125872170
125872171
125872172
125872173
125872175
125872422
125872488
125872500
125872509
125872522
125872712
125872715
125872825
125872832
125872839
125872846
125872853
125872861
125872869
125872879
125872892
125872899
125872911
125872924
125872989
125873000
125873008
125873020
125873035
125873050
125873361
125873362
125873364
125873365
125873367
125873368
125873369
125873891
125873895
125873897
125873899
125873901
125873904
125873906
125873909
125873910
125873912
125873913
125873915
125873916
125873918
125873919
125873920
125873921
125873922
126193532
126193541
126193564
126193570
126194135
126194139
126194143
126194144
126194145
126194146
126194147
126194148
126194151
126194153
126194155
126194157
126194351
126194365
126194367
126194371
126194660
126194662
126194664
126194667
126194671
126194674
126195092
126195094
126195096
126195098
126195100
126195102
126195110
126195111
126195112
126195113
126195117
126195120
126195122
126195124
126195219
126195226
126195234
126195245
126195250
126195257
126195265
126195279
126195292
126195302
126195310
126195799
126195802
126195804
126195805
126195806
126195807
126195808
126195809
126195810
126195812
126195820
126195821
126196074
126196082
126196087
126196114
126196478
126196480
126196485
126196490
126196492
126196497
126196500
126196504
126196514
126196776
126196781
126196788
126196798
126196808
126196816
126196824
126196831
126196841
126197162
126197164
126197171
126197172
126197176
126197177
126197495
126197502
126197509
126197514
126197519
126197523
126197530
126197538
126197540
126198003
126198030
126198032
126198036
126198041
126198043
126198045
126198051
126198058
126198065
126198072
126198081
126198342
126198360
126198365
126198369
126198385
126198667
126198678
126198758
126198763
126198770
126198782
126199017
126199019
126199021
126199024
126199032
126199034
126199035
126199066
126199068
126199074
126199208
126199273
126199290
126199303
126199311
126199324
126199335
126199352
126199362
126199369
126199416
126199423
126199431
126199435
126199443
126199448
126199469
126199472
126199736
126199737
126199740
126199741
126199756
126199760
126199765
126199800
126199843
126199851
126199856
126199860
126199861
126199882
126199884
126199899
126199907
126199914
126200280
126200292
126200295
126200299
126200301
126200305
126200306
126200865
126200879
126200880
126200881
126200883
126200884
126200885
126200886
126200889
126200890
126200891
126200894
126200895
126200896
126200897
126200898
126200900
126200901
126200943
126200944
126200966
126201002
126201012
126201019
126201067
126201440
126201443
126201444
126201445
126201446
126201447
126201448
126201449
126201450
126201451
126201452
126201453
126201454
126201455
126201456
126201457
126201458
126201459
126201937
126201941
126201944
126201947
126201951
126201953
126201958
126202090
126202091
126202095
126202117
126202126
126202165
126202170
126202177
126202186
126202196
126202205
126202214
126202220
126202226
126202231
126203534
126203535
126203536
126203537
126203538
126203539
126203540
126203541
126203542
126203543
126203544
126203545
126203546
126203547
126203548
126203809
126203810
126203811
126203812
126203813
126203814
126203815
126203816
126203817
126203818
126203819
126203820
126203821
126203822
126203823
126476606
126476631
126520692
126520693
126520694
126520695
126520697
126520698
126520701
126520703
126520704
126520705
126520734
126520735
126520736
126520737
126520738
126520739
126520740
126520741
126520742
126520743
126522817
126522821
126522876
126522877
126526492
126526497
126527441
126527457
126535709
126535739
126546376
126546380
126585607
126588813
126588815
126588816
126588817
126588821
126588824
126588829
126588835
126588842
126588846
126588851
126588858
126588868
126588876
126588885
126588896
126588905
126588912
126588924
126589413
126589414
126589902
126589907
126589910
126589912
126589916
126589921
126589924
126589929
126589931
126589932
126589933
126589935
126589936
126589937
126589938
126589940
126589942
126590340
126590371
126590377
126590384
126590394
126590399
126590408
126590411
126590625
126590630
126590631
126590635
126590636
126590637
126590645
126590646
126590647
126590648
126590649
126590650
126590651
126590652
126590654
126590655
126590656
126591242
126591244
126591245
126591246
126591247
126591732
126591749
126591752
126591753
126591755
126591756
126591757
126591758
126591759
126591763
126591767
126591768
126591770
126591773
126591775
126591776
126591777
126591941
126591958
126591966
126591980
126591989
126592004
126592012
126592030
126592343
126592345
126592347
126592349
126592352
126592355
126592359
126592393
126592394
126592788
126592839
126592846
126592856
126592860
126592863
126593006
126593020
126593055
126593060
126593071
126593141
126593151
126593166
126593241
126593576
126593578
126593581
126593582
126593584
126593585
126593586
126593587
126593589
126593649
126593654
126593660
126593665
126593670
126594039
126594044
126594050
126594059
126594099
126594105
126594110
126594118
126594123
126594128
126594152
126594335
126594341
126594342
126594344
126594347
126594351
126594354
126594355
126594358
126594724
126594734
126594747
126594795
126594800
126594921
126594926
126594927
126594931
126594932
126594935
126594936
126594937
126594938
126594941
126594942
126595364
126595370
126595399
126595407
126595412
126595418
126595447
126595454
126595459
126595506
126595507
126595598
126595607
126595614
126595621
126595631
126595643
126595650
126595716
126595731
126596211
126596212
126596213
126596216
126596218
126596219
126596220
126596221
126596222
126596223
126596224
126596226
126596227
126596229
126596230
126596232
126596233
126596235
126596236
126596746
126596749
126596754
126596758
126596762
126596788
126596792
126596794
126596795
126596799
126596802
126596803
126596807
126596808
126596811
126596812
126596815
126596816
126596817
126597254
126597265
126597275
126597277
126597293
126597432
126597433
126597436
126597459
126597460
126597461
126597462
126597464
126597466
126597467
126597468
126597469
126597471
126597472
126597473
126597475
126597476
126597477
126597478
126598261
126598262
126598263
126598264
126598266
126598267
126598268
126598270
126598271
126598272
126598273
126598274
126598275
126598277
126598278
126598280
126598281
126598282
126598283
126598834
126598835
126598836
126598839
126598840
126598841
126599383
126599384
126599385
126599386
126599387
126599388
126599390
126599394
126599395
126599396
126599398
126599399
126599400
126599401
126599402
126599403
126599405
126599406
126599407
126786123
126786198
126786611
126786613
126786615
126786617
126786621
126786626
126786628
126786631
126786633
126787157
126787163
126787167
126787170
126787173
126787181
126787969
126787974
126787979
126787982
126787984
126787986
126788005
126788009
126788012
126788015
126788016
126788020
126788022
126788024
126788026
126788039
126788040
126788042
126788045
126788743
126788750
126788757
126788763
126788768
126788778
126788826
126788835
126788846
126788859
126788875
126788887
126789255
126789257
126789259
126789261
126789264
126789266
126789267
126789268
126789269
126789270
126789271
126789272
126789274
126789822
126789826
126789832
126789837
126790037
126790044
126790055
126790126
126790136
126790149
126790159
126790172
126790184
126790201
126790215
126791125
126791137
126791139
126791141
126791143
126791146
126791148
126791151
126791155
126791157
126791159
126791162
126791164
126791846
126791850
126791854
126791867
126791872
126791881
126791885
126791888
126791892
126791894
126791905
126791915
126791918
126791920
126791923
126791929
126791931
126791932
126791934
126792463
126792469
126792472
126792479
126792484
126792491
126792592
126792594
126792597
126792603
126792605
126792606
126793011
126793023
126793073
126793081
126793193
126793200
126793201
126793203
126793206
126793209
126793212
126793214
126793216
126793231
126793232
126793233
126793317
126793326
126793335
126793343
126793352
126793366
126793898
126793900
126794434
126794436
126794437
126794438
126794483
126794485
126794488
126794489
126794492
126794493
126794494
126794495
126794496
126794502
126794504
126795041
126795043
126795045
126795675
126795678
126795683
126795684
126795686
126795687
126795690
126795692
126903227
126910877
126910879
126910882
126910887
126910890
126910892
126910894
126910896
126910898
126910899
126910900
126910902
126910903
126910905
126910907
126910909
126910911
126910913
126910915
126912214
126912216
126912217
126912220
126912768
126912770
126912771
126912773
126912774
126912965
126912976
126912990
126912999
126913350
126913352
126913358
126913955
126913957
126913960
126913962
126913964
126913966
126913968
126913970
126913972
126913973
126913975
126913976
126913977
126913978
126913979
126913981
126913983
126913984
126913985
126914420
126914432
126914445
126914450
126914454
126914468
126914662
126914664
126914666
126914669
126914671
126914673
126915341
126915344
126915346
126915348
126915350
126915352
126915354
126915356
126915358
126915360
126915362
126915364
126915366
126915368
126915370
126915372
126915373
126915374
126915375
126916001
126916006
126916008
126916009
126916010
126916023
126916024
126916025
126916029
126916033
126916035
126916038
126916040
126916042
126916044
126916046
126916055
126916059
126916063
126916583
126916599
126916607
126916615
126916660
126916666
126916672
126916676
126916681
126916685
126916687
126916689
126916693
126916695
126916699
126916700
126916703
126916705
126916713
126917390
126917392
126917394
126917396
126917397
126917398
126917401
126917402
126917403
126917404
126917406
126917408
126917410
126917412
126917415
126917417
126917419
126917420
126917421
126918192
126918590
126918600
126918609
126918616
126918629
126918642
126918645
126918654
126918662
126918672
126918676
126918686
126919234
126919245
126919255
126919258
126920034
126920036
126920050
127588122
127588126
127588128
127588132
127588134
127588151
127588171
127588722
127588726
127588733
127588736
127588737
127588742
127588743
127588745
127588746
127588748
127588751
127588758
127588760
127588763
127588766
127588770
127588772
127588775
127589378
127589381
127589382
127589383
127589386
127590167
127590181
127590259
127590267
127590346
127590361
127590375
127590389
127590472
127590505
127590514
127590531
127590543
127590576
127590595
127590597
127590602
127590684
127590688
127590698
127590706
127590714
127590725
127591962
127591967
127591968
127591971
127591973
127591976
127591980
127591982
127591984
127591987
127591988
127591990
127591994
127591996
127591998
127592001
127592005
127592007
127592010
127592610
127592614
127592616
127592618
127592622
127593291
127593307
127593308
127593315
127593319
127593322
127593328
127593331
127593337
127593340
127593341
127593345
127593348
127593353
127593357
127593366
127593369
127593864
127593866
127593875
127593877
127593878
127593881
127594390
127594449
127594451
127594458
127594460
127594895
127594904
127594911
127594935
127594951
127594983
127595032
127595044
127595057
127595150
127595168
127595171
127595347
127595359
127595367
127595375
127595387
127595400
127595412
127595420
127595441
127595945
127595948
127595952
127595953
127595954
127595957
127596629
127597216
127597222
127597225
127597227
127597234
127597241
127597243
127597246
127597248
127597250
127597254
127597256
127597261
127597262
127597264
127597267
127597269
127597270
127597894
127597899
127597900
127597909
127597911
127597917
127597918
127597920
127597922
127597925
127597926
127597927
127597930
127597932
127597933
127597935
127597936
127597939
127597943
127608472
127677798
127741462
127741465
127741467
127741554
127741555
127741557
127741559
127741560
127741562
127741564
127741569
127741572
127741573
127741574
127741576
127741578
127741581
127741584
127741586
127741588
127741591
127741593
127741665
127741666
127741669
127741673
127741676
127741678
127741681
127741683
127741685
127741686
127741688
127741691
127741693
127741887
127741931
127741932
127741933
127741934
127741935
127741936
127741938
127741939
127741940
127741941
127741942
127741943
127741945
127741946
127741948
127741949
127741951
127741953
127741954
127742150
127742153
127742156
127742157
127742159
127742161
127742163
127742168
127742170
127742173
127742175
127742180
127742181
127742184
127742187
127742188
127742192
127742193
127742196
127742222
127742229
127742232
127742235
127742237
127742241
127742248
127742320
127742419
127742432
127742459
127742486
127742511
127742514
127742515
127742517
127742565
127742664
127742665
127742678
127742682
127742685
127742687
127742689
127742691
127742695
127742701
127742702
127742703
127742704
127742706
127742710
127742711
127742717
127742720
127742723
127742835
127742836
127742869
127742970
127742977
127742980
127742984
127742990
127742992
127742994
127742996
127742997
127742998
127743000
127743003
127743004
127743006
127743007
127743010
127743012
127743061
127743063
127743152
127743153
127743156
127743161
127743164
127743167
127743168
127743170
127743171
127743174
127743176
127743178
127743180
127743183
127743185
127743189
127743191
127743192
127743193
127743223
127743225
127743228
127743231
127743233
127743238
127743299
127743313
127743364
127743367
127743373
127743377
127743382
127743387
127743465
127743468
127743471
127743473
127743475
127743480
127743482
127743543
127743547
127743556
127743637
127743642
127743645
127743770
127743771
127743774
127743778
127743779
127743780
127743781
127743784
127743787
127743791
127743796
127743798
127743805
127743806
127743810
127743813
127743817
127743819
127743821
127743976
127743978
127743980
127743983
127743988
127743991
127743993
127743995
127743996
127743998
127744004
127744005
127744007
127744011
127744012
127744015
127744016
127744018
127744024
127744180
127744181
127744182
127744184
127744186
127744191
127744196
127744198
127744201
127744202
127744206
127744208
127744211
127744219
127744220
127744221
127744222
127744223
127744227
127744382
127744384
127744386
127744393
127744398
127744400
127744402
127744586
127744592
127744593
127744597
127744601
127744608
127744653
127744656
127744660
127744694
127744696
127744698
127744699
127744727
127744729
127744763
127744765
127744766
127744767
127744768
127744769
127744770
127744853
127744882
127744892
127744894
127744923
127744989
127744992
127744996
127744998
127745000
127745002
127745008
127745009
127745014
127745015
127745071
127745170
127745175
127745221
127745230
127745236
127745294
127745386
127745395
127745401
127745405
127745406
127745407
127745408
127745410
127745411
127745412
127745413
127745417
127745418
127745421
127745424
127745426
127745427
127745429
127745431
