15.857
2.506
15.673
16.775
49.492
49.488
28.640
26.204
2.483
49.871
21.256
15.339
16.647
17.604
48.765
38.681
17.997
15.662
48.510
15.956
48.750
24.170
15.817
15.861
15.791
15.877
16.841
18.492
15.965
41.945
75.059
62.044
15.273
16.782
79.908
17.588
16.977
3.196
14.624
15.243
17.850
15.385
42.006
34.059
20.566
16.659
16.431
16.430
17.101
15.826
15.869
15.369
17.564
16.688
20.028
15.927
32.319
16.039
17.604
17.233
42.128
17.341
46.605
18.384
16.156
18.328
17.795
17.807
15.866
16.080
42.397
32.032
17.990
18.000
20.173
22.409
19.145
19.581
18.126
18.731
18.044
18.172
16.933
16.771
18.932
18.431
17.921
17.387
18.094
15.908
16.459
15.620
18.210
16.985
17.789
18.916
19.302
17.407
17.134
17.069
16.930
17.773
17.103
16.413
22.445
5.117
9.945
36.898
10.046
17.372
16.653
20.140
18.259
16.483
16.201
16.324
18.063
17.254
18.109
16.695
17.060
17.385
16.864
19.162
19.336
17.076
16.791
15.927
15.999
16.662
16.510
