13.726
12.735
13.679
13.722
13.398
14.935
13.058
13.305
12.712
13.477
15.235
11.924
13.325
15.137
14.041
13.818
13.538
13.096
13.607
14.985
15.135
13.789
14.525
13.846
13.322
13.611
13.769
13.814
14.350
13.845
69.153
13.723
14.895
13.765
3.416
12.936
14.193
16.261
13.225
21.781
13.403
12.983
13.789
13.510
13.370
13.528
13.913
27.735
13.697
13.902
14.100
13.157
12.981
12.902
17.528
13.445
13.659
13.388
13.611
12.572
13.201
14.138
12.923
15.432
1.543
16.246
12.710
14.934
14.917
14.185
13.095
13.408
14.336
14.327
13.648
13.637
12.821
15.129
12.579
12.684
12.560
12.352
11.904
12.166
13.664
13.057
13.398
12.056
13.932
12.872
13.326
13.279
13.787
12.378
12.818
11.901
13.751
12.935
13.007
13.401
12.700
14.040
14.838
16.050
12.664
12.369
12.672
13.229
12.119
12.093
13.087
14.183
13.450
14.844
14.084
12.737
12.438
14.395
12.683
11.758
18.215
7.949
8.187
41.582
10.453
12.345
13.294
17.907
14.443
12.081
11.941
12.768
12.671
13.793
14.995
15.284
14.184
13.222
12.859
12.687
12.861
