71.661
75.897
74.608
74.238
69.933
79.280
69.834
70.088
68.430
74.120
75.419
75.981
76.050
80.592
68.678
69.084
67.186
70.364
70.934
76.453
78.563
86.230
69.038
71.998
71.900
69.221
73.054
82.825
70.080
76.492
74.754
79.709
77.108
78.309
83.139
84.065
90.221
79.816
75.139
72.992
73.797
77.998
80.250
75.239
77.208
73.820
73.999
76.120
71.705
77.912
86.041
74.308
74.960
72.889
75.997
194.715
84.037
75.541
69.099
72.570
71.054
72.240
72.940
70.473
75.293
78.875
71.572
70.930
71.063
68.566
71.865
71.020
73.379
70.643
68.586
69.775
70.620
71.747
68.367
68.629
70.135
69.769
81.493
228.716
68.075
67.891
70.318
70.114
73.308
71.167
71.879
72.866
78.810
77.264
82.320
80.691
76.219
75.249
69.568
71.419
70.867
72.845
72.700
74.387
86.424
86.977
77.930
78.616
56.525
69.576
71.016
73.738
47.341
89.176
9.105
37.385
42.881
69.600
68.503
75.617
73.594
72.156
69.761
74.906
73.606
66.492
67.040
68.204
65.552
70.084
73.683
68.811
67.694
70.135
68.568
74.090
74.581
67.153
68.034
69.300
69.028
