30.563
29.756
29.672
30.420
60.354
83.947
56.730
31.881
28.137
27.670
27.533
28.788
34.983
36.744
34.554
34.671
32.281
30.898
30.129
30.087
32.081
33.646
32.956
29.417
28.863
30.830
28.491
28.259
30.048
34.794
29.613
28.886
27.475
29.632
27.413
31.237
29.678
31.045
30.207
30.338
28.333
27.998
27.706
32.135
31.101
32.454
32.147
29.898
29.771
30.404
31.485
37.868
35.082
31.055
30.195
29.834
32.943
31.008
32.359
31.557
32.138
29.939
32.125
30.957
33.319
32.266
33.577
31.347
32.793
33.081
33.182
33.151
29.565
29.032
29.454
29.486
30.515
29.740
30.954
29.747
31.608
30.935
29.863
30.385
29.797
31.050
32.433
29.376
29.294
28.790
30.815
30.201
30.163
29.174
32.086
32.877
34.548
34.262
31.154
29.402
28.673
30.261
34.817
26.188
31.759
32.071
29.597
28.049
29.290
28.636
26.706
28.236
26.961
27.322
26.742
27.424
30.171
30.478
29.643
28.598
28.636
28.657
27.103
26.517
27.236
26.826
25.600
25.960
27.693
26.548
28.818
30.425
28.411
28.008
27.831
29.166
27.051
27.039
