130218140
130220362
130246014
130256230
130276701
130313350
130333287
130333391
130339005
130347072
130348159
130373472
130384590
130384755
130384809
130400108
130402815
130426852
130444143
130446190
130446321
130446322
130448144
130448152
130449715
130449720
130449721
130449723
130449727
130449728
130449730
130449732
130449737
130449741
130449744
130449747
130449748
130449751
130449753
130449756
130449759
130449761
130449763
130449765
130449766
130449767
130449770
130449771
130449781
130449785
130449787
130449789
130449794
130449796
130449800
130449802
130449803
130449805
130449808
130449810
130449813
130449815
130449818
130449820
130450225
130450313
130450314
130450316
130450318
130450320
130450323
130450325
130450425
130450427
130450429
130450431
130450433
130450437
130450438
130450440
130450442
130450443
130450445
130450446
130450450
130450451
130450453
130450457
130450458
130450459
130450461
130450464
130450467
130450468
130450469
130450471
130450472
130450476
130450477
130450478
130450480
130450767
130450769
130450772
130450774
130450776
130450777
130450778
130450783
130450784
130450788
130450789
130450921
130450922
130450928
130450929
130450932
130450933
130450935
130450946
130450950
130450952
130450954
130450956
130450958
130450961
130450970
130450971
130450972
130450974
130450994
130451005
130451279
130451282
130451286
130451288
130451290
130451292
130451296
130451300
130451301
130451304
130451396
130451399
130451401
130451407
130451410
130451413
130451476
130451478
130451479
130451483
130451485
130451487
130451490
130451492
130451493
130451494
130451497
130451499
130451503
130451507
130451509
130451510
130451512
130451513
130451514
130451515
130451516
130451520
130451521
130451523
130451524
130451530
130451531
130451532
130451534
130451563
130451566
130451567
130452725
130452940
130454455
130455022
130457194
130458309
130458331
130458343
130459186
130461257
130462145
130462149
130462271
130462378
130463103
130463151
130463253
130465199
130465417
130465563
130466928
130467525
130470015
130471530
130482209
130483191
130483192
130483213
130484353
130486364
130488647
130490456
130492560
130493966
130494785
130509281
130520753
130530044
130530048
130530049
130530051
130530054
130530057
130530064
130530065
130532936
130532967
130533024
130533102
130533199
130533236
130533277
130533323
130533373
130533410
130533428
130533441
130533458
130533469
130533475
130533478
130533480
130533483
130533485
130533489
130533491
130533492
130533493
130533497
130533498
130533785
130533827
130533884
130533940
130533980
130534008
130534042
130534070
130534092
130534112
130534124
130534138
130534169
130534180
130534194
130534196
130536618
130537720
130537730
130537744
130537762
130537767
130537778
130538829
130538832
130538835
130538837
130538839
130538841
130538843
130538844
130538845
130538847
130538849
130538850
130538851
130538852
130538912
130538991
130539087
130539169
130539258
130539285
130539320
130539342
130539415
130539435
130539447
130539453
130539459
130539462
130542952
130542961
130542972
130542980
130542984
130542988
130542997
130543000
130543003
130543006
130543030
130544261
130544282
130544445
130544472
130544492
130544523
130544597
130544618
130544630
130544636
130544643
130544653
130544659
130544691
130544747
130544825
130544961
130545001
130545078
130547355
130548599
130548635
130548645
130548648
130548649
130548651
130548653
130548655
130548656
130548659
130548661
130549645
130549680
130549693
130549746
130549767
130549787
130550372
130550374
130550404
130550487
130550612
130550669
130550769
130550795
130550823
130550839
130550849
130550860
130550865
130550867
130550871
130550872
130550874
130550875
130550876
130550888
130550938
130551029
130551104
130551167
130551220
130551345
130551366
130551402
130551429
130551480
130551498
130551526
130553763
130564335
130564346
130592740
130605018
130605288
130624437
130654913
130674612
130680556
130685137
130712319
130721900
130745068
130776064
130776638
130790014
130790061
130790081
130804059
130807796
130830178
130841725
130841982
130841984
130845400
130849315
130855034
130860427
130862245
130862281
130863875
130865684
130891713
130921151
130922373
130927250
130950940
130960093
130980872
130981383
130982156
130983248
130983250
130983270
130990655
130991089
130991236
130993841
131010289
131031603
131036431
131036479
131044436
131046886
131047406
131047410
131047411
131047424
131047428
131047429
131047430
131047436
131047438
131047441
131047442
131047444
131047455
131047456
131047459
131047460
131047468
131047471
131047472
131047474
131047475
131047484
131047485
131047486
131047490
131047502
131047504
131047505
131047517
131047520
131047522
131047524
131047532
131047534
131047538
131047539
131047540
131047551
131047552
131047556
131047566
131048091
131048235
131048238
131048248
131048249
131048252
131048254
131048377
131048378
131048379
131048389
131048390
131048391
131048393
131048395
131048401
131048402
131048403
131048406
131048407
131048417
131048421
131048425
131048433
131048436
131048437
131048438
131048446
131048447
131048448
131048449
131048459
131048460
131048462
131048469
131048470
131048979
131048981
131048983
131048985
131048995
131048998
131049000
131049003
131049009
131049012
131049015
131049193
131049195
131049198
131049205
131049206
131049208
131049216
131049217
131049218
131049230
131049257
131049258
131049259
131049266
131049267
131049268
131049269
131049277
131049771
131049772
131049777
131049780
131049781
131049789
131049791
131049793
131049794
131049803
131049938
131049941
131049943
131049946
131049956
131049958
131049959
131050087
131050089
131050090
131050092
131050094
131050104
131050105
131050110
131050114
131050122
131050128
131050132
131050142
131050146
131050158
131050159
131050160
131050162
131050169
131050170
131050171
131050176
131050184
131050187
131050188
131050196
131050197
131050198
131050201
131050202
131050213
131050214
131052201
131055602
131061058
131064545
131091506
131121598
131151656
131153826
131184263
131213306
131233103
131237465
131245283
131262751
131290448
131301340
131318707
131338909
131369807
131395980
131421998
131444842
131444899
131444984
131445081
131445162
131445241
131445279
131445313
131445327
131445335
131445337
131445342
131445355
131445357
131445361
131445363
131445364
131445375
131445378
131445379
131445387
131445392
131445394
131445417
131445477
131445776
131445828
131445871
131445901
131445918
131445924
131445931
131445937
131445949
131445963
131445968
131445970
131445981
131445988
131445990
131445993
131446002
131448433
131449570
131449572
131449575
131449576
131449584
131450713
131450715
131450717
131450720
131450723
131450731
131450734
131450735
131450763
131450835
131450944
131451028
131451076
131451129
131451169
131451220
131451236
131451240
131451248
131451259
131451261
131451263
131451265
131451276
131451279
131451288
131451290
131451292
131451366
131454715
131454718
131454720
131454721
131454723
131454738
131454740
131454786
131454849
131455046
131455107
131456394
131456412
131456413
131456423
131456424
131456427
131456434
131456435
131456456
131456513
131456600
131456755
131456801
131456921
131456929
131456933
131456973
131456975
131456977
131460970
131461055
131461145
131461201
131461254
131461301
131461331
131461360
131461377
131461385
131461992
131462001
131462003
131462013
131462055
131462166
131462253
131463080
131463081
131463084
131463088
131463094
131463096
131463098
131463101
131463110
131463111
131463238
131463503
131463589
131463595
131463628
131463637
131463642
131463644
131463646
131463655
131463656
131463659
131463661
131463663
131463674
131463740
131463812
131463894
131463942
131464095
131464165
131464182
131475604
131502906
131502981
131503398
131503488
131503509
131503539
131503707
131504110
131504179
131504206
131504218
131504235
131504243
131504346
131504593
131504766
131504831
131504868
131505169
131505432
131512073
131536523
131566076
131576571
131576582
131593823
131594747
131597220
131597221
131609585
131613264
131616371
131625180
131635526
131665723
131668138
131695234
131723283
131753500
131759215
131775646
131787192
131812576
131826030
131826040
131839932
131864066
131864067
131867626
