43.774
45.683
50.173
53.017
47.713
46.605
49.092
47.210
46.218
37.575
45.855
44.399
46.880
48.459
48.805
51.851
49.969
50.418
47.591
45.099
52.854
32.532
31.324
30.027
27.581
27.723
30.648
31.839
29.446
29.019
29.936
30.809
30.902
28.502
49.467
44.823
47.722
47.368
47.408
49.232
34.042
33.679
33.170
33.045
50.471
51.880
45.954
50.342
36.449
20.475
48.556
48.329
46.691
64.098
62.610
63.338
63.137
64.093
58.904
62.382
61.655
59.777
61.050
61.914
63.155
63.392
59.556
62.234
60.890
62.007
60.829
60.415
64.015
62.465
61.452
65.879
62.017
60.976
61.521
63.953
65.427
78.200
87.704
69.796
67.593
68.994
68.916
72.706
61.345
63.952
64.653
64.913
64.896
69.653
66.558
66.467
