13.380
14.702
13.090
18.991
12.465
12.556
12.982
15.774
13.376
20.715
12.374
12.832
12.356
13.399
13.236
13.331
17.756
15.174
13.035
12.275
17.967
14.157
19.253
12.647
12.483
13.467
18.343
14.558
14.917
18.903
13.857
13.962
12.937
14.221
17.664
14.254
17.849
17.429
13.092
13.177
13.891
14.156
13.237
17.880
12.901
13.282
14.454
16.107
15.337
18.302
13.856
13.788
13.927
12.648
16.295
19.243
13.097
37.026
13.564
14.035
14.327
17.029
12.568
13.954
14.012
13.392
13.528
11.834
24.520
14.477
4.440
11.239
9.934
9.927
11.914
16.957
14.012
13.146
12.467
14.933
13.357
19.549
13.162
12.786
12.891
14.101
14.065
14.344
12.874
12.581
12.340
12.952
14.762
14.343
15.913
1.359
14.113
14.030
13.056
13.415
13.785
13.186
13.760
