18.032
16.379
19.274
19.143
21.119
18.105
17.880
17.607
19.010
18.133
19.183
17.316
17.011
17.381
18.706
20.069
19.319
19.334
17.999
17.342
18.107
18.951
18.613
20.163
18.247
18.029
18.797
19.461
18.364
19.072
17.890
19.106
18.297
18.613
18.583
19.029
17.432
19.248
18.068
19.225
17.634
18.620
17.914
17.586
17.838
17.477
20.464
20.264
18.340
18.410
18.903
18.503
19.261
19.792
17.670
19.079
19.329
18.728
18.365
19.551
20.812
19.085
20.080
20.579
18.912
19.161
18.734
19.039
19.075
18.176
19.779
18.560
21.089
17.952
17.346
17.835
20.142
22.722
17.563
18.688
17.626
20.853
18.961
19.896
18.752
18.928
18.468
20.709
19.747
18.994
17.667
