12.578
14.756
11.962
16.756
12.823
12.159
12.506
13.162
12.640
15.232
13.154
12.300
12.582
14.204
13.519
13.742
14.387
11.934
12.326
12.577
14.406
14.946
13.379
12.337
13.091
13.818
14.692
12.870
13.226
12.727
13.717
13.703
13.306
14.397
13.352
13.206
13.359
14.666
12.704
12.078
12.957
14.145
13.933
13.039
14.184
15.110
14.096
14.855
13.109
12.224
16.911
13.915
13.637
16.185
14.722
14.320
14.242
13.767
12.864
15.020
14.093
13.129
14.995
15.086
13.348
14.272
13.773
13.346
13.707
14.061
15.085
14.030
16.393
15.511
11.780
15.333
14.381
14.730
16.339
13.976
13.364
12.627
13.791
13.455
14.363
14.431
15.116
11.957
12.527
11.950
12.706
12.396
13.032
12.143
