86817140
86820733
86824917
86828933
86832285
86835402
86838635
86842534
86845966
86848932
86850005
86851311
86852890
86854111
86856863
86860770
86865248
86868517
86873711
86877937
86878986
86880983
86884068
86886278
86886454
86889244
86892716
86897274
86901978
86906052
86909426
86912910
86916472
86919801
86924029
86930503
86934403
86938249
86941918
86945662
86948911
86952776
86957084
86961731
86965461
86969275
86972665
86976651
86979808
86984603
86988576
86992353
86996166
87000406
87009143
87012935
87016894
87020840
87024837
87028597
87032692
87037437
87044099
87047556
87052234
87057025
87061230
87065600
87070144
87074656
87078640
87083349
87087530
87092371
87097565
87102946
87107593
87112635
87118109
87122477
87126997
87137877
87151733
87165066
87173118
87187131
87201318
87214691
87238378
87250585
87254053
87258315
87262339
87293420
87316267
87326541
87350011
87365747
87369785
87373147
87376459
87379807
87383008
87386440
87395443
87399540
87403833
87410289
87414144
87421925
87425399
87428045
87431151
87434464
87437594
87441203
87444832
87448872
87453136
87457134
87459902
