13.771
13.859
14.436
13.505
13.459
13.518
12.705
13.494
13.476
13.609
12.627
13.978
14.050
13.818
12.271
12.538
12.589
12.357
11.702
12.213
13.174
11.838
12.829
14.254
13.373
11.406
13.364
12.256
12.387
13.202
15.273
12.264
12.681
14.355
12.720
13.920
12.859
13.702
13.261
13.368
12.579
12.959
13.429
13.693
13.616
12.486
12.266
12.334
12.686
13.794
14.015
13.739
14.041
12.476
12.969
12.453
13.277
12.354
13.006
16.062
13.620
12.450
13.057
11.915
12.731
12.896
12.865
16.881
13.011
13.465
14.640
14.577
13.473
13.412
13.050
13.298
13.198
14.107
1.480
15.564
14.099
13.637
13.599
13.855
13.551
13.996
13.851
59.342
12.801
