28.486
30.125
31.461
29.063
29.058
28.995
27.041
25.699
26.223
25.952
25.951
29.955
26.444
27.812
27.386
25.665
25.829
26.283
25.108
25.377
27.245
30.659
30.112
27.517
28.055
28.054
25.914
26.848
25.981
26.952
31.633
29.039
25.196
26.652
24.877
26.349
26.294
25.662
31.318
28.895
27.322
26.860
26.186
27.544
26.672
25.863
26.507
28.569
27.486
27.421
27.196
28.005
26.099
27.202
29.433
28.759
29.152
27.500
26.490
27.235
26.138
28.113
30.390
28.468
29.669
29.702
28.664
28.306
29.068
31.279
35.784
33.849
31.320
28.338
28.991
29.682
29.570
33.177
32.705
28.000
29.016
27.235
28.922
27.687
27.785
35.261
34.967
34.657
28.878
27.675
27.627
29.249
33.858
29.161
32.864
24.334
24.850
24.735
27.069
25.652
30.448
33.641
27.280
25.337
24.691
25.047
24.975
26.889
29.026
31.497
24.629
26.129
24.793
27.212
29.777
28.749
28.576
31.163
29.197
29.241
30.411
