60.328
61.870
64.783
67.185
66.637
67.915
65.581
63.291
64.653
79.380
63.824
78.188
72.555
82.189
74.372
78.611
64.550
68.384
68.281
72.223
66.810
79.728
83.163
79.569
72.773
75.868
64.947
62.164
62.353
78.005
80.173
80.060
82.915
79.926
68.120
69.415
71.292
71.531
75.467
83.628
85.511
80.911
70.323
66.429
68.342
70.127
74.863
76.531
75.484
77.561
70.869
70.608
65.630
69.338
74.152
71.426
75.874
75.164
73.398
69.405
69.835
70.821
68.522
72.522
78.050
72.633
83.331
82.509
67.283
73.398
71.557
76.465
68.320
75.227
95.791
71.464
76.392
65.793
62.336
62.318
62.609
67.049
69.016
65.631
70.175
78.493
77.885
68.932
66.631
66.123
69.078
68.674
74.087
67.180
68.883
68.259
72.741
80.075
71.250
75.580
72.821
76.945
