70.772
68.209
72.231
83.539
69.454
75.329
73.566
78.957
76.413
77.635
82.373
83.861
89.908
79.560
74.206
72.088
72.895
76.996
79.665
73.858
75.702
72.931
73.107
75.183
70.388
77.022
86.320
73.697
74.343
72.307
75.314
192.351
83.224
74.904
68.562
71.953
70.757
71.616
72.282
69.696
74.882
77.886
70.942
70.327
70.500
68.041
71.484
70.366
72.774
70.080
68.504
69.681
70.817
71.943
67.924
68.185
69.593
69.217
80.708
225.867
67.499
67.317
69.848
69.656
72.704
70.596
71.291
72.274
79.261
77.676
82.518
81.025
76.210
75.246
70.031
71.892
71.363
73.331
72.106
73.788
85.628
86.173
78.215
78.929
56.518
69.584
71.506
74.237
47.341
89.176
9.105
37.385
42.881
70.074
68.956
74.988
73.957
71.540
69.182
74.290
73.063
65.761
66.302
68.659
65.988
70.069
73.653
68.061
66.942
69.570
68.027
73.569
74.017
66.871
67.519
69.996
69.709
68.217
72.482
68.900
67.381
70.609
70.037
74.749
73.311
50.365
45.428
70.483
71.645
66.288
66.239
65.213
65.239
73.745
75.355
67.015
70.739
68.250
70.744
66.474
69.041
176.291
69.020
69.011
67.006
64.341
65.942
66.611
70.510
69.554
71.628
72.286
69.043
67.564
68.467
69.121
