13.959
14.130
14.167
14.335
14.211
69.153
14.084
15.184
14.197
3.416
13.380
14.614
16.624
13.488
21.781
13.815
13.368
14.152
13.889
13.731
13.887
14.273
27.735
13.616
14.247
14.390
13.539
13.352
13.287
17.714
13.813
13.831
13.589
13.821
12.843
13.409
14.314
13.090
15.500
1.543
16.341
12.898
15.036
14.968
14.262
13.220
13.775
14.722
14.677
13.798
13.801
13.034
15.298
12.780
12.860
12.758
12.554
12.189
12.444
13.495
12.879
13.692
12.377
14.076
13.006
13.434
13.383
13.877
12.489
13.083
12.160
13.908
13.101
13.225
13.610
12.904
14.240
14.994
16.186
12.651
12.361
12.729
13.276
12.178
12.155
13.203
14.294
13.621
15.014
13.862
12.509
12.427
14.410
12.743
11.807
18.215
7.949
8.187
41.582
10.453
12.400
13.352
17.855
15.428
13.540
13.115
13.602
14.232
13.278
12.956
12.459
12.111
12.078
11.932
13.112
13.019
13.828
14.996
15.404
14.327
13.323
12.949
12.481
12.661
13.073
12.341
14.123
13.932
13.656
13.831
13.110
12.901
30.800
17.183
13.106
13.364
13.164
13.916
13.163
12.232
13.382
13.540
13.892
16.011
14.624
13.690
12.402
13.880
3.905
12.588
12.414
13.428
12.174
13.697
13.561
13.542
13.791
12.717
13.224
12.317
12.534
13.945
14.134
