16.709
16.798
17.592
18.433
16.737
41.945
75.059
62.044
15.273
17.505
79.908
18.576
17.907
3.196
15.575
16.210
18.786
15.981
42.006
34.059
20.566
17.570
17.487
17.409
17.972
16.723
16.760
16.211
17.449
17.461
20.939
17.018
32.319
16.840
18.659
18.137
42.128
18.227
46.605
19.397
17.023
16.939
42.043
19.473
17.994
17.310
19.118
42.155
44.493
27.544
34.563
34.721
12.584
18.315
17.520
19.054
18.276
18.649
16.461
16.960
19.084
21.061
23.309
19.893
20.441
19.197
19.846
20.059
17.042
17.079
17.530
17.866
17.758
17.946
17.414
19.820
20.939
23.128
22.031
25.759
17.875
18.583
16.976
17.635
17.109
18.707
19.802
20.204
18.337
17.030
16.965
16.957
17.816
17.226
16.531
22.445
5.117
9.945
36.898
10.046
17.496
16.772
21.037
20.839
17.394
17.101
17.068
19.128
18.338
19.148
16.308
16.546
16.717
17.076
18.400
17.881
20.000
20.135
17.952
17.669
16.760
16.835
16.556
16.405
16.194
17.029
19.579
17.957
19.057
18.101
18.909
20.057
14.975
14.370
18.450
18.962
17.725
18.241
17.743
18.330
18.175
18.731
20.059
21.518
48.918
22.345
20.644
20.764
24.010
48.805
28.956
123.945
17.611
17.876
4.911
20.141
17.070
17.393
16.998
18.464
18.477
19.573
19.334
51.238
15.788
10.295
25.493
25.501
18.520
19.465
17.854
18.578
