71.414
79.159
77.993
78.098
77.728
82.197
82.439
72.428
73.270
72.047
71.978
73.498
74.301
77.199
73.817
77.448
78.035
86.653
84.855
76.052
78.558
76.573
77.550
77.201
75.267
75.019
74.211
75.361
81.908
82.159
76.595
72.777
72.749
73.302
74.092
80.268
79.388
62.324
58.672
72.886
74.772
86.540
77.289
73.725
74.456
74.671
73.653
76.403
74.645
65.777
76.386
78.403
75.094
75.667
76.893
77.260
79.019
75.601
75.326
77.685
79.006
75.203
75.642
124.317
81.920
79.583
82.603
88.896
83.914
82.717
79.821
80.999
89.926
88.063
81.246
81.380
85.983
85.300
81.758
82.708
77.016
77.617
82.597
78.440
79.923
80.519
80.426
81.645
78.791
77.880
77.050
79.431
79.853
79.667
75.318
77.499
79.547
79.055
78.759
81.778
81.064
78.449
80.904
77.076
75.732
83.628
73.711
82.500
84.071
83.064
81.451
81.609
82.277
81.109
83.728
76.954
75.951
84.752
83.847
86.873
83.198
85.922
84.681
83.406
83.873
85.252
85.378
95.851
85.847
89.350
246.373
87.937
88.019
87.300
85.389
86.180
88.586
87.010
96.871
85.692
83.229
87.070
82.095
85.947
87.895
81.586
80.504
79.414
82.840
80.596
84.174
85.547
81.253
80.775
79.340
82.479
83.444
81.282
80.440
82.245
83.243
79.782
80.936
82.983
86.922
92.091
90.663
87.062
87.269
86.466
80.123
83.149
