16.338
16.086
17.098
16.804
16.898
16.606
17.677
16.216
19.652
16.666
16.866
15.040
16.974
18.094
18.801
18.982
39.266
16.775
17.205
16.953
16.870
21.202
19.482
16.043
17.141
17.574
18.363
16.727
15.950
18.115
15.954
15.733
17.203
16.736
16.423
17.446
56.162
59.973
15.424
15.661
15.619
18.276
16.728
18.971
16.965
17.644
19.896
18.784
17.655
17.925
18.221
16.622
16.705
16.759
16.566
17.076
17.265
17.809
17.949
17.606
25.091
15.330
15.772
16.332
16.519
16.446
16.062
16.517
16.476
16.767
16.159
17.097
16.480
16.359
17.891
16.464
16.951
16.026
17.649
17.075
20.901
19.098
17.496
16.343
16.668
16.209
17.812
16.548
16.704
17.112
15.569
23.013
20.548
16.295
16.355
17.074
16.546
18.026
17.113
17.805
17.297
18.624
17.777
17.782
19.553
15.605
16.277
17.854
17.014
15.979
18.130
19.561
19.475
17.570
18.603
17.951
17.595
17.963
16.255
15.493
15.973
16.159
17.302
17.065
16.572
16.837
17.834
19.094
16.973
17.689
17.864
16.419
