13.487
13.282
15.012
13.300
13.769
14.751
15.979
16.884
14.174
14.563
13.032
13.973
12.825
13.983
14.785
14.511
13.784
15.308
13.549
14.573
13.133
13.044
12.862
13.914
12.992
13.635
14.127
13.908
13.625
13.551
13.841
14.233
13.623
13.518
12.969
11.927
14.409
13.999
15.219
16.202
13.427
13.275
12.973
13.544
13.445
12.742
14.957
14.557
12.948
13.992
15.438
14.150
14.281
17.152
13.856
13.525
15.649
13.358
13.774
13.834
13.999
14.954
51.281
14.406
12.244
12.417
12.561
13.532
12.729
13.983
13.466
12.075
13.573
12.859
13.004
12.959
13.647
13.578
13.733
13.560
13.272
13.749
14.673
13.013
13.528
13.269
13.218
13.100
13.061
12.303
12.724
12.510
12.600
13.356
12.814
31.485
13.729
12.716
13.209
12.762
13.648
13.399
13.818
13.596
12.776
17.005
13.777
13.275
12.889
13.595
13.290
13.208
10.709
14.596
13.927
14.660
13.318
13.382
13.838
13.194
12.048
15.779
14.096
12.829
14.064
13.258
13.622
14.097
15.960
15.077
14.915
13.183
12.784
12.281
12.259
13.004
13.563
14.099
13.110
12.334
14.459
13.512
13.202
13.827
12.340
12.302
13.267
12.591
12.938
12.952
15.797
12.485
11.711
11.887
12.803
13.211
13.353
77.168
12.322
31.153
14.836
13.601
12.493
14.232
13.331
15.001
13.641
12.949
12.394
12.228
12.140
12.312
