131759224
131759234
131759236
131759250
131759252
131759270
131759275
131759284
131759304
131759308
131759315
131759339
131759356
131759375
131759449
131759503
131759930
131759933
131759934
131759942
131759944
131759945
131759946
131759947
131760836
131760854
131760867
131760885
131761109
131761218
131761229
131761260
131761319
131761436
131761453
131761465
131761508
131761634
131761665
131761679
131761721
131761794
131761806
131761835
131762370
131762382
131762394
131762439
131762487
131762499
131762552
131762622
131762627
131762651
131762667
131762686
131762703
131763622
131763623
131763625
131763626
131763627
131763630
131763633
131763639
131763642
131763645
131763649
131763653
131763662
131763665
131763671
131763675
131763692
131763694
131763698
131764298
131764302
131764312
131764334
131764344
131764376
131764412
131764427
131764506
131764508
131764566
131764596
131764608
131764998
131764999
131765001
131765007
131765014
131765015
131765465
131765477
131765488
131765506
131765524
131765533
131765538
131765550
131766141
131766166
131766170
131766178
131766183
131766190
131766197
131766207
131766208
131766218
131766219
131766221
131766223
131766233
131766234
131766240
131766243
131766274
131766280
131766291
131766303
131766319
131766338
131766355
131766368
131766956
131766968
131766975
131766980
131767001
131767020
131767023
131767025
131767037
131767041
131767042
131767048
131767054
131767076
131767739
131767758
131767774
131767910
131767913
131767925
131767980
131768044
131768097
131768099
131768155
131768208
131768235
131768269
131768284
131769218
131769221
131769241
131769252
131769254
131769255
131769256
131769268
131769273
131769276
131769278
131769279
131769286
131769290
131769293
131769297
131769302
131769308
131769312
131770005
131770012
131770027
131770058
131770086
131770101
131770132
131770153
131770181
131770256
131771379
131771389
131771400
131771404
131771408
131771414
131771421
131771440
131772191
131772194
131772774
131772777
131772779
131772782
131772784
131772788
131772790
131772792
131772932
131772944
131772962
131773005
131773025
131773097
131773128
131773138
131773165
131773190
131773218
131773244
131773271
131773338
131773340
131773341
131774017
131774039
131774070
131774081
131774091
131774114
131774140
131774150
131774154
131774176
131774194
131774203
131774208
131774214
131774216
131774221
131774787
131774796
131774807
131774821
131774834
131774840
131774844
131774849
131774854
131774860
131774862
131774867
131774868
131774870
131774874
131774879
131774888
131774899
131774909
131775557
131775566
131775577
131775582
131775586
131775613
131776148
131776165
131776226
131776247
131776273
131776331
131776360
131776373
131776380
131776392
131776440
131776464
131776468
131776471
131776476
131776497
131776520
131776522
131777205
131777207
131777216
131777220
131777222
131777223
131777233
131777237
131777242
131777245
131777247
131777250
131777256
131777258
131777263
131777266
131777268
131777272
131777274
131778035
131778039
131778047
131778052
131778054
131778055
131778061
131778610
131778625
131778647
131778684
131778695
131778704
131778710
131778717
131778718
131778719
131778725
131778730
131778735
131778736
131778737
131778740
131778741
131778743
131779359
131779370
131779375
131779377
131779379
131779381
131779383
131779387
131779391
131779392
131779394
131779395
131780237
131780245
131780275
131780280
131780282
131780288
131780297
131780300
131780303
131780305
131780309
131780312
131780318
131780325
131780327
131780328
131780330
131780331
131781046
131781048
131781620
131781622
131781625
131781626
131781630
131781635
131781647
131781649
131781652
131781653
131781654
131781655
131781657
131781658
131781670
131781700
131781785
131783059
131783063
131783065
131783077
131783078
131783663
131783680
131783681
131783688
131783698
131783701
131783708
131783712
131783713
131783714
131783715
131783726
131783728
131783729
131783733
131783734
131783738
131783739
131783741
131785867
132058474
132058476
132058479
132058480
132058481
132058482
132058484
132058490
132058492
132058494
132058496
132058500
132058521
132058523
132058525
132059041
132059045
132059046
132059047
132059049
132059051
132059058
132059060
132059061
132059734
132059735
132059736
132059748
132059759
132059780
132059805
132059840
132059859
132059877
132059956
132060019
132060027
132060094
132060120
132060125
132060133
132060221
132060843
132060866
132060875
132060892
132060904
132060914
132060918
132060923
132060928
132060937
132060947
132060951
132060955
132060958
132060967
132060978
132060979
132060982
132061601
132061608
132061616
132061638
132061640
132061648
132061681
132061692
132061695
132061709
132062604
132062607
132062608
132062609
132062612
132062616
132062620
132062622
132062623
132062625
132062627
132063192
132063194
132063196
132063198
132063199
132063201
132063203
132063204
132063205
132063206
132063208
132063761
132063769
132063776
132063779
132063781
132063907
132063919
132063925
132063956
132064035
132064069
132064095
132064117
132064643
132064661
132064782
132064849
132064883
132064932
132064971
132064991
132065002
132065004
132065011
132065038
132065050
132065055
132065071
132065078
132065083
132065163
132065171
132065189
132065226
132065272
132065298
132065320
132065332
132065779
132065783
132065804
132065833
132065834
132065836
132065851
132065853
132065855
132065857
132065861
132065867
132065873
132065879
132065900
132065904
132065912
132066295
132066313
132066335
132066346
132066645
132066648
132066649
132066650
132066652
132066654
132066656
132066658
132066660
132066663
132066664
132066665
132066666
132067132
132067163
132067180
132067193
132067202
132067206
132067213
132067214
132067217
132067221
132067222
132067242
132067276
132067277
132067278
132067280
132067282
132067286
132067827
132067832
132067851
132067873
132067878
132067884
132067955
132067957
132067958
132067960
132067961
132067962
132067963
132067964
132067966
132067968
132067970
132068277
132068285
132068321
132068332
132068351
132068363
132068481
132068485
132068486
132068503
132068504
132068505
132068506
132069021
132069051
132069056
132069062
132069063
132069064
132069066
132069067
132069072
132069073
132069076
132069679
132069826
132069845
132069847
132069850
132069904
132069907
132069919
132069952
132069999
132070037
132070073
132070104
132070133
132070276
132070277
132070331
132070339
132070390
132070413
132070423
132070427
132070652
132071426
132071427
132071437
132071440
132071445
132071449
132071450
132071455
132071460
132071461
132071463
132071478
132071482
132071484
132071487
132071488
132071491
132071492
132072123
132072813
132072814
132072820
132072829
132072830
132072831
132072839
132072840
132072843
132072846
132072847
132072851
132072857
132072868
132072871
132072872
132072875
132072876
132072879
132073508
132073509
132073528
132073576
132073591
132073610
132073713
132073731
132073789
132073829
132073887
132073916
132073968
132073991
132074018
132074022
132074052
132074082
132074241
132074915
132074917
132074928
132074956
132074960
132074968
132074971
132074973
132074976
132074980
132075056
132075571
132075610
132075635
132075674
132075698
132075781
132075837
132075937
132075952
132075987
132075994
132076007
132076025
132076093
132076100
132076115
132076123
132076140
132076153
132076302
132076909
132076910
132076912
132076913
132076923
132076924
132076926
132076927
132076928
132076930
132076932
132076934
132076935
132076967
132076985
132077071
132077113
132077161
132078284
132078340
132078345
132078354
132078366
132078375
132078389
132078400
132078415
132078418
132078423
132078428
132078437
132078463
132078537
132078607
132078651
132078673
132078708
132080052
132080824
132080828
132080831
132080846
132080847
132080851
132080854
132080872
132080896
132080959
132081036
132081107
132081156
132081213
132081238
132081291
132081320
132081328
132082071
132082104
132082413
132082427
132082441
132082477
132082547
132082596
132082624
132082646
132082677
132082712
132082725
132082760
132082782
132082812
132082815
132082840
132082865
132082875
132082900
132082914
132082924
132084158
132084170
132084260
132084495
132085080
132085191
132085300
132085318
132087122
132087226
132089958
132090011
132091975
132091996
132095156
132095162
132095182
132096178
132096380
132096448
132096454
132096473
132096486
132096527
132099377
132104094
132112808
132112820
132113835
132209882
132210570
132210690
132210798
132210886
132210951
132211068
132298291
132298458
132299949
132300006
132300059
132300079
132300085
132300094
132300098
132300107
132300111
132300850
132300862
132300870
132300880
132300903
132300956
132300970
132300980
132300989
132301002
132301022
132301028
132301037
132301045
132302135
132302139
132302142
132302143
132302148
132302151
132302152
132302157
132302162
132302166
132302167
132302187
132302189
132302204
132302207
132302209
132302217
132302225
132303014
132303016
132303344
132303350
132303353
132303356
132303357
132303361
132303364
132303367
132305227
132305228
132305503
132305509
132305523
132305566
132305587
132305597
132305680
132305686
132305708
132305720
132306094
132306098
132306105
132306112
132306114
132306120
132306124
132306125
132306142
132306147
132306149
132306154
132306159
132306755
132306768
132306778
132306784
132306792
132306799
132306817
132306823
132307020
132307024
132307028
132307031
132307276
132307292
132307365
132307391
132307808
132307809
132307824
132307828
132307832
132307841
132307844
132307848
132307849
132307852
132307855
132307856
132307870
132307985
132307988
132307991
132307992
132308005
132308007
132308011
132308014
132308434
132308950
132308954
132308958
132308959
132308963
132308968
132308971
132309400
132309411
132309421
132309429
132309431
132309481
132309485
132309502
132309511
132309517
132309545
132309553
132309557
132309560
132309569
132309577
132309596
132309605
132310585
132310589
132310590
132310594
132310599
132310603
132310632
132310644
132310649
132310657
132310666
132310676
132310679
132310680
132311731
132311746
132311750
132311756
132311759
132311787
132311792
132311797
132311799
132311904
132311908
132311915
132311921
132311931
132311935
132312688
132312689
132312692
132312708
132312712
132312718
132312734
132312738
132312739
132312753
132312758
132312759
132312762
132312763
132313404
132313410
132313544
132313554
132313557
132313558
132313561
132313564
132313577
132313581
132313582
132313584
132313585
132313586
132313587
132313588
132314307
132314312
132314319
132314331
132314334
132314349
132314355
132314357
132315038
132315043
132315086
132315089
132315094
132315133
132315623
132315624
132315628
132315630
132315633
132452579
132452582
132452584
132452586
132452588
132452590
132452591
132452605
132452607
132452608
132452609
132452610
132452612
132452618
132452620
132452621
132452622
132453304
132453306
132453323
132453329
132453335
132453339
132453343
132453347
132453356
132453973
132453975
132453977
132453979
132453980
132453981
132453983
132453984
132453985
132453986
132453987
132453989
132453992
132453994
132453997
132454004
132454005
132454006
132454609
132454617
132454624
132454628
132454632
132454640
132454645
132454701
132454712
132454726
132455858
132455863
132455865
132455867
132455869
132455871
132455885
132455888
132455894
132455902
132455908
132455913
132455918
132455923
132455924
132455925
132455926
132455927
132456447
132456530
132456532
132456534
132456536
132456538
132456544
132456546
132456548
132456552
132456553
132456556
132456558
132456560
132456561
132456562
132456563
132456565
132456567
132457211
132457215
132457218
132457221
132457223
132457226
132457230
132457882
132457884
132457887
132457890
132457891
132457896
132457897
132457898
132457899
132457905
132457906
132457910
132457912
132457913
132457914
132457921
132457929
132457975
132458530
132458531
132458533
132458534
132458535
132458537
132458538
132459043
132459051
132459103
132459138
132459147
132459149
132459156
132459183
132459185
132459190
132459192
132459201
132459207
132459215
132459220
132459225
132459253
132459257
132459434
132459439
132459445
132459504
132459518
132459527
132459540
132460400
132460411
132460417
132460435
132460450
132460456
132460496
132460501
132460504
132460513
132460516
132460694
132460696
132460698
132460700
132460701
132460708
132460709
132460710
132461250
132461255
132461260
132461261
132461266
132461270
132461277
132461283
132461285
132489673
132595682
132602459
132602845
132602923
132605001
132605045
132605637
132605717
132605735
132625885
132625907
132626049
132626306
132646210
132646215
132646220
132646228
132646237
132646249
132646259
132646272
132646288
132646298
132646311
132646326
132646887
132646896
132646904
132646927
132646938
132646948
132646954
132647030
132647043
132647054
132647120
132647129
132647133
132648397
132648400
132648403
132648408
132648410
132648413
132648418
132648419
132648421
132648422
132648429
132648434
132648438
132648440
132648441
132648444
132648446
132648448
132649036
132649038
132649040
132649143
132649149
132649162
132649170
132649178
132649188
132649259
132649270
132649282
132649633
132649639
132649778
132649800
132649802
132649937
132649943
132649950
132649956
132649967
132649976
132649986
132650646
132650652
132650657
132650667
132650674
132650679
132650690
132650705
132650717
132650788
132650802
132650870
132650885
132650897
132651844
132651863
132651873
132651878
132651885
132651899
132651914
132651916
132651926
132651927
132651928
132651935
132651936
132651940
132651944
132651945
132651946
132651947
132652357
132652368
132652375
132652382
132652390
132652397
132652674
132653168
132653189
132653195
132653200
132653203
132653209
132653216
132653222
132653228
132653291
132653292
132653294
132653296
132653298
132653305
132653641
132653647
132653653
132653659
132653668
132653675
132653680
132653684
132653687
132653691
132653756
132654585
132654591
132654608
132654614
132654619
132654628
132654636
132654646
132654651
132654658
132654665
132654675
132654681
132654686
132654692
132654702
132654712
132654908
132654910
132654911
132654914
132654921
132654923
132654932
132654933
132655377
132655980
132655984
132655988
132655992
132655997
132656032
132656033
132656326
132656328
132656331
132656353
132656357
132656361
132656368
132656370
132656379
132656381
132656383
132656384
132656387
132656762
132656772
132656822
132656833
132656844
132657059
132657061
132657063
132657064
132657067
132657069
132657072
132657073
132657075
132657627
132657628
132657629
132657630
132657632
132657634
132657636
132657640
132657643
132657644
132657645
132657646
132657687
132657695
132658237
132658241
132658244
132658252
132658260
132658263
132659095
132659100
132659104
132659110
132659440
132659450
132659464
132659478
132679180
132820959
132820968
132820969
132820971
132820972
132820975
132820976
132820977
132820978
132820979
132820981
132820983
132820991
132820992
132820994
132820997
132821002
132821766
132821768
132821770
132821772
132821774
132821776
132822378
132822380
132822381
132822382
132822387
132822389
132822390
132822396
132822398
132822406
132822408
132822415
132822416
132822417
132822418
132822423
132822425
132822433
132823013
132823030
132823031
132823032
132823034
132823042
132823044
132823417
132823446
132823451
132823495
132824380
132824388
132824395
132824396
132824397
132824399
132824400
132825004
132825006
132825009
132825011
132825014
132825017
132825019
132825071
132825828
132825830
132825839
132825841
132825845
132825859
132825861
132825965
132825968
132825976
132825983
132825991
132825996
132826003
132826007
132826013
132826021
132826030
132826039
132826663
132826665
132826668
132826671
132826673
132826690
132826692
132826693
132826694
132826695
132826702
132826704
132827276
132827278
132827281
132827290
132827291
132827292
132827704
132827708
132827713
132827746
132827747
132827749
132827753
132827760
132827767
132827810
132827815
132827824
132827833
132827840
132827849
132828115
132828117
132828118
132828119
132828121
132828123
132828125
132828127
132828129
132828133
132828847
132828850
132828852
132828853
132828854
132829215
132829222
132829394
132829397
132829398
132829407
132829409
132829411
132829413
132829416
132829432
132829433
132829434
132829436
132829437
132829439
132829447
132829449
132829451
132829455
132829509
132829511
132829539
132829593
132829608
132830165
132830166
132830168
132830752
132830755
132830759
132830765
132830820
132830822
132830824
132830826
132830828
132830830
132831434
132831436
132831437
132831438
132831439
132831450
132831452
132831454
132831455
132831456
132831457
132831458
132831459
132831461
132831791
133156614
133156629
133168085
133169406
133287511
133534262
133556284
133573937
133626112
