100540789
100540795
100540801
100540802
100540809
100540818
100540838
100540844
100540851
100541076
100541302
100541311
100541321
100541389
100541411
100541412
100541413
100541425
100541438
100542310
100542613
100542724
100542757
100542762
100542786
100542788
100542809
100542811
100542829
100542831
100542832
100542847
100542851
100542865
100543025
100543283
100543294
100543418
100544205
100544246
100544480
100544684
100544765
100544788
100544804
100544815
100544825
100544834
100544835
100544848
100545033
100545288
100545298
100545304
100545317
100545409
100545446
100546545
100546555
100546569
100546722
100546729
100546785
100546798
100546811
100546824
100546834
100546835
100546845
100546846
100546854
100546993
100547008
100547241
100547378
100547432
100548064
100548066
100548068
100548102
100548105
100548119
100548126
100548134
100548144
100548270
100548528
100548657
100548672
100548705
100548735
100548741
100548742
100548746
100548751
100549950
100549955
100549960
100550068
100550085
100550390
100550539
100550568
100550578
100550590
100550597
100550606
100550612
100550646
100550889
100550907
100551117
100551178
100551192
100552000
100552267
100552413
100552433
100552443
100552454
100552464
100552472
100552479
100552531
100552774
100552993
100553071
100553088
100553096
100553100
100553114
100553117
100553134
100554379
100554385
100554394
100554401
100554403
100554410
100554418
100554426
100554501
100554747
100554901
100554972
100555000
100555006
100555013
100555014
100555023
100555026
100555032
100556232
100556237
100556241
100556247
100556324
100556565
100556717
100556761
100556796
100556828
100556836
100556840
100556841
100556842
100556843
100556848
100556881
100556891
100557112
100558083
100558096
100558102
100558219
100558465
100558601
100558625
100558663
100558692
100558706
100558716
100558718
100558720
100558725
100558790
100558800
100559077
100559258
100559270
100559962
100559973
100559980
100559986
100560182
100560201
100560443
100560551
100560574
100560577
100560591
100560608
100560624
100560635
100560657
100560845
100561130
100561204
100561216
100561916
100562113
100562332
100562439
100562471
100562482
100562483
100562498
100562504
100562505
100562510
100562519
100562648
100562883
100563010
100563018
100563023
100563066
100563069
100564176
100564241
100564277
100564323
100564369
100564416
100564420
100564462
100564509
100564696
100564977
100565126
100565194
100565268
100565327
100565330
100565379
100565423
100565467
100567140
100567208
100567280
100567335
100567383
100567429
100567489
100567737
100568032
100568163
100568171
100568223
100568277
100568327
100568374
100568423
100568474
100568620
100568638
100569992
100570161
100570166
100570173
100570239
100570293
100570298
100570351
100570354
100570403
100570406
100570409
100570456
100570461
100570512
100570700
100571003
100571169
100571277
100573391
100573480
100573534
100573537
100573587
100573635
100573683
100573688
100573735
100573897
100573912
100574202
100574374
100574437
100574441
100574465
100574493
100574513
100574551
100576418
100576485
100576559
100576613
100576616
100576651
100576698
100576701
100576746
100576749
100576752
100576757
100576849
100577125
100577141
100577344
100577350
100577435
100577678
100579632
100579684
100579688
100579741
100579744
100579748
100579798
100579850
100579896
100579963
100580187
100580488
100580660
100580725
100580730
100580735
100580801
100580860
100580865
100582942
100583054
100583058
100583107
100583111
100583165
100583213
100583408
100583710
100583891
100583986
100584076
100584079
100584147
100584203
100584255
100584355
100584529
100584843
100586054
100586160
100586232
100586239
100586289
100586334
100586340
100586388
100586436
100586504
100586822
100587048
100587159
100587209
100587253
100587299
100587302
100587352
100587416
100589140
100589211
100589293
100589334
100589378
100589415
100589486
100589753
100589771
100589997
100590092
100590161
100590234
100590239
100590298
100590301
100590358
100590363
100590412
100592267
100592315
100592318
100592321
100592368
100592372
100592422
100592470
100592474
100592615
100592900
100593111
100593205
100593257
100593307
100593355
100593409
100593453
100593456
100595002
100595015
100595132
100595137
100595142
100595213
100595270
100595318
100595409
100601010
100751302
100751306
100751315
100751515
100751774
100751793
100751870
100751873
100751910
100751927
100751935
100751936
100751948
100751956
100751964
100751965
100752099
100752349
100752504
100753669
100753747
100753789
100753819
100753849
100753868
100753875
100753882
100753980
100754247
100754408
100754414
100754418
100754452
100754462
100754468
100754473
100754477
100754483
100755712
100755718
100755719
100755720
100755730
100755735
100755741
100755891
100756152
100756292
100756324
100756348
100756357
100756364
100756373
100756383
100756384
100756450
100756690
100757623
100757653
100757667
100757668
100757669
100757682
100757874
100758107
100758112
100758183
100758208
100758219
100758229
100758254
100758257
100758339
100758581
100925034
100925057
100925077
100925098
100925123
100925142
100925143
100925209
100925220
100925485
100925503
100925510
100925710
100925764
100925796
100925828
100925863
100925894
100925927
100927303
100927323
100927343
100927361
100927449
100927714
100927887
100927920
100927941
100927964
100927982
100928002
100928024
100928025
100928058
100928272
100928507
100928598
100928632
100930028
100930087
100930109
100930111
100930113
100930134
100930158
100930185
100930187
100930208
100930250
100930483
100930701
100930767
100930786
100930813
100930834
100930850
100930868
100932325
100932348
100932415
100932519
100932743
100932974
100933058
100933086
100933111
100933112
100933137
100933161
100933187
100933213
100933215
100933376
100933628
100933773
100933777
100935086
100935315
100935323
100935329
100935395
100935450
100935505
100935560
100935618
100935669
100935724
100935916
100936208
100936371
100936436
100936492
100936498
100936559
100936621
100938502
100938569
100938641
100938702
100938770
100938840
100938912
100939140
100939427
100939571
100939576
100939581
100939639
100939700
100939704
100939761
100939768
100939827
100939830
100941762
100941829
100941894
100941900
100941904
100941964
100942028
100942093
100942098
100942101
100942107
100942242
100942255
100942561
100942765
100942772
100942848
100942852
100942915
100944626
100944884
100945001
100945057
100945117
100945178
100945239
100945302
100945360
100945364
100945545
100945563
100945872
100945883
100946046
100946111
100946174
100946236
100946301
100948365
100948434
100948507
100948581
100948587
100948593
100948665
100948744
100949002
100949021
100949278
100949399
100949460
100949528
100949591
100949596
100949656
100949714
100949775
100951723
100951725
100951784
100951789
100951793
100951908
100952208
100952444
100952555
100952623
100952693
100952761
100952829
100952894
100952949
100953163
100953436
100953593
100953675
100954977
100955038
100955165
100955466
100955689
100955782
100955850
100955919
100955925
100955930
100955934
100956001
100956066
100956136
100956232
100956509
100956538
100956564
100956581
100958041
100958102
100958105
100958167
100958227
100958294
100958360
100958443
100958714
100958736
100958981
100959115
100959121
100959126
100959191
100959195
100959266
100959271
100959332
100961237
100961336
100961414
100961479
100961544
100961608
100961680
100961808
100961822
100961839
100962152
100962172
100962375
100962472
100962541
100962610
100962682
100962688
100962694
100964516
100964529
100964540
100964548
100964645
100964722
100964726
100964786
100964848
100964912
100964973
100965060
100965070
100965326
100965592
100965603
100965723
100965784
100965787
100967180
100967236
100967239
100967447
100967735
100967905
100967976
100968043
100968106
100968167
100968235
100968294
100968298
100968434
100968733
100968940
100968952
100969045
100969115
100971210
100971290
100971296
100971368
100971445
100971448
100971453
100971517
100971581
100971648
100971653
100971831
100971851
100972145
100972169
100972325
100972331
100972336
100972341
100973604
100973664
100973668
100973727
100973788
100973965
100974249
100974439
100974518
100974523
100974531
100974587
100974645
100974713
100974782
100974850
100974971
100975274
100975293
100976814
100976875
100976935
100976999
100977232
100977517
100977668
100977724
100977783
100977843
100977904
100977966
100978027
100978031
100978177
100978200
100978216
100978506
100978685
100980140
100980203
100980287
100980303
100980589
100980829
100980945
100981004
100981068
100981130
100981191
100981246
100981309
100981518
100981796
100981955
100981960
100981971
100982039
100983405
100983587
100983659
100983686
100983714
100983747
100983786
100983824
100983827
100983868
100983876
100983886
100984124
100984338
100984453
100984497
100984500
100984528
100984554
100985999
100986027
100986054
100986056
100986057
100986081
100986121
100986335
100986557
100986643
100986666
100986668
100986700
100986731
100986762
100986765
100986797
100986833
100986998
100988251
100988254
100988297
100988526
100988538
100988563
100988580
100988773
100988840
100988864
100988866
100988887
100988910
100988912
100988931
100988933
100988936
100988958
100988997
100990341
100990357
100990372
100990385
100990482
100990737
100990888
100990923
100990935
100990945
100990947
100990957
100990970
100990980
100990982
100990984
100991030
100991268
100991457
100992228
100992255
100992396
100992414
100992681
100992814
100992835
100992852
100992866
100992884
100992885
100992914
100992928
100992995
100993277
100993290
100993455
100993504
100993518
100994746
100994754
100994759
100994766
100994774
100994781
100994819
100994830
100995069
100995254
100995321
100995324
100995350
100995372
100995397
100995422
100995424
100995450
100995481
101330720
101330723
101330729
101330731
101330739
101330748
101330768
101330968
101331186
101331266
101331273
101331274
101331280
101331286
101331295
101331300
101331308
101331433
101331710
101332606
101332626
101332643
101332688
101332923
101333137
101333143
101333197
101333199
101333215
101333217
101333227
101333236
101333238
101333246
101333255
101333277
101333282
101333290
101334418
101334430
101334441
101334525
101334780
101334922
101334990
101335013
101335033
101335056
101335079
101335102
101335104
101335150
101335392
101335597
101335695
101335705
101335706
101336465
101336714
101336838
101336857
101336864
101336870
101336876
101336884
101336890
101336891
101336938
101337181
101337350
101337412
101337424
101337429
101337430
101337436
101337444
101338607
101338616
101338623
101338628
101338636
101338644
101338646
101338652
101338726
101338984
101339164
101339199
101339200
101339208
101339217
101339218
101339225
101339234
101339244
101340370
101340388
101340390
101340393
101340412
101340436
101340454
101340475
101340595
101340840
101340971
101341000
101341008
101341009
101341022
101341025
101341081
101341090
101341098
101341689
101341774
101342027
101342181
101342217
101342226
101342235
101342245
101342254
101342262
101342288
101342512
101342535
101342768
101342843
101342845
101342866
101342869
101342890
101343937
101344074
101344082
101344095
101344100
101344106
101344107
101344110
101344116
101344121
101344126
101344180
101344420
101344600
101344636
101344637
101344642
101344647
101344656
101345936
101345947
101345966
101345989
101346017
101346043
101346080
101346145
101346154
101346403
101346411
101346422
101346561
101346630
101346631
101346632
101346639
101346647
101346651
101347850
101347939
101347980
101348020
101348062
101348094
101348101
101348103
101348111
101348250
101348264
101348513
101348617
101348631
101348640
101348667
101348697
101348701
101348730
101349983
101350013
101350024
101350034
101350043
101350053
101350054
101350055
101350071
101350270
101350515
101350521
101350540
101350616
101350643
101350671
101350699
101350728
101350767
101352105
101352106
101352107
101352111
101352113
101352117
101352118
101352120
101352131
101352137
101352142
101352212
101352224
101352479
101352496
101352660
101352702
101352729
101352754
101353984
101353987
101354031
101354063
101354075
101354076
101354077
101354084
101354088
101354103
101354214
101354490
101354508
101354517
101354533
101354647
101354649
101354668
101354697
101355922
101355987
101355988
101355999
101356005
101356019
101356022
101356043
101356064
101356082
101356253
101356522
101356532
101356656
101356702
101356741
101356771
101356797
101356807
101358043
101358051
101358060
101358072
101358082
101358263
101358561
101358572
101358684
101358715
101358744
101358782
101358804
101358806
101358809
101358829
101358833
101358852
101358980
101360130
101360139
101360151
101360189
101360197
101360417
101360435
101360668
101360755
101360757
101360777
101360782
101360787
101360796
101360806
101360814
101360944
101360960
101361202
101362117
101362144
101362146
101362172
101362196
101362198
101362285
101362297
101362308
101362608
101362780
101362796
101362797
101362799
101362811
101362817
101362822
101362830
101362831
101364147
101364154
101364165
101364175
101364189
101364313
101364582
101364743
101364773
101364791
101364808
101364827
101364864
101364905
101364906
101364909
101364964
101365211
101365414
101366211
101366236
101366262
101366413
101366683
101366698
101366836
101366837
101366849
101366855
101366893
101366909
101366924
101366933
101367005
101367016
101367262
101367276
101367443
101368493
101368743
101368752
101368849
101368859
101368885
101368886
101368903
101368914
101368931
101368949
101369054
101369325
101369498
101369545
101369576
101369581
101369583
101369588
101370617
101370836
101370910
101370919
101370926
101370933
101370955
101370981
101371042
101371171
101371440
101371575
101371600
101371603
101371615
101371630
101371640
101371647
101371656
101373069
101373091
101373112
101373202
101373452
101373470
101373486
101373628
101373649
101373660
101373685
101373719
101373722
101373758
101373793
101373860
101373876
101374119
101374303
101375094
101375212
101375222
101375489
101375639
101375679
101375715
101375734
101375735
101375742
101375743
101375749
101375755
101375812
101376065
101376250
101376291
101376334
101376338
101377124
101377296
101377528
101377538
101377549
101377553
101377621
101377624
101377666
101377680
101377684
101377694
101377699
101377733
101377889
101378155
101378168
101378285
101378298
101379139
101379178
101379403
101379417
101379607
101379656
101379689
101379693
101379725
101379756
101379765
101379774
101379783
101379949
101380218
101380320
101380327
101380336
101380347
101381157
101381447
101381634
101381695
101381714
101381733
101381735
101381780
101381802
101381811
101381813
101381835
101382049
101382260
101382353
101382362
101382371
101382399
101382436
101383690
101383691
101383697
101383712
101383733
101383738
101383752
101383784
101383999
101384271
101384384
101384415
101384438
101384457
101384470
101384500
101384508
101384600
101384846
101385774
101385776
101385786
101385793
101385818
101386049
101386298
101386394
101386407
101386410
101386421
101386428
101386440
101386486
101386506
101386509
101386649
101386943
101387083
101388227
101388414
101388482
101388507
101388508
101388517
101388518
101388530
101388536
101388555
101388557
101388591
101388803
101389051
101389139
101389155
101389165
101389174
101389204
101390038
101390050
101390071
101390092
101390378
101390517
101390543
101390562
101390585
101390610
101390640
101390675
101390677
101390741
101390750
101390762
101391010
101391193
101391201
101391981
101391985
101392154
101392394
101392480
101392481
101392493
101392518
101392548
101392587
101392606
101392608
101392624
101392720
101392979
101393164
101393213
101393215
101393229
101394367
101394480
101394483
101394485
101394494
101394499
101394506
101394514
101394538
101394540
101394565
101394675
101394919
101394930
101395092
101395118
101395144
101395183
101395219
101396467
101396533
101396561
101396593
101396614
101396625
101396626
101396628
101396629
101396631
101396639
101396649
101396843
101397105
101397229
101397253
101397263
101397273
101397287
101398689
101398698
101398727
101398760
101398790
101398919
101398937
101399195
101399346
101399362
101399387
101399389
101399401
101399403
101399412
101399417
101399440
101399534
101399546
101400739
101400759
101400776
101400798
101400999
101401016
101401260
101401338
101401352
101401376
101401408
101401442
101401470
101401474
101401497
101401499
101401606
101401850
101401986
101537318
101537323
101537324
101537366
101537370
101537431
101537494
101537662
101537954
101538113
101538174
101538203
101538205
101538207
101538209
101538244
101538277
101538279
101538297
101540460
101540513
101540517
101540561
101540613
101540653
101540699
101540761
101540935
101541227
101541405
101541446
101541474
101541494
101541528
101541531
101541561
101541563
101541565
101542984
101542986
101543024
101543067
101543107
101543149
101543169
101543345
101543365
101543379
101543400
101543652
101543663
101543766
101543817
101543862
101543905
101543950
101544007
101545548
101545595
101545626
101545650
101545655
101545663
101545672
101545892
101546131
101546235
101546279
101546281
101546301
101546323
101546326
101546348
101546379
101546422
101546595
101547817
101547824
101547906
101547967
101548011
101548058
101548100
101548160
101548282
101548293
101548578
101548591
101548609
101548624
101548638
101548649
101548797
101548801
101548824
101549967
101549979
101550236
101550426
101550481
101550520
101550554
101550573
101550594
101550596
101550620
101550657
101550879
101551163
101551306
101551311
101551370
101551408
101551412
101552755
101552947
101552960
101553000
101553001
101553020
101553040
101553065
101553068
101553071
101553077
101553120
101553124
101553127
101553168
101553262
101553274
101553289
101553304
101554717
101554721
101554762
101554820
101554864
101554907
101554917
101555161
101555376
101555470
101555515
101555566
101555597
101555614
101555636
101555654
101555808
101556072
101556086
101557474
101557732
101557860
101557931
101557981
101558039
101558089
101558119
101558121
101558149
101558279
101558548
101558715
101558722
101558727
101558776
101558810
101558826
101558844
101560247
101560270
101560272
101560274
101560291
101560310
101560352
101560355
101560413
101560476
101560705
101560966
101561082
101561126
101561180
101561237
101561271
101561299
101561329
101562818
101562834
101562852
101562879
101563089
101563353
101563459
101563484
101563506
101563509
101563532
101563576
101563625
101563659
101563771
101564041
101564192
101564237
101564278
101565950
101565998
101566043
101566068
101566090
101566094
101566095
101566098
101566118
101566146
101566289
101566585
101566599
101566617
101566748
101566780
101566805
101566806
101566852
101568468
101568472
101568514
101568556
101568605
101568650
101568674
101568677
101568695
101568860
101569126
101569252
101569257
101569262
101569309
101569344
101569346
101569363
101569366
101570725
101570731
101570739
101570745
101570795
101570817
101570842
101570870
101570902
101773872
101773953
101773958
101773963
101774047
101774194
101774536
101774553
101774822
101774834
101774929
101774995
101774999
101775058
101775117
101775172
101775232
101775239
101775358
101777627
101777753
101777772
101777787
101778104
101778409
101778559
101778656
101778758
101778845
101778926
101779004
101779107
101779381
101779713
101779896
101779986
101780058
101780063
101781474
101781480
101781556
101781577
101781578
101781580
101781615
101781664
101781720
101781722
101781784
101781845
101782082
101782325
101782342
101782448
101782484
101782541
101782589
101784385
101784440
101784444
101784451
101784486
101784505
101784523
101784550
101784686
101784947
101785084
101785121
101785123
101785125
101785127
101785130
101785173
101785179
101785233
101787122
101787125
101787154
101787187
101787214
101787232
101787244
101787280
101787515
101787752
101787847
101787892
101787941
101787980
101787999
101788018
101788043
101788223
101788448
101789771
101789908
101790220
101790464
101790476
101790575
101790644
101790679
101790722
101790724
101790728
101790763
101790796
101790856
101791114
101791337
101791428
101791477
101791524
101793067
101793109
101793155
101793211
101793266
101793271
101793336
101793403
101793552
101793905
101794126
101794221
101794262
101794296
101794326
101794359
101794390
101794435
101794664
101795958
101795998
101796112
101796125
101796141
101796156
101796412
101796561
101796595
101796638
101796668
101796697
101796732
101796786
101796864
101797130
101797390
101797508
101797511
101799200
101799209
101799216
101799290
101799337
101799385
101799431
101799479
101799511
101799558
101799803
101800008
101800089
101800092
101800094
101800129
101800173
101800206
101800213
101801290
101801343
101801349
101801437
101801702
101801953
101802063
101802107
101802128
101802130
101802153
101802155
101802174
101802196
101802215
101802220
101802226
101802430
101802687
101803611
101803641
101803674
101803704
101803833
101804133
101804301
101804309
101804366
101804409
101804451
101804454
101804498
101804537
101804540
101804543
101804547
101804550
101804555
101806009
101806034
101806036
101806056
101806072
101806093
101806129
101806344
101806360
101806577
101806649
101806651
101806674
101806676
101806678
101806697
101806698
101806716
101806739
101808341
101808343
101808371
101808400
101808404
101808432
101808459
101808462
101808480
101808601
101808892
101809045
101809075
101809094
101809097
101809098
101809116
101809132
101809150
101810725
101810865
101811163
101811175
101811344
101811409
101811456
101811460
101811503
101811549
101811596
101811599
101811601
101811626
101811694
101811956
101812151
101812161
101812168
101813254
101813526
101813547
101813675
101813681
101813722
101813725
101813764
101813800
101813833
101813865
101813913
101813916
101814038
101814318
101814338
101814520
101814622
101814679
101815535
101815552
101815574
101815575
101815577
101815639
101815890
101816082
101816144
101816167
101816186
101816206
101816208
101816228
101816249
101816251
101816295
101816520
101816770
101986290
101986292
101986322
101986342
101986352
101986361
101986386
101986392
101986397
101986630
101986846
101986905
101986929
101986974
101986979
101987024
101987076
101987080
101987129
101988483
101988485
101988486
101988504
101988519
101988530
101988531
101988597
101988838
101988840
101988995
101988999
101989009
101989014
101989063
101989074
101989076
101989097
101989129
101990588
101990590
101990601
101990614
101990628
101990642
101990652
101990787
101991039
101991187
101991231
101991272
101991310
101991346
101991360
101991376
101991425
101991667
101991841
101993013
101993291
101993454
101993473
101993488
101993489
101993497
101993505
101993514
101993515
101993523
101993599
101993861
101994048
101994107
101994144
101994179
101994190
101994198
101995455
101995493
101995497
101995536
101995626
101995639
101995906
101996085
101996128
101996149
101996166
101996167
101996187
101996206
101996227
101996272
101996492
101996775
101996870
101997686
101997940
101997951
101997967
101998118
101998146
101998177
101998179
101998213
101998243
101998277
101998292
101998322
101998540
101998751
101998820
101998831
101998843
101998855
102000192
102000244
102000277
102000295
102000310
102000325
102000333
102000334
102000365
102000614
102000818
102000828
102000891
102000926
102000949
102000984
102001016
102001055
102001057
102002185
102002211
102002212
102002213
102002221
102002230
102002236
102002238
102002247
102002252
102002261
102002262
102002308
102002558
102002770
102002850
102002880
102002883
102002885
102004126
102004138
102004173
102004208
102004238
102004289
102004510
102004753
102004817
102004828
102004837
102004848
102004859
102004861
102004875
102004908
102004910
102005074
102005343
102006266
102006273
102006486
102006701
102006775
102006810
102006844
102006847
102006849
102006882
102006907
102006920
102006929
102007071
102007319
102007335
102007444
102007454
102007465
102008782
102008847
102008859
102008868
102008882
102008885
102008900
102008901
102008902
102008908
102008913
102009109
102009351
102009488
102009569
102009573
102009575
102009593
102009605
102010803
102010835
102010869
102010904
102010914
102011069
102011085
102011326
102011339
102011419
102011427
102011438
102011439
102011446
102011463
102011498
102011535
102011670
102011932
102012836
102012847
102012858
102013042
102013278
102013395
102013432
102013472
102013507
102013511
102013513
102013529
102013530
102013540
102013547
102013675
102013933
102014057
102014068
102015362
102015369
102015446
102015462
102015474
102015475
102015490
102015498
102015509
102015517
102015671
102015686
102015964
102016098
102016141
102016168
102016171
102016172
102016184
102017482
102017511
102017515
102017541
102017574
102017577
102017610
102017649
102017665
102017843
102018085
102018172
102018180
102018190
102018199
102018215
102018270
102018274
102018306
102019640
102019650
102019795
102020040
102020171
102020210
102020245
102020277
102020300
102020301
102020308
102155292
102155328
102155554
102155784
102155789
102155860
102155861
102155876
102155903
102155916
102155917
102155928
102155936
102155946
102156106
102156363
102156501
102156561
102156594
102158024
102158045
102158053
102158058
102158084
102158114
102158246
102158520
102158770
102158802
102158809
102158810
102158827
102158829
102158858
102158871
102158873
102158874
102158876
102159682
102159980
102160088
102160098
102160108
102160122
102160185
102160322
102160362
102160453
102160706
102160722
102160732
102160747
102160912
102160953
102160978
102160995
102160997
102162314
102162405
102162407
102162418
102162430
102162434
102162463
102162491
102162520
102162541
102162700
102162946
102163041
102163065
102163087
102163107
102163125
102163144
102163178
102164630
102164662
102164693
102164705
102164724
102164923
102165138
102165228
102165243
102165251
102165266
102165282
102165312
102165340
102165480
102165845
102165868
102166026
102166043
102167077
102167299
102167368
102167374
102167379
102167419
102167455
102167480
102167506
102167669
102167930
102168035
102168038
102168048
102168054
102168070
102168075
102168081
102168087
102169179
102169320
102169364
102169367
102169368
102169392
102169409
102169411
102169428
102169430
102169468
102169507
102169510
102169513
102169646
102169661
102169947
102170097
102170113
102170805
102170824
102170831
102170832
102170840
102170920
102171189
102171355
102171381
102171385
102171392
102171400
102171420
102171448
102171480
102171528
102171763
102171984
102172048
102172985
102173005
102173252
102173394
102173430
102173445
102173446
102173448
102173449
102173466
102173488
102173491
102173520
102173545
102173632
102173883
102174046
102174086
102174093
102175340
102175445
102175451
102175453
102175460
102175461
102175462
102175465
102175473
102175492
102175518
102175545
102175697
102175959
102175973
102176076
102176091
102176099
102176117
102177338
102177340
102177341
102177343
102177359
102177389
102177420
102177450
102177479
102177481
102177533
102177540
102177548
102177790
102177998
102178064
102178090
102178092
102178094
102179355
102179369
102179471
102179474
102179494
102179523
102179559
102179594
102179596
102179634
102179644
102179646
102179648
102179791
102180032
102180170
102180208
102180220
102180234
102181553
102181639
102181677
102181681
102181708
102181711
102181727
102181744
102181746
102181748
102181750
102181757
102181758
102181800
102182050
102182252
102182260
102182300
102182319
102183488
102183501
102183640
102183679
102183697
102183701
102183718
102183737
102183781
102183812
102183900
102183916
102183929
102184185
102184314
102184349
102184377
102184404
102184407
102185704
102185712
102185726
102185738
102185768
102185776
102185785
102185787
102185789
102185790
102185972
102186242
102186360
102186364
102186408
102186454
102186484
102186505
102186524
102187793
102187807
102187840
102187850
102188057
102188303
102188395
102188401
102188432
102188434
102188435
102188444
102188453
102188462
102188463
102188477
102188495
102188684
102188954
102189936
102190163
102190178
102190198
102190218
102190396
102190436
102190441
102190448
102190475
102190480
102190482
102190486
102190498
102190681
102190921
102191021
102191024
102191026
102191736
102191764
102191767
102191786
102191929
102192182
102192197
102192311
102192350
102192351
102192371
102192388
102192406
102192422
102192426
102192453
102192560
102192851
102192862
102193864
102194123
102194273
102194298
102194299
102194301
102194304
102194313
102194323
102194326
102194359
102194391
102194432
102194544
102194816
102195708
102195709
102195711
102195747
102195762
102195774
102195782
102195793
102195840
102195852
102196095
102196255
102196327
102196362
102196392
102196420
102196449
102196454
102196456
102197778
102197804
102197826
102197836
102197843
102197844
102197850
102197934
102198205
102198226
102198244
102198393
102198429
102198457
102198482
102198497
102198507
102198516
102198555
102199735
102199773
102199901
102200175
102200343
102200347
102200374
102200391
102200392
102200408
102200409
102200417
102200421
102200422
102200428
102200496
102200774
102200914
102200989
102201746
102201771
102201949
102202208
102202295
102202313
102202324
102202334
102202346
102202347
102202359
102202360
102202371
102202485
102202731
102202900
102203061
102203117
102203118
102203908
102203938
102203971
102204042
102204282
102204468
102204512
102204513
102204531
102204546
102204555
102204568
102204570
102204583
102204624
102204852
102205106
102205212
102205216
102206590
102206608
102206619
102206624
102206645
102206670
102206699
102206878
102207099
102207109
102207119
102207124
102207291
102207375
102207386
102207394
102207402
102207410
102207417
102209038
102209041
102209057
102357644
102357650
102357659
102357664
102357849
102358071
102358081
102358141
102358152
102358157
102358171
102358202
102358235
102358279
102358418
102358697
102358832
102358836
102358864
102359602
102359609
102359651
102359907
102360079
102360154
102360166
102360171
102360188
102360190
102360192
102360220
102360247
102360275
102360279
102360474
102360488
102360717
102360728
102361643
102361645
102361647
102361649
102361651
102361662
102361671
102361829
102362079
102362189
102362192
102362195
102362227
102362260
102362292
102362295
102362330
102362346
102362361
102363623
102363629
102363657
102363853
102364123
102364255
102364285
102364289
102364300
102364303
102364312
102364328
102364347
102364367
102364370
102364489
102364736
102364886
102364976
102365973
102366215
102366292
102366294
102366304
102366310
102366318
102366326
102366332
102366349
102366465
102366738
102366752
102366907
102366945
102366957
102366967
102366984
102367009
102368342
102368351
102368375
102368380
102368413
102368442
102368445
102368476
102368479
102368481
102368654
102368899
102369013
102369018
102369032
102369042
102369052
102369061
102369062
102370138
102370149
102370328
102370387
102370430
102370462
102370466
102370468
102370498
102370517
102370527
102370556
102370759
102370775
102370982
102371038
102371050
102371058
102371084
102372195
102372354
102372399
102372409
102372429
102372448
102372470
102372488
102372528
102372744
102372952
102373073
102373133
102373160
102373189
102373191
102373205
102373212
102373217
102374411
102374412
102374413
102374421
102374492
102374745
102374941
102374947
102375000
102375017
102375018
102375025
102375029
102375035
102375052
102375070
102375265
102375483
102375567
102376350
102376367
102376369
102376393
102376395
102376421
102376448
102376600
102376613
102376858
102376960
102376973
102376993
102376999
102377000
102377006
102377008
102377010
102377018
102378179
102378234
102378279
102378283
102378322
102378365
102378396
102378417
102378457
102378667
102378915
102378923
102378977
102378986
102378995
102378996
102378998
102379016
102379019
102380306
102380310
102380353
102380357
102380385
102380388
102380423
102380440
102380450
102380465
102380466
102380468
102380567
102380585
102380826
102380946
102381038
102381077
102381125
102382483
102382523
102382548
102382558
102382570
102382577
102382589
102382704
102382717
102382963
102383080
102383114
102383141
102383174
102383199
102383229
102383231
102383247
102383250
102384746
102384782
102384896
102385170
102385337
102385385
102385414
102385445
102385448
102385450
102385456
102385472
102385477
102385525
102385534
102385770
102385955
102386002
102386004
102387127
102387404
102387411
102387559
102387595
102387596
102387618
102387619
102387655
102387681
102387710
102387734
102387831
102387839
102387854
102387868
102388142
102388319
102388379
102389270
102389467
102389483
102389688
102389764
102389792
102389795
102389815
102389817
102389829
102389843
102389862
102389880
102390055
102390316
102390458
102390504
102390531
102390560
102391160
102391187
102391212
102391223
102391231
102391395
102391642
102391733
102391734
102391736
102391751
102391762
102391785
102391788
102391792
102570164
102570178
102570195
102570235
102570239
102570515
102570744
102570818
102570830
102570845
102570850
102570856
102570885
102570917
102571042
102571271
102571397
102571453
102571494
102572073
102572136
102572138
102572152
102572165
102572167
102572186
102572189
102572219
102572251
102572406
102572648
102572767
102572783
102572807
102572837
102572862
102572864
102572865
102572876
102574242
102574243
102574256
102574267
102574299
102574328
102574357
102574376
102574557
102574840
102574917
102574950
102574980
102574982
102574993
102575002
102575009
102575027
102575224
102576343
102576391
102576429
102576466
102576484
102576505
102576660
102576900
102576917
102577040
102577068
102577077
102577085
102577090
102577091
102577105
102577134
102577285
102577300
102578446
102578457
102578468
102578766
102578970
102579027
102579029
102579052
102579068
102579098
102579101
102579135
102579174
102579221
102579226
102579437
102579634
102579726
102579746
102580698
102580944
102580957
102581051
102581054
102581069
102581105
102581136
102581139
102581171
102581187
102581195
102581292
102581552
102581717
102581725
102581769
102581776
102581786
102583080
102583178
102583181
102583209
102583238
102583245
102583247
102583248
102583255
102583261
102583747
102583827
102583855
102583869
102583871
102583899
102583928
102583946
102583953
102585054
102585138
102585160
102585179
102585206
102585246
102585250
102585286
102585297
102585388
102585629
102585646
102585779
102585826
102585852
102585877
102585885
102585891
102585896
102587099
102587128
102587150
102587157
102587163
102587178
102587309
102587589
102587752
102587795
102587798
102587819
102587839
102587841
102587862
102587901
102587931
102587982
102588215
102589078
102589088
102589094
102589133
102589141
102589142
102589151
102589152
102589165
102589183
102589210
102589212
102589275
102589510
102589529
102589545
102589720
102589765
102589775
102590577
102590605
102590643
102590809
102591088
102591179
102591196
102591201
102591203
102591233
102591269
102591291
102591296
102591304
102591320
102591421
102591688
102591699
102591715
102592647
102592659
102592665
102592704
102592938
102593173
102593244
102593259
102593260
102593275
102593276
102593281
102593282
102593310
102593346
102593393
102593400
102593589
102593609
102593936
102594064
102594099
102594339
102594632
102594639
102594700
102595266
102595294
102595351
102769409
102769429
102769431
102769434
102769464
102769508
102769725
102769959
102769970
102770042
102770043
102770044
102770055
102770062
102770064
102770072
102770074
102770076
102770083
102771210
102771312
102771348
102771380
102771411
102771428
102771436
102771443
102771521
102771533
102771784
102771803
102771942
102771958
102771960
102771964
102771978
102772011
102772044
102773358
102773359
102773361
102773363
102773373
102773381
102773383
102773389
102773392
102773401
102773406
102773423
102773613
102773857
102773871
102773879
102773891
102773965
102773998
102774828
102775073
102775202
102775217
102775225
102775232
102775254
102775282
102775312
102775377
102775615
102775636
102775803
102775848
102775861
102775862
102775868
102775869
102775874
102777174
102777176
102777204
102777235
102777243
102777291
102777529
102777709
102777713
102777756
102777757
102777765
102777767
102777773
102777775
102777795
102777824
102777827
102777830
102779252
102779279
102779306
102779334
102779364
102779395
102779524
102779538
102779817
102779970
102780016
102780021
102780055
102780057
102780092
102780125
102780163
102780197
102780273
102781719
102781726
102781854
102781870
102782137
102782288
102782319
102782329
102782338
102782348
102782368
102782395
102782458
102782689
102782703
102782888
102782922
102782941
102782969
102783672
102783680
102783892
102784122
102784135
102784146
102784210
102784211
102784213
102784223
102784231
102784233
102784235
102784266
102784293
102784304
102784312
102784479
102784493
102910178
102910179
102910257
102910265
102910266
102910274
102910280
102910287
102910296
102910474
102910729
102910865
102910884
102910895
102910907
102910908
102910916
102910922
102910928
102912041
102912049
102912055
102912063
102912074
102912075
102912080
102912224
102912466
102912580
102912583
102912610
102912621
102912622
102912629
102912699
102912706
102912712
102912779
102913883
102913890
102914018
102914277
102914397
102914400
102914401
102914417
102914422
102914432
102914433
102914436
102914444
102914457
102914526
102914527
102914629
102914885
102915021
102915681
102915698
102915702
102915708
102915714
102916000
102916203
102916252
102916253
102916258
102916262
102916269
102916274
102916289
102916358
102916359
102916360
102916539
102916554
102917486
102917492
102917549
102917790
102917968
102918012
102918022
102918035
102918036
102918046
102918054
102918064
102918080
102918084
102918281
102918297
102918517
102918585
102918599
102919717
102919748
102919751
102919763
102919770
102919772
102919786
102919804
102919815
102919837
102920063
102920284
102920361
102920363
102920374
102920375
102920382
102920384
102920392
102921033
102921034
102921197
102921216
102921443
102921537
102921554
102921559
102921560
102921567
102921572
102921577
102921584
102921585
102921682
102921933
102921947
102922081
102922098
102922682
102922688
102922697
102922742
102922976
102922994
102923171
102923220
102923227
102923228
102923229
102923240
102923257
102923258
102923259
102923267
102923268
102923277
102923310
102924418
102924432
102924439
102924440
102924451
102924460
102924468
102924475
102924637
102924888
102924896
102924999
102925016
102925018
102925019
102925034
102925046
102925058
102925059
102926211
102926231
102926233
102926245
102926254
102926272
102926288
102926331
102926566
102926750
102926760
102926842
102926873
102926890
102926892
102926906
102926916
102926924
102926939
102928174
102928176
102928177
102928192
102928202
102928213
102928221
102928222
102928223
102928224
102928226
102928374
102928624
102928739
102928757
102928759
102928766
102928777
102928787
102929913
102929925
102929935
102929943
102929951
102929961
102929971
102929972
102929979
102929985
102930177
102930195
102930423
102930491
102930509
102930519
102930528
102930539
102930548
102931860
102931868
102931869
102931878
102931885
102931933
102932219
102932415
102932423
102932479
102932589
103110767
103110797
103110829
103110963
103111211
103111370
103111372
103111387
103111396
103111402
103111409
103111426
103111430
103111474
103111476
103111479
103111649
103111675
103112082
103113384
103113395
103113415
103113451
103113646
103113891
103113974
103114070
103114091
103114268
103114326
103114373
103114378
103114415
103114451
103114585
103114866
103115038
103115045
103116000
103116003
103116033
103116098
103116379
103116648
103116655
103116747
103116753
103116802
103116846
103116890
103116918
103116954
103116957
103116961
103117001
103117221
103117241
103118441
103118485
103118530
103118575
103118620
103118623
103118645
103118816
103119071
103119189
103119253
103119307
103119324
103119358
103119387
103119433
103119437
103119578
103119593
103121523
103121562
103121723
103122000
103122130
103122134
103122136
103122139
103122170
103122218
103122223
103122270
103122303
103122307
103122326
103122344
103122472
103122740
103123079
103124501
103124520
103124799
103124903
103124904
103124922
103124923
103124943
103124967
103124970
103125017
103125051
103125073
103125215
103125469
103125612
103125664
103125702
103125703
103127348
103127350
103127370
103127387
103127438
103127441
103127485
103127715
103127972
103128142
103128151
103128155
103128202
103128258
103128263
103128315
103128343
103128374
103128403
103130008
103130030
103130051
103130069
103130233
103130519
103130661
103130666
103130699
103130730
103130774
103130911
103130970
103131006
103131084
103131356
103131577
103131683
103131736
103132897
103133135
103133291
103133410
103133466
103133490
103133507
103133509
103133530
103133558
103133652
103133933
103134118
103134126
103134176
103134178
103134260
103134418
103134475
103136036
103136085
103136088
103136093
103136130
103136152
103136170
103136267
103136546
103136565
103136741
103136800
103136822
103136840
103136856
103136876
103383322
103383359
103383454
103383721
103383739
103383751
103384033
103384122
103384177
103384225
103384255
103384288
103384290
103384317
103384397
103384666
103384949
103385067
103385073
103387121
103387285
103387316
103387376
103387394
103387420
103387482
103387699
103387718
103388006
103388128
103388169
103388217
103388260
103388314
103388363
103388442
103388711
103388978
103389962
103390210
103390336
103390342
103390408
103390455
103390578
103390581
103390637
103390702
103390792
103391062
103391290
103391294
103391362
103391400
103391490
103391560
103391608
103393427
103393457
103393460
103393461
103393489
103393491
103393537
103393680
103393687
103393716
103393720
103393883
103394191
103394367
103394436
103394512
103394569
103394616
103394667
103396420
103396447
103396469
103396527
