130400105
130426835
130444139
130446191
130448156
130450230
130452937
130455021
130457193
130459188
130461256
130463102
130465200
130467529
130471532
130482213
130484350
130486365
130488652
130490452
130492566
130494781
130509280
130536623
130564349
130592708
130624441
130654905
130680564
130712321
130745064
130745924
130776063
130776623
130804049
130830183
130841728
130845399
130849316
130855044
130860424
130863876
130891712
130921148
130950936
130980871
131010302
131036436
131044438
131048097
131052194
131055600
131061063
131064554
131091508
131121601
131151654
131184254
131213318
131237473
131262746
131290449
131318704
131338898
131369803
131395989
131421984
131448431
131475600
131502946
131536532
131566079
131593816
131609588
131613254
131616373
131625183
131635532
131665730
131695241
131723289
131753510
131787198
131812564
131839942
131867625
131895257
131923918
131949467
131976928
131989324
131993009
