12.651
13.228
12.934
15.284
13.485
12.571
12.741
14.366
13.693
13.804
14.586
12.074
12.497
12.690
14.779
15.207
13.517
12.496
13.250
13.892
14.969
12.978
13.264
12.698
13.728
14.141
13.605
14.467
13.493
13.485
13.583
14.853
13.034
12.392
13.162
14.232
14.249
13.273
13.879
14.351
14.182
15.053
13.403
12.486
16.911
14.116
13.820
15.135
13.500
14.471
14.569
14.047
12.992
15.184
14.180
13.241
15.162
15.108
13.498
14.353
13.906
13.534
13.910
14.201
14.417
13.860
15.940
14.877
11.937
14.769
14.868
14.618
15.951
13.391
12.712
12.822
13.174
12.924
14.458
13.639
14.505
11.984
11.859
12.133
12.607
12.341
12.904
12.048
12.616
14.070
13.158
12.981
18.132
24.339
12.527
12.970
