13.073
15.717
13.431
20.697
12.509
12.948
12.525
13.422
13.189
13.388
17.804
15.246
13.022
12.340
18.000
14.080
19.321
12.705
12.535
13.511
18.302
14.576
14.811
18.764
13.744
13.962
12.919
14.327
17.717
14.386
17.895
17.521
13.166
13.222
13.998
14.247
13.219
17.880
12.933
13.386
14.420
15.549
14.391
18.125
13.916
13.897
14.057
12.676
15.650
17.837
13.163
37.307
13.617
14.082
14.462
17.101
12.675
14.063
14.016
13.433
13.500
11.834
24.520
14.477
4.440
11.239
9.934
9.927
11.914
16.983
14.012
13.203
12.562
14.921
13.414
19.525
13.155
12.927
12.955
14.700
14.070
14.357
12.917
12.651
12.339
12.865
14.783
14.418
15.813
1.359
14.167
14.097
13.010
13.363
13.761
13.081
13.747
13.165
13.227
14.106
15.758
13.775
14.051
