125545751
125545753
125545754
125545756
125545757
125545759
125545761
125545763
125545766
125545767
125545769
125545772
125545774
125545775
125545776
125545777
125545779
125545781
125546540
125546544
125546546
125546554
125546556
125546557
125546559
125546943
125546954
125546963
125547009
125547018
125547026
125547032
125547075
125547086
125547094
125547135
125547141
125547147
125547153
125547160
125547167
125547176
125547179
125548050
125548057
125548060
125548064
125548071
125548078
125548081
125548085
125548205
125548207
125548211
125548212
125548218
125548245
125548267
125548294
125548301
125548304
125548309
125548313
125548318
125548325
125548329
125548462
125548830
125549259
125549261
125549264
125549266
125549267
125549269
125549270
125549273
125549274
125549275
125549624
125549633
125549649
125549667
125549676
125549739
125549749
125549758
125549821
125549832
125550078
125550080
125550082
125550083
125550086
125550739
125550741
125550745
125550750
125550926
125550929
125550933
125550958
125550964
125550968
125550973
125550977
125550982
125550987
125550991
125551008
125551009
125551011
125551015
125551017
125551462
125551473
125551479
125551485
125551496
125552285
125552296
125552304
125552360
125552373
125552379
125552388
125552399
125552414
125552599
125552600
125552601
125552603
125552612
125552614
125552615
125672579
125672582
125672588
125672594
125672601
125672605
125672610
125672611
125672615
125672619
125672725
125672727
125672728
125672733
125673174
125673395
125673406
125673485
125673497
125673506
125673515
125673526
125673540
125673553
125673564
125673577
125673586
125673596
125673600
125673611
125673624
125673636
125673640
125673819
125673837
125673839
125674221
125674230
125674243
125674262
125674282
125674289
125674405
125674468
125674469
125674471
125674472
125674501
125674506
125674514
125674521
125674530
125674542
125674910
125675067
125675068
125675070
125675071
125675072
125675075
125675076
125675078
125675079
125675080
125675081
125675082
125675083
125675084
125675502
125675510
125675518
125675524
125675534
125675543
125675547
125675549
125675651
125675655
125675656
125675658
125676123
125676147
125676248
125676249
125676250
125676251
125676253
125676255
125676256
125676257
125676258
125676259
125676262
125676263
125676265
125676266
125676270
125676271
125676275
125676276
125676790
125676796
125676797
125676801
125676802
125676803
125676804
125676861
125676949
125677338
125677339
125677342
125677343
125677390
125677392
125677395
125677397
125677398
125677399
125677400
125677402
125677404
125677746
125677761
125677774
125677780
125677784
125677788
125677820
125677828
125677866
125677871
125677883
125678122
125678130
125678212
125678214
125678215
125678216
125678217
125678219
125678220
125678222
125678223
125678227
125678262
125678314
125678326
125678341
125678355
125678366
125678378
125678391
125678809
125678810
125678812
125678813
125678814
125678815
125678816
125678817
125678818
125678822
125678823
125678824
125678826
125678827
125678828
125678829
125678830
125678831
125679359
125679360
125679361
125679362
125679422
125679427
125679431
125679435
125679441
125679446
125679453
125679463
125679471
125679476
125679489
125679496
125679506
125679519
125679529
125679541
125679553
125679570
125679882
125679912
125679969
125679992
125680090
125680163
125680173
125680532
125680533
125680534
125680535
125680650
125681073
125681074
125681075
125681076
125681079
125681080
125681081
125681082
125681083
125681084
125681087
125681088
125681094
125681097
125681098
125681100
125681103
125681107
125681511
125681699
125681706
125681710
125681740
125682112
125682121
125682127
125682138
125682152
125682160
125682216
125682250
125682255
125682261
125682268
125682271
125682277
125682280
125682285
125682286
125682293
125682294
125685420
125685421
125685422
125685423
125685424
125685425
125865328
125866087
125866099
125866111
125866120
125866127
125866140
125866154
125866161
125866172
125866182
125866194
125866203
125866267
125866278
125866805
125866817
125866830
125866837
125866853
125866862
125866872
125866914
125866923
125866926
125866937
125866944
125866955
125866960
125866967
125866973
125866982
125866986
125867191
125867192
125867193
125867194
125867195
125867198
125867771
125867775
125867776
125867779
125867782
125867784
125867786
125867788
125867792
125867794
125867795
125867798
125867799
125867800
125867801
125867803
125867807
125867812
125868498
125868499
125868500
125868504
125868506
125868509
125868511
125868512
125868513
125868514
125868732
125868746
125868748
125868818
125868868
125868875
125868877
125868890
125868936
125868938
125868943
125868980
125868985
125868995
125869000
125869150
125869151
125869155
125869164
125869172
125869177
125869180
125869185
125869190
125869197
125869635
125869637
125869638
125869639
125869648
125869654
125869656
125869657
125869660
125869661
125869663
125869668
125869669
125869670
125869671
125870226
125870227
125870228
125870229
125870231
125870232
125870233
125870234
125870235
125870236
125870239
125870240
125870307
125870309
125870310
125870311
125870789
125870794
125870796
125870800
125870803
125870805
125870812
125870814
125870816
125870901
125870902
125870906
125870909
125870910
125870916
125870922
125870927
125870931
125870968
125870975
125870981
125870988
125871003
125871013
125871024
125871475
125871478
125871490
125871491
125871492
125871493
125871494
125871496
125871910
125871912
125871918
125871946
125871953
125871992
125871998
125872000
125872004
125872008
125872012
125872029
125872033
125872046
125872048
125872050
125872057
125872058
125872178
125872180
125872181
125872183
125872184
125872186
125872187
125872188
125872189
125872191
125872192
125872193
125872194
125872196
125872197
125872199
125872200
125872201
125872726
125872727
125872728
125872729
125872732
125872734
125872735
125873058
125873068
125873072
125873080
125873089
125873095
125873101
125873108
125873152
125873160
125873167
125873190
125873195
125873198
125873202
125873206
125873213
125873215
125873370
125873371
125873375
125873376
125873377
125873383
125873388
125873923
125873924
125873929
125873930
125873931
125873932
125873936
125873937
125873939
125873940
125873941
125873942
125873943
125873944
125873945
125873947
125873948
125873949
126007378
126007386
126193576
126193583
126194022
126194027
126194032
126194056
126194159
126194161
126194678
126194680
126194686
126194688
126194690
126194694
126194695
126194696
126194697
126194699
126195065
126195073
126195074
126195075
126195077
126195079
126195080
126195082
126195369
126195377
126195390
126195398
126195433
126195443
126195446
126195452
126195459
126195464
126195467
126195472
126195476
126195483
126195486
126195492
126195502
126195781
126195783
126195785
126195788
126195789
126195790
126195791
126195792
126196124
126196127
126196130
126196165
126196171
126196179
126196180
126196366
126196373
126196377
126196403
126196409
126196525
126196530
126196533
126197179
126197181
126197182
126197183
126197184
126197186
126197210
126197213
126197758
126197762
126197763
126197766
126197768
126197772
126197825
126197829
126197835
126198388
126198393
126199076
126199077
126199078
126199081
126199083
126199085
126199087
126199089
126199511
126199518
126199523
126199529
126199535
126199560
126199565
126199571
126199599
126199601
126199605
126199606
126199623
126199626
126199627
126199628
126199642
126199643
126199941
126199942
126199944
126199974
126199976
126199979
126199984
126199989
126200011
126200015
126200017
126200041
126200043
126200046
126200049
126200077
126200079
126200081
126200330
126200332
126200333
126200334
126200338
126200347
126200353
126200902
126200903
126200904
126200906
126200907
126200908
126200909
126200910
126200911
126200913
126200914
126200915
126200916
126200918
126200919
126200920
126200921
126200922
126201086
126201092
126201098
126201108
126201113
126201409
126201411
126201464
126201470
126201473
126201498
126201505
126201512
126201556
126201612
126201622
126201634
126201649
126201652
126201658
126201664
126201671
126201692
126201698
126201702
126201978
126201989
126201992
126202000
126202004
126202005
126202007
126203346
126203347
126203349
126203350
126203351
126203352
126203353
126203354
126203355
126203356
126203357
126203358
126203359
126203360
126203361
126203833
126203834
126203835
126203836
126203837
126203838
126203839
126203840
126203841
126203842
126203843
126203844
126203845
126203846
126203847
126535709
126588936
126588949
126588964
126588974
126588988
126588995
126589006
126589020
126589029
126589046
126589122
126589133
126589141
126589150
126589156
126589171
126589177
126589187
126589242
126589420
126589426
126589432
126589438
126589443
126589451
126589944
126589945
126589948
126589950
126589952
126589953
126589955
126589956
126589957
126589958
126589960
126589961
126589962
126589963
126589964
126589965
126589966
126589967
126590447
126590452
126590455
126590461
126590468
126590475
126590480
126590657
126590658
126590659
126590660
126590661
126590662
126590663
126590664
126590665
126590667
126590668
126590669
126590670
126590671
126590672
126591110
126591115
126591122
126591248
126591249
126591253
126591254
126591256
126591257
126591258
126591260
126591261
126591262
126591263
126591778
126591779
126591780
126591781
126591782
126591783
126591784
126591785
126591786
126591788
126591789
126591790
126591791
126591792
126592107
126592162
126592167
126592173
126592180
126592189
126592199
126592211
126592215
126592222
126592231
126592397
126592398
126592400
126592401
126592402
126592403
126592404
126592405
126592406
126592407
126592408
126592411
126592412
126592413
126592867
126592874
126592879
126592883
126593259
126593272
126593334
126593340
126593350
126593360
126593365
126593423
126593431
126593434
126593441
126593475
126593495
126593496
126593500
126593503
126593506
126593520
126593522
126593594
126593595
126593596
126593597
126593603
126593735
126594158
126594161
126594179
126594186
126594190
126594194
126594205
126594213
126594218
126594220
126594225
126594359
126594360
126594362
126594363
126594364
126594367
126594369
126594822
126594825
126594826
126594851
126594856
126594945
126594946
126594947
126594948
126594949
126594950
126594951
126594952
126594953
126594954
126594956
126594959
126594960
126595472
126595474
126595477
126595479
126595480
126595483
126595484
126595485
126595486
126595487
126595488
126595489
126595824
126595889
126595903
126595915
126595927
126595937
126595945
126595961
126595971
126595981
126595991
126596003
126596032
126596238
126596239
126596243
126596247
126596248
126596249
126596250
126596251
126596252
126596253
126596256
126596257
126596258
126596259
126596261
126596262
126596263
126596264
126596265
126596818
126596822
126596824
126596826
126596831
126596834
126596836
126596837
126596842
126596843
126596844
126596845
126596846
126596847
126596850
126596851
126596852
126596853
126596854
126597333
126597334
126597340
126597343
126597348
126597479
126597480
126597482
126597483
126597484
126597485
126597486
126597487
126597488
126597489
126597490
126597491
126597492
126597494
126597495
126597496
126597497
126597498
126597499
126598029
126598056
126598062
126598067
126598073
126598077
126598284
126598285
126598289
126598291
126598292
126598293
126598299
126598304
126598341
126598375
126598381
126598457
126598468
126598478
126598492
126598507
126598577
126598846
126598847
126598848
126598849
126598850
126598851
126598852
126598853
126599408
126599411
126786413
126786424
126786437
126786446
126786454
126786462
126786471
126786523
126786532
126786537
126786542
126787191
126787193
126787195
126787198
126787200
126787209
126787214
126787215
126788047
126788051
126788053
126788065
126788067
126788074
126788075
126788076
126788639
126788642
126788644
126788646
126788647
126788648
126788650
126788651
126788653
126788654
126788657
126788659
126788662
126788665
126788677
126788895
126789278
126789281
126789282
126789287
126789289
126789290
126789295
126789297
126789300
126789302
126789306
126789308
126789317
126789318
126789338
126789343
126789350
126789356
126789364
126790354
126790362
126790414
126791167
126791168
126791170
126791171
126791172
126791173
126791174
126791176
126791178
126791180
126791182
126791935
126791937
126791938
126791939
126791941
126791945
126791946
126791947
126791948
126791950
126791952
126791954
126791955
126791956
126791957
126791958
126791961
126791963
126791965
126792512
126792514
126792515
126792517
126792519
126792522
126792607
126792608
126792614
126793089
126793092
126793127
126793136
126793598
126793604
126794403
126794405
126794407
126794409
126794411
126794413
126794439
126794440
126794448
126794450
126794452
126794453
126794454
126794455
126794456
126794457
126794458
126794460
126794462
126794464
126794996
126794999
126795001
126795047
126795077
126795082
126795091
126795099
126795115
126795121
126795130
126795142
126795694
126795708
126795717
126795719
126795723
126795727
126795730
126795733
126795735
126795742
126795746
126910917
126910919
126910922
126910924
126910926
126910928
126910930
126910932
126910935
126910937
126910939
126910941
126910943
126910946
126910947
126910948
126910949
126911570
126911572
126911575
126911577
126911579
126911581
126911583
126911591
126911592
126911593
126911594
126912143
126912145
126912150
126912159
126912161
126912162
126912167
126912169
126912171
126912223
126912224
126912232
126912235
126912243
126912290
126912301
126912312
126912321
126912334
126912346
126912429
126912448
126912460
126912477
126913130
126913138
126913143
126913152
126913171
126913179
126913225
126913233
126913237
126913774
126913782
126913791
126913800
126913811
126913820
126913826
126913832
126913837
126913986
126913987
126913988
126913993
126914005
126914007
126914008
126914016
126914018
126914021
126914024
126914026
126914034
126914036
126914038
126914040
126914591
126914593
126914595
126914597
126914599
126914602
126914604
126914606
126914608
126914676
126914678
126914679
126914682
126914684
126914686
126914689
126914699
126914702
126914704
126914705
126914707
126914709
126914711
126914713
126914715
126915376
126915378
126915379
126915381
126915383
126915385
126915387
126915389
126915398
126915407
126915784
126915793
126915806
126915817
126915828
126916066
126916070
126916072
126916073
126916076
126916079
126916081
126916087
126916090
126916092
126916094
126916098
126916110
126916112
126916114
126916117
126916120
126916124
126916126
126916716
126916717
126916718
126916719
126916721
126916724
126916735
126916738
126916740
126916741
126916742
126916743
126916744
126916745
126916746
126916751
126916752
126916754
126916757
126917140
126917151
126917156
126917171
126917177
126917185
126917422
126917423
126917425
126917429
126917431
126917433
126917435
126917437
126917448
126917456
126917459
126917461
126917463
126917465
126917467
126917469
126917471
126917473
126917474
126918806
126918808
126918810
126918818
126918823
126918828
126918834
126918843
126918848
126918853
126918859
126918870
126918878
126918889
126918896
126918904
126918912
126918921
126919511
126919512
126919513
126919514
126919515
126919516
126919518
126920058
126920064
126920070
126920077
126920084
126920087
126920089
126920091
126920094
126920096
127553981
127588032
127588042
127588073
127588079
127588083
127588084
127588087
127588092
127588094
127588096
127588099
127588104
127588106
127588107
127588108
127588113
127588115
127588120
127588121
127588680
127588681
127588689
127588691
127588701
127588703
127588713
127588718
127589325
127589332
127589350
127589767
127589774
127589787
127589796
127589807
127589865
127589871
127589901
127589904
127589939
127589946
127589962
127589967
127589969
127589974
127590088
127590091
127590094
127590109
127590119
127590135
127590158
127590671
127590673
127590675
127590676
127590677
127590680
127590681
127591629
127591645
127591687
127591725
127591738
127591771
127591794
127591859
127591879
127591886
127591893
127591896
127591900
127591907
127591909
127591923
127591953
127591958
127592563
127592564
127592566
127592567
127592570
127592572
127592574
127592578
127592582
127593150
127593166
127593207
127593217
127593229
127593234
127593236
127593254
127593259
127593261
127593267
127593270
127593281
127593283
127593288
127593710
127593735
127593789
127593807
127593817
127593948
127593979
127593983
127594006
127594017
127594033
127594066
127594100
127594165
127594319
127594333
127594371
127594563
127594564
127594566
127594572
127594597
127594646
127594675
127594690
127594730
127594744
127594784
127594818
127594829
127594841
127595312
127595321
127595326
127595327
127595330
127595332
127595334
127595335
127595338
127595340
127596565
127596567
127596584
127596591
127596594
127596597
127596600
127596603
127596608
127596613
127596614
127596615
127596618
127596622
127596624
127596625
127597146
127597152
127597165
127597171
127597174
127597183
127597186
127597190
127597197
127597817
127597818
127597820
127597827
127597830
127597833
127597835
127597840
127597845
127597846
127597850
127597853
127597857
127597861
127597863
127597868
127597872
127597886
127597889
