86714324
86714453
86714505
86714569
86716390
86716559
86716703
86716794
86716890
86717053
86720350
86720392
86720422
86720584
86720652
86720738
86720891
86795288
86795290
86795293
86795296
86795297
86795301
86795309
86795312
86795314
86795320
86795322
86795325
86795333
86795337
86795342
86795346
86795355
86795360
86795367
86795373
86823878
86823879
86823884
86823887
86823894
86823896
86823899
86823903
86823906
86824476
86824477
86824478
86824479
86824481
86824482
86824483
86824485
86824486
86824487
86824488
86824489
86824491
86824492
86824493
86824494
86824495
86824497
86824498
86824499
86824517
86824520
86824524
86824525
86824527
86824528
86824530
86824532
86824533
86824534
86824535
86824536
86824720
86824721
86824723
86824724
86824726
86824727
86824728
86824729
86824732
86824733
86824734
86824736
86824737
86824738
86824739
86824741
86824743
86824744
86824745
86824746
86824812
86824813
86824814
86824816
86824817
86824818
86824819
86824820
86824822
86824823
86824824
86824825
86824826
86824827
86824828
86824829
86824831
86824843
86824845
86824848
86824849
86825005
86825006
86825008
86825011
86825012
86825015
86825019
86825027
86825035
86825042
86825050
86825059
86825067
86825077
86825088
86825097
86825106
86825114
86825122
86825128
86825150
86825151
86825152
86825153
86825157
86825158
86825159
86825160
86825161
86825162
86825163
86825164
86825165
86825167
86825168
86825170
86825173
86825174
86825187
86825189
86825190
86825191
86825237
86825239
86825240
86825242
86825244
86825245
86825246
86825249
86825250
86825251
86825253
86825254
86825255
86825331
86825332
86825333
86825334
86825335
86825337
86825338
86825339
86825340
86825342
86825343
86825344
86825346
86825347
86825348
86825349
86825350
86825352
86825353
86825354
86825530
86825532
86825535
86825537
86825538
86825539
86825540
86825541
86825542
86825543
86825544
86825545
86825546
86825547
86825548
86825549
86825550
86825551
86825552
86825553
86825605
86825607
86825610
86825611
86825612
86825613
86825614
86825616
86825618
86825619
86825620
86825621
86825623
86825624
86825626
86825637
86825638
86825639
86825640
86825973
86825974
86825975
86825976
86825977
86825978
86825979
86825982
86825983
86825986
86825988
86825990
86825991
86825992
86825993
86825994
86825995
86825996
86825997
86825998
86826017
86826019
86826021
86826022
86826026
86826027
86826028
86826030
86826031
86826032
86826033
86826036
86826037
86826038
86826040
86826042
86826043
86826044
86826091
86826092
86826093
86826094
86826096
86826097
86826098
86826100
86826101
86826102
86826104
86826106
86826109
86826111
86826112
86826113
86826115
86826116
86826118
86826119
86826220
86826221
86826285
86826287
86826288
86826289
86826291
86826294
86826295
86826298
86826299
86826300
86826485
86826486
86826488
86826489
86826490
86826491
86826493
86826494
86826495
86826496
86826498
86826499
86826501
86826502
86826504
86826505
86826507
86826508
86826509
86826511
86826549
86826550
86826551
86826553
86826555
86826556
86826560
86826562
86826563
86826565
86826579
86826580
86826581
86826583
86826584
86826586
86826590
86826593
86826594
86826595
86826596
86826598
86826599
86826600
86826665
86826670
86826680
86826691
86826704
86826731
86826750
86826762
86826780
86826816
86826824
86826832
86826840
86826850
86826859
86826868
86826876
86826883
86826890
86826898
86826905
86826906
86826907
86826908
86826909
86826910
86826911
86826913
86826914
86826929
86826930
86826931
86826932
86826934
86826950
86826951
86826952
86826954
86826955
86826956
86826959
86826960
86826963
86826964
86826967
86826968
86826969
86826972
86826973
86826974
86826975
86826977
86854138
86854273
86854300
86854313
86854428
86854447
86854496
86854623
86854676
86854740
86854880
86854917
86854979
86855123
86855160
86855214
86855353
86855396
86855462
86855582
86859824
86859954
86859955
86859956
86859957
86859959
86859962
86859996
86859998
86860002
86860194
86860305
86860408
86860415
86860418
86860420
86860421
86860583
86860663
86860736
86867505
86867600
86867692
86867755
86867894
86868005
86868069
86868183
86868233
86868280
86868416
86868469
86868505
86868656
86868714
86868820
86869044
86869146
86869249
86869550
86876326
86876353
86876442
86876680
86876726
86876776
86876941
86877026
86877126
86877259
86877326
86877389
86877532
86877560
86877632
86877808
86877858
86877938
86878101
86878152
86882920
86882974
86883012
86883137
86883181
86883243
86883365
86883385
86883399
86883509
86883522
86883524
86883550
86883559
86883634
86883745
86883764
86883772
86883802
86883810
86883915
86883972
86884011
86884018
86884048
86884056
86884198
86884215
86884234
86884241
86884259
86884267
86884383
86884418
86884442
86884588
86884617
86884679
86884823
86884865
86884971
86885111
86885155
86885184
86885393
86886006
86886039
86886185
86886227
86886301
86886439
86886457
86886507
86886617
86886645
86886691
86886815
86886853
86886888
86887029
86887113
86887210
86887327
86887336
86887364
86887396
86887417
86887426
86887439
86887442
86887589
86887590
86887606
86887615
86887629
86887630
86887681
86887682
86887793
86887802
86887833
86887835
86887875
86887877
86887908
86887917
86887941
86887944
86888080
86888082
86888114
86888123
86888152
86888155
86888228
86888253
86888342
86888352
86888361
86888381
86888382
86888395
86888405
86888418
86888422
86888438
86888483
86888504
86888560
86888569
86888583
86888584
86888604
86888605
86888644
86888659
86888785
86888798
86888892
86888893
86888935
86888944
86888959
86888961
86889098
86889107
86889154
86889164
86889185
86889186
86889227
86889285
86889294
86889463
86889472
86889631
86889640
86889746
86889755
86889938
86889947
86890009
86890180
86890190
86890429
86890445
86890554
86890563
86890746
86890755
86890930
86890939
86891033
86891042
86891314
86891323
86891381
86891606
86891615
86891652
86891733
86891744
86891883
86891959
86891968
86891999
86892216
86892225
86892273
86892379
86892388
86892530
86892637
86892646
86892701
86892930
86892939
86892977
86893101
86893110
86893119
86893285
86893422
86893526
86893721
86893760
86893871
86894083
86894136
86894211
86894420
86894529
86894617
86894825
86894894
86895053
86895226
86895326
86895390
86895587
86895623
86895642
86895765
86895767
86895811
86895906
86895910
86895923
86896005
86896014
86896039
86896088
86896095
86896209
86896326
86896337
86896348
86896411
86896416
86896445
86896563
86896572
86896705
86896770
86896776
86896810
86896914
86896922
86896937
86896976
86896981
86897096
86897180
86897184
86897198
86897227
86897231
86897249
86897366
86897369
86897478
86897500
86897502
86897511
86897587
86897598
86897621
86897631
86897668
86897678
86897791
86897889
86897899
86897925
86897934
86897963
86897968
86898003
86898007
86898141
86898169
86898267
86898277
86898314
86898337
86898494
86898671
86898803
86898889
86899110
86899181
86899330
86899339
86899511
86899634
86899643
86899653
86899743
86899752
86900043
86900053
86900370
86900379
86900567
86900577
86900786
86900797
86901052
86901061
86901195
86901204
86901553
86901562
86901826
86901836
86902045
86902060
86902326
86902335
86902344
86902646
86902655
86902665
86903144
86903157
86903169
86903343
86903352
86903361
86903575
86903585
86903595
86903816
86903825
86903834
86903882
86903951
86903961
86903970
86903983
86904147
86904208
86904217
86904226
86904235
86904290
86904496
86904506
86904516
86904522
86904548
86904593
86904602
86904611
86904615
86904755
86904803
86904813
86904823
86904826
86904866
86905030
86905034
86905043
86905052
86905094
86905154
86905161
86905170
86905180
86905343
86905397
86905404
86905410
86905416
86905475
86905630
86905637
86905646
86905650
86905670
86905678
86905687
86905696
86905732
86905738
86905870
86905895
86905905
86905970
86905971
86905973
86905974
86905975
86905976
86905978
86905979
86905981
86905982
86905983
86905985
86905986
86905987
86905989
86905990
86905991
86905993
86905994
86905998
86906000
86906026
86906033
86906080
86906090
86906176
86906194
86906209
86906210
86906211
86906219
86906245
86906248
86906277
86906286
86906297
86906330
86906354
86906501
86906505
86906524
86906533
86906545
86906565
86906580
86906628
86906631
86906633
86906634
86906635
86906637
86906639
86906646
86906708
86906718
86906729
86906836
86906837
86906840
86906877
86906886
86906906
86906916
86906925
86906948
86907084
86907112
86907121
86907130
86907153
86907183
86907201
86907259
86907268
86907389
86907427
86907480
86907491
86907543
86907763
86907773
86908012
86908028
86908152
86908162
86908361
86908370
86908595
86908605
86908677
86908686
86908842
86908851
86909052
86909061
86909145
86909154
86909349
86909358
86909572
86909583
86909653
86909662
86909839
86909850
86910136
86910145
86910257
86910266
86910412
86910421
86910483
86910516
86910548
86910724
86910762
86910774
86910794
86910806
86910819
86910830
86910843
86910863
86910959
86910984
86911000
86911004
86911025
86911036
86911045
86911075
86911084
86911095
86911137
86911227
86911241
86911255
86911269
86911270
86911281
86911290
86911304
86911314
86911328
86911330
86911348
86911362
86911374
86911394
86911453
86911499
86911501
86911519
86911538
86911547
86911559
86911563
86911575
86911594
86911608
86911617
86911622
86911638
86911650
86911697
86911707
86911752
86911818
86911827
86911829
86911838
86911850
86911854
86911863
86911875
86911888
86911897
86911905
86911908
86911915
86911928
86911949
86912010
86912053
86912067
86912085
86912097
86912107
86912114
86912118
86912122
86912125
86912133
86912136
86912138
86912199
86912236
86912254
86912264
86912314
86912335
86912365
86912392
86912397
86912404
86912454
86912489
86912499
86912509
86912520
86912535
86912537
86912538
86912539
86912544
86912551
86912552
86912554
86912555
86912556
86912558
86912561
86912563
86912565
86912567
86912569
86912570
86912571
86912573
86912575
86912588
86912702
86912722
86912768
86912794
86912806
86912813
86912844
86912846
86912847
86912848
86912849
86912851
86912870
86912888
86912906
86912907
86912950
86912962
86912965
86912972
86912997
86913003
86913004
86913006
86913008
86913010
86913012
86913013
86913015
86913016
86913018
86913019
86913020
86913136
86913188
86913204
86913210
86913216
86913271
86913312
86913313
86913315
86913332
86913351
86913366
86913385
86913407
86913418
86913419
86913420
86913421
86913438
86913439
86913442
86913449
86913450
86913452
86913453
86913454
86913511
86913521
86913663
86913729
86913738
86913928
86913986
86913995
86914048
86914233
86914242
86914318
86914328
86914489
86914499
86914705
86914714
86914822
86914917
86914923
86914930
86915123
86915126
86915192
86915202
86915304
86915501
86915510
86915519
86915630
86915639
86915648
86915815
86915825
86915834
86916057
86916066
86916077
86916168
86916178
86916187
86916406
86916415
86916425
86916636
86916646
86916682
86916723
86916730
86916739
86916748
86916866
86916892
86916903
86916912
86916921
86916978
86917104
86917116
86917125
86917174
86917224
86917277
86917294
86917393
86917405
86917467
86917476
86917484
86917659
86917700
86917709
86917715
86917737
86917861
86917864
86917871
86917900
86917925
86917932
86917941
86917953
86918102
86918112
86918135
86918143
86918152
86918170
86918171
86918173
86918174
86918175
86918177
86918178
86918181
86918202
86918233
86918235
86918237
86918239
86918241
86918381
86918390
86918459
86918461
86918465
86918467
86918469
86918485
86918488
86918489
86918491
86918493
86918495
86918496
86918497
86918499
86918500
86918502
86918504
86918505
86918507
86918509
86918510
86918512
86918514
86918515
86918518
86918558
86918567
86918633
86918761
86918779
86918788
86918818
86918849
86918860
86918962
86918971
86918999
86919005
86919045
86919048
86919066
86919075
86919209
86919217
86919258
86919264
86919288
86919297
86919341
86919345
86919527
86919529
86919574
86919583
86919631
86919633
86919724
86919726
86919770
86919779
86919957
86919969
86920042
86920046
86920079
86920088
86920122
86920139
86920141
86920163
86920177
86920276
86920277
86920304
86920313
86920328
86920335
86920336
86920350
86920365
86920366
86920367
86920371
86920372
86920385
86920526
86920528
86920529
86920550
86920571
86920577
86920618
86920651
86920653
86920661
86920696
86920823
86920825
86920831
86920874
86920917
86920975
86921010
86921013
86921014
86921082
86921237
86921281
86921313
86921316
86921317
86921342
86921393
86921394
86921396
86921399
86921402
86921427
86921429
86921431
86921450
86921636
86921638
86921668
86921671
86921672
86921674
86921683
86921684
86921692
86921774
86921784
86921785
86921787
86921788
86921856
86922016
86922087
86922201
86922407
86922670
86922720
86922722
86922724
86922725
86922726
86922728
86922729
86922730
86922732
86922734
86922736
86922737
86922741
86922744
86922745
86922747
86922748
86922751
86922754
86922756
86922785
86922829
86923001
86923084
86923159
86923361
86923454
86923547
86923754
86923858
86923973
86924197
86924203
86924275
86924370
86924535
86924705
86924708
86924899
86924958
86925019
86925263
86925424
86925580
86925874
86926066
86926259
86926526
86926533
86926710
86926720
86926731
86926824
86926963
86927079
86927142
86927152
86927209
86927241
86927351
86927384
86927455
86927465
86927517
86927636
86927756
86927790
86927876
86927886
86927934
86927968
86928135
86928228
86928322
86928332
86928374
86928414
86933803
86933956
86933965
86934045
86934055
86934319
86934328
86934340
86934633
86934645
86934654
86934759
86934768
86934777
86934914
86934923
86934933
86935409
86935419
86935428
86935513
86935522
86935811
86935823
86936100
86936112
86936269
86936283
86936474
86936483
86936831
86936840
86937015
86937024
86937110
86937119
86937315
86937324
86937467
86937476
86937621
86937627
86937633
86937819
86937913
86937920
86937978
86938117
86938127
86938175
86938212
86938221
86938422
86938431
86938457
86938585
86938594
86938649
86938783
86938793
86939001
86939074
86939083
86939165
86939175
86939185
86939447
86939456
86939471
86939679
86939688
86939698
86939813
86939822
86939832
86939996
86940005
86940014
86940214
86940223
86940232
86940370
86940379
86940388
86940625
86940635
86940644
86940897
86940906
86940915
86941041
86941057
86941072
86941196
86941205
86941214
86941425
86941434
86941444
86941695
86941704
86941713
86941855
86941865
86941875
86942155
86942164
86942173
86942370
86942379
86942388
86942489
86942499
86942809
86942818
86943096
86943105
86943111
86943224
86943233
86943484
86943493
86943641
86943650
86943744
86943754
86943965
86943974
86943980
86944046
86944057
86944078
86944086
86944089
86944268
86944279
86944280
86944319
86944328
86944345
86944350
86944351
86944418
86944422
86944424
86944566
86944576
86944602
86944611
86944614
86944664
86944668
86944670
86944687
86944698
86944707
86944725
86944735
86944772
86944861
86944890
86944900
86944904
86944940
86944949
86944958
86944968
86944971
86944972
86944974
86944983
86945044
86945066
86945103
86945157
86945174
86945183
86945192
86945202
86945208
86945210
86945229
86945245
86945249
86945251
86945275
86945296
86945306
86945316
86945361
86945423
86945438
86945470
86945479
86945487
86945547
86945591
86945600
86945610
86945617
86945621
86945676
86945697
86945771
86945809
86945849
86945868
86945877
86945886
86945889
86945896
86945913
86945932
86945935
86945940
86945954
86945957
86945964
86945978
86945982
86946078
86946087
86946110
86946112
86946113
86946118
86946120
86946132
86946134
86946144
86946153
86946162
86946185
86946222
86946347
86946353
86946368
86946377
86946411
86946418
86946480
86946489
86946600
86946611
86946620
86946655
86946663
86946712
86946730
86946739
86946748
86946803
86946935
86946945
86946955
86946964
86946981
86947019
86947118
86947127
86947136
86947155
86947173
86947186
86947195
86947204
86947282
86947384
86947398
86947407
86947416
86947452
86947599
86947614
86947623
86947632
86947667
86947728
86947737
86947956
86947965
86947974
86948128
86948137
86948146
86948212
86948221
86948230
86948449
86948459
86948468
86948520
86948530
86948539
86948739
86948814
86948823
86949099
86949114
86949189
86949216
86949225
86949350
86949376
86949387
86949458
86949602
86949611
86949676
86949737
86949747
86950060
86950069
86950342
86950352
86950429
86950444
86950621
86950630
86950702
86950704
86950711
86950727
86950749
86950766
86950790
86950808
86950817
86950820
86950821
86950823
86950827
86950832
86950835
86950837
86950841
86950842
86950844
86950845
86950855
86950910
86950966
86951000
86951146
86951156
86951158
86951179
86951215
86951216
86951217
86951219
86951227
86951304
86951364
86951390
86951540
86951541
86951543
86951548
86951552
86951559
86951560
86951566
86951592
86951596
86951606
86951609
86951612
86951613
86951620
86951622
86951625
86951657
86951665
86951669
86951673
86951676
86951679
86951683
86951686
86951690
86951692
86951694
86951697
86951698
86951702
86951704
86951714
86951912
86951921
86951933
86951935
86951938
86951977
86951985
86951987
86951988
86952015
86952024
86952033
86952034
86952036
86952083
86952212
86952231
86952254
86952281
86952290
86952312
86952341
86952376
86952380
86952404
86952426
86952566
86952572
86952578
86952599
86952612
86952648
86952669
86952686
86952734
86952743
86952761
86952805
86952964
86952992
86953043
86953053
86953071
86953076
86953141
86953263
86953269
86953275
86953298
86953351
86953352
86953354
86953357
86953359
86953360
86953362
86953363
86953368
86953422
86953431
86953446
86953450
86953454
86953458
86953461
86953478
86953494
86953503
86953505
86953512
86953513
86953517
86953520
86953525
86953527
86953529
86953533
86953537
86953539
86953541
86953542
86953545
86953685
86953706
86953707
86953709
86953722
86953766
86953775
86953803
86953806
86953810
86953818
86953848
86953867
86953868
86953889
86954023
86954032
86954042
86954073
86954079
86954125
86954134
86954163
86954170
86954175
86954217
86954320
86954401
86954410
86954439
86954493
86954596
86954607
86954857
86954859
86954860
86954881
86954918
86954919
86954920
86954921
86954922
86954923
86954924
86954925
86954926
86954928
86954929
86954936
86954945
86954978
86954980
86954984
86955169
86955174
86955178
86955188
86955189
86955190
86955192
86955193
86955203
86955211
86955213
86955256
86955259
86955266
86955269
86955272
86955281
86955352
86955353
86955361
86955370
86955607
86955608
86955616
86955619
86955678
86955687
86955695
86955696
86955963
86955972
86956095
86956104
86956300
86956309
86956587
86956596
86956855
86956871
86957042
86957052
86957316
86957325
86957335
86957408
86957414
86957575
86957586
86957595
86957686
86957696
86957705
86957756
86957900
86957917
86957926
86957963
86958000
86958118
86958127
86958151
86958204
86958225
86958234
86958297
86958500
86958551
86958564
86958655
86958706
86958870
86958880
86958925
86958935
86958961
86958998
86959008
86959042
86959051
86959178
86959244
86959280
86959319
86959324
86959345
86959355
86959408
86959602
86959647
86959657
86959667
86959711
86959747
86959756
86959810
86960027
86960058
86960067
86960118
86960271
86960344
86960354
86960492
86960494
86960608
86960609
86960744
86960754
86960841
86960843
86961080
86961082
86961157
86961167
86961219
86961222
86961307
86961309
86961371
86961381
86961513
86961514
86961581
86961583
86961651
86961660
86961693
86961696
86961886
86961974
86961980
86961990
86961992
86961993
86961994
86961995
86961998
86961999
86962000
86962004
86962006
86962008
86962011
86962012
86962013
86962016
86962017
86962019
86962020
86962021
86962022
86962026
86962027
86962041
86962043
86962047
86962048
86962049
86962050
86962053
86962055
86962056
86962058
86962059
86962061
86962062
86962064
86962067
86962069
86962070
86962072
86962075
86962077
86962102
86962104
86962164
86962174
86962287
86962288
86962334
86962339
86962388
86962398
86962414
86962417
86962599
86962601
86962688
86962698
86962721
86962725
86962803
86962812
86963035
86963053
86963065
86963066
86963103
86963105
86963139
86963149
86963158
86963350
86963351
86963352
86963354
86963355
86963356
86963358
86963361
86963362
86963365
86963366
86963367
86963368
86963370
86963371
86963372
86963373
86963374
86963375
86963377
86963378
86963401
86963410
86963423
86963447
86963568
86963577
86963588
86963631
86963682
86963692
86963698
86963886
86963962
86963971
86963979
86964069
86964229
86964238
86964331
86964341
86964537
86964546
86964699
86964708
86964844
86964853
86964856
86965046
86965131
86965140
86965325
86965335
86965344
86965378
86965388
86965397
86965407
86965454
86965614
86965624
86965633
86965642
86965661
86965669
86965679
86965688
86965697
86965820
86965875
86965892
86965901
86965910
86965954
86966252
86966273
86966283
86966339
86966365
86966374
86966389
86966399
86966657
86966775
86966864
86966883
86966919
86966928
86966947
86966953
86967098
86967108
86967128
86967138
86967155
86967161
86967174
86967176
86967186
86967195
86967306
86967319
86967362
86967373
86967388
86967402
86967412
86967438
86967507
86967694
86967742
86967756
86967765
86967804
86967829
86967848
86967873
86967952
86967968
86968009
86968036
86968057
86968076
86968089
86968099
86968114
86968166
86968284
86968303
86968314
86968323
86968334
86968343
86968357
86968375
86968385
86968493
86968502
86968509
86968531
86968606
86968637
86968638
86968640
86968641
86968642
86968643
86968644
86968647
86968649
86968650
86968651
86968653
86968655
86968656
86968657
86968659
86968660
86968661
86968662
86968664
86968726
86968838
86968839
86968840
86968841
86968843
86968844
86968845
86968846
86968847
86968848
86968860
86968872
86968885
86968894
86968906
86968916
86968944
86968963
86968969
86968986
86969077
86969087
86969114
86969134
86969163
86969192
86969229
86969231
86969232
86969236
86969238
86969239
86969242
86969243
86969244
86969246
86969248
86969250
86969251
86969254
86969255
86969257
86969258
86969259
86969261
86969263
86969273
86969430
86969445
86969454
86969463
86969486
86969597
86969606
86969616
86969639
86969658
86969667
86969860
86969869
86970190
86970199
86970294
86970303
86970473
86970498
86970507
86970702
86970711
86970726
86970739
86970752
86970761
86970773
86970806
86970939
86970968
86970977
86970986
86971021
86971174
86971399
86971410
86971420
86971451
86971535
86971560
86971569
86971578
86971620
86971738
86971765
86971775
86971784
86971789
86971843
86971938
86971947
86971956
86971960
86971999
86972049
86972058
86972067
86972135
86972204
86972272
86972283
86972293
86972315
86972533
86972585
86972595
86995662
86995671
86995677
86995798
86995807
86995816
86995856
86995866
86995875
86995908
86995917
86995926
86996060
86996070
86996079
86996119
86996128
86996138
86996207
86996216
86996225
86996350
86996359
86996368
86996428
86996434
86996441
86996494
86996511
86996523
86996663
86996671
86996678
86996729
86996735
86996741
86996975
86996991
86997007
86997093
86997099
86997105
86997169
86997178
86997184
86997433
86997442
86997451
86997748
86997757
86997765
86997857
86997864
86997870
86998068
86998077
86998083
86998149
86998155
86998161
86998187
86998196
86998205
86998323
86998332
86998341
86998363
86998372
86998381
86998402
86998411
86998421
86998625
86998636
86998647
86998677
86998686
86998695
86998737
86998747
86998756
86998903
86998915
86998921
86999010
86999016
86999022
86999099
86999105
86999111
86999307
86999313
86999320
86999388
86999394
86999400
86999428
86999437
86999446
86999566
86999575
86999584
86999603
86999613
86999622
86999641
86999650
86999659
86999815
86999825
86999834
86999963
86999972
86999981
87000037
87000046
87000056
87000221
87000227
87000233
87000326
87000335
87000344
87000451
87000457
87000463
87000627
87000637
87000647
87000692
87000701
87000707
87000728
87000737
87000746
87000870
87000879
87000888
87000904
87000913
87000922
87000977
87000987
87000996
87001120
87001129
87001138
87001175
87001184
87001194
87001263
87001279
87001295
87001439
87001445
87001452
87001524
87001533
87001540
87001728
87001741
87001750
87001830
87001836
87001843
87001898
87001907
87001914
87002055
87002064
87002073
87002112
87002121
87002130
87002153
87002162
87002171
87002320
87002329
87002338
87002369
87002378
87002387
87002441
87002452
87002458
87002597
87002607
87002614
87002684
87002693
87002702
87002757
87002763
87002769
87002950
87002959
87002968
87003038
87003044
87003050
87003086
87003095
87003104
87003242
87003251
87003260
87003311
87003317
87003323
87003366
87003375
87003381
87003556
87003564
87003570
87003612
87003622
87003631
87003687
87003696
87003705
87003866
87003876
87003887
87003941
87003951
87003958
87004030
87004031
87004033
87004036
87004038
87004040
87004041
87004042
87004044
87004045
87004046
87004048
87004049
87004053
87004055
87004056
87004057
87004060
87004062
87004063
87004065
87004066
87004067
87004075
87004079
87004089
87004090
87004096
87004098
87004101
87004102
87004104
87004256
87004258
87004259
87004260
87004261
87004263
87004264
87004265
87004268
87004269
87004271
87004274
87004275
87004276
87004277
87004279
87004280
87004282
87004283
87004284
87004286
87004287
87004289
87004291
87004293
87004294
87004295
87004296
87004298
87004318
87004324
87004330
87004373
87004374
87004375
87004376
87004377
87004379
87004380
87004381
87004382
87004383
87004384
87004386
87004388
87004389
87004390
87004392
87004393
87004394
87004413
87004419
87004424
87004433
87004435
87004436
87004437
87004438
87004439
87004440
87004441
87004442
87004443
87004445
87004446
87004447
87004448
87004449
87004451
87004453
87004454
87004455
87004456
87004457
87004458
87004459
87004460
87004461
87004462
87004463
87004464
87004465
87004490
87004496
87004502
87004508
87004510
87004511
87004512
87004514
87004516
87004517
87004519
87004520
87004529
87004538
87004554
87004561
87004580
87004588
87004602
87004611
87004621
87004632
87004634
87004635
87004636
87004637
87004638
87004639
87004640
87004641
87004642
87004644
87004685
87004691
87004697
87004703
87004704
87004705
87004706
87004707
87004708
87004709
87004710
87004711
87004712
87004713
87004714
87004715
87004716
87004717
87004718
87004719
87004720
87004721
87004723
87004724
87004725
87004726
87004727
87004728
87004729
87004730
87004731
87004734
87004758
87004759
87004760
87004761
87004762
87004764
87004765
87004766
87004770
87004773
87004777
87004780
87004784
87004788
87004789
87004791
87004792
87004793
87004794
87004795
87004796
87004797
87004798
87004799
87004800
87004803
87004804
87004805
87004808
87004809
87004810
87004811
87004849
87004853
87004858
87004861
87004863
87004867
87004873
87004876
87004879
87004883
87004888
87004898
87004909
87004916
87004933
87004937
87004940
87004949
87004950
87004961
87004962
87004969
87004974
87004981
87004987
87004989
87004996
87004998
87005004
87005006
87005009
87005013
87005159
87005160
87005161
87005162
87005165
87005166
87005168
87005198
87005205
87005213
87005240
87005241
87005242
87005244
87005245
87005246
87005247
87005248
87005249
87005251
87005252
87005255
87005257
87005260
87005261
87005262
87005263
87005265
87005267
87005269
87005321
87005327
87005333
87005344
87005347
87005348
87005349
87005350
87005351
87005353
87005354
87005356
87005357
87005358
87005360
87005362
87005364
87005367
87005368
87005371
87005372
87005374
87005384
87005385
87005386
87005434
87005441
87005447
87005487
87005497
87005507
87005512
87005518
87005533
87005541
87005545
87005561
87005568
87005571
87005572
87005573
87005575
87005576
87005577
87005578
87005579
87005581
87005582
87005583
87005584
87005586
87005587
87005589
87005591
87005593
87005594
87005595
87005661
87005665
87005668
87005675
87005676
87005678
87005679
87005680
87005681
87005683
87005685
87005687
87005688
87005689
87005692
87005694
87005695
87005697
87005698
87005699
87005700
87005745
87005746
87005748
87005749
87005751
87005752
87005754
87005759
87005761
87005763
87005764
87005766
87005767
87005771
87005772
87005778
87005781
87005785
87005788
87005789
87005791
87005793
87005794
87005795
87005796
87005797
87005799
87005801
87005802
87005803
87005805
87005806
87005844
87005846
87005849
87005850
87005853
87005854
87005855
87005857
87005859
87005863
87005866
87005867
87005868
87005871
87005873
87005874
87005879
87005887
87005893
87005902
87005909
87005910
87005912
87005913
87005928
87005934
87005940
87006139
87006146
87006152
87006171
87006174
87006175
87006178
87006179
87006180
87006183
87006185
87006187
87006190
87006191
87006192
87006194
87006195
87006196
87006198
87006199
87006200
87006202
87006203
87006204
87006205
87006206
87006207
87006254
87006258
87006261
87006268
87006270
87006271
87006272
87006273
87006275
87006276
87006277
87006278
87006279
87006281
87006282
87006283
87006284
87006285
87006362
87006376
87006387
87006432
87006439
87006444
87006447
87006448
87006449
87006450
87006451
87006452
87006453
87006456
87006457
87006459
87006460
87006461
87006463
87006464
87006465
87006467
87006469
87006470
87006472
87006475
87006477
87006478
87006496
87006497
87006498
87006499
87006570
87006574
87006578
87006584
87006602
87006604
87006605
87006606
87006607
87006608
87006611
87006612
87006613
87006614
87006615
87006697
87006698
87006699
87006701
87006702
87006706
87006710
87006714
87006717
87006721
87006724
87006725
87006726
87006727
87006728
87006729
87006730
87006732
87006733
87006734
87006735
87006737
87006738
87006739
87006740
87006741
87006742
87006743
87006744
87006745
87006746
87006747
87006792
87006799
87006804
87006805
87006806
87006807
87006808
87006809
87006810
87006811
87006816
87006836
87006858
87006868
87006884
87006892
87006902
87006910
87006919
87006920
87006922
87006926
87006932
87006935
87006939
87006943
87006944
87006945
87006946
87006947
87006948
87006950
87006985
87006986
87006988
87006989
87006991
87006992
87006994
87006995
87006997
87006998
87006999
87007001
87007002
87007003
87007005
87007006
87007007
87007008
87007009
87007010
87007011
87007013
87007014
87007015
87007016
87007017
87007018
87007020
87007021
87007039
87007045
87007048
87007068
87007069
87007070
87007072
87007073
87007074
87007075
87007077
87007078
87007080
87007081
87007082
87007083
87007085
87007086
87007087
87007088
87007090
87007091
87007092
87007094
87007095
87007096
87007122
87007128
87007134
87007163
87007165
87007167
87007168
87007169
87007171
87007173
87007174
87007175
87007176
87007178
87007179
87007180
87007181
87007183
87007184
87007185
87007186
87007188
87007324
87007330
87007336
87007358
87007359
87007360
87007362
87007363
87007364
87007367
87007369
87007370
87007371
87007372
87007374
87007375
87007376
87007379
87007381
87007384
87007385
87007387
87007388
87007389
87007390
87007391
87007392
87007393
87007395
87007396
87007397
87007400
87007440
87007447
87007451
87007473
87007474
87007478
87007479
87007480
87007481
87007544
87007552
87007555
87007565
87007567
87007569
87007570
87007571
87007572
87007574
87007576
87007577
87007578
87007579
87007581
87007582
87007749
87007753
87007757
87007837
87007838
87007839
87007841
87007842
87007843
87007844
87007845
87007846
87007848
87007849
87007854
87007855
87007856
87007857
87007859
87007863
87007865
87007866
87007869
87007870
87007874
87007877
87007882
87007885
87007887
87007891
87007892
87007893
87007896
87007897
87007898
87007924
87007925
87007931
87007932
87007933
87007934
87007935
87007940
87007941
87007942
87007943
87007945
87007946
87007948
87007949
87007950
87007951
87007952
87007953
87007954
87007955
87007956
87007957
87007958
87007959
87007961
87007966
87007967
87007969
87007979
87007982
87007985
87008010
87008011
87008012
87008013
87008015
87008016
87064811
87064817
87064823
87064901
87064907
87064913
87065011
87065018
87065025
87065311
87065317
87065323
87065376
87065385
87065395
87065549
87065558
87065567
87065766
87065772
87065779
87065846
87065852
87065861
87066030
87066041
87066050
87066196
87066205
87066212
87066271
87066280
87066289
87066377
87066394
87066410
87066595
87066605
87066614
87066647
87066657
87066666
87066701
87066711
87066720
87067170
87067180
87067189
87067247
87067256
87067266
87067341
87067351
87067360
87067591
87067600
87067609
87067673
87067679
87067685
87067742
87067751
87067760
87068018
87068024
87068030
87068091
87068100
87068106
87068172
87068182
87068198
87068411
87068420
87068429
87068462
87068471
87068570
87068586
87068824
87068834
87068884
87068893
87069052
87069061
87069112
87069122
87069202
87069208
87069211
87069372
87069378
87069381
87069447
87069453
87069461
87069527
87069533
87069539
87069694
87069703
87069712
87069744
87069753
87069762
87069812
87069821
87069831
87069978
87069987
87069996
87070052
87070061
87070070
87070109
87070119
87070128
87070386
87070395
87070404
87070457
87070466
87070472
87070538
87070545
87070551
87070809
87070815
87070821
87070894
87070900
87070906
87070967
87070973
87070979
87071139
87071148
87071157
87071231
87071238
87071247
87071307
87071315
87071324
87071516
87071517
87071519
87071520
87071521
87071524
87071526
87071528
87071529
87071530
87071531
87071533
87071534
87071535
87071537
87071538
87071540
87071542
87071543
87071545
87071555
87071563
87071567
87071603
87071604
87071605
87071606
87071607
87071609
87071610
87071611
87071613
87071615
87071616
87071618
87071619
87071622
87071626
87071627
87071629
87071634
87071637
87071638
87071668
87071670
87071671
87071672
87071694
87071706
87071713
87071762
87071763
87071764
87071766
87071767
87071768
87071770
87071775
87071776
87071777
87071778
87071779
87071781
87071782
87071784
87071785
87071786
87071787
87071788
87071790
87071802
87071803
87071804
87071805
87071806
87071808
87071810
87071811
87071813
87071815
87071817
87071845
87071860
87071869
87071904
87071913
87071921
87071930
87071942
87071950
87071954
87071959
87071967
87071976
87071991
87071999
87072008
87072017
87072020
87072021
87072022
87072023
87072024
87072026
87072038
87072041
87072042
87072043
87072044
87072046
87072048
87072080
87072082
87072083
87072084
87072088
87072090
87072095
87072096
87072097
87072103
87072104
87072107
87072108
87072111
87072112
87072113
87072115
87072116
87072117
87072118
87072119
87072121
87072122
87072123
87072124
87072125
87072126
87072130
87072131
87072133
87072134
87072135
87072136
87072137
87072141
87072142
87072143
87072144
87072145
87072146
87072147
87072149
87072151
87072216
87072220
87072224
87072228
87072231
87072232
87072235
87072240
87072242
87072245
87072246
87072248
87072249
87072250
87072253
87072256
87072259
87072261
87072263
87072265
87072268
87072270
87072340
87072344
87072347
87072351
87072354
87072359
87072362
87072363
87072364
87072365
87072366
87072368
87072369
87072370
87072371
87072372
87072373
87072374
87072375
87072376
87072378
87072379
87072380
87072381
87072382
87072383
87072384
87072385
87072386
87072388
87072389
87072390
87072391
87072392
87072394
87072399
87072401
87072525
87072534
87072537
87072573
87072582
87072591
87072654
87072663
87072672
87072807
87072817
87072826
87072884
87072894
87072904
87072950
87072960
87072970
87073153
87073160
87073166
87073252
87073261
87073268
87073377
87073386
87073392
87073558
87073564
87073570
87073628
87073637
87073646
87073710
87073726
87073743
87073802
87073811
87073820
87073850
87073859
87073868
87074076
87074085
87074094
87074136
87074145
87074155
87074214
87074224
87074233
87074389
87074399
87074409
87074488
87074494
87074504
87074595
87074605
87074611
87074822
87074829
87074835
87074899
87074909
87074918
87074970
87074979
87074985
87075131
87075137
87075144
87075181
87075191
87075201
87075236
87075245
87075508
87075517
87075565
87075575
87075631
87075641
87075813
87075823
87075922
87075928
87076022
87076035
87076267
87076273
87076281
87076366
87076373
87076376
87076388
87076420
87076429
87076438
87076474
87076559
87076568
87076583
87076600
87076609
87076628
87076643
87076652
87076776
87076828
87076837
87076846
87076862
87076886
87076915
87076951
87076960
87077074
87077122
87077135
87077171
87077230
87077239
87077265
87077332
87077341
87077468
87077515
87077525
87077554
87077591
87077600
87077628
87077682
87077692
87077815
87077861
87077871
87077885
87077938
87077947
87077976
87078001
87078014
87078143
87078144
87078156
87078180
87078189
87078203
87078204
87078217
87078233
87078243
87078261
87078263
87078286
87078305
87078315
87078430
87078432
87078445
87078469
87078478
87078507
87078526
87078561
87078571
87078589
87078641
87078735
87078752
87078804
87078827
87078842
87078851
87078862
87078872
87078886
87078895
87078902
87078925
87079058
87079068
87079093
87079171
87079217
87079227
87079234
87079258
87079312
87079361
87079372
87079402
87079489
87079637
87079647
87079670
87079732
87079786
87079797
87079825
87079901
87079978
87079988
87080020
87080096
87080256
87080265
87080287
87080362
87080438
87080448
87080471
87080526
87080553
87080566
87080592
87080639
87080759
87080769
87080779
87080803
87080823
87080833
87080842
87080854
87080873
87080882
87081011
87081020
87081081
87081090
87081166
87081172
87081179
87081393
87081399
87081405
87081485
87081491
87081498
87081604
87081610
87081617
87081817
87081823
87081829
87081954
87081960
87081966
87082046
87082055
87082061
87082223
87082233
87082242
87082271
87082280
87082291
87082341
87082350
87082359
87082481
87082490
87082499
87082534
87082543
87082576
87082585
87082750
87082759
87082842
87082851
87082937
87082946
87082955
87083134
87083143
87083245
87083255
87083264
87083376
87083386
87083392
87083548
87083557
87083610
87083619
87083697
87083707
87083714
87083840
87083849
87083859
87083885
87083894
87083980
87083998
87084135
87084145
87084148
87084224
87084235
87084243
87084403
87084419
87084433
87084543
87084549
87084557
87084654
87084664
87084670
87084866
87084876
87084880
87084940
87084949
87084958
87085011
87085017
87085023
87085160
87085170
87085179
87085229
87085235
87085241
87085292
87085301
87085310
87085463
87085464
87085466
87085467
87085469
87085470
87085471
87085472
87085475
87085482
87085488
87085489
87085492
87085496
87085497
87085498
87085501
87085502
87085504
87085505
87085506
87085507
87085508
87085544
87085558
87085567
87085573
87085660
87085666
87085670
87085673
87085677
87085682
87085685
87085688
87085689
87085693
87085696
87085700
87085703
87085704
87085705
87085706
87085708
87085709
87085710
87085712
87085715
87085717
87085719
87085720
87085722
87085723
87085725
87085726
87085727
87085728
87085730
87085731
87085732
87085735
87085738
87085739
87085742
87085744
87085746
87085748
87085751
87085753
87085887
87085897
87085905
87085992
87085999
87086005
87086082
87086088
87086094
87086275
87086285
87086291
87086349
87086358
87086364
87086442
87086448
87086454
87086611
87086617
87086623
87086687
87086693
87086701
87086764
87086775
87086781
87086967
87086973
87086980
87087059
87087065
87087075
87087144
87087153
87087163
87087330
87087339
87087348
87087408
87087418
87087428
87087539
87087554
87087562
87087715
87087724
87087733
87087775
87087784
87087793
87087847
87087856
87087866
87088018
87088027
87088033
87088075
87088084
87088094
87088184
87088194
87088200
87088370
87088379
87088385
87088462
87088472
87088480
87088545
87088554
87088560
87088747
87088753
87088759
87088849
87088858
87088865
87088965
87088975
87088990
87089146
87089152
87089158
87089228
87089238
87089244
87089378
87089395
87089408
87089480
87089489
87089499
87089570
87089579
87089589
87089817
87089827
87089838
87089979
87089985
87089992
87090160
87090169
87090176
87090324
87090333
87090342
87090400
87090410
87090419
87090585
87090595
87090602
87090830
87090839
87090845
87090905
87090914
87090921
87091023
87091033
87091043
87091177
87091186
87091195
87091205
87091278
87091287
87091296
87091311
87091356
87091365
87091374
87091503
87091599
87091605
87091611
87091651
87091695
87091702
87091708
87091760
87091762
87091882
87091896
87091912
87092106
87092148
87092162
87092170
87092206
87092292
87092301
87092308
87092351
87092495
87092510
87092519
87092713
87092750
87092759
87092769
87092797
87092800
87092837
87092846
87092855
87092903
87092958
87093098
87093104
87093110
87093152
87093154
87093156
87093186
87093196
87093203
87093309
87093310
87093349
87093355
87093362
87093441
87093564
87093573
87093582
87093628
87093634
87093641
87093713
87093722
87093731
87093917
87093930
87093940
87093960
87094075
87094085
87094095
87094099
87094149
87094158
87094165
87094171
87094458
87094467
87094477
87094480
87094542
87094551
87094557
87094561
87094624
87094632
87094642
87094649
87094881
87094886
87094892
87094898
87095020
87095031
87095040
87095047
87095137
87095146
87095151
87095154
87095332
87095341
87095351
87095357
87095441
87095453
87095463
87095469
87095569
87095582
87095591
87095600
87163179
87163188
87163526
87163535
87163874
87163884
87163955
87164312
87164321
87164330
87164395
87164662
87164671
87164684
87164960
87164969
87164978
87165074
87165426
87165435
87165501
87165766
87165775
87165788
87166110
87166119
87166128
87166134
87166532
87166541
87166550
87166799
87166808
87166877
87167238
87167255
87167268
87167279
87167707
87167717
87167723
87168047
87168053
87168057
87168199
87168333
87168397
87168406
87168829
87169123
87169131
87169140
87169173
87169204
87169213
87169222
87169296
87169321
87169344
87169354
87169470
87169482
87169491
87169500
87169525
87169532
87169539
87169548
87169568
87169578
87169591
87169610
87169709
87169729
87169736
87169745
87169754
87169768
87169806
87169813
87169820
87169981
87169999
87170015
87170083
87170096
87170105
87170117
87170196
87170203
87170209
87170358
87170367
87170377
87170444
87170450
87170457
87170543
87170552
87170564
87170729
87170738
87170744
87170809
87170819
87170825
87170889
87170895
87170901
87171064
87171070
87171076
87171120
87171129
87171138
87171200
87171207
87171213
87171405
87171413
87171421
87171519
87171528
87171534
87171692
87171700
87171706
87172153
87172159
87172166
87172556
87172567
87172574
87172998
87173005
87173012
87173474
87173483
87173496
87173886
87173892
87173898
87174257
87174263
87174269
87174671
87174680
87174686
87174952
87175018
87175027
87175036
87175319
87175333
87175368
87175408
87175796
87175807
87175816
87175826
87176147
87176166
87176175
87176184
87176473
87176554
87176563
87176572
87177017
87177100
87177111
87177120
87177412
87177435
87177452
87177508
87177789
87177914
87177924
87177931
87178309
87178389
87178400
87178409
87178672
87178753
87178762
87178769
87179065
87179168
87179177
87179189
87179576
87179655
87179663
87179669
87179939
87180017
87180026
87180035
87180324
87180433
87180439
87180445
87180742
87180876
87180885
87180894
87181102
87181228
87181238
87181247
87181475
87181567
87181575
87181588
87181933
87182015
87182024
87182034
87182237
87182383
87182392
87182399
87182649
87182847
87182865
87182878
87183244
87183250
87183256
87183568
87183574
87183581
87183774
87184010
87184019
87184028
87184314
87184323
87184329
87184595
87184662
87184671
87184678
87185064
87185073
87185142
87185432
87185443
87185452
87185804
87185813
87185820
87186272
87186281
87186287
87186650
87186659
87186666
87186975
87186984
87187053
87187451
87187460
87187466
87187815
87187824
87187830
87188174
87188184
87188190
87188602
87188611
87188622
87188880
87188911
87188955
87189282
87189290
87189296
87189386
87189822
87189831
87189841
87189910
87190216
87190222
87190229
87190305
87190594
87190603
87190612
87190679
87191006
87191077
87191083
87191099
87191384
87191394
87191464
87191763
87191772
87191878
87192264
87192275
87192295
87192645
87192655
87192667
87192947
87192956
87193023
87193385
87193394
87193470
87193729
87193739
87193751
87194166
87194177
87194183
87194567
87194576
87194639
87194961
87194974
87194988
87195379
87195389
87195395
87195398
87195878
87195888
87195896
87196277
87196286
87196289
87196296
87196648
87196657
87196662
87197103
87197112
87197118
87197119
87197463
87197474
87197478
87197781
87197806
87197811
87198200
87198207
87198213
87198557
87198568
87198577
87198984
87199023
87199037
87199412
87199453
87199460
87199466
87199780
87199848
87199854
87199860
87200214
87200268
87200281
87200290
87200644
87200656
87200663
87200670
87201024
87201103
87201109
87201116
87201551
87201637
87201644
87201651
87201962
87201991
87202055
87202061
87202376
87202388
87202394
87202400
87202807
87202885
87202894
87202900
87203188
87203265
87203271
87203278
87203580
87203659
87203671
87203678
87204047
87204128
87204134
87204141
87204421
87204504
87204513
87204520
87204841
87204938
87204945
87204951
87205448
87205454
87205460
87205783
87205805
87205862
87206190
87206196
87206202
87206667
87206677
87206686
87207018
87207027
87207037
87207370
87207379
87207388
87207769
87207833
87207841
87208147
87208153
87208161
87208516
87208523
87208530
87209020
87209029
87209038
87209109
87209414
87209424
87209430
87209511
87209743
87209752
87209825
87210171
87210180
87210255
87210559
87210569
87210639
87210977
87210987
87211066
87211468
87211477
87211557
87211794
87211803
87211876
87212169
87212179
87212247
87212634
87212644
87212719
87213013
87213023
87213048
87213439
87213448
87213468
87213861
87213873
87213955
87214177
87214186
87214210
87214289
87214299
87214364
87214491
87214500
87214515
87214609
87214619
87214629
87214789
87214804
87214819
87214873
87214946
87214956
87214962
87214976
87215072
87215079
87215085
87215090
87215249
87215258
87215264
87215352
87215361
87215368
87215479
87215489
87215495
87215678
87215684
87215710
87216066
87216076
87216083
87216458
87216465
87216472
87216955
87216965
87216972
87217381
87217387
87217393
87217725
87217734
87217781
87218230
87218236
87218242
87218634
87218641
87218648
87219041
87219047
87219054
87219138
87219521
87219528
87219534
87219624
87219852
87219858
87219879
87219997
87220257
87220263
87220271
87220354
87220773
87220780
87220786
87220868
87221032
87221033
87221035
87221036
87221040
87221053
87221055
87221056
87221057
87221065
87221068
87221123
87221126
87221131
87221134
87221135
87221136
87221142
87221143
87221215
87221218
87221221
87221300
87221542
87221553
87221562
87221568
87221646
87222059
87222065
87222071
87222150
87222471
87222477
87222484
87222567
87222892
87222898
87222904
87222952
87223017
87223359
87223365
87223425
87223454
87223462
87223764
87223770
87223779
87223854
87223857
87223858
87223859
87224142
87224152
87224161
87224233
87224236
87224242
87224682
87224688
87224694
87224770
87224772
87225054
87225064
87225073
87225089
87225093
87225397
87225407
87225420
87225522
87225526
87225926
87225935
87225944
87226017
87226019
87226362
87226374
87226380
87226457
87226482
87226491
87226658
87226660
87226716
87226719
87226720
87226794
87226803
87226809
87226829
87227020
87227230
87227232
87229758
87229761
87229768
87229774
87229847
87229857
87229858
87229861
87229866
87229867
87229872
87229875
87229879
87229880
87229883
87229885
87229889
87229892
87229893
87229898
87229903
87229909
87229914
87229921
87229987
87229990
87229996
87229997
87229999
87230115
87230116
87230117
87230120
87230121
87230125
87230126
87230130
87230131
87230615
87230621
87230627
87231021
87231028
87231036
87231343
87231352
87231419
87231849
87231855
87231862
87231945
87231946
87232001
87232004
87232005
87232006
87232007
87232253
87232262
87232271
87232424
87232427
87232429
87232430
87232435
87232699
87232712
87232726
87232914
87232917
87232919
87232921
87232924
87232925
87232928
87232988
87233143
87233152
87233161
87233488
87233495
87233501
87233972
87233978
87233987
87234378
87234385
87234391
87234790
87234796
87234802
87235220
87235276
87235283
87235604
87235610
87235616
87235888
87235894
87235901
87236093
87236101
87236108
87236214
87236220
87236227
87236321
87236328
87236335
87236538
87236545
87236552
87236667
87236674
87236680
87236761
87236767
87236776
87236961
87236969
87236975
87237060
87237066
87237072
87237138
87237147
87237156
87237301
87237307
87237313
87237358
87237367
87237376
87237433
87237439
87237445
87237575
87237585
87237594
87237673
87237682
87237691
87237763
87237772
87237778
87237938
87237948
87237957
87238020
87238029
87238038
87238170
87238179
87238188
87238335
87238355
87238371
87239373
87239382
87239388
87239716
87239737
87239746
87240665
87240726
87240735
87240995
87241010
87241016
87241847
87241857
87241866
87242317
87242361
87242372
87243200
87243210
87243216
87243646
87243692
87243702
87244436
87244442
87244449
87244951
87244960
87244969
87245593
87245603
87245609
87246258
87246268
87246274
87246910
87246919
87246926
87247036
87247052
87247071
87247159
87247165
87247173
87247222
87247231
87247240
87247389
87247398
87247408
87247489
87247498
87247504
87247550
87247559
87247568
87247726
87247735
87247741
87247797
87247806
87247815
87248909
87248921
87248927
87249084
87249093
87249099
87249194
87249204
87249212
87249273
87249279
87249286
87249448
87249454
87249460
87249526
87249532
87249538
87249608
87249614
87249620
87249781
87249787
87249793
87249889
87249895
87249901
87249978
87249986
87249992
87250164
87250170
87250177
87250233
87250258
87250264
87250271
87250314
87250335
87250341
87250347
87250502
87250528
87250538
87250545
87250631
87250650
87250656
87250662
87250697
87250723
87250729
87250735
87250877
87250900
87250910
87250920
87250948
87250959
87250968
87250977
87250983
87250997
87251006
87251015
87251122
87251135
87251146
87251160
87251192
87251211
87251220
87251231
87251261
87251281
87251290
87251301
87251429
87251459
87251469
87251478
87251512
87251542
87251551
87251560
87251581
87251618
87251627
87251637
87251761
87251811
87251820
87251829
87251850
87251868
87251878
87251887
87251896
87251905
87251914
87251923
87252030
87252042
87252051
87252060
87252069
87252094
87252103
87252112
87252117
87252136
87252145
87252154
87252432
87252441
87252445
87252451
87252452
87252453
87252454
87252455
