11.761
12.471
12.515
12.800
6.778
15.318
14.306
14.051
21.437
12.153
12.861
12.470
13.810
12.605
12.952
12.574
13.806
13.353
14.172
12.927
8.181
8.108
13.924
12.815
12.253
12.462
12.736
11.793
12.511
14.800
12.939
17.939
12.491
15.652
13.054
13.031
13.399
12.610
12.275
12.224
12.578
13.033
13.022
13.863
13.113
12.702
14.141
11.975
13.757
13.114
14.623
13.737
14.439
11.818
8.621
16.043
14.211
14.589
15.204
17.503
15.290
14.076
14.796
12.360
11.562
12.851
12.037
0.000
13.123
13.247
13.189
15.620
12.414
15.181
14.519
13.548
13.627
13.535
12.352
12.817
12.953
12.447
12.509
14.309
13.778
14.793
13.639
14.647
14.969
13.277
12.330
13.111
13.156
13.419
12.508
15.807
12.577
13.417
13.313
15.097
13.081
12.904
13.850
12.066
13.631
13.127
12.382
13.630
14.980
13.309
14.448
13.918
13.868
13.406
12.950
13.455
13.141
13.924
13.395
12.466
13.070
14.187
14.454
13.056
12.968
12.656
17.530
14.417
15.188
13.027
12.841
13.545
14.011
13.186
12.624
13.476
14.700
13.161
13.801
12.624
14.109
14.975
13.940
13.235
11.919
12.820
13.487
13.146
12.708
14.659
13.187
