13.027
14.368
14.143
15.711
16.768
14.557
23.999
12.906
14.545
13.692
13.575
13.799
14.507
15.052
14.238
15.385
14.607
15.101
30.470
7.981
15.363
13.875
13.682
13.951
13.417
13.564
13.188
10.959
15.046
15.430
23.966
16.890
9.785
2.003
2.836
14.907
20.130
13.819
16.744
15.110
13.793
14.328
12.937
14.051
13.572
13.193
15.144
15.453
14.309
13.718
15.266
12.694
13.277
13.079
14.245
15.866
13.877
14.394
18.385
14.703
11.582
10.561
15.509
17.175
16.526
20.011
14.877
16.836
13.894
14.278
21.000
13.801
15.068
14.293
15.110
13.037
15.573
15.615
15.023
17.260
13.209
15.731
13.570
13.935
12.968
14.599
16.725
14.633
13.955
18.544
14.278
13.695
13.451
15.245
14.204
14.320
14.071
12.983
13.718
16.431
14.175
14.387
19.144
13.883
13.785
16.874
15.282
15.433
16.541
14.584
15.687
17.420
13.762
15.549
16.344
18.660
15.334
15.734
14.335
14.725
14.833
14.894
14.598
14.697
14.634
13.951
14.014
14.783
15.460
14.421
27.065
1.915
14.369
16.702
23.227
15.748
14.676
14.457
15.144
14.617
19.774
13.643
15.421
14.597
16.408
15.980
15.882
1.484
16.172
16.165
15.215
13.001
14.788
13.230
16.227
16.012
15.770
17.255
14.926
