15.864
16.325
17.415
17.821
17.903
19.121
27.198
25.216
15.901
15.481
15.996
16.284
15.365
25.170
17.313
16.566
17.376
17.584
16.656
16.939
16.489
18.114
16.270
16.074
15.888
15.854
16.319
15.674
16.683
19.571
17.648
21.825
15.893
20.964
18.356
16.585
17.118
16.068
15.800
14.934
16.873
17.932
18.008
17.508
17.609
18.573
18.888
18.077
16.264
15.824
17.579
17.073
17.139
18.292
17.508
19.529
19.112
20.127
19.355
20.046
16.260
18.779
19.533
16.289
15.878
15.857
18.393
16.682
18.552
18.704
18.549
18.327
17.347
15.949
16.156
15.737
17.227
16.807
18.777
16.976
19.114
17.634
22.377
17.496
16.754
16.012
17.218
16.172
16.412
16.314
16.886
16.724
17.617
15.891
17.168
18.951
16.448
17.462
18.621
17.386
16.707
15.797
16.036
16.025
18.442
17.205
15.877
18.398
16.303
18.472
16.055
16.927
15.940
16.363
16.680
16.297
17.392
15.658
19.530
16.647
16.006
17.435
16.735
21.348
17.250
18.014
17.271
17.321
16.463
17.893
16.974
16.972
16.860
15.817
18.112
17.999
18.529
17.244
16.298
16.811
17.484
20.330
17.200
17.426
16.213
