71.586
72.150
69.697
69.443
72.011
75.056
82.181
82.623
73.731
73.174
75.030
74.748
72.220
70.586
67.353
67.974
77.035
75.123
84.229
82.239
77.261
87.736
74.103
74.806
75.530
76.158
78.706
76.852
74.947
78.710
85.240
84.207
76.949
74.798
73.672
78.021
59.608
63.447
80.918
82.701
81.471
79.781
67.832
68.296
68.539
70.225
68.357
73.446
73.637
75.611
75.202
79.896
80.028
70.449
70.751
69.043
69.035
72.175
72.984
74.655
71.023
74.844
75.442
83.511
82.477
73.552
75.040
73.924
74.006
74.698
72.744
72.450
71.803
72.979
78.798
79.768
73.908
69.964
69.942
71.908
72.715
77.813
76.611
61.711
57.947
69.806
70.965
83.895
74.531
70.926
71.684
71.848
70.852
70.654
69.861
63.899
72.296
73.749
70.821
70.832
72.177
72.463
74.267
70.658
70.351
73.303
74.164
70.990
71.708
119.912
77.148
74.854
77.784
83.858
79.294
78.659
76.604
76.001
85.460
84.918
77.638
78.361
82.267
81.668
78.168
79.090
73.959
74.369
79.400
75.258
76.663
77.295
77.072
78.293
76.001
75.005
74.733
76.903
77.169
76.997
73.458
75.087
77.150
77.032
76.328
79.478
78.764
75.997
78.124
74.565
73.597
82.405
72.197
80.867
82.427
81.530
79.958
80.139
80.808
79.653
78.068
74.931
73.933
82.159
81.320
84.317
81.117
84.284
83.057
