13.354
12.996
13.420
13.605
13.453
13.851
13.746
13.362
13.978
13.586
12.852
13.136
13.894
12.795
14.090
12.959
13.673
13.573
7.588
14.381
14.162
14.630
27.132
13.174
15.068
14.007
13.277
13.352
13.202
14.269
13.852
14.067
14.121
17.127
16.283
16.732
14.121
13.253
13.934
16.278
13.981
14.725
15.697
15.658
13.107
13.074
13.834
13.577
14.599
13.199
12.998
14.421
13.155
13.615
14.566
15.867
16.799
14.050
14.434
13.070
14.012
12.852
14.004
14.659
14.397
13.693
15.237
13.573
14.586
13.023
12.935
12.766
13.829
12.881
13.582
14.026
13.816
13.507
13.413
13.739
14.123
13.681
13.578
12.971
11.960
14.279
13.865
15.169
16.155
13.465
13.305
13.637
13.564
12.794
13.993
14.469
13.017
13.950
15.423
13.993
14.182
17.165
13.838
13.526
15.653
13.333
13.770
13.885
14.043
15.078
51.439
14.580
12.459
12.607
12.775
13.721
12.895
14.263
13.750
12.556
13.884
13.162
13.277
12.973
13.715
13.695
13.847
13.671
13.411
13.665
14.608
13.012
13.510
13.220
13.138
13.016
13.014
12.390
12.949
12.804
12.551
12.627
13.381
12.809
31.780
13.782
12.750
13.314
12.878
13.706
13.444
13.887
13.705
12.881
17.005
13.804
13.307
12.856
13.645
13.328
13.211
10.672
14.448
13.820
14.638
13.320
13.063
13.917
13.283
12.171
14.842
14.183
12.913
