16.361
17.696
18.401
17.853
17.076
16.763
18.496
17.092
16.465
17.183
16.657
16.112
15.860
16.799
17.929
17.500
20.393
22.703
15.892
16.019
17.129
18.481
16.699
16.255
16.066
17.026
17.778
17.649
19.266
18.765
19.832
19.712
16.915
16.698
17.871
18.663
19.497
17.438
19.874
19.366
19.687
21.023
16.055
16.078
17.582
16.400
17.266
16.017
20.387
18.470
18.068
20.010
20.214
16.577
16.467
15.228
15.869
17.540
16.559
17.596
18.064
18.416
17.402
18.549
16.620
17.186
15.825
17.260
16.254
15.993
17.062
16.768
17.033
16.746
17.499
18.146
16.319
19.780
16.820
17.017
15.156
17.008
18.159
18.924
19.083
39.546
16.945
17.386
17.087
16.997
20.325
19.430
15.943
17.175
17.598
18.393
16.863
16.073
18.250
16.095
15.861
17.423
16.943
16.640
17.671
56.559
60.334
15.697
15.945
15.894
18.527
16.989
19.304
17.306
18.038
20.136
19.033
17.872
18.588
18.360
16.744
16.840
16.899
16.704
17.142
17.319
17.927
18.061
17.675
25.311
15.489
16.827
16.466
17.854
16.621
16.817
17.201
15.581
23.354
20.972
16.485
17.392
17.303
16.789
