19.495
20.625
18.937
18.666
18.910
22.492
18.668
18.142
18.482
19.307
18.889
16.992
20.656
21.187
18.741
19.022
22.468
23.069
20.042
16.615
16.816
17.928
18.293
17.239
20.115
17.590
18.441
19.181
24.064
23.857
21.514
22.538
15.741
16.359
17.864
20.627
18.697
18.521
20.191
19.366
9.193
21.924
22.997
19.042
18.402
17.622
17.177
16.859
18.476
17.832
20.849
20.524
23.658
24.455
19.265
19.138
16.214
15.910
17.038
17.606
19.060
18.079
18.791
19.873
19.978
17.617
18.082
17.161
16.364
16.724
18.622
16.985
17.442
19.837
20.053
22.828
18.152
19.015
19.775
19.626
17.055
16.857
18.278
18.687
21.783
21.373
19.568
17.543
16.574
16.992
17.069
16.487
16.870
19.480
18.820
14.624
18.442
18.237
20.202
19.589
18.251
18.264
16.503
18.773
16.369
16.494
18.904
19.006
19.168
18.603
61.726
21.501
15.498
16.268
15.998
15.848
17.685
15.859
19.494
18.105
20.276
18.422
19.007
17.484
15.818
16.478
16.598
17.378
16.490
15.553
16.891
16.320
17.452
19.477
18.135
17.194
15.959
17.819
15.112
18.162
16.857
17.267
16.144
16.797
35.034
16.704
15.436
15.971
15.785
17.238
15.634
18.059
17.123
16.825
19.417
17.425
21.771
18.119
16.489
15.613
16.332
13.971
16.841
16.105
18.995
17.471
16.570
22.787
18.165
23.332
16.478
16.590
