15.746
15.261
16.138
18.192
18.382
17.112
16.910
17.826
18.377
17.093
18.593
16.143
17.237
15.761
18.805
20.883
18.063
17.929
18.658
16.651
18.297
18.172
18.095
17.321
18.205
17.024
19.397
18.592
20.945
18.065
18.855
19.041
20.487
18.923
19.884
20.834
20.150
18.147
17.762
18.361
19.024
18.047
18.061
17.817
17.425
19.409
18.795
19.713
17.538
17.565
18.754
17.998
19.021
17.360
17.931
17.319
18.074
17.574
19.573
19.135
17.444
17.211
18.335
16.985
16.509
19.255
17.163
17.874
17.916
18.335
18.369
16.586
16.696
16.351
17.616
18.619
19.361
17.371
16.894
17.636
17.872
17.461
20.605
28.932
20.189
18.779
17.252
19.027
19.850
24.914
17.292
19.837
20.579
19.262
18.152
18.809
17.628
