50.621
53.955
51.659
53.474
55.346
56.036
52.820
53.727
50.946
59.098
55.071
51.217
53.248
66.839
63.206
50.556
56.916
54.519
55.046
55.852
54.783
53.563
51.723
47.734
48.983
54.487
49.354
55.461
55.401
50.203
56.603
59.190
55.082
57.227
51.930
47.312
56.289
56.087
55.494
52.707
48.148
51.808
55.080
49.891
50.985
51.172
55.188
52.210
55.464
51.863
50.212
49.398
52.438
57.553
50.939
50.604
48.278
50.456
57.863
52.661
51.511
48.791
49.809
47.897
49.039
48.796
50.574
52.204
53.685
45.399
51.095
51.244
51.489
49.370
52.109
46.892
48.757
49.815
51.524
50.009
55.377
49.593
51.586
50.356
48.443
48.688
49.503
54.577
48.772
50.218
52.307
50.965
52.811
54.066
50.526
