15.445
14.056
13.272
13.237
16.131
13.247
13.691
13.207
14.699
19.203
28.657
16.020
15.260
14.650
25.521
13.813
14.335
14.650
16.421
13.300
13.207
13.917
14.365
13.563
13.394
35.618
14.592
15.622
14.477
14.165
16.130
14.278
15.139
13.939
14.964
15.107
15.168
14.441
14.957
12.983
13.021
13.945
14.021
13.305
13.166
13.917
13.944
14.703
14.719
17.862
13.881
13.744
12.691
12.712
12.970
14.767
12.877
13.261
12.667
17.410
14.413
14.565
14.409
13.397
12.615
13.246
12.711
13.446
13.948
15.412
3.379
15.017
13.397
12.731
6.221
12.980
13.414
13.151
12.657
13.291
13.930
13.830
14.007
14.018
14.026
14.735
16.327
14.890
12.633
2.404
14.834
16.092
15.794
13.115
17.351
13.272
14.313
12.876
15.193
19.694
13.950
13.196
13.947
14.558
