125275973
125289460
125304870
125320598
125337004
125354068
125367380
125384348
125400535
125418069
125433816
125449424
125465433
125481037
125496241
125512673
125530271
125547567
125564214
125578488
125591024
125604497
125616816
125625155
125632206
125644969
125657622
125670054
125670533
125683900
125698268
125710867
125723332
125735742
125749242
125749701
125761847
125775451
125788727
125804475
125820660
125835247
125862751
125863231
125890455
125905488
125932243
125965467
125991118
126017165
126017597
126044144
126069173
126094656
126120331
126148384
126179252
126204112
126225033
126250460
126275666
126301006
126326225
126350664
126351659
126377462
126402639
126406893
126406913
126409600
126409602
126409605
126409611
126429008
126444280
126469924
126494978
126520194
126545335
126570773
126596908
126626812
126627289
126652649
126678532
126705822
126724129
126749445
126776280
126804468
126827824
126840330
126850300
126850322
126868251
126896705
126924833
126950890
126976199
127003094
127028832
127050894
127055245
127083388
127108504
127128060
127136853
127159870
127194850
127223683
127251607
127277298
127304576
127330066
127357203
127383360
127410811
127435963
127461978
127476378
127485341
127489989
127516362
127541786
