13.018
13.155
12.632
12.774
14.557
13.983
15.011
13.833
14.663
14.774
13.534
12.614
13.356
13.411
13.767
15.997
12.759
13.675
13.546
15.311
13.289
13.112
14.120
12.353
13.897
13.390
12.633
13.842
15.187
13.584
14.714
14.194
14.187
13.487
12.927
13.434
13.127
13.883
13.338
12.416
13.079
14.641
14.858
13.412
13.280
12.937
17.793
14.637
15.541
13.208
13.772
14.224
13.489
12.920
13.784
15.024
13.463
13.878
12.888
13.919
15.040
14.225
13.512
12.187
13.118
13.780
13.510
12.729
14.646
13.229
15.445
13.965
13.184
13.119
15.856
13.076
13.513
13.190
14.639
18.851
28.657
15.826
15.051
14.421
24.956
13.472
13.944
14.401
16.214
13.196
13.191
13.836
14.243
13.318
13.346
14.245
15.224
14.145
13.869
15.865
13.923
14.916
13.618
14.647
14.719
14.964
14.006
14.715
12.733
12.776
13.661
13.804
13.068
13.079
