56.581
54.787
52.941
58.279
56.923
60.792
59.840
52.954
53.888
48.525
52.985
55.835
56.789
54.306
51.841
55.483
49.018
53.174
53.257
55.175
54.279
54.731
56.660
52.969
50.560
48.912
48.247
50.089
49.814
44.725
47.841
49.535
50.298
53.694
48.082
50.981
54.543
51.728
52.103
53.125
51.547
53.094
51.443
48.044
53.380
50.512
53.673
52.931
50.942
52.168
53.117
48.987
46.502
51.588
51.341
46.540
52.101
52.542
47.567
48.259
50.489
49.516
51.567
52.333
47.113
51.868
47.449
53.119
53.706
50.909
47.898
48.434
49.294
52.569
50.250
52.028
53.850
54.612
51.567
52.715
49.662
57.562
53.555
49.893
51.823
66.061
61.506
49.319
55.453
53.143
53.719
54.464
53.284
52.088
50.318
46.680
47.652
53.123
48.210
54.184
54.060
49.190
55.185
57.731
53.819
55.789
50.637
46.149
55.041
55.117
54.179
51.296
46.923
50.712
53.478
