14.266
13.292
15.074
17.090
14.990
14.309
18.875
14.604
14.023
13.785
15.614
14.584
14.699
14.456
13.439
14.153
16.828
14.558
14.839
19.505
14.261
14.181
17.254
15.678
15.850
16.747
14.995
16.072
17.729
14.060
15.965
16.643
19.072
15.776
16.130
14.420
14.722
14.825
14.897
14.595
14.704
14.642
14.007
14.534
15.255
15.895
14.906
27.065
1.915
14.787
17.088
23.710
16.250
15.135
14.938
15.564
15.061
20.236
14.073
15.855
15.040
16.633
16.425
16.249
1.484
16.468
16.591
15.644
13.407
15.237
13.651
16.654
16.434
15.879
17.354
15.033
14.913
16.637
15.041
16.744
15.904
15.058
15.726
17.396
20.939
16.777
14.731
21.583
28.609
29.507
17.231
15.341
16.887
14.415
15.169
14.710
15.151
13.934
14.458
12.852
15.949
14.050
15.334
13.915
14.957
17.170
15.555
16.497
14.747
31.330
16.315
15.958
17.965
16.715
16.253
14.972
15.877
17.654
15.311
15.493
