89356600
89363619
89363711
89363728
89363747
89363764
89363783
89363858
89365673
89365692
89365713
89365733
89365750
89365768
89365784
89367086
89367146
89367664
89367682
89367701
89367721
89401047
89444890
89484205
89524610
89564757
89585017
89585019
89585021
89585023
89585025
89585800
89585802
89585804
89585806
89585808
89585810
89588440
89588443
89588445
89588447
89588449
89588639
89588641
89588643
89588645
89588647
89588649
89590130
89590132
89590134
89590136
89590559
89590562
89590564
89590566
89590569
89604251
89644508
89644512
89685669
89685682
89727113
89727119
89753861
89753864
89768614
89768616
89768618
89768620
89768622
89778604
89793716
89793724
89793731
89793735
89793737
89793739
89793816
89793818
89793820
89793822
89793824
89794805
89794807
89794809
89794813
89794816
89794819
89796803
89796805
89796807
89796810
89796812
89796814
89797785
89797796
89798594
89798596
89798598
89798601
89798605
89798607
89798789
89798791
89801727
89801729
89801731
89801734
89801736
89803561
89803564
89803566
89803568
89803570
89803572
89803855
89803858
89803860
89803863
89803865
89803868
89803870
89805675
89805677
89806538
89806577
89806614
89806616
89806792
89806794
89806796
89806798
89806800
89806802
89809744
89809792
89809804
89809806
89809808
89809810
89810047
89810049
89810051
89810053
89810055
89810059
89811749
89811752
89811754
89811756
89811760
89811764
89811906
89811941
89811965
89813687
89813689
89813691
89813884
89813887
89813890
89813893
89813896
89833957
89833963
89836838
89836849
89875196
89875212
89904519
89904529
89945202
89945260
89985469
89985475
90027025
90027035
90067930
90067941
90104312
90104331
90141098
90141165
90183258
90183272
90196163
90220160
90220162
90220165
90220168
90227387
90227398
90276773
90276783
90307858
90308707
90326776
90326794
90379549
90379574
90421426
90421428
90421435
90421437
90421439
90421442
90422777
90422785
90422789
90422795
90422801
90423213
90423240
90423269
90423289
90423298
90423303
90425197
90425204
90425207
90425214
90425221
90425226
90425456
90425463
90428927
90428934
90428938
90428946
90428953
90428982
90435892
90435894
90435897
90435899
90435901
90435903
90437059
90437076
90438062
90438100
90438107
90438109
90438111
90438113
90441045
90441048
90441057
90441061
90441067
90441369
90441372
90441379
90441383
90441389
90441392
90444186
90444188
90444190
90444192
90444194
90444196
90447660
90447662
90447664
90447668
90447699
90447732
90447939
90447941
90447943
90447945
90447947
90447949
90450029
90450031
90450036
90450042
90450049
90450057
90452812
90452814
90452816
90452818
90452821
90452840
90455438
90455440
90455442
90455643
90455645
90455647
90455649
90455651
90455653
90457259
90457268
90457589
90457596
90457604
90457609
90457615
90457619
90460192
90460194
90460197
90460201
90460204
90460207
90460332
90460353
90462881
90462883
90462885
90462887
90463081
90463083
90463085
90463087
90463089
90463093
90464840
90464848
90464856
90464862
90464873
90464904
90467554
90467558
90467562
90467567
90467569
90467573
90467791
90467793
90467795
90467797
90467799
90469731
90469733
90469798
90469800
90469802
90469804
90469806
90469808
90470295
90470300
90470397
90470401
90470589
90470593
90470601
90470610
90470617
90470620
90471974
90471978
90471980
90471983
90471986
90471988
90472046
90472048
90472706
90472712
90472721
90472731
90472736
90472742
90473772
90473776
90473889
90473892
90473894
90473896
90473899
90473902
90474812
90474814
90474817
90474820
90474822
90474824
90475730
90475733
90475739
90475744
90475750
90475756
90476032
90476040
90476046
90476050
90476056
90476061
90476968
90476970
90476972
90476974
90476976
90476978
90477877
90477880
90477882
90477884
90477886
90477888
90477977
90477979
90477981
90477983
90477985
90477987
90478790
90478822
90478860
90478866
90478872
90478882
90480659
90480668
90480936
90480955
90481652
90481680
90481710
90481712
90481717
90481719
90484138
90484163
90484199
90484201
90484203
90484206
90484317
90484319
90486747
90486749
90486751
90486753
90488207
90488209
90488211
90488213
90488215
90488217
90490376
90490380
90490382
90490418
90490443
90490445
90492998
90493000
90493002
90493203
90493205
90493207
90493209
90493211
90494856
90494863
90495133
90495170
90495184
90495192
90495197
90495206
90495434
90495441
90497891
90497929
90498095
90498097
90498099
90498101
90498103
90498106
90500589
90500591
90500593
90500595
90500597
90500599
90500710
90500712
90500799
90500801
90501830
90501839
90501849
90501854
90501860
90501868
90502037
90502039
90502956
90502960
90502963
90502966
90502970
90502972
90503052
90503055
90503057
90503059
90503934
90503936
90503938
90503940
90503942
90503944
90503999
90504001
90504681
90504690
90504697
90504703
90504711
90504716
90504880
90504884
90505802
90505804
90505807
90505809
90505813
90505817
90505914
90505916
90505918
90505920
90505922
90505924
90506753
90506755
90506757
90506759
90506761
90506763
90507296
90507300
90507407
90507414
90507617
90507619
90507621
90507630
90507634
90507636
90508561
90508563
90508566
90508568
90508570
90508572
90509871
90509873
90509875
90509877
90509879
90509881
90509970
90509973
90509975
90509977
90509979
90509981
90511985
90511990
90511997
90512001
90512006
90512012
90512206
90512209
90515514
90515516
90515518
90515520
90515523
90515525
90519496
90519498
90519500
90519502
90519504
90519506
90519570
90519572
90519574
90522241
90522250
90522254
90522262
90522266
90522271
90524088
90524093
90524098
90524103
90524109
90524113
90524524
90524606
90525315
90525318
90525320
90526766
90526768
90526770
90529347
90529349
90529351
90529353
90529355
90529357
90529499
90529501
90529503
90529505
90529647
90531367
90531404
90531409
90531414
90531419
90531422
90535089
90535103
90535268
90535270
90535272
90535274
90535382
90535384
90535386
90537857
90537859
90537861
90537959
90537961
90538141
90538143
90538146
90538148
90538150
90538152
90539953
90539962
90539972
90539980
90539984
90542634
90542636
90542639
90542641
90542643
90542646
90542733
90542735
90542737
90542739
90542760
90542790
90545405
90545432
90545466
90545468
90545470
90545472
90547160
90547167
90547173
90547180
90547189
90547229
90547500
90547504
90547507
90550063
90550066
90550068
90550070
90550072
90550074
90552656
90552658
90552660
90552859
90552861
90552863
90552866
90552868
90552870
90554765
90554796
90554816
90554821
90554827
90554831
90557710
90557712
90557714
90557716
90557718
90557721
90560307
90560309
90560311
90560313
90560315
90560317
90562002
90562010
90562018
90562023
90562480
90562485
90562495
90562503
90562512
90562517
90565160
90565162
90565175
90565184
90565192
90565199
90566811
90566814
90566817
90568366
90568368
90568370
90568372
90568374
90568376
90569887
90569889
90569891
90569893
90569895
90569897
90573124
90573127
90573131
90573137
90573139
90573155
90573376
90573379
90573381
90573384
90576995
90576997
90577176
90577179
90577181
90577183
90577185
90577187
90578885
90578892
90578900
90578906
90579130
90579137
90579142
90581751
90581755
90581759
90581762
90581767
90581770
90581960
90581962
90582075
90582077
90582079
90582081
90582115
90584562
90584564
90584566
90584568
90584999
90585084
90587578
90587584
90587589
90587598
90587604
90587609
90587943
90587947
90587951
90587954
90587960
90587965
90590695
90590698
90590845
90590847
90590849
90590851
90590870
90590905
90593296
90593298
90593300
90593302
90593304
90593306
90594568
90594570
90594572
90594574
90594576
90594578
90595581
90595588
90595601
90595605
90595609
90596687
90596689
90598354
90598369
90598371
90598374
90598376
90598378
90600000
90600002
90600004
90600006
90600008
90600010
90601101
90601103
90601105
90601107
90602782
90602787
90602795
90602799
90602805
90602828
90605585
90605588
90605592
90605594
90605597
90605599
90605770
90605772
90609212
90609220
90609223
90609225
90609227
90609229
90609423
90611181
90612927
90612932
90612938
90612943
90612946
90612951
90615750
90615754
90615757
90615966
90615969
90615973
90615976
90615980
90615983
90618689
90618691
90618694
90618696
90618698
90618700
90618870
90618872
90618874
90620647
90620652
90620659
90620664
90621013
90621018
90621023
90621027
90621032
90621035
90623536
90623538
90623657
90623667
90623707
90623717
90623719
90623721
90626210
90626212
90626214
90626216
90626218
90626220
90627277
90627279
90627281
90627283
90627285
90627287
90628405
90628411
90628416
90628420
90628424
90628428
90630990
90630992
90630994
90630996
90630998
90631000
90632010
90632012
90632014
90632017
90632020
90633327
90633329
90633332
90633334
90633336
90633338
90634778
90634780
90634782
90634784
90634786
90634788
90637850
90637852
90637854
90637858
90637863
90637981
90637983
90641462
90641464
90641466
90641468
90641470
90641473
90641656
90641658
90641660
90641662
90643511
90643548
90643589
90643596
90643601
90643608
90643846
90643851
90643856
90644778
90644800
90646399
90646401
90646403
90646599
90646602
90646604
90646606
90646608
90646610
90649228
90649231
90649233
90649236
90649238
90649255
90649410
90649412
90651170
90651177
90651181
90651189
90651192
90651199
90654092
90654095
90654099
90654102
90654105
90654108
90655734
90655736
90655738
90655740
90655742
90655744
90658452
90658454
90658456
90658460
90658500
90658516
90658631
90658633
90660799
90660831
90660845
90660852
90660860
90660867
90661071
90661075
90663830
90663832
90663836
90663839
90663841
90663844
90664044
90664046
90664048
90664050
90664054
90664084
90666668
90666692
90666710
90666712
90666714
90666716
90668672
90668681
90668686
90668692
90668698
90668704
90668912
90668915
90668929
90670142
90670145
90670180
90671638
90671640
90672962
90672969
90672977
90672981
90672983
90674406
90674408
90674536
90674538
90674540
90674542
90674544
90674546
90676693
90676700
90676708
90676713
90676719
90676721
90678039
90678041
90678043
90678045
90679518
90679520
90679522
90679524
90679526
90679528
90680585
90680587
90681264
90681268
90681274
90681282
90681286
90681290
90684202
90684205
90684213
90684234
90684274
90684281
90687790
90687796
90687798
90687800
90687802
90688007
90688010
90688012
90688014
90688017
90688019
90689537
90690622
90690624
90690626
90690628
90690639
90692147
90692149
90692151
90692153
90692155
90692157
90692875
90692879
90692881
90692885
90692888
90692891
90695451
90695453
90695635
90695639
90695641
90695643
90695645
90695647
90698117
90698295
90698297
90698299
90698301
90698303
90698305
90700072
90700078
90700082
90700255
90700259
90700278
90702821
90702824
90702826
90702828
90702831
90702834
90704617
90704619
90704621
90704623
90704625
90705721
90705723
90705725
90705727
90706319
90706342
90750241
90750259
90803018
90803043
90856707
90856733
90903151
90903170
90936578
90936592
90983161
90983185
91051493
91051563
91108663
91108730
91121349
91121377
91121393
91121793
91121811
91121827
91129709
91129738
91151840
91151865
91173922
91173954
91197252
91197271
91218496
91218525
91220305
91220492
91223056
91223065
91245260
91245271
91293913
91293948
91337104
91337135
91403914
91403998
91444959
91444998
91495844
91495879
91498380
91528336
91528372
91553254
91553286
91576665
91576708
91605414
91605448
91624293
91624325
91634237
91639185
91639186
91639187
91639198
91643362
91643404
91665491
91665535
91693240
91693284
91721003
91721036
91753569
91753607
91792859
91792916
91818870
91818914
91874613
91874654
91930691
91930730
91988382
91988478
92040382
92040432
92087426
92087464
92118089
92118137
92139666
92139714
92185201
92185292
92243756
92243802
92287727
92287773
92319817
92319831
92339435
92339474
92370414
92370419
92391790
92391797
92432733
92432745
92467931
92467955
92486973
92487006
92516908
92516959
92545586
92545691
92598793
92598841
92638281
92638336
92672763
92672824
92706825
92706908
92731740
92731750
92768864
92768911
