89329963
89330299
89354890
89356599
89362926
89362931
89362932
89363127
89363208
89363212
89363473
89363613
89363626
89363670
89363681
89363687
89363704
89363721
89363739
89363757
89363776
89363851
89363861
89363865
89365088
89365090
89365377
89365460
89365529
89365593
89365653
89365666
89365684
89365701
89365706
89365725
89365769
89365928
89365930
89366518
89366721
89366786
89366856
89367078
89367098
89367170
89367445
89367656
89367675
89367693
89367713
89398829
89398830
89398950
89398956
89401046
89407357
89407435
89407507
89407509
89407578
89408103
89408104
89408238
89408243
89408264
89408277
89408282
89408417
89408425
89408643
89408647
89408774
89408842
89408843
89409063
89409368
89409469
89409553
89409570
89409642
89409651
89416789
89435159
89444906
89453673
89453742
89461976
89461977
89466746
89484203
89484446
89484447
89484564
89484566
89484625
89484749
89484816
89484942
89484943
89484955
89484959
89484961
89485085
89485322
89485512
89485516
89485577
89485697
89485699
89485769
89485782
89485786
89485963
89486081
89486203
89486395
89486518
89486519
89486578
89486580
89486648
89486653
89486654
89486656
89486665
89486666
89486669
89486913
89486914
89486973
89487390
89487453
89487461
89487462
89487468
89487471
89487537
89487658
89487660
89488028
89488338
89488343
89488345
89488350
89488354
89488355
89488497
89488614
89488673
89488944
89489160
89489161
89489162
89489163
89494535
89494536
89508058
89508160
89508191
89508194
89508381
89508608
89508610
89509662
89509730
89509732
89509849
89509855
89509860
89510175
89510176
89510354
89510481
89510542
89510543
89510601
89510607
89510618
89510627
89510753
89510758
89510762
89511060
89511411
89511525
89511527
89511544
89511678
89511735
89511795
89512157
89512219
89512220
89512286
89512292
89512305
89512306
89512421
89513090
89513150
89513153
89513218
89513224
89513614
89513678
89513800
89513998
89514002
89514005
89514088
89514350
89514365
89514542
89514604
89514781
89514981
89515107
89515110
89515352
89515540
89518143
89518259
89518265
89518268
89518331
89518508
89518509
89518510
89518747
89518808
89518810
89519050
89519051
89519061
89519067
89519190
89519193
89519341
89519465
89519527
89519707
89519894
89519955
89519962
89519965
89519970
89519976
89520222
89520283
89520521
89520522
89520641
89520645
89520705
89520762
89520767
89520771
89520772
89520775
89520777
89520974
89521160
89521277
89521342
89521345
89521469
89521535
89521652
89521653
89521655
89521664
89521665
89522508
89522513
89522516
89522522
89522585
89522651
89522829
89522898
89523019
89523020
89523022
89523141
89523263
89523320
89523334
89523351
89523548
89523663
89523665
89523778
89523839
89523956
89524018
89524313
89524317
89524379
89524380
89524385
89524604
89524609
89524654
89524791
89524792
89524793
89524857
89524988
89525043
89525044
89525255
89525263
89525265
89525336
89525461
89525462
89525521
89525762
89525771
89525772
89525812
89526183
89532952
89532954
89533050
89533084
89533142
89533327
89533442
89533569
89533631
89533746
89533817
89533932
89533940
89533951
89534011
89534082
89534143
89534209
89534272
89534332
89534574
89534693
89534752
89534760
89534764
89535234
89535301
89535361
89535428
89535486
89535629
89535724
89535727
89535733
89535741
89535744
89535745
89535805
89535876
89536125
89536184
89536185
89536308
89536369
89536433
89536498
89536505
89536507
89536522
89536595
89536622
89542998
89543095
89543420
89543423
89543610
89543669
89543670
89543732
89543793
89543806
89543822
89543939
89543944
89544005
89544007
89544071
89544132
89544194
89544375
89544439
89544566
89544572
89544575
89544581
89544587
89544596
89544749
89544873
89545055
89545112
89545169
89545229
89545289
89545404
89545468
89545471
89545538
89545657
89545658
89545661
89546004
89546005
89546007
89546008
89546126
89546194
89546204
89546206
89546211
89546214
89546274
89546275
89546339
89550424
89550425
89550481
89550483
89550662
89550783
89550909
89550968
89550971
89551038
89551043
89551047
89551104
89551346
89551399
89551458
89551485
89551521
89551767
89551768
89551890
89551898
89551908
89551909
89552102
89552274
89552333
89552867
89552868
89552869
89552931
89552984
89553149
89553172
89553523
89553524
89553530
89553532
89553533
89553536
89553842
89553866
89554043
89554101
89554345
89554351
89554356
89554357
89554362
89554366
89554370
89554371
89554584
89554708
89554891
89554892
89555073
89555191
89555193
89555254
89555258
89555268
89555269
89555271
89555274
89555275
89555278
89555386
89555461
89555583
89555704
89555769
89555943
89556073
89556076
89556080
89556084
89558468
89558469
89558597
89558712
89558713
89558966
89558968
89563036
89563071
89563253
89563257
89563380
89563442
89563447
89563527
89563630
89563643
89563722
89563837
89563961
89564144
89564329
89564393
89564451
89564459
89564466
89564467
89564473
89564475
89564478
89564750
89564754
89564760
89565129
89565190
89565191
89565192
89565253
89565378
89565379
89565532
89565600
89565712
89565835
89565897
89566018
89566203
89566208
89566209
89566222
89566421
89566422
89566654
89566719
89566724
89566837
89566900
89583931
89583934
89584927
89584929
89584931
89584933
89584935
89585069
89585071
89585073
89585075
89585077
89585704
89585706
89585708
89585710
89585712
89585716
89585972
89585974
89585976
89585978
89585980
89587452
89587456
89587477
89587478
89588347
89588349
89588353
89588372
89588407
89588553
89588555
89588557
89588567
89589454
89589534
89590468
89590470
89590472
89590499
89590532
89590829
89590830
89591804
89591809
89592517
89593681
89593683
89593684
89593687
89593688
89593689
89595753
89596015
89596016
89597962
89597968
89597973
89597994
89598589
89600079
89600801
89600802
89602513
89602557
89602646
89602650
89602772
89602943
89602945
89602946
89603194
89603253
89603978
89604039
89604250
89604437
89604500
89604537
89604582
89604655
89604718
89604782
89605028
89605123
89605150
89605151
89605210
89605212
89605584
89605704
89605706
89605779
89605783
89605786
89605788
89605791
89605796
89605799
89605810
89605812
89605997
89606116
89606172
89606230
89606450
89606455
89606675
89606806
89606865
89606866
89606867
89607178
89607181
89607238
89607296
89607298
89607422
89607481
89607485
89607501
89607513
89607522
89607637
89607640
89609790
89612723
89613025
89613082
89613085
89613264
89613268
89613518
89613663
89613908
89614036
89614039
89614045
89614052
89614056
89614063
89614131
89614152
89614255
89614289
89614478
89614904
89615093
89615275
89615277
89615400
89615523
89615739
89615742
89615747
89615748
89615757
89615758
89615831
89615832
89615834
89616024
89616082
89616328
89616384
89616447
89616448
89616513
89616701
89616820
89616885
89616886
89617071
89617074
89617140
89618975
89622797
89622799
89622980
89623212
89623268
89623271
89623272
89623399
89623645
89623766
89623769
89623770
89623784
89623788
89623793
89623796
89623801
89623888
89623988
89624261
89624262
89624324
89624386
89624388
89624573
89624636
89624699
89624756
89624757
89624759
89624877
89625066
89625182
89625364
89625487
89625492
89625493
89625500
89625502
89625513
89625754
89625817
89626288
89626637
89626642
89626759
89626883
89626948
89627058
89627115
89627116
89627127
89632892
89632906
89632973
89633042
89633235
89633236
89633362
89633364
89633557
89633560
89633561
89633621
89633939
89633940
89633960
89633964
89634000
89634017
89634087
89634242
89634450
89634579
89634646
89634768
89634831
89635207
89635388
89635448
89635628
89635738
89635741
89635833
89635836
89635843
89635847
89635882
89635884
89635891
89636125
89636153
89636155
89636220
89636331
89636658
89636728
89643666
89643667
89643668
89643792
89643857
89643859
89643861
89643933
89644062
89644125
89644372
89644457
89644459
89644461
89644494
89644514
89644518
89644523
89644586
89644645
89644854
89644974
89645154
89645272
89645333
89645452
89645634
89645640
89645886
89645889
89646039
89646167
89646286
89646291
89646295
89646296
89646301
89646302
89646308
89646314
89646432
89646434
89646624
89646645
89646728
89646731
89646813
89663372
89664120
89666869
89671023
89684485
89685673
89685683
89701861
89702293
89709258
89710687
89718644
89727114
89727117
89727388
89727501
89727763
89727775
89728890
89736980
89737115
89737241
89737361
89737420
89737484
89737529
89737704
89737765
89737773
89737781
89737782
89737789
89737792
89737801
89737930
89737932
89738000
89738002
89738116
89738196
89738389
89738513
89738700
89738764
89738892
89738956
89738960
89739027
89739340
89739343
89739406
89739466
89739543
89739676
89739677
89739682
89739749
89739750
89739752
89739936
89739998
89740255
89740316
89740379
89740561
89740637
89740645
89740655
89746810
89746812
89746927
89746991
89747229
89747295
89747354
89747660
89747841
89747927
89748187
89748188
89748211
89748306
89748425
89748427
89748460
89748485
89748489
89748576
89748920
89748988
89749111
89749231
89749359
89749485
89749487
89749489
89749494
89749579
89749738
89749825
89749886
89750066
89750190
89750195
89750261
89750262
89750269
89750309
89750376
89750683
89750687
89750808
89751101
89751167
89751169
89751237
89751240
89817376
89817382
89817384
89819781
89819797
89821506
89821680
89821740
89821856
89821975
89821978
89822036
89822514
89822570
89824254
89824255
89824505
89824507
89824751
89824776
89824835
89824897
89824956
89825019
89825081
89825596
89825597
89825600
89825655
89828142
89828202
89828203
89828214
89828231
89828233
89828291
89828534
89828742
89828752
89828828
89830120
89830124
89830525
89830528
89830711
89830834
89831255
89831828
89831830
89831928
89832051
89832056
89833351
89833414
89833416
89833436
89833438
89833467
89833469
89833470
89833481
89833553
89833568
89833569
89833577
89833655
89833695
89833731
89833740
89833758
89833801
89833805
89833811
89833814
89833830
89833842
89833879
89833882
89833883
89833889
89833895
89833896
89833904
89833905
89833910
89833961
89833965
89834158
89834331
89834357
89834359
89834372
89834525
89834527
89834528
89834535
89834580
89834581
89834656
89834668
89834751
89834756
89834761
89834919
89835035
89835087
89835090
89835096
89835100
89835108
89835113
89835115
89835145
89835157
89835170
89835179
89835180
89835183
89835185
89835186
89835193
89835217
89835219
89835235
89835239
89835261
89835321
89835322
89835331
89835363
89835377
89835379
89835407
89835409
89835421
89835495
89835608
89835708
89835892
89835909
89835912
89835917
89835936
89835945
89835983
89835984
89836023
89836031
89836056
89836059
89836197
89836198
89836221
89836227
89836228
89836230
89836250
89836251
89836305
89836306
89836324
89836390
89836392
89836434
89836435
89836466
89836814
89836850
89836851
89836990
89836999
89837002
89837007
89837169
89837173
89837174
89837188
89837200
89838843
89839633
89839811
89839991
89839993
89840001
89840159
89840193
89840247
89840815
89841376
89841835
89841836
89842895
89842897
89843081
89843215
89843340
89843521
89843523
89843673
89843674
89843861
89844400
89844403
89844726
89845276
89845279
89845346
89845351
89846033
89846212
89846235
89847674
89847965
89848145
89848147
89848148
89848993
89850386
89851342
89853512
89853514
89854008
89854346
89854347
89854356
89854357
89856375
89856378
89856565
89857359
89857404
89857407
89857590
89857644
89857651
89857652
89857655
89857694
89857695
89857747
89857749
89857768
89857769
89858000
89858203
89858204
89858893
89858896
89859091
89859093
89861049
89862724
89863968
89864228
89869616
89869620
89869622
89870574
89870580
89873333
89875198
89875208
89879092
89879093
89879217
89879218
89879219
89880558
89882092
89885045
89885056
89885067
89885082
89885136
89885151
89885313
89885836
89885838
89885841
89885853
89885859
89885898
89885945
89885976
89885981
89885994
89886149
89886187
89886545
89886763
89886764
89886767
89886899
89886942
89887050
89887054
89887058
89887061
89887062
89887090
89887100
89887119
89887133
89887347
89887350
89887354
89887355
89887362
89887443
89887447
89887455
89888972
89888974
89889036
89889038
89889127
89889189
89889373
89889829
89891815
89892237
89892243
89892253
89892527
89892734
89893070
89893890
89893891
89894687
89895207
89895208
89895583
89895584
89898011
89898072
89898076
89898214
89899053
89899699
89900096
89900099
89901027
89901149
89901151
89901579
89901620
89901644
89901710
89901722
89901728
89901846
89902104
89902524
89902528
89903446
89903449
89903453
89903828
89904370
89904372
89904373
89904433
89904505
89904516
89904534
89905294
89905679
89905680
89905681
89907128
89907131
89908426
89908610
89908798
89910582
89910827
89910893
89911317
89911436
89911556
89911692
89911693
89911757
89911880
89912198
89912205
89912249
89912310
89912313
89913376
89913378
89913380
89913382
89913384
89913386
89913565
89913594
89913596
89915820
89916344
89916583
89917200
89917241
89917243
89917245
89917247
89917249
89917280
89917286
89917294
89917298
89917299
89917302
89917307
89917368
89917434
89917495
89917979
89918329
89918945
89918946
89918953
89918962
89919090
89919744
89919810
89920288
89920345
89920406
89920596
89920610
89920611
89920612
89920618
89920629
89920658
89920659
89920668
89920773
89920855
89921172
89921173
89921175
89921296
89921594
89921720
89921722
89921730
89921732
89921982
89922237
89922250
89922354
89922355
89922370
89922371
89922374
89922579
89922581
89922648
89922768
89922770
89922802
89923372
89923443
89923571
89923818
89924125
89924131
89924134
89924397
89924398
89924399
89924954
89925063
89925314
89925319
89925380
89925767
89926679
89926681
89926811
89926819
89926829
89926837
89927090
89927397
89927542
89927561
89928352
89928354
89928475
89928534
89928542
89928544
89928552
89929112
89929113
89929174
89929377
89929378
89930091
89930150
89930151
89930154
89930288
89930589
89930785
89930816
89930954
89931269
89931271
89931392
89931455
89931753
89931893
89931894
89932521
89932523
89932533
89933226
89933594
89933654
89933655
89933659
89934209
89934210
89934218
89934222
89934235
89934238
89934432
89934561
89934680
89934921
89934983
89935287
89935415
89935598
89935873
89935930
89935948
89936373
89936615
89936677
89936969
89936971
89937442
89937500
89937558
89937562
89937567
89937568
89937575
89937745
89937860
89938153
89938212
89938275
89938332
89938453
89938455
89938510
89938512
89938572
89938574
89938575
89938930
89939154
89939155
89939164
89939399
89939519
89939521
89939639
89939756
89939757
89939817
89940172
89940311
89940441
89940673
89940794
89940797
89940798
89940803
89940804
89940808
89940809
89940813
89940824
89940825
89941063
89941416
89941417
89941657
89941773
89941835
89942391
89942450
89942461
89942468
89943481
89943484
89943613
89943615
89943790
89943792
89943967
89944104
89944115
89944228
89944461
89944524
89944652
89944665
89944769
89944859
89944952
89945217
89945261
89945759
89945761
89945765
89945774
89945786
89945799
89945860
89945991
89946088
89946312
89946618
89946913
89946915
89947035
89947039
89947471
89947472
89947493
89947510
89948479
89948849
89949082
89949085
89949113
89949545
89949855
89950035
89950259
89950261
89950588
89951024
89951889
89952088
89952158
89952281
89952346
89952408
89952555
89953014
89953015
89953741
89954128
89954130
89954198
89954215
89954431
89954676
89955159
89955172
89955353
89955734
89956004
89956006
89956445
89956506
89956571
89956572
89956989
89956990
89956991
89957108
89957422
89957664
89957673
89957683
89957896
89957990
89958395
89958623
89958800
89958802
89959161
89959227
89959300
89959306
89959308
89959313
89959315
89959378
89959379
89960433
89960837
89960839
89960917
89961103
89961222
89961401
89961647
89961649
89962599
89962601
89962617
89964524
89965341
89965997
89966122
89966124
89967024
89967031
89967462
89967586
89967589
89967594
89967596
89967911
89968743
89968745
89968748
89969284
89969286
89969288
89969293
89969298
89969302
89970205
89970713
89972345
89972346
89972347
89972471
89972472
89973245
89973247
89973364
89973426
89978003
89978642
89978645
89979261
89980292
89980351
89980352
89980412
89980473
89980529
89980564
89980624
89980680
89980682
89980745
89980799
89980862
89980924
89980926
89980928
89980930
89980932
89980934
89980936
89980937
89980938
89980939
89980942
89983717
89984158
89984281
89984284
89984301
89984311
89984312
89984323
89984324
89984465
89984482
89985265
89985392
89985453
89985456
89985466
89985481
89985541
89986109
89986249
89986330
89986379
89986382
89986634
89986707
89986760
89986830
89986831
89986890
89986893
89986954
89986958
89987020
89987082
89987139
89987168
89987201
89987205
89987206
89987244
89987274
89987281
89987339
89988005
89988006
89988067
89988070
89988131
89988193
89988196
89988258
89988266
89988325
89988326
89988334
89988390
89988410
89988461
89988519
89988578
89988579
89988580
89988582
89989013
89989123
89989144
89989145
89991217
89991219
89991220
89991241
89991244
89991251
89991254
89991697
89991900
89991947
89992206
89992207
89992299
89992395
89992396
89993002
89993017
89993028
89993029
89993032
89993037
89993038
89993039
89993042
89993045
89993047
89993074
89993178
89993244
89993247
89993421
89993422
89993483
89993645
89993732
89993806
89993839
89993856
89993915
89994289
89994598
89994730
89994755
89994767
89994769
89994778
89994783
89994848
89994850
89994863
89994918
89994977
89995043
89995102
89995122
89995169
89995290
89995306
89995355
89995365
89995666
89995728
89995730
89995915
89996267
89996328
89996525
89996534
89996626
89996688
89996750
89996811
89996815
89997120
89997244
89997303
89997426
89997481
89997490
89997549
89997610
89997613
89997669
89997734
89997792
89997855
89997858
89997862
89997918
89997976
89997978
89997980
89998487
89998609
89998610
89998850
89999037
89999271
89999279
89999350
89999473
89999892
89999909
89999914
89999921
90001896
90001955
90002019
90002081
90002206
90003121
90003123
90003177
90003236
90003238
90003240
90003242
90003244
90003245
90003247
90004722
90004727
90004791
90004793
90004856
90004923
90004926
90004928
90004932
90004934
90004946
90004947
90005099
90005648
90005770
90005956
90006134
90006196
90006225
90006265
90006267
90006325
90006326
90006388
90006535
90006536
90006537
90006602
90006676
90006678
90006688
90006693
90006694
90006696
90006697
90006700
90006713
90006768
90006826
90276765
90276787
90307478
90307840
90307852
90308852
90309134
90326775
90326789
90344914
90345527
90352890
90353850
90354943
90356237
90357087
90379554
90379571
90421387
90421389
90421391
90421393
90421396
90421398
90421500
90421532
90421559
90421565
90421569
90423074
90423081
90423089
90423095
90423104
90423110
90425074
90425079
90425415
90425422
90425600
90425606
90425612
90425614
90428757
90428762
90428768
90428775
90428788
90428827
90429179
90429186
90429190
90429196
90434509
90434510
90434514
90434517
90435484
90435855
90435857
90435859
90435861
90435863
90435866
90435978
90435985
90436010
90437057
90437075
90438002
90438004
90438006
90438009
90438012
90438014
90438223
90439695
90441216
90441223
90441228
90441235
90441238
90441242
90444079
90444082
90444084
90444088
90444091
90444093
90444304
90444306
90444308
90447842
90447844
90447846
90447849
90447851
90447853
90449852
90449859
90449865
90449871
90449878
90449884
90452719
90452748
90452755
90452990
90452992
90452994
90452996
90452999
90453002
90455550
90455552
90455554
90455577
90455604
90455616
90456824
90456826
90457415
90457421
90457428
90457436
90457442
90457450
90460071
90460078
90460081
90460086
90460089
90460094
90460320
90460322
90460413
90460415
90460417
90460419
90462987
90462989
90462991
90462993
90462996
90462998
90464667
90464699
90464727
90464745
90464753
90464759
90465138
90465141
90465144
90465148
90465154
90465159
90467695
90467698
90467700
90467702
90467704
90469719
90469721
90469760
90469762
90469765
90469767
90469769
90469771
90470254
90470260
90470353
90470360
90470487
90470490
90470498
90470502
90470512
90470517
90471918
90471922
90471925
90471928
90471931
90471933
90472033
90472035
90472066
90472069
90472580
90472589
90472596
90472603
90472611
90472618
90472902
90472908
90472912
90472915
90472919
90473847
90473849
90473851
90473854
90473858
90473860
90474775
90474777
90474779
90474781
90474783
90474785
90474876
90474878
90474880
90474882
90474884
90474886
90475926
90475931
90475937
90475943
90475950
90475956
90476910
90476915
90476918
90476923
90476926
90476928
90477030
90477032
90477034
90477036
90477038
90477040
90477940
90477942
90477944
90477946
90477948
90477950
90478668
90478673
90478683
90478686
90478697
90478702
90480632
90480636
90480781
90480785
90480788
90480792
90480796
90480938
90480958
90483355
90483357
90483360
90483362
90484305
90484307
90486668
90488167
90488169
90488171
90488174
90488177
90488179
90490266
90490309
90490312
90490317
90490579
90490581
90490584
90490586
90490589
90490591
90493109
90493111
90493113
90493116
90493120
90494999
90495004
90495008
90495016
90495021
90495032
90495402
90495407
90497857
90497860
90497987
90497989
90497993
90497997
90498000
90498002
90500505
90500507
90500509
90500698
90500700
90500787
90500789
90501702
90501708
90501713
90501717
90501723
90501731
90501997
90502004
90502102
90502105
90502108
90502113
90502117
90502120
90503028
90503030
90503032
90503034
90503897
90503899
90503901
90503903
90503905
90503908
90503987
90503989
90504559
90504569
90504573
90504579
90504844
90504853
90504948
90504951
90504954
90504958
90504963
90504965
90505877
90505879
90505881
90505883
90505885
90505887
90506717
90506719
90506721
90506723
90506725
90506727
90507252
90507257
90507356
90507367
90507519
90507526
90507531
90507537
90507543
90507547
90508517
90508521
90508524
90508526
90508529
90508531
90508627
90508629
90508631
90508633
90508635
90508637
90509934
90509936
90509938
90509940
90509942
90509944
90511802
90511812
90511819
90511825
90511830
90511836
90512177
90512182
90515406
90515408
90515412
90515416
90515421
90515423
90515630
90515632
90515659
90515693
90515695
90515697
90519552
90519554
90519556
90519607
90519609
90521179
90523932
90523937
90523942
90523948
90523952
90523956
90524528
90524609
90525285
90525288
90525290
90525349
90525352
90525355
90526861
90526863
90526865
90526867
90529463
90529465
90529467
90529469
90529471
90529473
90531222
90531230
90531236
90531243
90531248
90531255
90531591
90531595
90534083
90534086
90535183
90535186
90535188
90535190
90535363
90535365
90535367
90535471
90535473
90535475
90537946
90537948
90538045
90538047
90538049
90538051
90538053
90538055
90539435
90539802
90539826
90539857
90540142
90540144
90540148
90540154
90540156
90540162
90542697
90542699
90542701
90542703
90542705
90542707
90545369
90545371
90545373
90545375
90545377
90545379
90546980
90547013
90547046
90547052
90547433
90547460
90547467
90549961
90549964
90549967
90550210
90550242
90550244
90550246
90550248
90550250
90552767
90552769
90552771
90552773
90552776
90552779
90553067
90553123
90553183
90553242
90554618
90554623
90554630
90554640
90554646
90554655
90555001
90555005
90555010
90557614
90557616
90557618
90557621
90557625
90557627
90560219
90560221
90560223
90560443
90560445
90560447
90560449
90560451
90560453
90562303
90562309
90562313
90562319
90562327
90562336
90565038
90565040
90565042
90565045
90565048
90565051
90565362
90565364
90565366
90566918
90566921
90566925
90566928
90566931
90569796
90569798
90569800
90569803
90569805
90569807
90570636
90570642
90570693
90570711
90573341
90573345
90573347
90573349
90573476
90573478
90573480
90576983
90576985
90577083
90577085
90577087
90577089
90577092
90577094
90578750
90578755
90578761
90578766
90579069
90579077
90579081
90579290
90579293
90579297
90579300
90579306
90579312
90581948
90581950
90582033
90582045
90582047
90582049
90582051
90584537
90584540
90584542
90584544
90584664
90584666
90584668
90584684
90584717
90584731
90585004
90585085
90587774
90587782
90587788
90587804
90587811
90587818
90590623
90590627
90590738
90590740
90590762
90590796
90590810
90590813
90593199
90593201
90593203
90593205
90593207
90593209
90593420
90593422
90593424
90593426
90593428
90593462
90595452
90595490
90595513
90595518
90595524
90596612
90596614
90596733
90596737
90596765
90598281
90599963
90599965
90599967
90599969
90599971
90599973
90601077
90601079
90601081
90601083
90602211
90602213
90602215
90602217
90602219
90602221
90603024
90603052
90605469
90605473
90605476
90605481
90605483
90605486
90605701
90605703
90608043
90608049
90608052
90608054
90608056
90608058
90609336
90609338
90609340
90609342
90609344
90612744
90612753
90612761
90612767
90612774
90612780
90613118
90613122
90613127
90615863
90615866
90615869
90615872
90615874
90615876
90618602
90618604
90618606
90618798
90618800
90618802
90620521
90620531
90620861
90620867
90620869
90620874
90620880
90620898
90623496
90623523
90623621
90623623
90623625
90623627
90623629
90623631
90626173
90626175
90626177
90626179
90626181
90626183
90626272
90626274
90626276
90626278
90626280
90626282
90628263
90628268
90628291
90628327
90629460
90629463
90629466
90629468
90629471
90629474
90631979
90631982
90631984
90631986
90631988
90633238
90633240
90633242
90633244
90634740
90634742
90634744
90634746
90634748
90634750
90637801
90637805
90637810
90637813
90637815
90637969
90637971
90638009
90638011
90638013
90638015
90638017
90641577
90641579
90641607
90641637
90643400
90643410
90643417
90643423
90643802
90643808
90643812
90644781
90644803
90646504
90646507
90646509
90646514
90646516
90646518
90649134
90649136
90649138
90649163
90649191
90649201
90649398
90649400
90651000
90651008
90651016
90651021
90651419
90651425
90651432
90651435
90651439
90651446
90655638
90655640
90655642
90655644
90655646
90655649
90658413
90658416
90658418
90658420
90658423
90658425
90658618
90658620
90660653
90660660
90660667
90660676
90661042
90661047
90661173
90661178
90661181
90661185
90661187
90661189
90663952
90663954
90663968
90664009
90664016
90664018
90666559
90666561
90666576
90666617
90666624
90666626
90667989
90667991
90667993
90667995
90667997
90667999
90668877
90668882
90668885
90670073
90670075
90670167
90670169
90671564
90671566
90671664
90671675
90671722
90671724
90671726
90674340
90674342
90674436
90674438
90674441
90674454
90674479
90674507
90675845
90675847
90675849
90675851
90675853
90675855
90676883
90676927
90676934
90676937
90678143
90679459
90679489
90679491
90680573
90680575
90680668
90680670
90680672
90680674
90680676
90680678
90681428
90681434
90684045
90684072
90684103
90684115
90684120
90684127
90684199
90684415
90684417
90684421
90684423
90684775
90685344
90687909
90687911
90687913
90687915
90687917
90687920
90690547
90690590
90690595
90690597
90690599
90690795
90690797
90690800
90690803
90690805
90690807
90692746
90692792
90692816
90692820
90692823
90692828
90694565
90694652
90694654
90695539
90695541
90695543
90695545
90695547
90695549
90697169
90697171
90697173
90698208
90698210
90698212
90698214
90698216
90698218
90700011
90700019
90700023
90700208
90700214
90700220
90700367
90700369
90700373
90700376
90700415
90700438
90704586
90704588
90704590
90704592
90704594
90704668
90704670
90704672
90704675
90706316
90706338
90714145
90714189
90714244
90714321
90715342
90715345
90715347
90715384
90715487
90715565
90715630
90750233
90750260
90803025
90803036
90852363
90852446
90852530
90852662
90852793
90852853
90852895
90870504
90870583
90870590
90870648
90870707
90870764
90870819
90870831
90870834
90870837
90872743
90872848
90872941
90873084
90873175
90873255
90874885
90874888
90874890
90874893
90874895
90874896
90875013
90875551
90875674
90875734
90875847
90875908
90875968
90876028
90876089
90876145
90876146
90876147
90876149
90876150
90876151
90876298
90876443
90876557
90876733
90876747
90876806
90903156
90903172
90934093
90934112
90934117
90934121
90936577
90936593
90980247
90983164
90983191
91051495
91051575
91078461
91108668
91108712
91113244
91113728
91120862
91121324
91121339
91121343
91121360
91121370
91121387
91121403
91121787
91121804
91121821
91121837
91129715
91129737
91151843
91151863
91173925
91173946
91197246
91197276
91210514
91218502
91218517
91220299
91220486
91223054
91223068
91223142
91223153
91223184
91223205
91223250
91223380
91223381
91223385
91223387
91245265
91245276
91293916
91293944
91311258
91311318
91311327
91337113
91337130
91337725
91342095
91389435
91403919
91404000
91410013
91410294
91442553
91442615
91442628
91442631
91444954
91444989
91451970
91453623
91453689
91453771
91467661
91467768
91467866
91468635
91469333
91479322
91479340
91479546
91479674
91479676
91479677
91484490
91485388
91493970
91494018
91494321
91494418
91495786
91495849
91495880
91496612
91497590
91498066
91498067
91498068
91498069
91498070
91498075
91498376
91498808
91498825
91501536
91501537
91501538
91502592
91502659
91502664
91502703
91502705
91503417
91505702
91508966
91508969
91508970
91508987
91509084
91509086
91509130
91509470
91509480
91519652
91519654
91519655
91519656
91519657
91519658
91519720
91524334
91524335
91525847
91525848
91525849
91527339
91528338
91528365
91529324
91531867
91532059
91532499
91532500
91532505
91532507
91536332
91536333
91536334
91537251
91537257
91537259
91537282
91537289
91537312
91541339
91543560
91543563
91543566
91543570
91543572
91543575
91553248
91553283
91565351
91576671
91576701
91590296
91605413
91605457
91623448
91623455
91623456
91624289
91624320
91634206
91634212
91634223
91635026
91635030
91635035
91635037
91635040
91639078
91639079
91639080
91639081
91640868
91642215
91642216
91642217
91642223
91642247
91643363
91643408
91654413
91654414
91654415
91654416
91656296
91656301
91656303
91656304
91656308
91660365
91660383
91660436
91660502
91660586
91660650
91660698
91660724
91660788
91660793
91660794
91660795
91660796
91660800
91660801
91660803
91660806
91660809
91660811
91660813
91660814
91660816
91660817
91660820
91665494
91665540
91667284
91667287
91667289
91667292
91667354
91667360
91667417
91667419
91667422
91667426
91667428
91667433
91667451
91667494
91667560
91667622
91667685
91667733
91667777
91667786
91667790
91667793
91669951
91669954
91669956
91669957
91669959
91669962
91669963
91669968
91669972
91669974
91669977
91669979
91669981
91669984
91669987
91669989
91670015
91670066
91670130
91670248
91670322
91670333
91670338
91670340
91673975
91674180
91674260
91674319
91674325
91674752
91674755
91674757
91674762
91674763
91674765
91674769
91674776
91674781
91674869
91674956
91675898
91675916
91675922
91675923
91675924
91675926
91675929
91675931
91675932
91675933
91675935
91675936
91675937
91675939
91676073
91676138
91676195
91676265
91676275
91678517
91678519
91678521
91678523
91678525
91678527
91678529
91678531
91678536
91678538
91679044
91679267
91679304
91679316
91679338
91679343
91679344
91679367
91679368
91679369
91679371
91679834
91679837
91679839
91679841
91679843
91679858
91680087
91680185
91680187
91680191
91680195
91680198
91680200
91680201
91680203
91680205
91680207
91680208
91680209
91680210
91680211
91680254
91680315
91680489
91680540
91680545
91680547
91680548
91680550
91684574
91684650
91684723
91684801
91684821
91685172
91685246
91685360
91685500
91685571
91685697
91687564
91692082
91692446
91693241
91693280
91698338
91699035
91699393
91699758
91715468
91718104
91720514
91720952
91720997
91721038
91726112
91726391
91732547
91752722
91752920
91752921
91753519
91753520
91753521
91753568
91753610
91761586
91761620
91761681
91761682
91761713
91775414
91775615
91784874
91784878
91792857
91792926
91799416
91799512
91799521
91799523
91802798
91802799
91802801
91802802
91802803
91802804
91804925
91804931
91810085
91816865
91818874
91818918
91874611
91874656
91890776
91914021
91914022
91914295
91914318
91914385
91930694
91930732
91988384
91988477
92014858
92019745
92019809
92019810
92040390
92040428
92041275
92041276
92041277
92041278
92041304
92041331
92087432
92087471
92097119
92097315
92097319
92118098
92118138
92120263
92126533
92126986
92126987
92126988
92126989
92126994
92139670
92139711
92143226
92174558
92185191
92185294
92243763
92243805
92287733
92287777
92319819
92319833
92320432
92320497
92321485
92321490
92321493
92327887
92327955
92328020
92339431
92339478
92367541
92367543
92367557
92367575
92367576
92367639
92367695
92367696
92367706
92367756
92367811
92367812
92367873
92367929
92367994
92368054
92368112
92368170
92368235
92368288
92368289
92368290
92368345
92368405
92370415
92370423
92370594
92370599
92370607
92370610
92370612
92370616
92370618
92370619
92370622
92370624
92370625
92370628
92370637
92370639
92370641
92370649
92370651
92370654
92370656
92370660
92370663
92370666
92370829
92370830
92370834
92370836
92370837
92370841
92370843
92370845
92370847
92370848
92370852
92370854
92370856
92370859
92370861
92370863
92370870
92370871
92370875
92370877
92370881
92370886
92370892
92370894
92372302
92372449
92372533
92372566
92372578
92373270
92373272
92373277
92373281
92373282
92373287
92373288
92373296
92373308
92373449
92373558
92375106
92375151
92375221
92375224
92375225
92375227
92375228
92375229
92375233
92375234
92375235
92375236
92375238
92375243
92375245
92375436
92375551
92375632
92375759
92375847
92380965
92380986
92381045
92381104
92381163
92381208
92381227
92381285
92381287
92381290
92383494
92383618
92383720
92383900
92384004
92384032
92386043
92386047
92386049
92386050
92386052
92386053
92386350
92386841
92386916
92386936
92386941
92386949
92386958
92386963
92386968
92386973
92386976
92386978
92386979
92386980
92386981
92387043
92387110
92387351
92387523
92387589
92387674
92387691
92387699
92390054
92390070
92390088
92390121
92390174
92390191
92390210
92390245
92390276
92390281
92391791
92391803
92401283
92419678
92432740
92432750
92448041
92448282
92467938
92467961
92468069
92468083
92468084
92468088
92486970
92487003
92508017
92508019
92508020
92508041
92508042
92516900
92516956
92545584
92545690
92598786
92598843
92626517
92638279
92638337
92639944
92668516
92672764
92672823
92706828
92706910
92710368
92731587
92731589
92731592
92731743
92731755
92746439
92768868
92768914
92773135
92773137
92773206
92773222
