18.594
18.069
18.089
16.097
16.320
42.397
32.032
18.296
18.321
20.600
22.752
19.587
20.016
18.531
19.138
18.394
18.479
17.248
17.047
19.285
18.789
18.267
17.720
18.433
16.169
16.757
15.892
18.564
17.304
18.074
19.225
19.626
17.676
17.412
17.349
17.199
18.065
17.442
16.741
22.445
5.117
9.945
36.898
10.046
17.714
16.979
20.478
18.562
16.760
16.470
16.583
18.370
17.553
18.442
16.982
17.356
17.178
16.638
19.417
19.608
17.354
17.065
16.174
16.247
16.969
16.810
16.539
17.387
19.004
17.313
18.580
17.590
18.255
19.433
14.975
14.370
17.716
18.264
16.830
17.369
16.898
17.502
17.580
18.169
19.544
21.056
48.918
22.345
20.142
20.303
24.010
48.805
28.956
123.945
18.296
18.524
4.911
20.549
17.412
17.485
17.075
17.713
17.731
18.782
18.548
15.788
10.295
25.039
25.054
17.893
17.821
17.209
17.983
17.734
16.843
18.421
17.594
25.122
24.786
18.419
18.460
18.162
17.573
17.633
16.759
16.889
16.971
23.104
22.689
23.384
16.881
18.760
19.255
19.524
17.634
17.605
16.292
55.357
17.521
16.061
18.444
19.473
18.203
17.554
19.397
20.144
17.274
18.464
17.567
17.345
16.907
17.037
42.156
20.607
19.211
23.816
21.329
18.558
17.474
19.400
17.146
16.810
16.898
17.517
17.841
20.130
20.284
3.018
19.267
19.431
19.680
19.638
16.779
17.544
16.933
17.314
