15.129
15.155
14.384
13.293
13.604
14.586
14.579
13.861
13.849
12.995
15.347
12.763
12.873
12.745
12.545
12.055
12.246
13.882
13.258
13.614
12.228
14.166
13.070
13.563
13.512
14.007
12.550
13.018
12.072
14.008
13.152
13.238
13.634
12.878
14.263
15.062
16.210
12.869
12.568
12.856
13.433
12.309
12.280
13.298
14.427
13.652
15.086
14.316
12.933
12.631
14.642
12.932
11.987
18.215
7.949
8.187
41.582
10.453
12.582
13.548
18.181
14.620
12.241
12.096
12.969
12.863
13.905
15.146
15.549
14.414
13.422
13.040
12.874
13.051
13.412
12.654
14.212
14.025
13.832
14.012
13.240
12.975
30.800
17.183
12.928
13.226
12.988
13.768
12.987
12.019
13.344
13.513
14.116
16.329
14.871
13.924
13.034
14.479
3.905
12.828
12.655
13.657
12.366
13.806
13.677
13.604
13.869
12.853
13.395
12.433
12.671
13.892
14.103
12.966
13.407
14.362
12.685
12.845
13.910
13.307
12.808
13.662
12.449
12.473
12.564
14.128
14.233
16.810
17.594
20.133
15.648
13.806
14.216
13.725
12.693
13.550
13.179
13.743
14.608
13.822
14.980
13.428
13.930
15.375
14.886
13.090
14.368
13.211
13.021
12.176
63.256
14.153
13.992
13.537
13.645
13.860
13.753
14.031
13.914
13.425
13.794
13.278
13.612
14.306
14.034
13.533
13.620
14.083
13.539
12.369
13.583
7.777
17.544
3.585
12.110
12.338
