30.254
31.963
31.285
33.705
32.630
34.105
31.843
33.101
33.392
33.496
33.465
29.821
29.270
29.714
29.741
30.922
30.114
31.415
30.164
32.039
31.340
30.233
30.766
30.146
31.432
32.853
29.704
29.622
29.098
31.191
30.551
30.528
29.503
32.512
33.331
35.024
34.726
31.544
29.734
29.071
30.702
35.416
26.529
32.254
32.564
30.021
28.437
29.717
29.044
27.028
28.602
27.500
27.870
27.279
27.974
30.678
31.004
30.024
28.947
29.026
29.048
27.431
26.828
27.536
27.116
25.858
26.230
27.809
26.644
29.073
30.726
28.741
28.329
28.143
29.514
27.329
27.317
29.194
30.011
29.119
28.430
30.302
29.298
30.948
30.336
28.873
29.415
29.247
27.565
27.897
28.767
27.956
27.667
31.878
34.254
29.637
30.587
29.086
30.249
26.882
27.820
25.613
28.065
29.441
29.163
28.631
28.628
28.690
28.428
29.315
29.441
27.488
28.914
27.845
27.941
29.258
28.608
28.946
29.783
28.106
28.105
29.035
28.471
28.502
27.661
28.808
29.151
32.609
33.751
34.230
31.009
30.220
29.921
27.622
28.770
28.513
28.368
28.741
27.658
27.961
29.677
29.246
28.681
21.463
21.220
20.017
21.021
19.876
19.575
19.573
18.826
23.786
23.699
21.780
21.571
21.379
20.819
21.060
20.974
20.227
20.976
19.542
19.303
22.508
22.015
22.184
22.152
20.196
21.732
19.496
19.513
19.383
19.157
