121762479
121773611
121870643
121870677
121870756
121870855
121870956
121871042
121871125
121871183
121871231
121871256
121871278
121871299
121871302
121871306
121871307
121871308
121871312
121871315
121871319
121871321
121871325
121871326
121871329
121871330
121871685
121871728
121871765
121871799
121871818
121871836
121871856
121871882
121871908
121871931
121871952
121871994
121871997
121872001
121872002
121875776
121875779
121875784
121875788
121875789
121875791
121875792
121876748
121876856
121876932
121877013
121877067
121877115
121877123
121877127
121877130
121877133
121877136
121877139
121877140
121877142
121877147
121877149
121877154
121877156
121877159
121877161
121877163
121877165
121877168
121877178
121877218
121877570
121877628
121877651
121877716
121880486
121880493
121881105
121881129
121881152
121881175
121881214
121881281
121881374
121881537
121881594
121881686
121881703
121882968
121882972
121882995
121883017
121883044
121883065
121883088
121883112
121883158
121883201
121883219
121883223
121883224
121883251
121883304
121883600
121883652
121883678
121883709
121883713
121883720
121887310
121887377
121887430
121887471
121887499
121887538
121887574
121887604
121887631
121887658
121888471
121888473
121888476
121888547
121888625
121888713
121889689
121889690
121889694
121889696
121889699
121889702
121889706
121889708
121889711
121889714
121889717
121889740
121889942
121890084
121890160
121890186
121890217
121890241
121890264
121890289
121890313
121890335
121890359
121890364
121890369
121890373
121890380
121890385
121890498
121890586
121890794
121890828
121890863
122094507
122280362
122280744
122299921
122299972
122299988
122299999
122300014
122300027
122300029
122305823
122305845
122322375
122401272
122431040
122431215
122442062
122539942
122544999
122579854
122579889
122579952
122580032
122580118
122580175
122580225
122580270
122580306
122580334
122580352
122580354
122580356
122580358
122580361
122580362
122580365
122580370
122580373
122580374
122580377
122580381
122580382
122580384
122580386
122580761
122580806
122580844
122580871
122580879
122580882
122580885
122580888
122580890
122580892
122580898
122580902
122580904
122580907
122580908
122584111
122584114
122584117
122584125
122584127
122584130
122584662
122584703
122584772
122584852
122584932
122584997
122585053
122585088
122585114
122585120
122585124
122585126
122585128
122585130
122585131
122585132
122585137
122585139
122585140
122585141
122585142
122585145
122585146
122585148
122585149
122585550
122585589
122585616
122587701
122587703
122587705
122588213
122588215
122588217
122588219
122588227
122588266
122588327
122588497
122588561
122588657
122588684
122589708
122589711
122589716
122589719
122589720
122589722
122589724
122589728
122589732
122589734
122589737
122589738
122589739
122589742
122589775
122590049
122590099
122590140
122590215
122590242
122590260
122592982
122593068
122593124
122593177
122593222
122593259
122593288
122593307
122593314
122593319
122593892
122593896
122593898
122593925
122593979
122594060
122594889
122594893
122594895
122594897
122594899
122594903
122594906
122594908
122594910
122594915
122594921
122594923
122595066
122595223
122595331
122595363
122595387
122595398
122595401
122595404
122595407
122595409
122595412
122595414
122595416
122595419
122595424
122595427
122595429
122595432
122595433
122595449
122660957
122660985
122662069
122662241
122778391
122790151
122846499
122850687
122883008
122883598
122883628
122921839
123039085
123049599
123057074
123062350
123128979
123144157
123144196
123144264
123144343
123144440
123144501
123144556
123144598
123144636
123144648
123144655
123144657
123144661
123144666
123144670
123144672
123144676
123144685
123144706
123144729
123144747
123144769
123144788
123144807
123145229
123145270
123145304
123145329
123145343
123145350
123145355
123145362
123145366
123145369
123145370
123145374
123145377
123145380
123145381
123149406
123149413
123149426
123149441
123149465
123149488
123149512
123150440
123150538
123150638
123150720
123150787
123150831
123150852
123150855
123150858
123150860
123150865
123150866
123150867
123150868
123150869
123150872
123150874
123150875
123150877
123150878
123150880
123150882
123150884
123150886
123150907
123151257
123151330
123151360
123151425
123154250
123154317
123154930
123154937
123154960
123154994
123155055
123155144
123155246
123155425
123155502
123155597
123155627
123157991
123158054
123158086
123158091
123158104
123158113
123158121
123158132
123158135
123158143
123158149
123158151
123158197
123158259
123158588
123158655
123158713
123158824
123158862
123158918
123165282
123165321
123165396
123165447
123165516
123165546
123165594
123165633
123165646
123165666
123166762
123166799
123166932
123167149
123167279
123167376
123168905
123168926
123168944
123168948
123168951
123168996
123169057
123169093
123169126
123169145
123169285
123169478
123169785
123169883
123169901
123169923
123169928
123169931
123169972
123169986
123169992
123170018
123170025
123170049
123170076
123170141
123170157
123170170
123170192
123170302
123170391
123170501
123175305
123188973
123258134
123294933
123319386
123327438
123327797
123475368
123551767
123572246
123642230
123648483
123678691
123699683
123700224
123815695
123837545
123897581
123898293
123898294
123899853
123949585
123949586
123949595
123949629
123949686
123949773
123949854
123949919
123949976
123950019
123950051
123950064
123950069
123950072
123950073
123950076
123950079
123950080
123950082
123950083
123950084
123950085
123950088
123950090
123950091
123950098
123950133
123950474
123950508
123950534
123950555
123950571
123950574
123950577
123950580
123950582
123950584
123950587
123950590
123950592
123950594
123950596
123953762
123953796
123953810
123953818
123953821
123953824
123954437
123954518
123954600
123954661
123954718
123954788
123954800
123954805
123954809
123954811
123954812
123954815
123954818
123954820
123954822
123954828
123954829
123954831
123954833
123954834
123954836
123954837
123954838
123954840
123955015
123955204
123955253
123955293
123955351
123957483
123957975
123957977
123957978
123957980
123957984
123958001
123958046
123958199
123958276
123958378
123958416
123959703
123959763
123959791
123959795
123959798
123959817
123959822
123959847
123959879
123959885
123959891
123959895
123959912
123959941
123960239
123960297
123960344
123960427
123960480
123960533
123964680
123964720
123964764
123964805
123964829
123964844
123964858
123964871
123964884
123964891
123965833
123965869
123965946
123966122
123966186
123966265
123967304
123967313
123967328
123967340
123967351
123967357
123967371
123967380
123967386
123967393
123967419
123967562
123967791
123967885
123967931
123967948
123967972
123967986
123967992
123967996
123968001
123968004
123968006
123968010
123968017
123968028
123968040
123968044
123968058
123968078
123968166
123968261
123968350
123989496
124073036
124123171
124187659
124194995
124210702
124226591
124241682
124257250
124273067
124288601
124303854
124320881
124337370
124353326
124369535
124387148
124395899
124402659
124418150
124435362
124448270
124452203
124453606
124464678
124468759
124483592
124488557
124498776
124510162
124510193
124510257
124510334
124510411
124510462
124510499
124510542
124510580
124510604
124510620
124510627
124510634
124510640
124510642
124510644
124510648
124510690
124510710
124510731
124510755
124510775
124510795
124510815
124511187
124511234
124511268
124511293
124511315
124511327
124511337
124511344
124511354
124511358
124511368
124511370
124511372
124511375
124511377
124514028
124515232
124515261
124515298
124515334
124515363
124515389
124515415
124516192
124516260
124516344
124516427
124516493
124516576
124516598
124516605
124516607
124516609
124516610
124516611
124516614
124516615
124516616
124516621
124516622
124516624
124516625
124516627
124516628
124516629
124516630
124516631
124516770
124517078
124517148
124517222
124517325
