17.315
16.940
21.598
17.475
18.326
17.569
17.699
16.707
18.080
17.235
17.243
17.132
15.805
18.327
18.212
18.623
17.419
16.453
16.989
17.672
20.576
17.175
17.408
16.170
15.748
15.193
16.109
18.113
18.246
17.128
17.123
17.838
18.648
17.292
18.468
16.064
17.105
15.638
18.631
20.685
17.926
17.916
18.798
16.897
18.444
18.327
18.137
17.571
18.333
16.946
19.289
18.433
20.797
18.185
18.684
18.967
20.299
18.701
19.678
20.962
19.888
18.023
17.909
18.301
19.158
18.225
18.205
18.048
17.575
19.612
18.944
19.780
17.579
17.539
18.805
18.028
19.011
17.450
17.779
17.246
18.289
17.701
19.577
19.178
17.330
16.979
26.578
26.861
24.241
28.660
27.138
25.889
25.457
23.279
27.928
26.431
