72.364
76.482
77.322
76.573
76.666
83.669
71.518
70.133
72.050
76.367
75.072
74.690
70.322
79.844
69.834
70.329
68.704
74.417
75.743
76.462
76.445
81.083
69.015
69.429
67.497
70.730
71.317
76.916
79.068
86.856
69.417
72.403
72.300
69.601
73.515
83.419
70.481
76.961
75.169
80.453
77.580
78.850
83.479
84.424
90.605
80.151
75.398
73.265
74.098
78.298
80.634
75.750
77.731
74.316
74.455
76.627
72.090
78.109
86.618
74.993
75.518
73.594
76.736
198.138
84.914
76.325
69.716
73.242
71.740
72.617
73.313
70.840
75.700
79.311
72.291
71.649
71.726
69.191
72.473
71.624
74.108
71.288
69.233
70.451
71.236
72.404
69.017
69.295
70.772
70.430
82.319
232.769
68.393
68.201
70.982
70.793
74.026
71.873
72.422
73.445
79.426
77.890
82.989
81.381
76.510
75.567
69.839
71.711
71.119
73.136
73.405
75.119
87.415
87.984
78.849
79.446
56.734
69.926
71.410
74.168
47.341
89.176
9.105
37.385
42.881
69.836
68.726
76.067
74.010
72.545
70.116
75.427
74.121
66.730
67.264
68.204
65.552
