12.240
12.793
14.404
13.920
13.814
13.163
13.293
13.325
2.465
13.248
13.620
12.590
13.543
13.618
13.254
14.827
13.058
13.204
12.624
13.392
15.093
11.924
13.083
14.819
13.730
13.605
13.330
12.877
13.435
14.800
14.979
13.631
14.288
13.708
13.130
13.388
13.596
13.656
14.231
13.617
69.153
13.542
14.617
13.643
3.416
12.762
14.013
16.122
13.112
21.781
13.248
12.819
13.684
13.413
13.264
13.428
13.841
13.628
13.780
13.977
13.021
12.833
12.757
17.445
13.385
13.391
13.062
13.320
12.274
12.945
13.852
12.527
15.128
1.543
15.965
12.400
14.632
14.675
13.879
12.791
13.277
14.211
14.118
13.278
13.303
12.577
14.886
12.218
12.375
12.231
12.105
11.583
11.823
13.342
12.717
13.123
11.758
13.598
12.518
12.904
12.840
13.468
12.041
12.424
11.513
13.402
12.572
12.733
13.147
12.447
13.833
14.584
15.815
12.535
12.277
12.589
13.153
12.025
11.962
12.700
13.822
13.071
14.490
13.741
12.351
12.280
14.271
12.532
11.598
18.215
7.949
8.187
41.582
10.453
12.184
13.139
17.575
14.060
13.109
12.698
13.164
13.761
12.845
12.534
12.400
12.055
