29.980
29.941
34.258
36.541
31.590
32.856
29.793
27.067
30.094
29.286
29.242
29.930
60.354
83.947
56.730
35.961
31.489
28.137
27.561
27.414
28.712
34.606
36.343
34.105
34.200
31.880
30.476
29.652
29.610
31.514
33.247
32.537
28.828
28.268
30.399
28.002
27.769
29.580
34.457
29.173
28.451
27.005
29.159
26.913
30.801
29.559
30.918
30.040
30.179
28.180
27.845
27.543
31.997
31.023
32.088
31.808
29.464
29.384
29.968
30.820
37.556
34.540
30.557
29.684
29.368
32.535
30.408
31.933
31.104
31.700
29.466
31.723
30.575
32.924
31.882
33.099
30.911
32.358
32.668
32.779
32.765
28.987
28.463
28.977
29.027
30.047
29.275
30.440
29.226
31.182
30.471
29.380
29.911
29.197
30.510
32.142
29.034
28.842
28.341
30.327
29.709
30.011
29.135
31.827
32.550
34.261
34.128
31.054
29.275
28.563
30.178
34.746
26.065
31.234
31.569
29.176
27.571
28.902
28.103
26.211
27.780
26.478
26.846
26.263
26.915
29.790
30.094
29.240
28.182
28.445
28.462
27.000
26.401
27.236
26.826
