15.830
16.190
17.484
17.733
16.148
54.958
4.738
22.564
22.005
6.495
37.379
4.696
17.985
2.580
16.286
2.501
15.148
15.872
55.321
24.723
17.318
17.132
18.103
19.215
16.221
48.663
33.189
20.553
16.636
15.340
15.225
16.544
17.452
48.765
38.681
17.937
15.544
48.510
15.726
48.750
24.170
15.633
15.785
15.685
15.790
16.794
18.473
15.887
41.945
75.059
62.044
15.273
16.703
79.908
17.538
16.926
3.196
14.543
15.169
17.829
15.347
42.006
20.566
16.635
16.319
16.400
17.076
15.801
15.835
15.345
17.565
16.652
20.044
15.905
32.319
16.022
17.605
17.164
42.128
17.316
46.605
18.081
16.074
15.835
42.043
19.473
17.058
16.370
18.298
42.155
44.493
27.544
34.563
34.721
12.584
9.353
17.477
16.401
18.032
17.671
17.562
15.545
16.028
17.984
20.056
22.389
19.037
19.461
17.963
18.620
18.975
15.909
15.733
16.291
16.690
16.599
16.593
16.065
18.691
19.721
21.949
21.008
25.759
17.806
18.554
16.860
17.517
18.203
17.661
18.833
19.184
17.257
17.003
16.896
16.914
17.763
17.094
16.371
22.445
5.117
9.945
36.898
10.046
17.336
16.629
20.031
18.127
16.213
15.932
16.186
17.929
17.258
18.120
16.193
16.430
