18.013
20.863
21.077
21.153
20.277
18.450
18.223
18.307
19.231
20.565
19.124
19.686
21.228
20.366
19.371
19.331
20.006
18.646
18.056
20.123
21.265
20.358
23.919
17.825
18.703
16.279
18.321
19.370
18.051
17.401
19.617
17.897
18.441
20.804
20.808
20.079
16.881
19.179
20.066
18.781
18.431
19.460
18.248
17.498
20.160
19.953
18.418
18.639
20.384
20.474
21.587
18.764
18.167
17.857
19.430
19.368
20.049
17.757
20.481
18.694
18.565
20.070
18.204
19.038
16.970
18.391
17.597
18.315
16.034
16.123
14.562
17.339
18.455
18.062
18.141
16.320
17.684
17.651
18.019
16.534
19.861
16.863
17.267
16.490
18.241
16.773
16.118
16.191
18.611
18.023
18.577
17.874
18.401
151.875
17.447
17.587
17.301
16.532
16.259
