74.390
73.413
78.350
80.085
72.418
72.050
73.880
72.938
78.295
84.058
77.896
60.377
60.674
75.366
62.300
66.241
63.922
63.836
62.504
64.201
62.148
63.145
61.378
64.651
62.947
43.444
64.228
60.107
62.174
65.639
61.843
61.093
59.963
67.724
67.236
71.199
62.909
61.185
62.975
69.854
67.015
69.875
61.842
63.567
62.685
64.020
61.484
66.110
64.081
61.597
64.051
68.789
65.015
84.697
77.949
75.281
76.276
76.430
82.038
79.632
82.156
76.825
75.787
74.834
78.271
85.689
84.396
76.670
74.171
75.932
81.980
79.342
85.549
77.836
75.118
76.876
80.745
82.946
89.706
74.833
71.000
60.015
76.897
86.789
87.240
79.990
75.253
77.591
82.077
76.824
83.940
54.708
53.605
