13.986
13.241
16.994
15.388
14.230
14.461
12.276
12.602
14.160
12.727
14.313
12.762
11.447
14.625
13.363
16.390
15.811
15.121
13.308
14.496
15.602
20.572
14.465
15.451
13.104
14.189
13.695
12.628
12.209
12.735
13.122
14.226
15.125
13.248
12.683
11.682
11.757
13.669
15.567
13.569
14.002
14.480
13.866
13.496
13.585
13.995
16.154
13.590
15.010
13.635
13.250
12.820
13.196
13.872
12.937
12.736
12.644
13.343
14.052
13.207
12.745
12.667
13.812
13.236
13.405
13.326
11.650
13.201
14.458
12.009
12.095
13.737
13.500
13.019
13.783
16.454
33.706
6.276
12.534
14.034
13.021
14.339
12.497
12.345
15.908
12.476
1.448
14.497
12.847
16.397
13.643
13.573
146.753
13.402
20.813
13.692
12.834
13.266
