13.429
13.874
14.899
13.490
24.049
13.286
12.709
13.694
11.843
13.374
12.981
14.545
13.645
14.779
11.658
13.304
13.442
11.897
12.777
13.767
12.579
14.917
14.012
15.048
16.247
13.593
16.073
15.841
14.790
13.405
13.449
14.924
14.922
14.416
14.319
14.885
14.652
12.945
16.171
14.367
15.620
15.656
14.855
14.900
15.216
15.855
13.982
13.946
13.324
14.264
17.790
15.045
14.540
15.300
13.620
13.375
49.371
14.476
13.714
14.510
14.885
14.062
16.086
14.268
13.553
13.712
13.265
16.592
16.325
12.672
13.328
12.548
13.975
13.659
14.044
13.963
13.552
14.537
13.014
15.473
16.571
13.013
15.102
13.202
1.237
13.753
12.498
13.861
1.885
14.048
12.912
13.966
14.216
15.607
8.175
11.568
6.591
18.250
13.539
13.720
147.408
13.854
13.715
13.422
12.464
