125786461
125786469
125786472
125786473
125786478
125786479
125786484
125786488
125786490
125786492
125787558
125787565
125787573
125787576
125787578
125787584
125787587
125788172
125788177
125788180
125788212
125788271
125788355
125788510
125788580
125788619
125788647
125788671
125788677
125788684
125788691
125788696
125788699
125788702
125788707
125788709
125788714
125788716
125788718
125788721
125788729
125788762
125788900
125788990
125789151
125789180
125789203
125789213
125789221
125789226
125789228
125794812
125804472
125820657
125835249
125862743
125886202
125890458
125905480
125928458
125932251
125965472
125990318
125990495
125991120
126017159
126044145
126062884
126069177
126076720
126094650
126120335
126148382
126165827
126173330
126179249
126183040
126204108
126204136
126204301
126206452
126225024
126227281
126240520
126242252
126250467
126275662
126301007
126326226
126341171
126341178
126351663
126377453
126399256
126399301
126399368
126399447
126399529
126399589
126399649
126399691
126399774
126399840
126399844
126399851
126399853
126399854
126399857
126399858
126399859
126399862
126399865
126399867
126399868
126399872
126399874
126399878
126399989
126400188
126400245
126400313
126400349
126400370
126400383
126400394
126400406
126400416
126400420
126400431
126400435
126400436
126400437
126400440
126400442
126400448
126400450
126402640
126403134
126404253
126404256
126404257
126405796
126405798
126405801
126405803
126405805
126405807
126405808
126405809
126405810
126405813
126405816
126405818
126405819
126405822
126405850
126405991
126406074
126406159
126406257
126406276
126406291
126406296
126406299
126406304
126406308
126406311
126406316
126406319
126406320
126406324
126410133
126410160
126410183
126410196
126410208
126410223
126410233
126410250
126410256
126410262
126410264
126411779
126411782
126411796
126411798
126411799
126411800
126411801
126411803
126411840
126411901
126411985
126412069
126412186
126412231
126412280
126412283
126412284
126412285
126412291
126412294
126416225
126416266
126416309
126416347
126416401
126416434
126416459
126416485
126416508
126416522
126417600
126417604
126417607
126417609
126417610
126417611
126417613
126418633
126418635
126418637
126418638
126418640
126418641
126418643
126418645
126418648
126418651
126418657
126418716
126419037
126419167
126419225
126419231
126419239
126419246
126419251
126419252
126419253
126419256
126419258
126419260
126419264
126419266
126419514
126419544
126419583
126419639
126419770
126419795
126419815
126429013
126429489
126443747
126444279
126444772
126469926
126494981
126520200
126535687
126545328
126570775
126596904
126626808
126652652
126675746
126677049
126678531
126680151
126705818
126723703
126724135
126737186
126749452
126776286
126796810
126804457
126827818
126838156
126838183
126838224
126838265
126838297
126838318
126838333
126838345
126838354
126838362
126838372
126838381
126838389
126838398
126838399
126838401
126838402
126838404
126838408
126838410
126838412
126838418
126838420
126838423
126838570
126838586
126838603
126838624
126838639
126838648
126838664
126838674
126838701
126838713
126838726
126838740
126838752
126838764
126838791
126838815
126838849
126838853
126840334
126841240
126841259
126841271
126841287
126842115
126842133
126842151
126842165
126842176
126842180
126842209
126842240
126842272
126842311
126842344
126842370
126842404
126842437
126842463
126842497
126842510
126842518
126842536
126842541
126842543
126842545
126842547
126842551
126842557
126842562
126842623
126842674
126842713
126842767
126845563
126845576
126845588
126845602
126845612
126845616
126845621
126845625
126845628
126845634
126845638
126846610
126846620
126846648
126846652
126846657
126846663
126846666
126846670
126846674
126846676
126846677
126846679
126846740
126846781
126846886
126846914
126846938
126846990
126847005
126847044
126848382
126848387
126848389
126848392
126848394
126848397
126848398
126848403
126848404
126848406
126848515
126848516
126848519
126848521
126848522
126848525
126848527
126848640
126848643
126848645
126848647
126848649
126848651
126848656
126848659
126848661
126848663
126848673
126848678
126848686
126848690
126848694
126848696
126848698
126848700
126848701
126848705
126848708
126848712
126848714
126848717
126848719
126848722
126848733
126848734
126848737
126848739
126848741
126848743
126848745
126850294
126868254
126896704
126924828
126950886
126976205
127003099
127028839
127055242
127073969
127073994
127074009
127074027
127074033
127074036
127074045
127074148
127083389
127088720
127102006
127108506
127111633
127126424
127128045
127136856
127159872
127194852
127200674
127223681
127277301
127299248
127299685
127304578
127319798
127320892
127320899
127320903
127330088
127357199
127357713
127383371
127383875
127410814
127432552
127432587
127432644
127432720
127432781
127432826
127432872
127432921
127432963
127432995
127433014
127433024
127433041
127433049
127433050
127433052
127433055
127433060
127433062
127433064
127433066
127433069
127433071
127433072
127433315
127433342
127433375
127433428
127433454
127433471
127433485
127433505
127433520
127433536
127433548
127433575
127433591
127433620
127433629
127435968
127436840
127436854
127436871
127436891
127436908
127436919
127436932
127436943
127437622
127437689
127437754
127437791
127437836
127437938
127437988
127438030
127438048
127438053
127438062
127438066
127438067
127438069
127438074
127438075
127438076
127438077
127438079
127438080
127438081
127438082
127438084
127438101
127438264
127438338
127438414
127438460
127438496
127438539
127441317
127441320
127441321
127441323
127441325
127441341
127441381
127441490
127441524
127441601
127441639
127442774
127442818
127442884
127442885
127442888
127442889
127442892
127442897
127442900
127442903
127442905
127442906
127442909
127442914
127443067
127443083
127443099
127443166
127443189
127443236
127446142
127446170
127446194
127446215
127446248
127446295
127446320
127446336
127446356
127446378
127447039
127447043
127447046
127447056
127447099
127447159
127447237
127448030
127448049
127448062
127448073
127448091
127448101
127448114
127448122
127448125
127448129
127448134
127448138
127448200
127448328
127448429
127448478
127448519
127448557
127448593
127448614
127448634
127448636
127448637
127448639
127448648
127448650
127448658
127448662
127448664
127448666
127448667
127448669
127448670
127461950
127476257
127476262
127476266
127476308
127476331
127476375
127476402
127485343
127489981
127516360
127541788
127569353
127597963
127625313
127651266
127651803
127676773
127702117
127724955
127727176
127742669
127745493
127746612
127767388
127793771
127816250
127816294
127816356
127816437
127816523
127816572
127816632
127816675
127816716
127816732
127816736
127816738
127816745
127816749
127816750
127816751
127816753
127816758
127816760
127816763
127816764
127816766
127816768
127816769
127816771
127817106
127817141
127817177
127817212
127817240
127817258
127817274
127817292
127817305
127817312
127817323
127817333
127817337
127817340
127817342
127819603
127820600
127820616
127820635
127820648
127820659
127820666
127820671
127821303
127821384
127821463
127821520
127821582
127821639
127821655
127821661
127821664
127821666
127821667
127821670
127821671
127821672
127821674
127821677
127821679
127821680
127821681
127821682
127821683
127821684
127821686
127821702
127821896
127822005
127822116
127822147
127822174
127822210
127825067
127825068
127825071
127825073
127825089
127825137
127825217
127825369
127825421
127825507
127825530
127826609
127826614
127826624
127826626
127826628
127826630
127826631
127826638
127826640
127826643
127826646
127826647
127826665
127826708
127826959
127826992
127827028
127827111
127827155
127827202
127830165
127830205
127830233
127830258
127830280
127830293
127830309
127830321
127830328
127830334
127830971
127831026
127831111
127831194
127831265
127831330
127831375
127831997
127832000
127832001
127832004
127832007
127832009
127832013
127832019
127832024
127832025
127832059
127832192
127832400
127832477
127832504
127832506
127832510
127832514
127832518
127832520
127832522
127832524
127832527
127832528
127832532
127832535
127832539
127832541
127832543
127832555
127832666
127832751
127832827
127848785
127862541
127872735
127872855
127874267
127891067
127902790
127908824
127933225
127936756
127941898
127946818
127949493
127950717
127961422
127987879
