16.462
16.586
16.206
17.311
15.585
19.973
16.875
16.179
17.249
16.877
21.537
17.418
18.281
17.513
17.655
16.661
18.019
17.200
17.190
17.076
15.751
18.277
18.162
18.568
17.346
16.393
16.928
17.623
20.524
17.112
17.351
16.110
15.694
15.146
16.028
18.067
18.190
17.074
17.062
17.779
18.592
17.238
18.419
16.016
17.063
15.595
18.583
20.642
17.868
17.857
18.753
16.850
18.400
18.273
18.050
17.524
18.280
16.895
19.231
18.410
20.748
18.134
18.628
18.908
20.246
18.726
19.625
20.909
19.985
17.964
17.880
18.253
19.106
18.161
18.134
17.995
17.524
19.563
18.876
19.773
17.543
17.495
18.780
18.000
19.000
17.395
17.724
17.200
18.237
17.660
19.551
19.132
17.279
16.934
26.535
26.775
