50.526
51.676
50.833
51.640
50.017
46.525
51.999
49.081
52.330
52.284
49.157
50.689
52.319
47.547
45.588
50.166
49.906
44.474
50.623
51.754
46.047
46.801
49.056
48.612
50.110
50.881
45.543
50.428
45.895
51.746
52.353
49.423
46.989
46.965
48.431
51.794
48.840
50.693
52.567
54.048
50.189
51.337
48.214
56.274
52.315
48.441
50.488
63.881
60.314
47.797
54.627
51.766
52.312
53.126
51.846
51.376
48.844
45.203
46.254
51.654
46.720
52.738
52.672
47.715
53.672
56.357
52.286
54.357
49.244
44.595
53.671
54.426
52.740
49.892
46.012
49.802
52.955
47.715
48.778
48.904
52.386
49.395
52.563
49.620
49.576
46.648
50.087
54.961
48.551
48.206
46.000
48.062
56.639
50.363
49.393
50.738
59.147
