15.247
14.754
14.859
14.799
14.158
14.685
15.413
16.067
14.990
27.065
1.915
14.940
17.287
24.062
16.436
15.295
15.099
15.747
15.212
20.508
14.210
16.033
15.205
16.819
16.614
16.435
1.484
16.659
16.752
15.814
13.539
15.404
13.796
16.850
16.623
16.057
17.558
15.173
15.057
16.808
15.175
16.923
16.089
15.218
15.886
17.594
21.203
16.991
14.859
21.532
27.716
29.741
17.590
15.667
17.326
14.728
15.450
15.001
15.433
14.225
14.793
16.229
14.320
15.617
14.279
15.305
17.486
15.685
16.646
14.970
31.776
16.513
16.164
18.114
16.874
16.501
14.970
16.130
17.960
15.595
15.612
14.522
16.135
16.446
18.054
14.932
14.977
15.708
15.516
12.000
10.970
12.892
11.396
11.610
12.243
15.542
15.410
12.373
10.766
21.800
23.063
