131142057
131151652
131184246
131213311
131218439
131221270
131229203
131229224
131230948
131233436
131236950
131236960
131237102
131237485
131256601
131262741
131290442
131294927
131314646
131318702
131332558
131338906
131369805
131395976
131396492
131397531
131421980
131446005
131446019
131446087
131446194
131446287
131446343
131446399
131446450
131446480
131446509
131446522
131446526
131446530
131446571
131446580
131446589
131446591
131446599
131446607
131446614
131446617
131446619
131446624
131446636
131446642
131446997
131447059
131447105
131447144
131447153
131447157
131447161
131447164
131447174
131447177
131447181
131447186
131447188
131447205
131447208
131447216
131447219
131448432
131449798
131449879
131449939
131449993
131450033
131451452
131451533
131451637
131451692
131451748
131451797
131451803
131451807
131451809
131451817
131451819
131451822
131451825
131451826
131451829
131451839
131451842
131451843
131451853
131451854
131451875
131451930
131452018
131452231
131452314
131452348
131452354
131452359
131452373
131455163
131455197
131455230
131455247
131455252
131455256
131455258
131455271
131455272
131455275
131455278
131456995
131457068
131457146
131457244
131457322
131457377
131457481
131457495
131457509
131457512
131457514
131457531
131457557
131457863
131457922
131457954
131458001
131458008
131458014
131461391
131461392
131461406
131461408
131461410
131461412
131461413
131461415
131461422
131461424
131462352
131462425
131462463
131462483
131462488
131462494
131462495
131464186
131464187
131464191
131464199
131464202
131464203
131464205
131464206
131464215
131464216
131464220
131464229
131464289
131464470
131464592
131464644
131464698
131464714
131464723
131464728
131464735
131464745
131464746
131464747
131464749
131464761
131464762
131464764
131464766
131464776
131464777
131464813
131475612
131502949
131536514
131566072
131569558
131570687
131578996
131593824
131609587
131611387
131611388
131613265
131616374
131625182
131635527
131642876
131665722
131674996
131688482
131688491
131688603
131695237
131720252
131720253
131723259
131723280
131730166
131730200
131730207
131732141
131753497
131787199
131802888
131802902
131802910
131806956
131812565
131823700
131826028
131826042
131839933
131859482
131867621
131895256
131923917
131949452
131976926
131989316
131992512
131992515
131992519
131992524
131992527
131992530
131992535
131992538
131992544
131992558
131992562
131992568
131992588
131992618
131992620
131992622
131992625
131992638
131992640
131992643
131992645
131992648
131992650
131992658
131992662
131992680
131992684
131992686
131992696
131992701
131992703
131992705
131992709
131992711
131992722
131992726
131992730
131992731
131992733
131992745
131992750
131992754
131992764
131993004
131993168
131993169
131993170
131993178
131993372
131993374
131993377
131993378
131993379
131993390
131993391
131993393
131993394
131993395
131993402
131993403
131993404
131993405
131993406
131993416
131993417
131993418
131993419
131993428
131993429
131993438
131993439
131993451
131993456
131993469
131993471
131993473
131993476
131993909
131993910
131993913
131993915
131993917
131993926
131993928
131993932
131993933
131993944
131993947
131994186
131994195
131994197
131994214
131994223
131994226
131994237
131994254
131994265
131994278
131994280
131994289
131994296
131994300
131994301
131994305
131994315
131994688
131994709
131994822
131994824
131994826
131994827
131994829
131994838
131994840
131994842
131994845
131994847
131994969
131994970
131994971
131994982
131994985
131994988
131994991
131995240
131995241
131995242
131995250
131995251
131995252
131995254
131995255
131995265
131995266
131995267
131995274
131995275
131995284
131995295
131995302
131995324
131995336
131995343
131995350
131995368
131995380
131995385
131995397
131995406
131995440
131995478
131995499
131995517
131995528
131995535
131996957
132002976
132010175
132017130
132020398
132023632
132027297
132027476
132049240
132051674
132052797
132081562
132110994
132128683
132131285
132140628
132147609
132183006
132225030
132225752
132239693
132240800
132258516
132301437
132335489
132360712
132366269
132385855
132394262
132394278
132394283
132394292
132394295
132394303
132394364
132394449
132394540
132394626
132394659
132394692
132394752
132394863
132394910
132394943
132395013
132395074
132395103
132395121
132395136
132395153
132395165
132395178
132395189
132395245
132395293
132395359
132395441
132395527
132395643
132395701
132395740
132395764
132395775
132395787
132395820
132395832
132395849
132395852
132397528
132398965
132398981
132398989
132399005
132399013
132399025
132399031
132400873
132400897
132400928
132400944
132400962
132400987
132401009
132401017
132401023
132401030
132401035
132401045
132401060
132401078
132401090
132401093
132401131
132401189
132401352
132401450
132401509
132401547
132401581
132401626
132401644
132401651
132401652
132401662
132401668
132404589
132404630
132404666
132404703
132404739
132404771
132404790
132404837
132404861
132404881
132404888
132406762
132406851
132406862
132406873
132406885
132406908
132406915
132406942
132406998
132407066
132407193
132407231
132407413
132407437
132407453
132407513
132407519
132407527
132410540
132410572
132410597
132410619
132410638
132410664
132410677
132410696
132410707
132410719
132411833
132411892
132411947
132411975
132411992
132412003
132412005
132413515
132413576
132413654
132413738
132413814
132413866
132413964
132414001
132414028
132414046
132414086
132414097
132414111
132414114
132414117
132414127
132414128
132414129
132414130
132414145
132414197
132414266
132414347
132414426
132414456
132414611
132414650
132414674
132414704
132414741
132414763
132414785
132428814
132454040
132454868
132483273
132499666
132511846
132526037
132555962
132584840
132617734
132618877
132648529
132661186
132678980
132692528
132723076
132754156
132766711
132777143
132784271
132812795
132836514
132836516
132840324
132846397
132860712
132876527
132876535
132880174
132889644
132908858
132938387
132961106
132969620
132975221
132992345
132992347
132992353
132992358
132992360
132992367
132992402
132992463
132992545
132992627
132992694
132992740
132992785
132992873
132992905
132992928
132992961
132992983
132992992
132993005
132993009
132993011
132993015
132993020
132993024
132993058
132993091
132993154
132993236
132993330
132993464
132993504
132993532
132993552
132993561
132993577
132993583
132993589
132993607
132993611
132995025
132996318
132996330
132996334
132996335
132996339
132996343
132996345
132997962
132997988
132998015
132998034
132998048
132998070
132998076
132998088
132998096
132998097
132998099
132998108
132998110
132998114
132998115
132998123
132998133
132998175
132998318
132998447
132998501
132998541
132998578
132998636
132998647
132998652
132998659
132998662
133000615
133001335
133001368
133001402
133001444
133001486
133001527
133001551
133001592
133001608
133001632
133001638
133003432
133003482
133003489
133003502
133003509
133003514
133003518
133003521
133003623
133003698
133003774
133003883
133003930
133004051
133004061
133004091
133004099
133004113
133004118
133006921
133006945
133006971
133006996
133007009
133007024
133007042
133007055
133007064
133007075
133008084
133008147
133008190
133008217
133008231
133008237
133008246
133009576
133009626
133009706
133009789
133009858
133009922
133009995
133010021
133010031
133010043
133010051
133010058
133010071
133010077
133010087
133010089
133010091
133010092
133010103
133010132
133010187
133010267
133010334
133010404
133010440
133010586
133010647
133010670
133010713
133010734
133010755
133024481
133054771
133084852
133093781
133111898
133143129
133169455
133189729
133200944
133230211
133237522
133254828
133276092
133280653
133283129
133305299
