64.347
61.152
63.210
61.514
62.449
62.008
61.524
64.260
62.889
61.662
66.222
62.725
62.293
62.349
65.541
65.893
78.843
88.442
71.375
68.590
69.975
69.302
73.201
62.118
65.325
66.171
66.146
65.625
70.646
67.922
68.196
58.151
60.930
59.827
59.090
64.317
59.147
72.940
72.302
72.890
73.150
79.159
72.812
73.147
73.844
73.405
75.775
78.761
71.743
72.298
74.115
72.957
77.424
82.653
77.178
60.260
60.096
74.523
61.356
65.124
63.433
63.697
62.498
64.058
61.391
62.201
60.885
64.139
62.533
42.641
64.350
59.609
61.457
65.179
61.491
60.591
59.630
67.104
66.652
70.731
62.492
61.196
62.886
69.628
66.830
69.727
61.868
63.856
62.743
63.720
61.258
64.950
63.079
60.627
