13.561
12.246
13.874
13.443
12.971
13.720
13.742
14.597
13.579
15.972
15.384
11.715
14.495
14.881
14.282
16.258
13.600
12.871
12.558
13.013
12.878
13.950
14.004
14.523
11.538
12.353
11.658
12.011
11.729
12.402
11.744
12.277
13.623
12.663
12.543
17.800
24.339
12.385
13.169
12.496
14.743
11.815
12.845
11.925
12.815
13.134
17.237
15.055
14.111
14.380
12.268
12.554
13.815
12.516
14.090
12.649
11.319
14.464
13.045
16.129
15.669
15.112
13.274
14.353
15.364
20.351
14.277
15.166
12.968
14.092
13.573
12.497
12.096
12.752
13.035
14.283
15.072
13.278
12.825
11.853
11.965
13.870
15.603
13.757
14.030
14.252
13.955
13.472
13.587
13.778
16.421
13.838
