12.978
13.029
13.233
11.834
21.099
12.216
4.821
11.239
9.934
9.927
11.914
16.343
13.856
13.005
12.350
14.504
13.339
18.786
13.024
12.752
12.833
14.645
13.856
14.182
12.748
12.505
12.169
12.685
14.630
14.252
15.854
1.359
14.055
14.093
13.010
13.274
13.697
13.070
13.678
13.154
13.238
14.103
14.868
13.784
14.060
13.553
15.218
13.418
13.360
13.451
13.399
13.749
14.245
15.076
13.806
24.049
13.657
13.207
14.090
12.280
13.374
13.479
14.775
13.930
14.986
12.055
13.587
13.768
12.067
13.000
14.007
12.970
15.258
14.358
15.284
16.627
13.732
16.227
16.195
15.040
13.670
13.857
15.163
15.137
14.557
14.517
15.138
14.817
13.330
16.274
14.599
15.954
16.049
15.222
15.172
15.577
16.172
14.081
14.280
13.505
14.458
17.844
15.219
14.757
