19.402
18.372
19.168
18.389
18.731
18.801
17.824
19.540
18.231
20.690
17.773
17.026
17.530
20.362
22.312
17.172
18.470
17.320
18.305
17.774
20.636
18.793
18.527
17.418
18.436
18.223
20.390
19.381
18.732
17.272
19.251
19.097
18.431
20.585
19.396
19.521
16.384
20.149
20.161
19.316
17.495
17.229
18.209
20.862
20.971
21.038
20.299
18.485
18.182
18.376
19.002
20.483
19.343
19.729
21.217
20.231
19.260
19.349
20.131
18.784
18.215
19.969
21.096
20.375
23.782
17.713
18.555
16.171
18.268
19.294
17.914
17.309
19.449
17.777
18.270
20.765
20.679
20.055
17.068
19.370
20.188
18.785
18.516
19.527
17.938
17.493
19.898
19.570
18.192
18.286
20.396
20.391
