125465443
125481034
125496251
125512677
125530270
125547557
125564211
125578495
125591025
125604494
125616812
125625152
125632207
125644975
125657615
125670057
125683898
125698269
125710865
125723337
125735746
125749230
125761850
125775457
125788723
125804474
125820659
125835248
125862746
125890466
125905479
125932247
125965471
125991123
126017168
126044138
126069176
126094648
126120330
126148385
126179247
126204107
126225025
126250455
126275664
126301009
126326227
126351665
126377456
126402637
126429011
126444285
126469919
126494980
126520197
126545323
126570777
126571245
126596918
126626818
126652648
126678535
126705823
126724134
126749447
126776279
126804466
126827826
126840335
126840557
126850295
126868252
126896709
126924830
126950891
126976204
127003092
127028834
127055243
127083391
127108511
127126427
127136858
127159868
127194853
127223679
127251606
127277299
127304569
127330065
127357205
127383359
127410808
127435969
127461951
127476382
127485339
127489985
127516357
127541782
127569352
127597961
127625314
127651282
127651806
127676771
127702119
