14.481
13.452
14.167
16.902
14.598
14.878
19.613
14.246
14.180
17.327
15.816
15.999
16.909
15.018
16.122
17.793
13.886
15.922
16.671
19.145
15.661
16.181
14.445
14.847
14.952
15.005
14.717
14.732
14.672
14.017
14.557
15.278
16.040
15.031
27.065
1.915
14.822
17.139
23.886
16.294
15.276
14.931
15.696
15.100
20.312
14.109
15.956
15.181
16.809
16.473
16.303
1.484
16.528
16.667
15.746
13.496
15.377
13.752
16.720
16.507
15.951
17.425
15.152
14.936
16.676
15.120
16.810
15.961
15.193
15.776
17.472
20.861
16.850
14.649
21.195
27.454
29.500
17.344
15.403
16.957
14.547
15.218
14.743
15.205
13.991
14.493
12.860
16.002
13.851
15.362
14.020
15.004
17.260
16.563
14.783
31.548
16.386
15.878
18.168
16.877
16.314
15.012
15.931
17.375
15.330
15.632
14.402
16.119
16.318
18.013
14.796
14.872
15.659
