13.421
13.794
12.782
16.068
12.805
13.727
13.575
15.370
13.312
13.142
14.242
12.432
13.983
13.488
12.642
13.873
15.169
13.579
14.725
13.923
14.234
13.510
13.029
13.549
13.238
13.969
13.372
12.459
13.119
14.612
14.922
13.524
13.383
12.961
17.893
14.669
15.600
13.845
14.268
13.533
12.957
13.921
15.098
13.583
13.997
12.929
13.980
15.098
14.274
13.643
12.290
13.251
13.835
13.581
12.797
14.728
13.354
15.445
14.017
13.196
13.181
15.931
13.121
13.632
13.201
14.693
18.895
28.657
15.900
15.006
14.557
25.333
13.508
14.001
14.442
16.306
13.236
13.306
13.872
14.273
13.340
13.300
14.305
15.268
14.186
13.890
16.025
13.945
14.950
13.648
14.603
14.764
15.042
13.892
14.841
12.829
12.796
13.705
13.838
13.108
13.172
13.748
13.850
14.400
14.418
17.832
13.803
