57.268
54.715
52.213
55.922
49.334
53.548
53.659
55.589
54.675
55.157
57.529
53.760
51.268
49.622
48.553
50.444
50.149
44.912
48.135
49.871
50.344
54.125
48.461
51.290
55.407
52.502
52.870
53.938
51.924
53.527
51.813
48.351
53.711
50.859
54.478
53.710
51.320
52.573
53.506
49.332
46.801
52.358
51.388
46.849
52.505
52.887
47.879
48.839
51.124
49.783
51.876
52.648
47.283
52.561
48.042
53.443
54.023
51.231
48.153
49.021
49.553
52.847
50.540
52.306
54.150
54.933
52.216
53.022
49.897
57.822
53.855
50.013
52.473
65.966
62.367
49.564
55.825
53.423
54.028
55.298
53.705
52.472
50.689
47.020
47.977
53.540
48.522
54.582
54.862
49.534
55.644
58.206
54.393
56.220
50.996
46.300
55.860
55.938
54.606
51.653
47.218
51.065
54.248
49.274
49.955
50.177
54.179
51.113
54.209
