16.369
17.153
16.777
17.591
15.835
17.155
19.069
16.498
18.880
18.725
17.562
16.868
15.923
16.423
16.147
18.465
15.915
18.596
15.947
16.683
16.181
17.185
15.481
19.875
16.858
16.257
17.399
16.821
21.431
17.442
18.686
17.633
17.580
16.690
18.019
17.166
17.229
17.189
15.851
18.167
18.048
18.552
17.324
16.509
17.049
17.624
20.427
17.233
18.267
16.223
15.712
15.161
16.056
18.070
18.154
17.056
17.168
17.780
18.589
17.209
18.380
15.900
17.156
15.673
18.693
20.393
17.761
17.696
18.605
16.784
18.275
18.155
17.923
17.443
18.134
16.793
19.107
18.204
20.590
18.103
18.491
18.765
20.102
18.502
19.469
20.762
19.697
17.925
17.832
18.094
18.926
18.003
18.007
18.097
17.477
19.544
18.736
19.582
17.398
17.499
18.853
