12.121
13.954
4.329
14.501
13.863
13.214
12.332
12.761
15.345
13.079
15.304
13.456
14.567
14.858
13.464
13.351
14.138
13.696
13.997
14.455
14.321
4.783
14.093
12.655
13.256
13.207
13.679
14.386
12.673
14.278
13.488
14.672
14.337
14.339
14.771
13.809
13.707
13.820
13.143
13.935
13.748
13.863
12.791
14.217
14.194
14.026
12.512
12.781
12.892
12.652
11.997
12.523
13.458
12.090
13.121
14.522
13.622
11.957
13.715
12.715
13.613
12.723
13.474
15.510
12.563
12.992
14.529
13.003
14.290
13.150
13.929
13.492
13.543
12.874
12.976
13.862
14.087
13.803
12.766
12.626
12.568
12.801
14.179
13.992
14.120
14.271
12.744
13.227
12.697
13.506
12.607
13.238
16.259
13.982
12.777
13.333
12.324
12.980
