76.824
78.309
85.660
66.693
65.404
65.412
71.691
74.340
85.092
73.018
77.852
68.102
68.934
66.859
76.758
82.622
75.039
77.586
77.033
69.674
65.428
65.558
65.936
68.645
70.236
66.004
73.825
62.277
67.534
62.473
64.366
66.753
69.256
69.829
71.645
67.136
65.289
66.523
83.878
64.084
82.255
72.436
85.668
78.904
80.161
64.812
68.687
69.793
70.197
74.223
81.853
84.642
79.210
68.827
64.631
66.268
68.592
73.638
75.088
74.307
76.923
69.761
69.050
64.428
67.896
73.130
70.251
74.082
74.435
71.286
67.538
70.852
72.082
66.494
70.534
77.255
71.574
83.383
82.282
67.668
73.491
71.740
77.751
66.843
73.343
92.024
69.750
74.751
65.991
62.350
62.218
62.540
