88876263
88877219
88877228
88877238
88877956
88877965
88877974
88878920
88878929
88878938
88879594
88879632
88879669
88880681
88880690
88880699
88881429
88881439
88881501
88882306
88882361
88882381
88883221
88883243
88883253
88884116
88884127
88884137
88884964
88884973
88885040
88885864
88885874
88885883
88886893
88886904
88886913
88887746
88887756
88887792
88888610
88888619
88888628
88889451
88889515
88889537
88890640
88890649
88890658
88891511
88891577
88891586
88892336
88892345
88892354
88893229
88893238
88893304
88894012
88894021
88894030
88894941
88894950
88894959
88895675
88895684
88895693
88896555
88896564
88896573
88897416
88897426
88897490
88898224
88898233
88898242
88899158
88899167
88899176
88899843
88899852
88899861
88900572
88900811
88900820
88900829
88901513
88901522
88901531
88901729
88902491
88902500
88902509
88903246
88903255
88903264
88904191
88904200
88904209
88904856
88904866
88904875
88905805
88905814
88905823
88906475
88906485
88906494
88907489
88907498
88907507
88908181
88908191
88908200
88909186
88909195
88909206
88909885
88909894
88909903
88910986
88910995
88911004
88911701
88911711
88911720
88912739
88912749
88912758
88913484
88913493
88913502
88914453
88914462
88914471
88915181
88915191
88915220
88916135
88916201
88916210
88916878
88916887
88916950
88917862
88917872
88917882
88918611
88918620
88918629
88919573
88919582
88919648
88920309
88920319
88920360
88921340
88921392
88921418
88922097
88922107
88922155
88923137
88923187
88923196
88923815
88923870
88923891
88924835
88924844
88924853
88925543
88925552
88925561
88926459
88926468
88926479
88927290
88927299
88927308
88928100
88928109
88928118
88928979
88928988
88928997
88929803
88929812
88929822
88930674
88930719
88931467
88931476
88931485
88932415
88932424
88932433
88933168
88933177
88933186
88934119
88934128
88934137
88934805
88934814
88934824
88935714
88935723
88935733
88936447
88936456
88936466
88937333
88937342
88937351
88938148
88938158
88938169
88939009
88939018
88939027
88939782
88939792
88939801
88940696
88940706
88940769
88941544
88941607
88941617
88941690
88942436
88942445
88942455
88943283
88943293
88943303
88943956
88943965
88943980
88944024
88944033
88944043
88944100
88944109
88944118
88944231
88944245
88944256
88944343
88944352
88944362
88944418
88944433
88944456
88944653
88944734
88944836
88944845
88944851
88944944
88944953
88944964
88945021
88945032
88945042
88945096
88945105
88945111
88945149
88945158
88945167
88945195
88945204
88945213
88945230
88945239
88945248
88945305
88945314
88945326
88945401
88945410
88945420
88945489
88945498
88945509
88945619
88945629
88945638
88945686
88945695
88945704
88946444
88946453
88946462
88947573
88947583
88947592
88948441
88948512
88948523
88949361
88949370
88949379
88950316
88950325
88950382
88951219
88951228
88951237
88952053
88952062
88952071
88953099
88953108
88953117
88954131
88954140
88954149
88955127
88955136
88955145
88956093
88956103
88956112
88956932
88956942
88956951
88957971
88957980
88958038
88958860
88958869
88958935
88959951
88959984
88960027
88960728
88960737
88960746
88961851
88961860
88961869
88962641
88962650
88962659
88963606
88963650
88963660
88964660
88964669
88964737
88965761
88965772
88965781
88966657
88966723
88966732
88967832
88967843
88967908
88968749
88968758
88968767
88969448
88969704
88969715
88969725
88970740
88970750
88970760
88971487
88971556
88971566
88972420
88972465
88972475
88973166
88973176
88973242
88974212
88974221
88974230
88974917
88974926
88974935
88975906
88975915
88975924
88976607
88976617
88976687
88977595
88977604
88977613
88978366
88978426
88978435
88979292
88979302
88979311
88980381
88980391
88980400
88981059
88981068
88981077
88982019
88982075
88982097
88982717
88982726
88982735
88983810
88983819
88983828
88984370
88984380
88984389
88985452
88985462
88985471
88986081
88986091
88986154
88986997
88987006
88987015
88987815
88987826
88987835
88988926
88988936
88988947
88989621
88989630
88989639
88990671
88990707
88990747
88991298
88991343
88991373
88992345
88992354
88992423
88992927
88992936
88992946
88993923
88993932
88993944
88994651
88994713
88994729
88995642
88995652
88995715
88996402
88996470
88996479
88997361
88997371
88997380
88998281
88998291
88998300
88999191
88999200
88999209
89000093
89000102
89000112
89001019
89001028
89001038
89001767
89001776
89001785
89002684
89002693
89002702
89003392
89003401
89003410
89004322
89004331
89004340
89005180
89005189
89005218
89006062
89006071
89006080
89006921
89006930
89006939
89007693
89007702
89007712
89008666
89008735
89008745
89009612
89009621
89009630
89009777
89010573
89010585
89010594
89011484
89011550
89011559
89012385
89012394
89012403
89013339
89013348
89013357
89014292
89014336
89014346
89015174
89015185
89015225
89016156
89016165
89016234
89017149
89017160
89017169
89017898
89017908
89017971
89018991
89019054
89019063
89019728
89019737
89019797
89020907
89020918
89020930
89021594
89021610
89021617
89022766
89022776
89022786
89023471
89023477
89023483
89024682
89024691
89024697
89025352
89025362
89025425
89026436
89026445
89026456
89027170
89027179
89027202
89028145
89028155
89028166
89028997
89029048
89029061
89029814
89029824
89029833
89030704
89030760
89030780
89031562
89031572
89031581
89032559
89032565
89032634
89033324
89033331
89033337
89034402
89034411
89034417
89035042
89035048
89035054
89036119
89036128
89036137
89036734
89036745
89036754
89037838
89037847
89037856
89038431
89038440
89038451
89039515
89039524
89039534
89040101
89040110
89040120
89041265
89041332
89041341
89041894
89041951
89041957
89043061
89043074
89043085
89043708
89043717
89043726
89044816
89044826
89044833
89045461
89045470
89045533
89046607
89046616
89046625
89047221
89047231
89047241
89048321
89048330
89048336
89048975
89049040
89049049
89050198
89050206
89050213
89050907
89050917
89050926
89051812
89052089
89052127
89052134
89052764
89052830
89052839
89053906
89053915
89053924
89054483
89054521
89054565
89055572
89055581
89056277
89057326
89057331
89058160
89059175
89059989
89060970
89061844
89061850
89062743
89071039
89071050
89084656
89084657
89093622
89093684
89093685
89093743
89093745
89093802
89093860
89093861
89093864
89093925
89093926
89093990
89093992
89094049
89094050
89094108
89094161
89094201
89094224
89094281
89094802
89096081
89096202
89096729
89096743
89097260
89097321
89097323
89097386
89097449
89097510
89097549
89097576
89097639
89097697
89097701
89097706
89097709
89097715
89097718
89097721
89097725
89097852
89097918
89098733
89099868
89100471
89100587
89100645
89100700
89100759
89100760
89100762
89100827
89100884
89100939
89100998
89101003
89101123
89101124
89101922
89101925
89101931
89101932
89101934
89101936
89101937
89101938
89102065
89102897
89102898
89102899
89102901
89102903
89102906
89102908
89102962
89103696
89103907
89103965
89104020
89104033
89104145
89104796
89104798
89104857
89105360
89105363
89105369
89105900
89106023
89106082
89106085
89106144
89106206
89106579
89106937
89107059
89108695
89108769
89108772
89108775
89108776
89110075
89110163
89110483
89110495
89110496
89110557
89110679
89110911
89111023
89111246
89111484
89111486
89111658
89111788
89112059
89112060
89112062
89112063
89112068
89112070
89112072
89116416
89137719
89146047
89180916
89201795
89201807
89201812
89201871
89201997
89221398
89225021
89228029
89269070
89272683
89311774
89311779
89312751
89312758
89312772
89312775
89312778
89313023
89356598
89363610
89363661
89363694
89363702
89363719
89363737
89363755
89363773
89363849
89363870
89365664
89365682
89365703
89365723
89365743
89365760
89365840
89367096
89367168
89367443
89367654
89367673
89367691
89367711
89367731
89391067
89392651
89401042
89434049
89444889
89484204
89510878
89524612
89564756
89570314
89583937
89584917
89584919
89584921
89584923
89584925
89585057
89585059
89585061
89585063
89585065
89585067
89585695
89585697
89585699
89585701
89585903
89585932
89585964
89585966
89585968
89585970
89588337
89588339
89588341
89588343
89588345
89588541
89588543
89588545
89588547
89588549
89588551
89590458
89590460
89590462
89590464
89590466
89604245
89617790
89639258
89644510
89644522
89685672
89685677
89700620
89727115
89727120
89753857
89753867
89768517
89768519
89768521
89768523
89768525
89778659
89788811
89793531
89793556
89793589
89793591
89793600
89793607
89793782
89793784
89793786
89793788
89793790
89794688
89794691
89794693
89794695
89794698
89794701
89796020
89796022
89796056
89796086
89796681
89796684
89796686
89796688
89796692
89796694
89797792
89797794
89798052
89798054
89798056
89798711
89798713
89798801
89798803
89798806
89798808
89798811
89801678
89801680
89801682
89801684
89801686
89801835
89801837
89801839
89801842
89801844
89801847
89803660
89803665
89803670
89803676
89803682
89803692
89803704
89803710
89803716
89803721
89803730
89806494
89806496
89806595
89806598
89806692
89806695
89806697
89806699
89806701
89806704
89807844
89808481
89808483
89808485
89808488
89808491
89808493
89809925
89809929
89809933
89809938
89809941
89811868
89811870
89811872
89813789
89813791
89813793
89813795
89813797
89813984
89813986
89813988
89813991
89813993
89813995
89817994
89833958
89833970
89836845
89836847
89849360
89864592
89875197
89875209
89885761
89885959
89904524
89904528
89912015
89913307
89913323
89913361
89913370
89913372
89913374
89914312
89914315
89914318
89914320
89915055
89917173
89917175
89917177
89917179
89917181
89917183
89945200
89945254
89981998
89982011
89982014
89982016
89982022
89982081
89982142
89982148
89982151
89982210
89982272
89982333
89982336
89982455
89982518
89982523
89982584
89982593
89982598
89982602
89982606
89982608
89982611
89982614
89982644
89982690
89982748
89982802
89985470
89985478
89989484
89989486
89989490
89989493
89989496
89989505
89989506
89989510
89989517
89989521
89989581
89989613
89989651
89989713
89989770
89989832
89989895
89989951
89990011
89990077
89990201
89990265
89990267
89990327
89994152
89994220
89994322
89994349
89994409
89995358
89995419
89995486
89995540
89995542
89995604
89995667
89995732
89995791
89995906
89995907
89998233
89998234
89998334
89998365
89998429
89998486
89998549
89998554
89998668
89998730
89998789
89998847
89998853
89998918
89998974
89999158
89999216
89999277
89999281
89999289
90003249
90003251
90003254
90003321
90003380
90003385
90003484
90003486
90003546
90003550
90004935
90004940
90004943
90004949
90004953
90004955
90007567
90007625
90007686
90007687
90007748
90007808
90007875
90008166
90008293
90008411
90008414
90008422
90008425
90008426
90008430
90008432
90008434
90008436
90008437
90008442
90008444
90008511
90008569
90008573
90008634
90008759
90008798
90008822
90027031
90027042
90055911
90067934
90067943
90103100
90104316
90104327
90141096
90141171
90175660
90176917
90176918
90183264
90183279
90187367
90196165
90204770
90213703
90219773
90219784
90219849
90219917
90227394
90227399
90239077
90276763
90276782
90305540
90305874
90306926
90309686
90310887
90311012
90316168
90317815
90318027
90326778
90326791
90336925
90336927
90344282
90344295
90344324
90344700
90344719
90344750
90345393
90345397
90345518
90345519
90345520
90352707
90352766
90352884
90352887
90352888
90353674
90353675
90353787
90353788
90354137
90354455
90354765
90354871
90354875
90354882
90355070
90355188
90355464
90355498
90356040
90356044
90356168
90356169
90356170
90356618
90356747
90356949
90356996
90357018
90379555
90379570
90421375
90421377
90421379
90421381
90421383
90421385
90421481
90421483
90421485
90421490
90421495
90422971
90422980
90422987
90422996
90423013
90423049
90425400
90425405
90425569
90425574
90425582
90425591
90428731
90428734
90428738
90428742
90428745
90428752
90429138
90429144
90429152
90429160
90429168
90429173
90435472
90435474
90435476
90435478
90435480
90435482
90435842
90435844
90435846
90435849
90435851
90435853
90435957
90435963
90435966
90435971
90435976
90437051
90437081
90437942
90437950
90437984
90438213
90438215
90438217
90438219
90438221
90441177
90441187
90441192
90441200
90441205
90441212
90442010
90444053
90444062
90444065
90444069
90444073
90444075
90444292
90444294
90444296
90444298
90444300
90444302
90447829
90447831
90447833
90447836
90447838
90447840
90449810
90449814
90449824
90449830
90449839
90449843
90450212
90450216
90450221
90450223
90450231
90450259
90452924
90452928
90452960
90452984
90452986
90452988
90455537
90455539
90455541
90455543
90455545
90455548
90456820
90456822
90457375
90457381
90457388
90457394
90457401
90457405
90460059
90460062
90460065
90460315
90460318
90460405
90460407
90460409
90460411
90462975
90462977
90462979
90462981
90462983
90462985
90464618
90464628
90464637
90464645
90464650
90464659
90465045
90465053
90465085
90465117
90465124
90465132
90467683
90467685
90467688
90467690
90467692
90469715
90469717
90469748
90469750
90469752
90469754
90469756
90469758
90470340
90470346
90470449
90470455
90470462
90470466
90470473
90470480
90471897
90471900
90471906
90471908
90471912
90471916
90472029
90472031
90472062
90472064
90472568
90472574
90472866
90472874
90472879
90472885
90472891
90473827
90473831
90473835
90473838
90473841
90473845
90474769
90474771
90474773
90474862
90474864
90474866
90474868
90474870
90474874
90475888
90475894
90475900
90475908
90475912
90475919
90476891
90476896
90476900
90476902
90476904
90476907
90477018
90477020
90477022
90477024
90477026
90477028
90477928
90477930
90477932
90477934
90477936
90477938
90478569
90478576
90478582
90478588
90478606
90478647
90480623
90480627
90480696
90480726
90480764
90480768
90480772
90480777
90480935
90480951
90481821
90481824
90481826
90481829
90481831
90484301
90484303
90484335
90484337
90488155
90488157
90488159
90488161
90488163
90488165
90488255
90488257
90488259
90488261
90488263
90488265
90490561
90490565
90490568
90490571
90490575
90490577
90493097
90493099
90493101
90493105
90493107
90493305
90493307
90494907
90494911
90494920
90494923
90494950
90494991
90495388
90495397
90497849
90497852
90497967
90497970
90497974
90497978
90497981
90497985
90498195
90498197
90498199
90498201
90498203
90498205
90500694
90500696
90500783
90500785
90501306
90501311
90501318
90501324
90501988
90501994
90502075
90502081
90502085
90502088
90502092
90502099
90503020
90503022
90503024
90503026
90503891
90503893
90503895
90503983
90503985
90504016
90504018
90504020
90504022
90504024
90504026
90504832
90504839
90504917
90504923
90504930
90504935
90504939
90504942
90505865
90505867
90505869
90505871
90505873
90505875
90506704
90506707
90506709
90506711
90506713
90506715
90507346
90507353
90507467
90507476
90507486
90507493
90507503
90507510
90508505
90508508
90508511
90508514
90508615
90508617
90508619
90508621
90508623
90508625
90509921
90509924
90509926
90509928
90509930
90509932
90511702
90511710
90511714
90511736
90511773
90511794
90512172
90512175
90514573
90514577
90514581
90515618
90515620
90515622
90515624
90515626
90515628
90519546
90519548
90519550
90519595
90519597
90519599
90519601
90519603
90519605
90521165
90521170
90521176
90522007
90522009
90522011
90522387
90522395
90522403
90522411
90522470
90522476
90522486
90523928
90524522
90524608
90525277
90525279
90525282
90525343
90525345
90525347
90526848
90526851
90526853
90526855
90526857
90526859
90529451
90529453
90529455
90529457
90529459
90529461
90531124
90531131
90531140
90531167
90531202
90531217
90531582
90531586
90534073
90534078
90535172
90535174
90535177
90535179
90535302
90535322
90535361
90535464
90535466
90535468
90537942
90537944
90537976
90537981
90538020
90538039
90538041
90538043
90539425
90539427
90539429
90539431
90539433
90540123
90540128
90540132
90540135
90540137
90540139
90542685
90542687
90542689
90542691
90542693
90542695
90545300
90545302
90545304
90545306
90545308
90545347
90545564
90545566
90545568
90545570
90545572
90545574
90547378
90547399
90547418
90547602
90547608
90547613
90547616
90547618
90547620
90550167
90550169
90550171
90550173
90550175
90550177
90552753
90552756
90552759
90552761
90552763
90552765
90554518
90554523
90554540
90554571
90554587
90554609
90554982
90554988
90554993
90557594
90557598
90557600
90557603
90557606
90557612
90557820
90557822
90557824
90557826
90557828
90557846
90560430
90560432
90560434
90560436
90560438
90560440
90562234
90562259
90562268
90562279
90562286
90562295
90564958
90564990
90565025
90565028
90565032
90565034
90565356
90565358
90565360
90566900
90566903
90566906
90566909
90566912
90566915
90568469
90568471
90568491
90568535
90568537
90568539
90569994
90569996
90569998
90570000
90570002
90570004
90573283
90573324
90573335
90573338
90573470
90573472
90573474
90576979
90576981
90577011
90577013
90577030
90577067
90577079
90577081
90578738
90578744
90579051
90579058
90579062
90579258
90579263
90579271
90579274
90579280
90579283
90581887
90581902
90581978
90581980
90581982
90581984
90581988
90584469
90584471
90584501
90584532
90584652
90584654
90584656
90584658
90584660
90584662
90585000
90585075
90587736
90587744
90587751
90587755
90587762
90587768
90590617
90590621
90590721
90590724
90590726
90590730
90590732
90590735
90593193
90593195
90593197
90593408
90593410
90593412
90593414
90593416
90593418
90595409
90595416
90595422
90595432
90595438
90596603
90596609
90596711
90596714
90596717
90596720
90596725
90596728
90598479
90598481
90598483
90598485
90598488
90601017
90601020
90601035
90601073
90602199
90602201
90602203
90602205
90602207
90602209
90602978
90602991
90605445
90605452
90605455
90605458
90605460
90605467
90605697
90605699
90608030
90608037
90609325
90609327
90609329
90609331
90609334
90612671
90612698
90612714
90612718
90612730
90612738
90613103
90613107
90613111
90615822
90615850
90615853
90615856
90615858
90615860
90616100
90616102
90616104
90616106
90616108
90616110
90618792
90618794
90618796
90618894
90618896
90618898
90618900
90620827
90620833
90620839
90620842
90620850
90620855
90623456
90623467
90623553
90623556
90623558
90623561
90623563
90623594
90626167
90626169
90626171
90626260
90626262
90626264
90626266
90626268
90626270
90627383
90627401
90627439
90627446
90627449
90627451
90629387
90629390
90629392
90629418
90629454
90629456
90631097
90631099
90631101
90631104
90631106
90632057
90632059
90632061
90632063
90632065
90634671
90634673
90634675
90634677
90634692
90634734
90637729
90637758
90637790
90637794
90637798
90637964
90637967
90637997
90637999
90638001
90638003
90638005
90638007
90641568
90641571
90641573
90641575
90641745
90641747
90641749
90641751
90641753
90641755
90643783
90643790
90643794
90643953
90643956
90643961
90644780
90644802
90646485
90646490
90646492
90646494
90646499
90646501
90649127
90649130
90649132
90649357
90649396
90649426
90649428
90649431
90649433
90649445
90649484
90650410
90650475
90650483
90651378
90651387
90651394
90651399
90651407
90651413
90655624
90655627
90655629
90655631
90655633
90655636
90658407
90658409
90658411
90658613
90658615
90658648
90658699
90658712
90658714
90658716
90658718
90661033
90661039
90661121
90661160
90661162
90661165
90661168
90661171
90663940
90663942
90663944
90663946
90663948
90663950
90666547
90666549
90666551
90666553
90666555
90666557
90667976
90667978
90667980
90667982
90667984
90667986
90668862
90668867
90668872
90670068
90670070
90670163
90670165
90671560
90671562
90671654
90671656
90671658
90671660
90671662
90674336
90674338
90674424
90674426
90674428
90674430
90674432
90674434
90675772
90675774
90675776
90675779
90675781
90675820
90676854
90676858
90676863
90676866
90678131
90678133
90678135
90678137
90678139
90678141
90679626
90679628
90680656
90680658
90680660
90680662
90680664
90680666
90681415
90681420
90681931
90682044
90683650
90683655
90683862
90683945
90683980
90684009
90684014
90684020
90684027
90684032
90684039
90684401
90684403
90684407
90684410
90684412
90684596
90684598
90684713
90684714
90684715
90687895
90687897
90687899
90687902
90687904
90687906
90689531
90689533
90689535
90690723
90690725
90690727
90868741
90868743
90868745
90869748
90870406
90870895
90870958
90870975
90871024
90871025
90871088
90871147
90871183
90871215
90871276
90873332
90873397
90873453
90873514
90873575
90873640
90876869
90876932
90876934
90876993
90877048
90877050
90877168
90877230
90877308
90877477
90877726
90877779
90877943
90878009
90878013
90878069
90878126
90878190
90878191
90878306
90878365
90878479
90878481
90878482
90903150
90903175
90927093
90927095
90927586
90927597
90927605
90936568
90936590
90983168
90983186
91051491
91051569
91056235
91073534
91108670
91108718
91112197
91116330
91121341
91121357
91121368
91121385
91121401
91121785
91121802
91121819
91121835
91129708
91129736
91148899
91151833
91151861
91154266
91173923
91173947
91197247
91197275
91212654
91218500
91218526
91220297
91220483
91223060
91223067
91223131
91223176
91223190
91223192
91223193
91223256
91245268
91245274
91293915
91293946
91334581
91334583
91334584
91335566
91335567
91335569
91335947
91336105
91336566
91336623
91336744
91336766
91336850
91337106
91337131
91337478
91337523
91337664
91337666
91337668
91341457
91341459
91341849
91341868
91341956
91403918
91404003
91444961
91444987
91495847
91495873
91498379
91509420
91509421
91509422
91509423
91511570
91512890
91512891
91512892
91519309
91519311
91519538
91519539
91519595
91522473
91522526
91528215
91528216
91528217
91528218
91528333
91528366
91530601
91530611
91530613
91530617
91553245
91553277
91576668
91576700
91605418
91605450
91624288
91624321
91630686
91640528
91640529
91640839
91640850
91640862
91642863
91643369
91643401
91643741
91656271
91662154
91662155
91662157
91662220
91662290
91662392
91662460
91662578
91662708
91662813
91662906
91662917
91662980
91663049
91663053
91663056
91663058
91663063
91663066
91663069
91663072
91663075
91663078
91663083
91663137
91663198
91663291
91663388
91665496
91665536
91667924
91667927
91667928
91667931
91667933
91667992
91668055
91668057
91668061
91668063
91668124
91668183
91668192
91668233
91668405
91668526
91668675
91668746
91670359
91670361
91670366
91670368
91670371
91670375
91670387
91670431
91670497
91670553
91670626
91670678
91670716
91670742
91670761
91670764
91670767
91670769
91670773
91670774
91670779
91670781
91670786
91670789
91670808
91670844
91670905
91674351
91674357
91675036
91675086
91675136
91675153
91675163
91675164
91675165
91675171
91675173
91675182
91675184
91676280
91676281
91676283
91676285
91676286
91676289
91676290
91676308
91676418
91676480
91676540
91676591
91676631
91676633
91676637
91676638
91676639
91676641
91676643
91678540
91678541
91678544
91678546
91678548
91678549
91678551
91678554
91678574
91678621
91679347
91679348
91679351
91679354
91679356
91679358
91680551
91680553
91680555
91680557
91680558
91680559
91680561
91680564
91680592
91680763
91680875
91680900
91680902
91680903
91680906
91680909
91680911
91680913
91680914
91680916
91680918
91680919
91680921
91680923
91680942
91680986
91681054
91681581
91681850
91682045
91682106
91682109
91682112
91682128
91682159
91682270
91682601
91682602
91682619
91682620
91682622
91683125
91683385
91683387
91683389
91683391
91683392
91683411
91683418
91683480
91685704
91685708
91685713
91685716
91685720
91685731
91685734
91685739
91685748
91685753
91685783
91692039
91692040
91692051
91692053
91692058
91692060
91692061
91692065
91692067
91692072
91692421
91692423
91692430
91692431
91692433
91692436
91692437
91692438
91692440
91692442
91693239
91693277
91697945
91697989
91698316
91698319
91698321
91698325
91698328
91698331
91698332
91698334
91698694
91698696
91698714
91698737
91698770
91698808
91698843
91698936
91698949
91698982
91699094
91699126
91699384
91699385
91699386
91699388
91699389
91699390
91699391
91699392
91699707
91699733
91699745
91699747
91699749
91699750
91699751
91699754
91699755
91699756
91714619
91714725
91715168
91715224
91715230
91715285
91715287
91715346
91715404
91715406
91717742
91717746
91718043
91718069
91718081
91718089
91718091
91718096
91718098
91718100
91720476
91720481
91720492
91720494
91720496
91720498
91720502
91720506
91720508
91720509
91720817
91720909
91720931
91720933
91720935
91720939
91720942
91720945
91720946
91720949
91720962
91720994
91721037
91721792
91721795
91726591
91735444
91735476
91735724
91735725
91749990
91749991
91749992
91749995
91753565
91753608
91754865
91761975
91761976
91761977
91761978
91761979
91792867
91792925
91806518
91806524
91806535
91810225
91818871
91818909
91874616
91874658
91889926
91890071
91890409
91890410
91890471
91890472
91890476
91890771
91890772
91890773
91930689
91930725
91988389
91988480
92040388
92040427
92080051
92087428
92087468
92118096
92118142
92126154
92126156
92126488
92126505
92126513
92126520
92126523
92126529
92126530
92126531
92127278
92127298
92127299
92127300
92127337
92139659
92139720
92174431
92185196
92185288
92243762
92243798
92287730
92287770
92319816
92319825
92320237
92339436
92339477
92369184
92369186
92369188
92369190
92369194
92369197
92369200
92369261
92369321
92369326
92369333
92369337
92369341
92369466
92369528
92369532
92369592
92369604
92369618
92369624
92369630
92369639
92369648
92369711
92369873
92369876
92369881
92369889
92370410
92370424
92370673
92370676
92370679
92370681
92370682
92370687
92370690
92370692
92370697
92370701
92370702
92370706
92370708
92370709
92370721
92370723
92370732
92370734
92370923
92370926
92370928
92370929
92370931
92370935
92370940
92370943
92370963
92370982
92370986
92370993
92370998
92371000
92371003
92371005
92371008
92371010
92371012
92371016
92371024
92371026
92371029
92371032
92371046
92371051
92371052
92372598
92372603
92373661
92373728
92373800
92373857
92373899
92373923
92373942
92373959
92373962
92373967
92373970
92375856
92375857
92375860
92375862
92375863
92375864
92375866
92375867
92375885
92376009
92376115
92376210
92376292
92376401
92376444
92376468
92376469
92376471
92376473
92376476
92381350
92381352
92381414
92381474
92381540
92381565
92381601
92381661
92381662
92381665
