88901732
88941695
88969453
89009771
89051816
89098734
89116418
89146049
89180921
89221400
89269069
89313018
89356597
89401043
89444884
89484209
89524613
89564758
89604248
89644516
89644517
89685670
89685678
89727116
89727122
89753860
89753868
89797790
89797800
89833955
89833964
89836841
89836856
89875203
89875210
89904517
89904533
89945207
89945255
89985472
89985483
90027027
90027041
90067931
90067939
90104313
90104330
90141095
90141169
90183263
90183270
90227386
90227397
90276768
90276785
90326777
90326792
90379553
90379577
90437052
90437074
90480934
90480954
90524526
90524607
90584996
90585080
90644785
90644806
90706322
90706336
90750230
90750258
90803017
90803045
90856708
90856738
90903154
90903177
90936574
90936599
90983163
90983190
91051499
91051573
91108673
91108732
91129711
91129733
91151839
91151862
91173929
91173952
91197249
91197269
91218497
91218519
91223055
91223071
91245263
91245270
91293909
91293952
91337109
91337136
91403922
91404002
91444960
91444984
91495848
91495871
91528335
91528363
91553255
91553275
91576675
91576704
91605415
91605459
91624284
91624319
91643368
91643406
91665497
91665529
91693247
91693285
91720996
91721040
91753563
91753602
91792873
91792923
91818872
91818913
91874612
91874653
91930687
91930729
91988388
91988483
92040387
92040426
92087429
92087470
92118091
92118144
92139663
92139712
92185193
92185297
92243754
92243801
92287724
92287772
92319820
92319829
92339438
92339476
92370409
92370422
