17.798
17.270
42.128
17.257
18.366
16.256
17.366
17.835
17.830
15.874
16.133
42.397
18.112
17.986
20.462
22.627
19.492
19.888
18.391
18.978
18.158
18.303
17.146
16.910
19.148
18.652
18.218
17.617
18.361
16.111
16.654
15.831
18.571
17.318
17.971
19.134
19.524
17.564
17.296
17.225
17.083
17.973
17.387
16.678
22.445
5.117
9.945
36.898
10.046
17.649
16.907
20.368
18.510
16.597
16.311
16.425
18.246
17.363
18.244
16.871
17.243
17.404
16.865
19.167
19.338
16.933
16.636
15.897
15.976
16.684
16.526
16.183
17.037
18.566
16.872
18.157
17.162
17.834
19.027
14.975
14.370
17.315
17.854
16.517
17.066
16.893
17.503
17.478
18.046
18.982
20.524
48.918
22.345
19.677
19.809
24.010
48.805
123.945
17.885
18.160
4.911
20.156
16.971
17.413
17.000
17.553
17.571
18.709
18.445
51.238
24.710
24.730
17.775
17.695
16.955
17.713
17.456
16.566
18.174
17.331
24.433
24.157
18.067
18.121
17.855
17.258
17.374
16.493
16.629
16.713
22.732
22.295
23.242
16.771
18.764
19.279
19.310
17.413
17.244
15.913
55.357
17.072
15.609
17.922
18.965
17.653
17.104
18.912
19.663
17.179
18.353
17.473
17.242
