12.966
17.653
13.476
13.775
13.466
13.766
12.688
13.265
14.190
12.977
14.323
15.414
12.725
13.986
13.989
14.234
13.136
13.481
14.463
14.360
13.698
13.689
12.881
15.210
12.625
12.733
12.597
12.399
12.004
12.197
13.764
13.138
13.472
12.112
14.049
12.954
13.403
13.360
13.880
12.421
12.880
11.934
13.840
13.002
13.131
13.505
12.811
14.192
14.993
16.136
12.792
12.491
12.863
13.434
12.294
12.258
13.124
14.261
13.497
14.941
14.218
12.748
12.481
14.523
12.819
11.857
18.215
7.949
8.187
41.582
10.453
12.451
13.437
18.087
14.529
12.189
12.045
12.818
12.716
13.826
15.060
15.393
14.264
13.303
12.914
12.827
13.004
13.396
12.628
14.092
13.902
13.677
13.852
13.032
12.811
30.800
17.183
12.777
13.073
12.839
13.638
12.907
11.936
13.261
13.377
13.921
16.146
14.700
13.715
12.834
14.351
3.905
12.697
12.522
13.572
12.272
13.606
13.467
13.454
13.726
12.693
13.226
12.293
12.529
13.740
13.947
12.817
13.259
14.179
12.498
12.550
13.646
13.170
12.669
13.529
12.323
12.395
12.494
14.055
14.160
16.655
17.436
19.999
15.559
13.734
14.140
13.605
12.577
13.440
13.059
13.571
14.449
13.635
14.804
13.215
13.700
15.208
14.715
13.020
14.292
13.139
12.947
