76.123
71.660
76.434
85.904
73.711
74.929
72.239
75.385
197.067
83.441
74.629
68.418
71.994
70.438
71.796
72.599
69.911
75.243
78.286
76.298
73.869
72.419
68.912
71.996
71.317
74.263
71.450
68.498
69.737
70.106
71.251
67.708
67.948
69.534
69.157
80.442
232.015
67.458
67.268
69.679
69.457
72.799
70.596
71.187
72.216
78.197
76.615
81.599
79.872
75.591
74.606
69.286
71.191
71.244
72.697
72.147
73.896
84.933
85.574
77.738
78.140
57.795
69.284
71.782
74.127
47.341
89.176
9.105
37.385
42.881
69.788
68.638
75.373
72.949
71.844
69.377
75.743
73.533
65.937
66.501
68.148
65.407
69.551
73.249
68.213
67.166
69.755
68.145
73.444
73.993
66.485
67.401
69.182
68.896
67.322
71.674
68.886
67.259
70.892
70.320
75.229
73.668
50.365
45.428
71.046
72.264
66.656
66.626
65.448
65.465
74.855
76.533
67.716
72.086
68.990
71.764
65.991
68.636
176.291
68.872
68.867
67.535
64.009
66.090
67.421
70.439
69.445
72.166
72.901
69.819
67.210
69.426
70.117
72.018
71.391
69.148
69.897
66.563
73.265
71.454
76.814
70.648
68.776
70.894
69.798
73.324
72.178
84.920
81.805
80.814
76.551
74.540
75.997
70.906
69.198
69.821
69.411
71.083
72.498
68.721
68.857
72.750
76.666
73.464
71.599
71.413
71.845
69.516
69.660
