30.303
31.115
37.630
34.678
30.824
30.135
29.589
32.797
30.369
31.054
30.448
30.785
29.603
31.338
30.746
32.947
31.982
33.409
30.997
32.412
32.706
32.923
32.872
29.222
28.690
29.225
29.273
30.639
29.831
30.826
29.593
31.555
30.866
29.760
30.279
29.563
32.334
29.196
29.085
28.566
30.629
30.003
30.342
29.344
32.324
33.128
34.731
34.440
31.305
29.508
28.983
30.617
35.311
26.432
31.506
31.834
29.506
27.820
29.239
28.465
26.469
28.084
26.920
27.292
26.676
27.383
30.092
30.403
29.419
28.343
28.731
28.801
27.133
26.542
27.448
27.024
25.599
25.975
27.323
26.139
28.086
29.744
28.212
27.783
27.587
28.958
26.961
26.943
28.869
29.692
28.612
27.903
29.798
28.807
30.628
29.942
28.410
28.951
28.659
26.962
27.699
28.470
27.451
27.152
31.572
33.828
28.819
29.748
28.266
29.495
26.212
27.175
25.269
27.621
28.835
28.558
28.151
28.033
28.191
27.929
28.940
29.009
27.029
28.457
27.388
27.484
28.821
28.223
28.570
29.101
27.487
27.461
28.639
28.071
28.092
27.252
28.391
28.732
32.144
33.277
34.118
30.884
30.170
29.820
27.236
28.381
27.909
27.761
28.080
26.995
27.258
28.998
28.487
27.883
21.171
20.923
20.031
21.026
19.888
19.589
