63.432
70.187
72.157
82.428
70.379
76.036
66.161
67.939
65.469
75.442
80.200
73.052
73.935
72.844
67.826
63.526
63.693
64.062
66.763
68.377
62.509
71.896
60.465
66.095
60.627
62.490
64.902
67.137
66.933
68.284
65.726
63.384
64.648
82.025
64.084
80.983
72.436
84.353
74.979
78.791
63.007
66.795
67.039
70.263
66.962
77.796
82.633
80.774
73.331
75.729
66.041
62.197
62.482
79.398
80.379
81.806
83.151
79.855
68.210
68.010
69.574
70.024
74.035
81.678
84.420
79.241
68.657
64.455
66.557
68.419
73.409
74.885
74.075
76.712
69.469
68.829
64.213
67.716
72.954
70.079
73.913
74.163
69.753
70.964
68.409
72.248
75.177
74.488
70.019
66.312
66.782
70.859
77.024
71.525
77.572
75.750
91.942
80.344
85.303
67.616
67.438
66.633
73.143
62.450
62.736
67.497
67.283
64.613
70.400
65.337
63.988
66.642
68.578
