12.112
12.539
15.084
12.909
15.077
13.227
14.283
14.705
13.304
13.192
13.850
13.463
13.838
14.300
14.162
4.783
13.941
12.491
13.094
13.035
13.517
14.163
12.471
14.068
13.245
14.515
14.043
14.070
14.546
13.597
13.539
13.606
12.919
13.762
13.573
13.701
12.791
14.074
14.194
13.927
12.406
12.672
12.674
12.428
11.778
12.290
13.244
11.991
12.883
14.296
13.448
11.699
13.557
12.493
13.380
12.490
13.300
15.342
13.365
12.591
13.216
12.773
13.103
13.027
13.364
14.815
13.608
12.687
12.525
13.467
12.627
12.434
13.170
14.200
13.472
13.782
13.094
13.338
12.459
12.697
13.346
12.946
13.490
13.505
6.647
13.125
14.171
12.616
13.382
12.404
13.041
12.848
13.005
12.318
12.513
12.745
13.247
12.495
12.813
12.945
