97834961
97834974
97834975
97834986
97834993
97835003
97835032
97835237
97835454
97835519
97835520
97835530
97835542
97835543
97835559
97835603
97835618
97835687
97835700
97836953
97836967
97836991
97837219
97837441
97837509
97837519
97837520
97837522
97837523
97837524
97837525
97837535
97837542
97837554
97837566
97837581
97837585
97837593
97838901
97838916
97838935
97838945
97839014
97839288
97839457
97839498
97839507
97839523
97839535
97839567
97839607
97839619
97839811
97840058
97840070
97840146
97840147
97841240
97841426
97841474
97841476
97841493
97841507
97841516
97841523
97841533
97841544
97841722
97841743
97841756
97841969
97842103
97842108
97842164
97842166
97843250
97843276
97843278
97843285
97843290
97843296
97843297
97843304
97843408
97843428
97843631
97843648
97843859
97843915
97843916
97843924
97843931
97843936
97843942
97845156
97845157
97845161
97845168
97845170
97845178
97845187
97845190
97845191
97845193
97845257
97845265
97845511
97845524
97845689
97845694
97845719
97845720
97845721
97846455
97846456
97846493
97846721
97846928
97846980
97846991
97847000
97847002
97847003
97847015
97847025
97847033
97847035
97847046
97847223
97847457
97847550
97847560
97848265
97848278
97848285
97848287
97848296
97848304
97848431
97848720
97848732
97848839
97848847
97848861
97848910
97848921
97848980
97848994
97849000
97849001
97849913
97850077
97850084
97850098
97850100
97850108
97850119
97850127
97850137
97850138
97850150
97850151
97850192
97850426
97850619
97850669
97850670
97850779
97850787
97851999
97852000
97852007
97852016
97852028
97852029
97852038
97852041
97852085
97852094
97852366
97852547
97852555
97852590
97852598
97852604
97852614
97852621
97852622
97853721
97853807
97853816
97853825
97853835
97853836
97853847
97853849
97853859
97853869
97853965
97854219
97854373
97854384
97854404
97854412
97854444
97854445
97854455
97855096
97855097
97855167
97855418
97855598
97855646
97855656
97855667
97855680
97855693
97855701
97855718
97855907
97856166
97856175
97856249
97856268
97856316
97856389
97857158
97857174
97857427
97857436
97857577
97857606
97857621
97857635
97857636
97857648
97857663
97857666
97857688
97857762
97858099
97858282
97858325
97858337
98013012
98013019
98013020
98013021
98013131
98013376
98013385
98013402
98013413
98013525
98013536
98013544
98013552
98013562
98013569
98013576
98013577
98013647
98013895
98014834
98015076
98015205
98015228
98015236
98015245
98015254
98015262
98015272
98015311
98015577
98015758
98015818
98015825
98015826
98015833
98015844
98015854
98015862
98017022
98017036
98017039
98017053
98017054
98017055
98017064
98017126
98017137
98017387
98017543
98017592
98017606
98017607
98017620
98017630
98017643
98017652
98017678
98018834
98018849
98018866
98018877
98018958
98019236
98019390
98019424
98019437
98019445
98019455
98019463
98019472
98019473
98019502
98019707
98019919
98019997
98021078
98021119
98021125
98021127
98021134
98021144
98021146
98021160
98021172
98021189
98021388
98021609
98021692
98021702
98021707
98021714
98021715
98021719
98021726
98022842
98022843
98022851
98022856
98022865
98022878
98022923
98022935
98023171
98023187
98023354
98023397
98023408
98023409
98023414
98023421
98023429
98023436
98023452
98024557
98024564
98024570
98024571
98024579
98024580
98024659
98024911
98025068
98025093
98025101
98025108
98025114
98025122
98025130
98025149
98025355
98025562
98025570
98026293
98026298
98026388
98026634
98026793
98026813
98026818
98026826
98026835
98026841
98026849
98026850
98026878
98027098
98027305
98027358
98027372
98027380
98027381
98028455
98028461
98028470
98028477
98028479
98028485
98028487
98028488
98028493
98028523
98028741
98028944
98028994
98029003
98029008
98029014
98029020
98029021
98029029
98030119
98030120
98030122
98030136
98030143
98030156
98030164
98030173
98030174
98030179
98030181
98030183
98030184
98030315
98030563
98030577
98030693
98030703
98030715
98031847
98031861
98031873
98031874
98031885
98031892
98031984
98032236
98032389
98032416
98032425
98032433
98032442
98032453
98032461
98032497
98032748
98032954
98033020
98033613
98033620
98033630
98033636
98033637
98033646
98033751
98034002
98034142
98034158
98034163
98034167
98034173
98034175
98034185
98034206
98034242
98034473
98034663
98035315
98035322
98035324
98035325
98035334
98035344
98035507
98035527
98747038
98748780
98748832
98748836
98749300
98845838
98845847
98845853
98845860
98845861
98845892
98846117
98846329
98846338
98846342
98846413
98846418
98846453
98846488
98846506
98846512
98846523
98846536
98847542
98847645
98847649
98847685
98847725
98847756
98847763
98847774
98847783
98847785
98847891
98848137
98848293
98848319
98848335
98848363
98848394
98848407
98849672
98849681
98849682
98849691
98849701
98849769
98849784
98850032
98850196
98850252
98850257
98850295
98850333
98850369
98850373
98850387
98850396
98850397
98851341
98851534
98851545
98851581
98851620
98851656
98851692
98851696
98851740
98851767
98851768
98851785
98852006
98852241
98852322
98852333
98852344
98853163
98853408
98853575
98853581
98853589
98853611
98853615
98853620
98853629
98853636
98853637
98853647
98853648
98853680
98853911
98854115
98854123
98854202
98854867
98854874
98854981
98855226
98855238
98855367
98855411
98855446
98855449
98855481
98855505
98855506
98855516
98855521
98855581
98855828
98855842
98856005
98856754
98856791
98856800
98856811
98856969
98857214
98857222
98857313
98857323
98857335
98857345
98857355
98857364
98857370
98857438
98857685
98857854
98857859
98858734
98858982
98859098
98859131
98859174
98859216
98859254
98859257
98859287
98859289
98859301
98859376
98859386
98859681
98859866
98859904
98859927
98859936
98861045
98861148
98861156
98861161
98861167
98861169
98861176
98861177
98861184
98861185
98861192
98861283
98861542
98861715
98861764
98861796
98861798
98861820
98862714
98862965
98863093
98863097
98863145
98863148
98863187
98863207
98863212
98863223
98863226
98863247
98863384
98863406
98863673
98863806
98863844
98863866
98864756
98864803
98865034
98865260
98865264
98865327
98865350
98865372
98865398
98865417
98865439
98865461
98865462
98865614
98865870
98865888
98866015
98866061
98867215
98867439
98867525
98867567
98867610
98867654
98867683
98867704
98867731
98867881
98868141
98868291
98868301
98868336
98868356
98868376
98868397
98869721
98869798
98869817
98869842
98869861
98869882
98869911
98869930
98869932
98870094
98870327
98870462
98870494
98870537
98870541
98870586
98870590
98870593
98871744
98871942
98872049
98872095
98872100
98872146
98872168
98872194
98872216
98872219
98872252
98872462
98872480
98872500
98872714
98872825
98872851
98872852
98873768
98873770
98873789
98873792
98873794
98873797
98873800
98873819
98873854
98874069
98874292
98874407
98874414
98874443
98874445
98874470
98874499
98874529
98875932
98876001
98876029
98876049
98876074
98876107
98876130
98876180
98876409
98876592
98876723
98876813
98876874
98876930
98876984
98877015
98877017
98877024
98878261
98878429
98878548
98878606
98878632
98878634
98878663
98878665
98878691
98878718
98878800
98879067
98879221
98879232
98879309
98879327
98879352
98879373
98880317
98880325
98880545
98880733
98880842
98880886
98880914
98880933
98880968
98880970
98881000
98881028
98881177
98881410
98881420
98881562
98881639
98881679
98883087
98883164
98883216
98883258
98883307
98883352
98883355
98883379
98883382
98883531
98883754
98883895
98883972
98884019
98884050
98884074
98884110
98884135
98885681
98885709
98885741
98885744
98885776
98885777
98885808
98885835
98885873
98885878
98885885
98886117
98886135
98886312
98886427
98886499
98886544
98886596
98887764
98887925
98888013
98888068
98888115
98888166
98888220
98888235
98888269
98888474
98888690
98888696
98888802
98888830
98888832
98888833
98890038
98890192
98890263
98890278
98890307
98890310
98890336
98890358
98890359
98890380
98890422
98890430
98890436
98890690
98890860
98890978
98891046
98892420
98892543
98892630
98892636
98892716
98892771
98892794
98892796
98892834
98892876
98892882
98893112
98893129
98893281
98893392
98893436
98893466
98893489
98894902
98895004
98895009
98895070
98895108
98895133
98895162
98895190
98895232
98895485
98895504
98895661
98895820
98895937
98896037
98896086
98896108
98896127
98897599
98897648
98897652
98897700
98897703
98897708
98897729
98897751
98897754
98897828
98898088
98898095
98898219
98898325
98898390
98898417
98898436
98899894
98899946
98899982
98900005
98900024
98900038
98900088
98900101
98900115
98900123
98900394
98900400
98900569
98900685
98900753
98900814
98900851
98900870
98902590
98902634
98902637
98902661
98902715
98902966
98902981
98903103
98903214
98903289
98903342
98903344
98903374
98903461
98903518
98903520
98903542
98903549
98905243
98905297
98905534
98905702
98905824
98905909
98905964
98906011
98906047
98906050
98906051
98906053
98906081
98906106
98906311
98906329
98906508
98906616
98908025
98908042
98908061
98908348
98908354
98908364
98908474
98908570
98908664
98908740
98908779
98908804
98908830
98908879
98909116
98909285
98909426
98910733
98910783
98910788
98910827
98910854
98910856
98910858
98911033
99035991
99036000
99036010
99036018
99036019
99036025
99036110
99036365
99322746
99322747
99322761
99322768
99322804
99323055
99323195
99323299
99323410
99323521
99323552
99323576
99323577
99323584
99323585
99323586
99323597
99323777
99323998
99325294
99325303
99325305
99325314
99325367
99325369
99325376
99325385
99325397
99325403
99325405
99325414
99325439
99325664
99325893
99326004
99326040
99326057
99326066
99326833
99327103
99327113
99327275
99327282
99327338
99327340
99327372
99327385
99327386
99327395
99327405
99327410
99327497
99327512
99327525
99327764
99327910
99327914
99329058
99329149
99329151
99329152
99329164
99329172
99329180
99329189
99329199
99329200
99329205
99329207
99329339
99329355
99329370
99329387
99329613
99329733
99329738
99332522
99332618
99332655
99332688
99332718
99332720
99332732
99332736
99332737
99332753
99332757
99332764
99333036
99333307
99333440
99333449
99333456
99333464
99333471
99334493
99334626
99334670
99334681
99334691
99334701
99334714
99334722
99334767
99335009
99335203
99335258
99335293
99335328
99335361
99335364
99335399
99335418
99335428
99336803
99336818
99336902
99337146
99337292
99337358
99337384
99337392
99337401
99337413
99337427
99337452
99337661
99337678
99337891
99337987
99338021
99338050
99338077
99339327
99339357
99339365
99339373
99339397
99339590
99339609
99512785
99512899
99512913
99512926
99512937
99512958
99512976
99512978
99512989
99513079
99513331
99513481
99513521
99513557
99513597
99513632
99513666
99513673
99513698
99514974
99514976
99514983
99515054
99515303
99515462
99515526
99515548
99515559
99515561
99515563
99515574
99515596
99515606
99515629
99515829
99516069
99516165
99516168
99517239
99517410
99517416
99517480
99517523
99517550
99517561
99517571
99517589
99517592
99517594
99517625
99517846
99518052
99518121
99518123
99518151
99518167
99518177
99518915
99518916
99519080
99519355
99519482
99519494
99519495
99519496
99519498
99519499
99519509
99519528
99519537
99519538
99519539
99519551
99519552
99519561
99519727
99520825
99520838
99520851
99520863
99520871
99520876
99520878
99520891
99520989
99521228
99521239
99521255
99521424
99521516
99521562
99521575
99521582
99521594
99521606
99522934
99522942
99523018
99523259
99523419
99523468
99523490
99523491
99523498
99523503
99523504
99523510
99523514
99523540
99523754
99523956
99523967
99523976
99523986
99524764
99524766
99524774
99524775
99524777
99524784
99524816
99524826
99525057
99525250
99525259
99525324
99525355
99525389
99525423
99525436
99525438
99525439
99525453
99526714
99526729
99526770
99526993
99527198
99527206
99527267
99527269
99527271
99527289
99527300
99527316
99527324
99527334
99527344
99527521
99527793
99527898
99527933
99529063
99529175
99529223
99529252
99529258
99529268
99529274
99529281
99529416
99529664
99529680
99529694
99529705
99529716
99529790
99529792
99529814
99529821
99529827
99530496
99530498
99530501
99530661
99530905
99530919
99531030
99531039
99531048
99531050
99531057
99531065
99531070
99531076
99531146
99531392
99531404
99531561
99531608
99532322
99532336
99532344
99532348
99532556
99532569
99532583
99532785
99532848
99532884
99532888
99532889
99532922
99532957
99532973
99532975
99532984
99532991
99533173
99534223
99534225
99534226
99534239
99534249
99534250
99534262
99534275
99534374
99534620
99534810
99534850
99534861
99534862
99534874
99534875
99534881
99534891
99534892
99536212
99536228
99536243
99536254
99536256
99536353
99536369
99536615
99536777
99536887
99536943
99536946
99536978
99536988
99536998
99537010
99537052
99537290
99537478
99538750
99538796
99538797
99538804
99538808
99538811
99538821
99538822
99538830
99538842
99538852
99538888
99539113
99539324
99539401
99539455
99539494
99539530
99539533
99540736
99540740
99540775
99540808
99540811
99540814
99540845
99540876
99540886
99540936
99541181
99541366
99541371
99541412
99541414
99541426
99541435
99541436
99541447
99542724
99542741
99542750
99542765
99542781
99542793
99542794
99542861
99543131
99543328
99543336
99543399
99543401
99543437
99543459
99543473
99543475
99543476
99543485
99544748
99544750
99544774
99544784
99544790
99544867
99545117
99545276
99545300
99545306
99545312
99545319
99545325
99545329
99545348
99545545
99545771
99545843
99545867
99547072
99547130
99547160
99547163
99547192
99547214
99547223
99547224
99547230
99547262
99547511
99547528
99547545
99547731
99547779
99547787
99547793
99547794
99547801
99548657
99548904
99549008
99549019
99549021
99549028
99549029
99549030
99549038
99549044
99549058
99549075
99549177
99549195
99549468
99549639
99549648
99549653
99549693
99550313
99550322
99550332
99550342
99550396
99550641
99550820
99550829
99550917
99551013
99551046
99551049
99551088
99551103
99551105
99551112
99551134
99551138
99551145
99552457
99552459
99552460
99552465
99552572
99552821
99552972
99552991
99552999
99553007
99553008
99553010
99553019
99553026
99553027
99553028
99553036
99553090
99553105
99554228
99554241
99554248
99554255
99554264
99554271
99554286
99554476
99554706
99554800
99554833
99554860
99554888
99554915
99554932
99554938
99554940
99554941
99555061
99556186
99556202
99556397
99556627
99556701
99556702
99556705
99556717
99556732
99556740
99556751
99556752
99556759
99556767
99556892
99556908
99556923
99556938
99557191
99558010
99558022
99558035
99558084
99558323
99558515
99558521
99558532
99558538
99558581
99558617
99558621
99558651
99558683
99558718
99558727
99558754
99559000
99559217
99560040
99560052
99560131
99560377
99560530
99560537
99560563
99560571
99560582
99560592
99560593
99560605
99560610
99560642
99560860
99560878
99561080
99561151
99561154
99562164
99682983
99683006
99683016
99683017
99683039
99683240
99683463
99683470
99683536
99683550
99683557
99683558
99683570
99683577
99683578
99683584
99683592
99683593
99683758
99684908
99684922
99684963
99685202
99685395
99685408
99685422
99685509
99685512
99685546
99685549
99685552
99685583
99685585
99685619
99685651
99685675
99685699
99685910
99687002
99687016
99687018
99687020
99687116
99687375
99687521
99687527
99687555
99687557
99687581
99687593
99687605
99687621
99687632
99687675
99687916
99688106
99688115
99689003
99689013
99689022
99689167
99689182
99689193
99689438
99689555
99689589
99689592
99689621
99689652
99689655
99689659
99689671
99689673
99689679
99689681
99689682
99690793
99690828
99690861
99690891
99690896
99690897
99690898
99690902
99690957
99691206
99691402
99691458
99691467
99691468
99691473
99691474
99691475
99691480
99691487
99692755
99692769
99692776
99692777
99692784
99692791
99692792
99692793
99692794
99692909
99693150
99693293
99693329
99693362
99693396
99693429
99693439
99693447
99693448
99694700
99694705
99694716
99694723
99694872
99695114
99695252
99695286
99695294
99695302
99695312
99695314
99695322
99695328
99695398
99695408
99695668
99695823
99695832
99696616
99696797
99697055
99697063
99697173
99697175
99697206
99697208
99697212
99697229
99697236
99697247
99697253
99697263
99697373
99697388
99697407
99697419
99697659
99698475
99698502
99698744
99698952
99698960
99698968
99699009
99699019
99699031
99699032
99699038
99699048
99699049
99699059
99699071
99699251
99699264
99699493
99699499
99700296
99700298
99700299
99700314
99700322
99700463
99700483
99700493
99700759
99700775
99700876
99700911
99700939
99700969
99700989
99700990
99701000
99701008
99701090
99702236
99702237
99702246
99702248
99702250
99702259
99702266
99702300
99702524
99702738
99702815
99702830
99702841
99702842
99702852
99702858
99702866
99702875
99703019
99704021
99704035
99704125
99704126
99704151
99704159
99704161
99704169
99704178
99704189
99704190
99704195
99704196
99704341
99704613
99704751
99704786
99704803
99704809
99705878
99705949
99705977
99706008
99706036
99706038
99706046
99706051
99706059
99706195
99706468
99706602
99706614
99706621
99706627
99706632
99706639
99706645
99706694
99707886
99707895
99707903
99708021
99708036
99708286
99708404
99708441
99708477
99708481
99708512
99708515
99708540
99708554
99708555
99708560
99708636
99708895
99709079
99709874
99709876
99709885
99709887
99709888
99709915
99710128
99710366
99710374
99710438
99710440
99710441
99710442
99710453
99710466
99710467
99710475
99710478
99710487
99711803
99711806
99711833
99711850
99711851
99711852
99711862
99711874
99711888
99711989
99712004
99712021
99712270
99712280
99712301
99712427
99712432
99712436
99712473
99713180
99713183
99713317
99713337
99713607
99713747
99713752
99713784
99713815
99713842
99713849
99713860
99713868
99713921
99714172
99714186
99714359
99714397
99714405
99714962
99715064
99715067
99715069
99715095
99715129
99715142
99715197
99715442
99715625
99715631
99715699
99715711
99715719
99715721
99715733
99715736
99715748
99715750
99715762
99717027
99717028
99717041
99717054
99717064
99717077
99717089
99717225
99717478
99717609
99717645
99717675
99717707
99717739
99717768
99717788
99717846
99717856
99718100
99719109
99719240
99719510
99719640
99719652
99719653
99719666
99719675
99719676
99719688
99719696
99719704
99719706
99719786
99719798
99719816
99719832
99720098
99720256
99720957
99720958
99720965
99720971
99721011
99721253
99721268
99721440
99721499
99721526
99721528
99721532
99721534
99721559
99721587
99721613
99721621
99721648
99721867
99722695
99722705
99722778
99722806
99722836
99722856
99722858
99722867
99722869
99722874
99722890
99723079
99723269
99723380
99723438
99723439
99723470
99723473
99723483
99724581
99724712
99724730
99724737
99724745
99724753
99724760
99724770
99724811
99725042
99725260
99725327
99725355
99725357
99725386
99725416
99725444
99725448
99725465
99726715
99726719
99726757
99726788
99726815
99726826
99726904
99727188
99727338
99727372
99727380
99727391
99727399
99727400
99727410
99727416
99727444
99727659
99727864
99729017
99729037
99729208
99729248
99729275
99729295
99729306
99729314
99729319
99729341
99729579
99729772
99729826
99729827
99729837
99729842
99729848
99729856
99729866
99731089
99731090
99731091
99731096
99731102
99731157
99731401
99731579
99731654
99731658
99731687
99731718
99731721
99731750
99731779
99731831
99731855
99731865
99731870
99733110
99733121
99733131
99733258
99733516
99733527
99733651
99733667
99733685
99733700
99733713
99733724
99733736
99733804
99733815
99733824
99734089
99734260
99734269
99735051
99735061
99735069
99735077
99735085
99735126
99735373
99735582
99735666
99735697
99735700
99735702
99735731
99735735
99735750
99735761
99735769
99735785
99735977
99736989
99737043
99737054
99737306
99737471
99737512
99737524
99737530
99737536
99737537
99737545
99737555
99737557
99737583
99737810
100195208
100195217
100195218
100195228
100195229
100195242
100195387
100195628
100195748
100195773
100195801
100195815
100195823
100195830
100195842
100195898
100196154
100196344
100196352
100197138
100197148
100197155
100197161
100197183
100197394
100197653
100197780
100197814
100197830
100197845
100197857
100197870
100197871
100197874
100197890
100198014
100198271
100198405
100199268
100199277
100199310
100199319
100199553
100199570
100199587
100199771
100199814
100199854
100199857
100199874
100199887
100199899
100199900
100199920
100199941
100200141
100200368
100201231
100201299
100201309
100201608
100201624
100201814
100201870
100201872
100201900
100201909
100201910
100201911
100201920
100201922
100201930
100201939
100201940
100201941
100202001
100203314
100203575
100203586
100203728
100203755
100203770
100203785
100203786
100203799
100203807
100203808
100203813
100203854
100204093
100204278
100204325
100204328
100204330
100204358
100205462
100205591
100205618
100205622
100205649
100205678
100205704
100205717
100205724
100205725
100205792
100206042
100206217
100206223
100206259
100206265
100206273
100206290
100206301
100207511
100207584
100207613
100207615
100207628
100207658
100207695
100207706
100207809
100208071
100208082
100208097
100208104
100208106
100208107
100208108
100208109
100208111
100208112
100208113
100208117
100208118
100208237
100208241
100208276
100208331
100208371
100208373
100208399
100209113
100209194
100209204
100209218
100209234
100209251
100209269
100209542
100209659
100209664
100209669
100209703
100209762
100209794
100209826
100209857
100209860
100209868
100209948
100211117
100211131
100211138
100211297
100211535
100211546
100211555
100211568
100211570
100211572
100211573
100211574
100211576
100211578
100211579
100211580
100211581
100211582
100211660
100211667
100211674
100211682
100211687
100211688
100211690
100211696
100211697
100211701
100211702
100213016
100213024
100213049
100213245
100213408
100213581
100213594
100213677
100213714
100213759
100213789
100213808
100213816
100213938
100213953
100214198
100214312
100214340
100214358
100215080
100215089
100215090
100215096
100215179
100215433
100215601
100215636
100215646
100215655
100215664
100215666
100215668
100215677
100215678
100215688
100215731
100215963
100216159
100216911
100216921
100216931
100216946
100216955
100216956
100216971
100216976
100217201
100217443
100217514
100217515
100217539
100217585
100217588
100217591
100217645
100217691
100217721
100218272
100218273
100218274
100218275
100218276
100218277
100218278
100218279
100218280
100218283
100218938
100218971
100219005
100219025
100219029
100219037
100219071
100219299
100219497
100219548
100219580
100219586
100219587
100219588
100219624
100219632
100219638
100219646
100219659
100220877
100220880
100220889
100220890
100220892
100220897
100220902
100220908
100220910
100221006
100221289
100221429
100221462
100221495
100221529
100221561
100221564
100221588
100221593
100222733
100222767
100222804
100222841
100222843
100222877
100222897
100223034
100223281
100223409
100223425
100223455
100223464
100223474
100223488
100223498
100223547
100223560
100223807
100224165
100224187
100224200
100224209
100224291
100224540
100224554
100224699
100224704
100224711
100224748
100224749
100224750
100224762
100224771
100224772
100224774
100224785
100224797
100225875
100225887
100225895
100225907
100225920
100226032
100226089
100226106
100226109
100226120
100226132
100226143
100226149
100226225
100226474
100226650
100226683
100226704
100226713
100227823
100227946
100228086
100228134
100228139
100228140
100228141
100228142
100228143
100228144
100228145
100228146
100228147
100228148
100228157
100228171
100228175
100228176
100228177
100228178
100228179
100228180
100228181
100228182
100228183
100228184
100228194
100228195
100228267
100228286
100228287
100228289
100228291
100228292
100228293
100228294
100228295
100228296
100228297
100228538
100228701
100228737
100228761
100228763
100228771
100228773
100228794
100228805
100228807
100228826
100230023
100230036
100230039
100230049
100230062
100230072
100230073
100230092
100230094
100230243
100230482
100230599
100230604
100230629
100230642
100230653
100230656
100230670
100230682
100230693
100231840
100231850
100231861
100231871
100231881
100231890
100231891
100232061
100232080
100232323
100232416
100232424
100232436
100232446
100232448
100232457
100232470
100232489
100232490
100233644
100233650
100233655
100233656
100233661
100233667
100233692
100233699
100233706
100233715
100233952
100234146
100234196
100234208
100234220
100234221
100234222
100234230
100234244
100235329
100235338
100235344
100235345
100235350
100235356
100235361
100235440
100235450
100235468
100235714
100235863
100235879
100235891
100235896
100235904
100235913
100235917
100235918
100236801
100236994
100237038
100237043
100237050
100237063
100237078
100237087
100237094
100237098
100237104
100237288
100237517
100237526
100237603
100237605
100237616
100237626
100237634
100238719
100238743
100238753
100238755
100238765
100238767
100238775
100238784
100238796
100238824
100239042
100239237
100239313
100239326
100239327
100239329
100239336
100239347
100239361
100240497
100240506
100240510
100240517
100240522
100240555
100240774
100240974
100240978
100241031
100241038
100241039
100241050
100241058
100241063
100241068
100241077
100241078
100241085
100242210
100242217
100242222
100242265
100242281
100242524
100242537
100242553
100242711
100242721
100242761
100242771
100242788
100242797
100242813
100242815
100242823
100242824
100242826
100243969
100243979
100243981
100243982
100243993
100243996
100244000
100244008
100244014
100244193
100244429
100244515
100244528
100244541
100244543
100244554
100244562
100244571
100244580
100244683
100245761
100245771
100245776
100245960
100246191
100246204
100246306
100246318
100246320
100246333
100246334
100246335
100246346
100246347
100246365
100246375
100246382
100246562
100246810
100247837
100248029
100248087
100248097
100248099
100248104
100248125
100248126
100248127
100248130
100248132
100248166
100248188
100248211
100248218
100248431
100248639
100248692
100248700
100365475
100365476
100365485
100365492
100365494
100365525
100365742
100365964
100366033
100366035
100366073
100366111
100366148
100366179
100366182
100366202
100366209
100366375
100366650
100367698
100367909
100367927
100368133
100368190
100368201
100368217
100368230
100368239
100368252
100368254
100368264
100368265
100368267
100368444
100368483
100368499
100368510
100368527
100369586
100369601
100369611
100369621
100369633
100369775
100370045
100370056
100370196
100370277
100370344
100370376
100370380
100370402
100370420
100370438
100370513
100370789
100370955
100371718
100371750
100371784
100371809
100371810
100371835
100372039
100372267
100372272
100372283
100372288
100372338
100372343
100372349
100372350
100372357
100372369
100372381
100372391
100373641
100373642
100373652
100373663
100373668
100373674
100373681
100373690
100373692
100373799
100374089
100374279
100374334
100374364
100374369
100374426
100374454
100374470
100374475
100375639
100375694
100375695
100375719
100375721
100375749
100375810
100375874
100375877
100375899
100375929
100376104
100376344
100376435
100376454
100376455
100376464
100376472
100376473
100377732
100377791
100377845
100377846
100377860
100377866
100377876
100377890
100378084
100378321
100378336
100378448
100378452
100378490
100378492
100378522
100378540
100378541
100378551
100435553
100435554
100435556
100435557
100435558
100435559
100435560
100435561
100435562
100435563
100444076
100444077
100444078
100444079
100444080
100444081
100444082
100444083
100444084
100444085
100452286
100452287
100452288
100452289
100452290
100452291
100452292
100452293
100452294
100452295
100460706
100460707
100460708
100460709
100460710
100460711
100460712
100460713
100460714
100460715
100541410
100541424
100541434
100541444
100541454
100541455
100541467
100541635
100541891
100542026
100542046
100542048
100542059
100542060
100542077
100542089
100542099
100542101
100542114
100543484
100543499
100543513
100543533
100543555
100543561
100543767
100544017
100544027
100544122
100544144
100544157
100544169
100544181
100544194
100544208
100544321
100544572
100544583
100545495
100545506
100545637
100545651
100545895
100546046
100546094
100546108
100546120
100546134
100546146
100546161
100546163
100546229
100546518
100546693
100546702
100546770
100546782
100547509
100547517
100547590
100547838
100548000
100548007
100548046
100548083
100548085
100548088
100548116
100548121
100548124
100548130
100548138
100548180
100548412
100548613
100548620
100549722
100549899
100549905
100549925
100549934
100549941
100549946
100549953
100549957
100549982
100550209
100550229
100550481
100550560
100550572
100550580
100550591
100550593
100550602
100551644
100551787
100551795
100551812
100551814
100551821
100551831
100551837
100551838
100551849
100551851
100551857
100551952
100552216
100552393
100552431
100552439
100552441
100552442
100553169
100553175
100553397
100553595
100553701
100553729
100553737
100553743
100553745
100553751
100553758
100553766
100553902
100553918
100553936
100554185
100554339
100554383
100554387
100555090
100555324
100555480
100555579
100555581
100555619
100555639
100555640
100555642
100555648
100555657
100555664
100555684
100555689
100555695
100555706
100555939
100556122
100556175
100557364
100557368
100557407
100557430
100557439
100557440
100557444
100557449
100557477
100557692
100557710
100557934
100557943
100557988
100557989
100558024
100558060
100558064
100558662
100558691
100558704
100558715
100558717
100558719
100558724
100558726
100558727
100558804
100559080
100559261
100559311
100559322
100559331
100559337
100559346
100559347
100559356
100560789
100561072
100561183
100561223
100561233
100561242
100561251
100561252
100561260
100561261
100561403
100561657
100561671
100561815
100561859
100561863
100561866
100561872
100561874
100562815
100562978
100563047
100563083
100563085
100563092
100563093
100563099
100563107
100563108
100563109
100563119
100563149
100563156
100563386
100563576
100563639
100563641
100563644
100564425
100564466
100564512
100564518
100564730
100565003
100565135
100565201
100565276
100565334
100565382
100565426
100565470
100565592
100565885
100565893
100566071
100566174
100566250
100567498
100567755
100568047
100568167
100568222
100568227
100568280
100568284
100568332
100568381
100568429
100568478
100568647
100568952
100569132
100569137
100569195
100569246
100569297
100570491
100570494
100570598
100570896
100570912
100571120
100571245
100571252
100571316
100571366
100571421
100571424
100571427
100571476
100571527
100571595
100571873
100572135
100572277
100573840
100574129
100574343
100574422
100574460
100574481
100574507
100574539
100574585
100574647
100574885
100575149
100575280
100575383
100575586
100575646
100575651
100575738
100575801
100577821
100577824
100577869
100577915
100577976
100578515
100578523
100578630
100578682
100578687
100578691
100578735
100578780
100578826
100578877
100578935
100579177
100579475
100579623
100581156
100581445
100581698
100581855
100581911
100581961
100582004
100582008
100582059
100582061
100582064
100582067
100582071
100582152
100582650
100582812
100582876
100582941
100583065
100585087
100585097
100585103
100585190
100585235
100585287
100585290
100585339
100585388
100585392
100585441
100585444
100585563
100585851
100586053
100586158
100586230
100586282
100586287
100587957
100588098
100588187
100588259
100588311
100588353
100588396
100588447
100588575
100588865
100589053
100589129
100589134
100589205
100589287
100589330
100589375
100589412
100589478
100591168
100591173
100591176
100591227
100591277
100591280
100591329
100591377
100591421
100591469
100591713
100591729
100592005
100592018
100592161
100592227
100592232
100592280
100592329
100594175
100594240
100594288
100594333
100594381
100594427
100594480
100594486
100594714
100594734
100594751
100594990
100595121
100595194
100595256
100595305
100595423
100752627
100752634
100752636
100752774
100753019
100753141
100753178
100753198
100753203
100753204
100753210
100753217
100753230
100753292
100753529
100753696
100753700
100753764
100753798
100754654
100754891
100755007
100755040
100755043
100755073
100755075
100755099
100755104
100755113
100755114
100755120
100755247
100755505
100755682
100755685
100755698
100755708
100755709
100756638
100756836
100756910
100756948
100756963
100756971
100756980
100756990
100757000
100757135
100757150
100757166
100757379
100757491
100757502
100757555
100757583
100757612
100757641
100758950
100758952
100758958
100758960
100758974
100758981
100759183
100759440
100759451
100759548
100759552
100759556
100759594
100759620
100759623
100759652
100759654
100759685
100759700
100760899
100760903
100760910
100760942
100761186
100761408
100761479
100761505
100761532
100761561
100761563
100761588
100761592
100761596
100761748
100761987
100762090
100762105
100762107
100763108
100763339
100763348
100763419
100763449
100763472
100763492
100763499
100763500
100763504
100763514
100763698
100763933
100764011
100764035
100764066
100764099
100764131
100764163
100765355
100765395
100765407
100765415
100765416
100765422
100765432
100765439
100765457
100765680
100765919
100765928
100765935
100766032
100766068
100766089
100766091
100766096
100766102
100767318
100767327
100767328
100767330
100767345
100767377
100767380
100767410
100767413
100767416
100767419
100767450
100767549
100767787
100767934
100767941
100767987
100767990
100768003
100768908
100769140
100769238
100769271
100769305
100769324
100769328
100769332
100769336
100769337
100769466
100769703
100769718
100769731
100769828
100769841
100769876
100769909
100769938
100771149
100771157
100771162
100771163
100771170
100771174
100771185
100771216
100771220
100771417
100771434
100771691
100771705
100771800
100771815
100771822
100771826
100771828
100771834
100773077
100773080
100773116
100773119
100773156
100773192
100773226
100773264
100773480
100773689
100773759
100773769
100773779
100773788
100773791
100773802
100773838
100773871
100774048
100775209
100775218
100775219
100775228
100775235
100775236
100775293
100775304
100775549
100775709
100775761
100775800
100775805
100775835
100775838
100775841
100775874
