16.217
17.371
16.636
17.887
18.932
16.857
16.318
15.192
15.697
15.261
18.188
16.101
16.234
15.877
23.990
20.850
18.818
18.084
16.119
15.045
15.135
18.787
19.978
20.402
19.267
18.694
17.832
18.194
17.006
16.335
16.082
15.901
20.459
19.572
18.061
18.618
18.308
17.320
17.194
15.943
16.614
15.134
21.406
16.667
15.589
15.884
15.601
17.534
17.770
15.856
16.356
16.793
15.358
15.588
16.344
16.609
15.476
14.968
14.716
17.055
16.662
17.378
17.741
19.733
17.845
18.071
23.443
24.234
17.016
16.342
15.565
16.249
15.772
19.725
20.680
18.650
18.768
18.979
18.435
18.669
16.515
16.592
15.850
16.136
16.171
16.182
17.376
17.153
16.947
17.386
16.597
17.853
15.933
15.730
23.979
23.523
15.237
15.601
15.948
16.200
17.844
17.812
16.301
16.857
17.203
20.157
15.713
15.952
15.677
16.118
15.756
17.290
19.454
19.114
18.261
17.624
16.896
16.506
16.301
16.692
15.810
15.907
15.153
15.478
15.924
19.094
20.362
17.561
17.157
16.899
16.480
15.963
16.684
15.941
16.090
16.488
16.557
15.483
16.372
16.470
20.014
17.435
18.180
20.163
19.418
16.289
16.192
18.442
15.963
16.737
17.143
16.604
19.115
18.000
16.277
16.839
16.848
23.056
15.658
15.727
15.818
17.469
17.412
15.317
16.546
17.147
15.954
16.059
16.416
17.026
16.789
15.976
17.224
16.481
17.173
