16.213
17.004
16.495
18.683
17.853
16.493
16.201
27.981
15.955
16.373
17.069
17.367
19.470
16.453
60.212
23.238
32.255
22.103
17.153
15.773
15.401
21.268
15.592
24.200
23.147
17.828
19.975
17.669
17.793
17.723
17.014
15.874
18.666
18.915
20.053
18.184
17.247
45.565
4.531
17.387
17.928
16.751
16.055
15.800
15.129
17.149
16.645
17.244
16.517
18.811
18.366
14.203
17.611
16.056
14.934
15.880
16.369
15.839
13.996
14.363
14.420
15.744
15.764
15.986
16.141
19.490
17.304
17.540
16.317
15.794
16.348
16.131
15.658
15.531
15.623
16.650
17.125
16.420
17.951
13.858
16.830
16.437
16.436
16.110
15.760
15.606
16.048
16.615
19.342
20.067
16.003
15.752
17.616
16.992
15.426
15.851
15.211
14.553
15.265
15.576
16.263
16.316
17.435
16.383
14.401
15.999
15.497
15.609
15.502
15.502
15.894
15.043
15.094
14.517
25.774
18.244
16.915
16.143
18.064
15.488
15.176
15.124
2.360
15.509
15.391
15.336
15.650
16.306
17.364
17.657
17.599
18.421
18.070
17.929
15.918
15.258
15.767
16.291
15.462
17.448
14.740
27.610
27.570
17.410
17.377
18.165
22.603
21.598
15.787
16.054
17.248
15.600
15.580
16.242
14.609
17.273
17.586
17.589
17.454
16.170
18.532
15.530
15.168
15.000
16.206
16.878
17.429
15.822
15.163
16.750
16.230
15.936
18.227
21.015
15.502
15.383
17.083
15.758
15.149
