79.860
81.040
81.740
85.662
90.999
89.573
86.564
86.901
86.180
80.714
83.866
88.279
86.621
84.857
83.233
33.716
59.904
84.387
86.321
82.859
81.069
79.090
81.506
80.278
76.307
83.950
88.931
78.599
76.271
85.283
84.523
84.259
83.256
86.811
88.340
77.077
83.483
81.949
76.924
82.076
83.310
84.736
83.758
80.932
80.364
80.922
80.543
70.811
70.701
86.488
85.777
84.410
84.950
84.583
84.064
82.664
82.402
81.580
75.822
78.760
78.952
65.933
66.368
87.059
85.365
86.681
84.378
85.498
81.792
83.168
79.857
80.735
76.413
85.760
85.503
82.926
81.458
85.070
84.359
85.983
80.917
80.143
81.287
81.026
80.563
82.183
84.953
86.324
85.614
85.090
88.019
85.479
82.471
82.905
80.034
80.395
80.311
80.997
81.075
83.001
89.507
88.342
98.761
87.754
86.695
86.357
81.797
80.588
77.267
77.589
78.928
73.657
56.506
79.200
78.440
82.212
81.679
80.767
78.831
76.666
75.945
79.813
79.029
81.183
80.315
79.021
79.677
83.500
88.984
87.035
83.610
82.595
81.886
81.928
80.889
80.118
77.051
77.239
71.625
81.960
83.167
87.972
78.343
79.198
90.726
73.797
73.166
72.711
73.875
72.556
71.808
70.916
86.859
77.573
77.333
73.236
74.341
77.503
75.185
74.659
74.551
72.287
84.431
74.134
75.444
72.769
72.150
71.212
72.752
70.301
73.792
74.196
65.514
79.342
74.228
73.685
