89583931
89583934
89584927
89584929
89584931
89584933
89584935
89585069
89585071
89585073
89585075
89585077
89585704
89585706
89585708
89585710
89585712
89585716
89585972
89585974
89585976
89585978
89585980
89587452
89587456
89587477
89587478
89588347
89588349
89588353
89588372
89588407
89588553
89588555
89588557
89588567
89589454
89589534
89590468
89590470
89590472
89590499
89590532
89590829
89590830
89591804
89591809
89592517
89593681
89593683
89593684
89593687
89593688
89593689
89595753
89596015
89596016
89597962
89597968
89597973
89597994
89598589
89600079
89600801
89600802
89602513
89602557
89602646
89602650
89602772
89602943
89602945
89602946
89603194
89603253
89603978
89604039
89604250
89604437
89604500
89604537
89604582
89604655
89604718
89604782
89605028
89605123
89605150
89605151
89605210
89605212
89605584
89605704
89605706
89605779
89605783
89605786
89605788
89605791
89605796
89605799
89605810
89605812
89605997
89606116
89606172
89606230
89606450
89606455
89606675
89606806
89606865
89606866
89606867
89607178
89607181
89607238
89607296
89607298
89607422
89607481
89607485
89607501
89607513
89607522
89607637
89607640
89609790
89612723
89613025
89613082
89613085
89613264
89613268
89613518
89613663
89613908
89614036
89614039
89614045
89614052
89614056
89614063
89614131
89614152
89614255
89614289
89614478
89614904
89615093
89615275
89615277
89615400
89615523
89615739
89615742
89615747
89615748
89615757
89615758
89615831
89615832
89615834
89616024
89616082
89616328
89616384
89616447
89616448
89616513
89616701
89616820
89616885
89616886
89617071
89617074
89617140
89618975
89622797
89622799
89622980
89623212
89623268
89623271
89623272
89623399
89623645
89623766
89623769
89623770
89623784
89623788
89623793
89623796
89623801
89623888
89623988
89624261
89624262
89624324
89624386
89624388
89624573
89624636
89624699
89624756
89624757
89624759
89624877
89625066
89625182
89625364
89625487
89625492
89625493
89625500
89625502
89625513
89625754
89625817
89626288
89626637
89626642
89626759
89626883
89626948
89627058
89627115
89627116
89627127
89632892
89632906
89632973
89633042
89633235
89633236
89633362
89633364
89633557
89633560
89633561
89633621
89633939
89633940
89633960
89633964
89634000
89634017
89634087
89634242
89634450
89634579
89634646
89634768
89634831
89635207
89635388
89635448
89635628
89635738
89635741
89635833
89635836
89635843
89635847
89635882
89635884
89635891
89636125
89636153
89636155
89636220
89636331
89636658
89636728
89643666
89643667
89643668
89643792
89643857
89643859
89643861
89643933
89644062
89644125
89644372
89644457
89644459
89644461
89644494
89644514
89644518
89644523
89644586
89644645
89644854
89644974
89645154
89645272
89645333
89645452
89645634
89645640
89645886
89645889
89646039
89646167
89646286
89646291
89646295
89646296
89646301
89646302
89646308
89646314
89646432
89646434
89646624
89646645
89646728
89646731
89646813
89663372
89664120
89666869
89671023
89684485
89685673
89685683
89701861
89702293
89709258
89710687
89718644
89727114
89727117
89727388
89727501
89727763
89727775
89728890
89736980
89737115
89737241
89737361
89737420
89737484
89737529
89737704
89737765
89737773
89737781
89737782
89737789
89737792
89737801
89737930
89737932
89738000
89738002
89738116
89738196
89738389
89738513
89738700
89738764
89738892
89738956
89738960
89739027
89739340
89739343
89739406
89739466
89739543
89739676
89739677
89739682
89739749
89739750
89739752
89739936
89739998
89740255
89740316
89740379
89740561
89740637
89740645
89740655
89746810
89746812
89746927
89746991
89747229
89747295
89747354
89747660
89747841
89747927
89748187
89748188
89748211
89748306
89748425
89748427
89748460
89748485
89748489
89748576
89748920
89748988
89749111
89749231
89749359
89749485
89749487
89749489
89749494
89749579
89749738
89749825
89749886
89750066
89750190
89750195
89750261
89750262
89750269
89750309
89750376
89750683
89750687
89750808
89751101
89751167
89751169
89751237
89751240
89751305
89751310
89751760
89751826
89751943
89752024
89752025
89752035
89752036
89752104
89752293
89752418
89752419
89752444
89752790
89752794
89753029
89753042
89753174
89753178
89753418
89753421
89753422
89753475
89753718
89753719
89753725
89753838
89753841
89753863
89753866
89754233
89754234
89754235
89754781
89754873
89755065
89755182
89755186
89755675
89755797
89755866
89755984
89756047
89756220
89756221
89756222
89757014
89757015
89757076
89757136
89757204
89757330
89757336
89757403
89757404
89757463
89757915
89758006
89758098
89758152
89758464
89758466
89758536
89758842
89758845
89758962
89759117
89759257
89759260
89759275
89759289
89759560
89759615
89759617
89759680
89759800
89759859
89759927
89760245
89760253
89760254
89760511
89760570
89760632
89760688
89760753
89760983
89760992
89761001
89761002
89761118
89761334
89761397
89761648
89761707
89761708
89761769
89761772
89762083
89762090
89762096
89762102
89762109
89762183
89762300
89762302
89762424
89762616
89762644
89762787
89762979
89762980
89762996
89763001
89763011
89765904
89767033
89767035
89767558
89767568
89768108
89768168
89768170
89768286
89768288
89768400
89768402
89768485
89768491
89768527
89768529
89768532
89768535
89768538
89768874
89768934
89768935
89769051
89769323
89769554
89769826
89769856
89769963
89770134
89770199
89770202
89770207
89770283
89770403
89770408
89770493
89770615
89770616
89770909
89770969
89771155
89771159
89771163
89771164
89771165
89771167
89771168
89771294
89771482
89771549
89771552
89771553
89771853
89771859
89771921
89771924
89771929
89772291
89772356
89772511
89772601
89772896
89772969
89772970
89773156
89773218
89773324
89773497
89773555
89773614
89773615
89773867
89773879
89773945
89774189
89774191
89774376
89774562
89774622
89774664
89774743
89774748
89774826
89775013
89775253
89775255
89775257
89775561
89775681
89775683
89775684
89775691
89775694
89775819
89776043
89776102
89776522
89777630
89777633
89777802
89778401
89778410
89778416
89778418
89778437
89778777
89778838
89778897
89779021
89779370
89779555
89779678
89779738
89779867
89779870
89780053
89780055
89780056
89780181
89780183
89780192
89780432
89780433
89780670
89780711
89780769
89780828
89780830
89781010
89781137
89781203
89781263
89781327
89781392
89781468
89781646
89781773
89781904
89781905
89781914
89781915
89781919
89782047
89782048
89782108
89782465
89782522
89782939
89782943
89782954
89782959
89783142
89783143
89783144
89783386
89783518
89783711
89783729
89783788
89784319
89784499
89784561
89784621
89784800
89784807
89784945
89784947
89785137
89785199
89785435
89785436
89785507
89785508
89785513
89785522
89785650
89785838
89786019
89786081
89786203
89786599
89786601
89786616
89786741
89786950
89786951
89787011
89787013
89787444
89790301
89790408
89790581
89790668
89790672
89790680
89790686
89790691
89790943
89791007
89791097
89791130
89791528
89791761
89791763
89791765
89791841
89791974
89792322
89792397
89792400
89792489
89792563
89792597
89792607
89792609
89792611
89792814
89793121
89793234
89793292
89793470
89793593
89793614
89793621
89793624
89793750
89793812
89793974
89794085
89794103
89794406
89794408
89794470
89794472
89794536
89794557
89794565
89794703
89794706
89794709
89794711
89794713
89794715
89794955
89795245
89796008
89796211
89796276
89796531
89796538
89796550
89796557
89796562
89796569
89796689
89796696
89796699
89796702
89796705
89796707
89796709
89797199
89797773
89797779
89797791
89797797
89798715
89798717
89799164
89799409
89799413
89799470
89799587
89799652
89799774
89799780
89800473
89801688
89801691
89801694
89801696
89801698
89801884
89801908
89801911
89801913
89801915
89801917
89802046
89802047
89802867
89803699
89803706
89803712
89803718
89803723
89803729
89803738
89803743
89803751
89803783
89803815
89803902
89804588
89805781
89805933
89806179
89806243
89806256
89806390
89806394
89806397
89806420
89806423
89806498
89806501
89806575
89806600
89806602
89806706
89806708
89807108
89807852
89807854
89807861
89807927
89808311
89808401
89808496
89808499
89808502
89808504
89808506
89808509
89808649
89809946
89809950
89809953
89809957
89809961
89811502
89811559
89811644
89811645
89811651
89811654
89811656
89811658
89811660
89811757
89811874
89811877
89811880
89812160
89812277
89812285
89812440
89812503
89812504
89812578
89813799
89813801
89813803
89813805
89813807
89815049
89815051
89817376
89817382
89817384
89819781
89819797
89821506
89821680
89821740
89821856
89821975
89821978
89822036
89822514
89822570
89824254
89824255
89824505
89824507
89824751
89824776
89824835
89824897
89824956
89825019
89825081
89825596
89825597
89825600
89825655
89828142
89828202
89828203
89828214
89828231
89828233
89828291
89828534
89828742
89828752
89828828
89830120
89830124
89830525
89830528
89830711
89830834
89831255
89831828
89831830
89831928
89832051
89832056
89833351
89833414
89833416
89833436
89833438
89833467
89833469
89833470
89833481
89833553
89833568
89833569
89833577
89833655
89833695
89833731
89833740
89833758
89833801
89833805
89833811
89833814
89833830
89833842
89833879
89833882
90001896
90001955
90002019
90002081
90002206
90003121
90003123
90003177
90003236
90003238
90003240
90003242
90003244
90003245
90003247
90004722
90004727
90004791
90004793
90004856
90004923
90004926
90004928
90004932
90004934
90004946
90004947
90005099
90005648
90005770
90005956
90006134
90006196
90006225
90006265
90006267
90006325
90006326
90006388
90006535
90006536
90006537
90006602
90006676
90006678
90006688
90006693
90006694
90006696
90006697
90006700
90006713
90006768
90006826
90006896
90007866
90008410
90008413
90008415
90008428
90008429
90008441
90008445
90008450
90008636
90008664
90008693
90008885
90008886
90008890
90009616
90009738
90009742
90009864
90009982
90010067
90010183
90010448
90010449
90010635
90010808
90011039
90012248
90012304
90012363
90012423
90012482
90012546
90015902
90015903
90015974
90016099
90016167
90016403
90016409
90016642
90016955
90016956
90017025
90017028
90017153
90017336
90017603
90017614
90017619
90017620
90018111
90018136
90018696
90018819
90018888
90018889
90018945
90019182
90019422
90019424
90019432
90019614
90020042
90020208
90020209
90020341
90020534
90020535
90020952
90020954
90021085
90021088
90022072
90022074
90022388
90022773
90022847
90023069
90023345
90023348
90025975
90026048
90026175
90026176
90026492
90026835
90027015
90027033
90027039
90027102
90027163
90027290
90027343
90027765
90027870
90027877
90027878
90028253
90028311
90028374
90028450
90028822
90028862
90028865
90029067
90029248
90029310
90029550
90029551
90029560
90029568
90029640
90029763
90029826
90030499
90030502
90030513
90030573
90030628
90030810
90030813
90031169
90031227
90031294
90031311
90031317
90031669
90031908
90032153
90032282
90036463
90036474
90036681
90036875
90036877
90036941
90037147
90037459
90037462
90037535
90037539
90038133
90038287
90038292
90038298
90038299
90038300
90038500
90038626
90038724
90038835
90038959
90039149
90039211
90039215
90039217
90039218
90039220
90039225
90039228
90039230
90039481
90039483
90039682
90039742
90039787
90040049
90040061
90040066
90040072
90040073
90040148
90040208
90040421
90040423
90040604
90040643
90040715
90040716
90040899
90040902
90040964
90040969
90040980
90041104
90041179
90041301
90041432
90041552
90041605
90041614
90041675
90048488
90048491
90048557
90048559
90048560
90048595
90048600
90048611
90048615
90048679
90048737
90048870
90048996
90049058
90049195
90049199
90049508
90049509
90049511
90049513
90049517
90049523
90049528
90049529
90049597
90049652
90049850
90049924
90049929
90050134
90050379
90050383
90050384
90050464
90050908
90050969
90051045
90051108
90051226
90051227
90051228
90055962
90067929
90067935
90104306
90104315
90104333
90141092
90141168
90147194
90174804
90174838
90174842
90175432
90176257
90176609
90176741
90176977
90177038
90177160
90177339
90177571
90177918
90178156
90178212
90178213
90178220
90178222
90178355
90179321
90179322
90179498
90179693
90179813
90179814
90179837
90180261
90180446
90180861
90180862
90180994
90181234
90181492
90181508
90181748
90181749
90181991
90182297
90182298
90182542
90182867
90183240
90183255
90183261
90183278
90184098
90184508
90184788
90184867
90185196
90185831
90185833
90186205
90186392
90187242
90187363
90187365
90187880
90187957
90188034
90188109
90188113
90188427
90189407
90189411
90189428
90189865
90189873
90189905
90189938
90190357
90190416
90190718
90191087
90191103
90191778
90192072
90192751
90192752
90193865
90193867
90194233
90194433
90194436
90194449
90194450
90194767
90194954
90195015
90195169
90195596
90195718
90195720
90195762
90196023
90196144
90196357
90196359
90196646
90196766
90197240
90197899
90198596
90198717
90198718
90198774
90199129
90199534
90199540
90199956
90200418
90200966
90201913
90202113
90202586
90203260
90203385
90203445
90203622
90203973
90204280
90204762
90205431
90205444
90205691
90207070
90207072
90207953
90208009
90208411
90208473
90208474
90208536
90208537
90208538
90208650
90209068
90209586
90209591
90209609
90209644
90210011
90210012
90210711
90210712
90211180
90211183
90211247
90211431
90211935
90212243
90212304
90212976
90213021
90213159
90213217
90213573
90213607
90213620
90213624
90213702
90213704
90214138
90214312
90214313
90214381
90214439
90214671
90214673
90215636
90215667
90215675
90216426
90216964
90216969
90217247
90218047
90218938
90218939
90219195
90219199
90219203
90219288
90219376
90220038
90220167
90220878
90221127
90221244
90221369
90222329
90222330
90222474
90223686
90223992
90224062
90224064
90224731
90225105
90225533
90226005
90226245
90227103
90227124
90227382
90227392
90227400
90227917
90228363
90228428
90228913
90229034
90229294
90229475
90230011
90276765
90276787
90307478
90307840
90307852
90308852
90309134
90326775
90326789
90344914
90345527
90352890
90353850
90354943
90356237
90357087
90379554
90379571
90421387
90421389
90421391
90421393
90421396
90421398
90421500
90421532
90421559
90421565
90421569
90423074
90423081
90423089
90423095
90423104
90423110
90425074
90425079
90425415
90425422
90425600
90425606
90425612
90425614
90428757
90428762
90428768
90428775
90428788
90428827
90429179
90429186
90429190
90429196
90434509
90434510
90434514
90434517
90435484
90435855
90435857
90435859
90435861
90435863
90435866
90435978
90435985
90436010
90437057
90437075
90438002
90438004
90438006
90438009
90438012
90438014
90438223
90439695
90441216
90441223
90441228
90441235
90441238
90441242
90444079
90444082
90444084
90444088
90444091
90444093
90444304
90444306
90444308
90447842
90447844
90447846
90447849
90447851
90447853
90449852
90449859
90449865
90449871
90449878
90449884
90452719
90452748
90452755
90452990
90452992
90452994
90452996
90452999
90453002
90455550
90455552
90455554
90455577
90455604
90455616
90456824
90456826
90457415
90457421
90457428
90457436
90457442
90457450
90460071
90460078
90460081
90460086
90460089
90460094
90460320
90460322
90460413
90460415
90460417
90460419
90462987
90462989
90462991
90462993
90462996
90462998
90464667
90464699
90464727
90464745
90464753
90464759
90465138
90465141
90465144
90465148
90465154
90465159
90467695
90467698
90467700
90467702
90467704
90469719
90469721
90469760
90469762
90469765
90469767
90469769
90469771
90470254
90470260
90470353
90470360
90470487
90470490
90470498
90470502
90470512
90470517
90471918
90471922
90471925
90471928
90471931
90471933
90472033
90472035
90472066
90472069
90472580
90472589
90472596
90472603
90472611
90472618
90472902
90472908
90472912
90472915
90472919
90473847
90473849
90473851
90473854
90473858
90473860
90474775
90474777
90474779
90474781
90474783
90474785
90474876
90474878
90474880
90474882
90474884
90474886
90475926
90475931
90475937
90475943
90475950
90475956
90476910
90476915
90476918
90476923
90476926
90476928
90477030
90477032
90477034
90477036
90477038
90477040
90477940
90477942
90477944
90477946
90477948
90477950
90478668
90478673
90478683
90478686
90478697
90478702
90480632
90480636
90480781
90480785
90480788
90480792
90480796
90480938
90480958
90483355
90483357
90483360
90483362
90484305
90484307
90486668
90488167
90488169
90488171
90488174
90488177
90488179
90490266
90490309
90490312
90490317
90490579
90490581
90490584
90490586
90490589
90490591
90493109
90493111
90493113
90493116
90493120
90494999
90495004
90495008
90495016
90495021
90495032
90495402
90495407
90497857
90497860
90497987
90497989
90497993
90497997
90498000
90498002
90500505
90500507
90500509
90500698
90500700
90500787
90500789
90501702
90501708
90501713
90501717
90501723
90501731
90501997
90502004
90502102
90502105
90502108
90502113
90502117
90502120
90503028
90503030
90503032
90503034
90503897
90503899
90503901
90503903
90503905
90503908
90503987
90503989
90504559
90504569
90504573
90504579
90504844
90504853
90504948
90504951
90504954
90504958
90504963
90504965
90505877
90505879
90505881
90505883
90505885
90505887
90506717
90506719
90506721
90506723
90506725
90506727
90507252
90507257
90507356
90507367
90507519
90507526
90507531
90507537
90507543
90507547
90508517
90508521
90508524
90508526
90508529
90508531
90508627
90508629
90508631
90508633
90508635
90508637
90509934
90509936
90509938
90509940
90509942
90509944
90511802
90511812
90511819
90511825
90511830
90511836
90512177
90512182
90515406
90515408
90515412
90515416
90515421
90515423
90515630
90515632
90515659
90515693
90515695
90515697
90519552
90519554
90519556
90519607
90519609
90521179
90523932
90523937
90523942
90523948
90523952
90523956
90524528
90524609
90525285
90525288
90525290
90525349
90525352
90525355
90526861
90526863
90526865
90526867
90529463
90529465
90529467
90529469
90529471
90529473
90531222
90531230
90531236
90531243
90531248
90531255
90531591
90531595
90534083
90534086
90535183
90535186
90535188
90535190
90535363
90535365
90535367
90535471
90535473
90535475
90537946
90537948
90538045
90538047
90538049
90538051
90538053
90538055
90539435
90539802
90539826
90539857
90540142
90540144
90540148
90540154
90540156
90540162
90542697
90542699
90542701
90542703
90542705
90542707
90545369
90545371
90545373
90545375
90545377
90545379
90546980
90547013
90547046
90547052
90547433
90547460
90547467
90549961
90549964
90549967
90550210
90550242
90550244
90550246
90550248
90550250
90552767
90552769
90552771
90552773
90552776
90552779
90553067
90553123
90553183
90553242
90554618
90554623
90554630
90554640
90554646
90554655
90555001
90555005
90555010
90557614
90557616
90557618
90557621
90557625
90557627
90560219
90560221
90560223
90560443
90560445
90560447
90560449
90560451
90560453
90562303
90562309
90562313
90562319
90562327
90562336
90565038
90565040
90565042
90565045
90565048
90565051
90565362
90565364
90565366
90566918
90566921
90566925
90566928
90566931
90569796
90569798
90569800
90569803
90569805
90569807
90570636
90570642
90570693
90570711
90573341
90573345
90573347
90573349
90573476
90573478
90573480
90576983
90576985
90577083
90577085
90577087
90577089
90577092
90577094
90578750
90578755
90578761
90578766
90579069
90579077
90579081
90579290
90579293
90579297
90579300
90579306
90579312
90581948
90581950
90582033
90582045
90582047
90582049
90582051
90584537
90584540
90584542
90584544
90584664
90584666
90584668
90584684
90584717
90584731
90585004
90585085
90587774
90587782
90587788
90587804
90587811
90587818
90590623
90590627
90590738
90590740
90590762
90590796
90590810
90590813
90593199
90593201
90593203
90593205
90593207
90593209
90593420
90593422
90593424
90593426
90593428
90593462
90595452
90595490
90595513
90595518
90595524
90596612
90596614
90596733
90596737
90596765
90598281
90599963
90599965
90599967
90599969
90599971
90599973
90601077
90601079
90601081
90601083
90602211
90602213
90602215
90602217
90602219
90602221
90603024
90603052
90605469
90605473
90605476
90605481
90605483
90605486
90605701
90605703
90608043
90608049
90608052
90608054
90608056
90608058
90609336
90609338
90609340
90609342
90609344
90612744
90612753
90612761
90612767
90612774
90612780
90613118
90613122
90613127
90615863
90615866
90615869
90615872
90615874
90615876
90618602
90618604
90618606
90618798
90618800
90618802
90620521
90620531
90620861
90620867
90620869
90620874
90620880
90620898
90623496
90623523
90623621
90623623
90623625
90623627
90623629
90623631
90626173
90626175
90626177
90626179
90626181
90626183
90626272
90626274
90626276
90626278
90626280
90626282
90628263
90628268
90628291
90628327
90629460
90629463
90629466
90629468
90629471
90629474
90631979
90631982
90631984
90631986
90631988
90633238
90633240
90633242
90633244
90634740
90634742
90634744
90634746
90634748
90634750
90637801
90637805
90637810
90637813
90637815
90637969
90637971
90638009
90638011
90638013
90638015
90638017
90641577
90641579
90641607
90641637
90643400
90643410
90643417
90643423
90643802
90643808
90643812
90644781
90644803
90646504
90646507
90646509
90646514
90646516
90646518
90649134
90649136
90649138
90649163
90649191
90649201
90649398
90649400
90651000
90651008
90651016
90651021
90651419
90651425
90651432
90651435
90651439
90651446
90655638
90655640
90655642
90655644
90655646
90655649
90658413
90658416
90658418
90658420
90658423
90658425
90658618
90658620
90660653
90660660
90660667
90660676
90661042
90661047
90661173
90661178
90661181
90661185
90661187
90661189
90663952
90663954
90663968
90664009
90664016
90664018
90666559
90666561
90666576
90666617
90666624
90666626
90667989
90667991
90667993
90667995
90667997
90667999
90668877
90668882
90668885
90670073
90670075
90670167
90670169
90671564
90671566
90671664
90671675
90671722
90671724
90671726
90674340
90674342
90674436
90674438
90674441
90674454
90674479
90674507
90675845
90675847
90675849
90675851
90675853
90675855
90676883
90676927
90676934
90676937
90678143
90679459
90679489
90679491
90680573
90680575
90680668
90680670
90680672
90680674
90680676
90680678
90681428
90681434
90684045
90684072
90684103
90684115
90684120
90684127
90684199
90684415
90684417
90684421
90684423
90684775
90685344
90687909
90687911
90687913
90687915
90687917
90687920
90690547
90690590
90690595
90690597
90690599
90690795
90690797
90690800
90690803
90690805
90690807
90692746
90692792
90692816
90692820
90692823
90692828
90694565
90694652
90694654
90695539
90695541
90695543
90695545
90695547
90695549
90697169
90697171
90697173
90698208
90698210
90698212
90698214
90698216
90698218
90700011
90700019
90700023
90700208
90700214
90700220
90700367
90700369
90700373
90700376
90700415
90700438
90704586
90704588
90704590
90704592
90704594
90704668
90704670
90704672
90704675
90706316
90706338
90714145
90714189
90714244
90714321
90715342
90715345
90715347
90715384
90715487
90715565
90715630
90750233
90750260
90803025
90803036
90852363
90852446
90852530
90852662
90852793
90852853
90852895
90852920
90852999
90853068
90853132
90853149
90853191
90853308
90853366
90853367
90853369
90853371
90853372
90853375
90853376
90853378
90853380
90853383
90856713
90856740
90857597
90857600
90857603
90857605
90857606
90857615
90857622
90857630
90857634
90857636
90857642
90857649
90857664
90857710
90857780
90857856
90857922
90857978
90858033
90858043
90858048
90858052
90859002
90859006
90859007
90859009
90859011
90859013
90859015
90859017
90859018
90859022
90859027
90859029
90859032
90859035
90859036
90859041
90859062
90859111
90859180
90859317
90859399
90859420
90859427
90859429
90861494
90861599
90861642
90861647
90861652
90862102
90862105
90862109
90862113
90862116
90862119
90862121
90862126
90862127
90862188
90862251
90863314
90863349
90863375
90863376
90863378
90863380
90863381
90863382
90863383
90863384
90863385
90863386
90863387
90863389
90863390
90863501
90863574
90863643
90863735
90863765
90870504
90870583
90870590
90870648
90870707
90870764
90870819
90870831
90870834
90870837
90872743
90872848
90872941
90873084
90873175
90873255
90874885
90874888
90874890
90874893
90874895
90874896
90875013
90875551
90875674
90875734
90875847
90875908
90875968
90876028
90876089
90876145
90876146
90876147
90876149
90876150
90876151
90876298
90876443
90876557
90876733
90876747
90876806
90903156
90903172
90934093
90934112
90934117
90934121
90936577
90936593
90980247
90983164
90983191
91051495
91051575
91078461
91108668
91108712
91113244
91113728
91120862
91121324
91121339
91121343
91121360
91121370
91121387
91121403
91121787
91121804
91121821
91121837
91129715
91129737
91151843
91151863
91173925
91173946
91197246
91197276
91210514
91218502
91218517
91220299
91220486
91223054
91223068
91223142
91223153
91223184
91223205
91223250
91223380
91223381
91223385
91223387
91245265
91245276
91293916
91293944
91311258
91311318
91311327
91337113
91337130
91337725
91342095
91389435
91403919
91404000
91410013
91410294
91442553
91442615
91442628
91442631
91444954
91444989
91451970
91453623
91453689
91453771
91467661
91467768
91467866
91468635
91469333
91479322
91479340
91479546
91479674
91479676
91479677
91484490
91485388
91493970
91494018
91494321
91494418
91495786
91495849
91495880
91496612
91497590
91498066
91498067
91498068
91498069
91498070
91498075
91498376
91498808
91498825
91501536
91501537
91501538
91502592
91502659
91502664
91502703
91502705
91503417
91505702
91508966
91508969
91508970
91508987
91509084
91509086
91509130
91509470
91509480
91519652
91519654
91519655
91519656
91519657
91519658
91519720
91524334
91524335
91525847
91525848
91525849
91527339
91528338
91528365
91529324
91531867
91532059
91532499
91532500
91532505
91532507
91536332
91536333
91536334
91537251
91537257
91537259
91537282
91537289
91537312
91541339
91543560
91543563
91543566
91543570
91543572
91543575
91553248
91553283
91565351
91576671
91576701
91590296
91605413
91605457
91623448
91623455
91623456
91624289
91624320
91634206
91634212
91634223
91635026
91635030
91635035
91635037
91635040
91639078
91639079
91639080
91639081
91640868
91642215
91642216
91642217
91642223
91642247
91643363
91643408
91654413
91654414
91654415
91654416
91656296
91656301
91656303
91656304
91656308
91660365
91660383
91660436
91660502
91660586
91660650
91660698
91660724
91660788
91660793
91660794
91660795
91660796
91660800
91660801
91660803
91660806
91660809
91660811
91660813
91660814
91660816
91660817
91660820
91665494
91665540
91667284
91667287
91667289
91667292
91667354
91667360
91667417
91667419
91667422
91667426
91667428
91667433
91667451
91667494
91667560
91667622
91667685
91667733
91667777
91667786
91667790
91667793
91669951
91669954
91669956
91669957
91669959
91669962
91669963
91669968
91669972
91669974
91669977
91669979
91669981
91669984
91669987
91669989
91670015
91670066
91670130
91670248
91670322
91670333
91670338
91670340
91673975
91674180
91674260
91674319
91674325
91674752
91674755
91674757
91674762
91674763
91674765
91674769
91674776
91674781
91674869
91674956
91675898
91675916
91675922
91675923
91675924
91675926
91675929
91675931
91675932
91675933
91675935
91675936
91675937
91675939
91676073
91676138
91676195
91676265
91676275
91678517
91678519
91678521
91678523
91678525
91678527
91678529
91678531
91678536
91678538
91679044
91679267
91679304
91679316
91679338
91679343
91679344
91679367
91679368
91679369
91679371
91679834
91679837
91679839
91679841
91679843
91679858
91680087
91680185
91680187
91680191
91680195
91680198
91680200
91680201
91680203
91680205
91680207
91680208
91680209
91680210
91680211
91680254
91680315
91680489
91680540
91680545
91680547
91680548
91680550
91684574
91684650
91684723
91684801
91684821
91685172
91685246
91685360
91685500
91685571
91685697
91687564
91692082
91692446
91693241
91693280
91698338
91699035
91699393
91699758
91715468
91718104
91720514
91720952
91720997
91721038
91726112
91726391
91732547
91752722
91752920
91752921
91753519
91753520
91753521
91753568
91753610
91761586
91761620
91761681
91761682
91761713
91775414
91775615
91784874
91784878
91792857
91792926
91799416
91799512
91799521
91799523
91802798
91802799
91802801
91802802
91802803
91802804
91804925
91804931
91810085
91816865
91818874
91818918
91874611
91874656
91890776
91914021
91914022
91914295
91914318
91914385
91930694
91930732
91988384
91988477
92014858
92019745
92019809
92019810
92040390
92040428
92041275
92041276
92041277
92041278
92041304
92041331
92087432
92087471
92097119
92097315
92097319
92118098
92118138
92120263
92126533
92126986
92126987
92126988
92126989
92126994
92139670
92139711
92143226
92174558
92185191
92185294
92243763
92243805
92287733
92287777
92319819
92319833
92320432
92320497
92321485
92321490
92321493
92327887
92327955
92328020
92339431
92339478
92367541
92367543
92367557
92367575
92367576
92367639
92367695
92367696
92367706
92367756
92367811
92367812
92367873
92367929
92367994
92368054
92368112
92368170
92368235
92368288
92368289
92368290
92368345
92368405
92370415
92370423
92370594
92370599
92370607
92370610
92370612
92370616
92370618
92370619
92370622
92370624
92370625
92370628
92370637
92370639
92370641
92370649
92370651
92370654
92370656
92370660
92370663
92370666
92370829
92370830
92370834
92370836
92370837
92370841
92370843
92370845
92370847
92370848
92370852
92370854
92370856
92370859
92370861
92370863
92370870
92370871
92370875
92370877
92370881
92370886
92370892
92370894
92372302
92372449
92372533
92372566
92372578
92373270
92373272
92373277
92373281
92373282
92373287
92373288
92373296
92373308
92373449
92373558
92375106
92375151
92375221
92375224
92375225
92375227
92375228
92375229
92375233
92375234
92375235
92375236
92375238
92375243
92375245
92375436
92375551
92375632
92375759
92375847
92380965
92380986
92381045
92381104
92381163
92381208
92381227
92381285
92381287
92381290
92383494
92383618
92383720
92383900
92384004
92384032
92386043
92386047
92386049
92386050
92386052
92386053
92386350
92386841
92386916
92386936
92386941
92386949
92386958
92386963
92386968
92386973
92386976
92386978
92386979
92386980
92386981
92387043
92387110
92387351
92387523
92387589
92387674
92387691
92387699
92390054
92390070
92390088
92390121
92390174
92390191
92390210
92390245
92390276
92390281
92391791
92391803
92401283
92419678
92432740
92432750
92448041
92448282
92467938
92467961
92468069
92468083
92468084
92468088
92486970
92487003
92508017
92508019
92508020
92508041
92508042
92516900
92516956
92545584
92545690
92598786
92598843
92626517
92638279
92638337
92639944
92668516
92672764
92672823
92706828
92706910
92710368
92731587
92731589
92731592
92731743
92731755
92746439
92768868
92768914
92773135
92773137
92773206
92773222
92776617
92801663
92801721
92801722
92801730
92806991
92807066
92807121
92807856
92816124
92818422
92825877
92825884
92827334
92843087
92843146
92850957
92857913
92857918
92857919
92857924
92857925
92857926
92857928
92860708
92860709
92860710
92860755
92879491
92886074
92886131
92916598
92916600
92916768
92917016
92917285
92921322
92921348
92937116
92937170
92966952
92967008
