78.043
75.227
73.633
71.000
68.751
71.274
69.569
72.541
70.007
66.681
67.940
69.017
70.146
66.494
66.516
68.961
67.665
78.916
229.435
65.860
66.326
68.088
67.838
71.107
68.966
69.653
70.662
77.355
75.914
80.414
79.154
73.136
72.438
68.938
70.879
70.183
72.437
71.317
72.641
81.106
83.239
75.950
75.634
57.738
67.406
70.438
73.117
47.341
89.176
9.105
37.385
42.881
69.332
67.315
72.069
70.957
70.631
68.216
74.928
72.034
65.609
65.758
67.572
64.861
69.192
72.911
67.621
66.830
68.795
67.211
73.381
73.480
66.085
66.544
69.321
68.917
67.396
71.930
68.683
67.150
69.964
69.252
74.273
72.693
45.428
70.113
71.375
67.137
67.097
65.991
66.094
75.586
77.241
67.750
71.646
68.657
71.463
67.047
69.705
176.291
69.953
69.895
66.337
63.484
65.064
65.767
69.142
68.160
70.450
71.141
68.285
65.728
67.969
68.707
70.586
69.885
67.646
68.595
64.525
71.904
70.046
75.374
69.119
67.258
68.902
67.808
71.041
69.917
83.364
80.289
77.160
73.736
71.543
73.030
68.476
67.105
69.089
68.442
70.011
71.063
66.491
67.074
70.901
73.687
71.997
69.991
69.420
69.772
66.781
67.439
71.431
73.904
70.504
69.414
72.891
73.585
76.457
78.758
70.758
72.028
71.120
71.216
72.589
72.408
79.340
76.308
83.566
82.178
80.300
81.499
69.423
70.311
68.129
70.507
70.293
73.142
78.445
62.704
65.823
70.369
78.984
70.965
70.017
70.929
69.253
68.596
