19.110
21.286
23.501
20.074
20.567
19.330
19.958
20.315
17.463
17.164
17.952
17.869
17.920
18.134
17.621
19.996
21.080
23.376
22.262
25.759
17.764
18.561
16.956
17.566
18.316
17.077
18.754
19.865
20.336
18.395
17.155
17.003
16.971
17.881
17.283
16.550
22.445
5.117
9.945
36.898
10.046
17.494
16.804
21.254
21.074
17.529
17.240
17.222
19.283
18.282
19.254
16.048
16.502
16.618
17.027
17.589
17.101
20.183
20.387
18.135
17.803
16.904
16.975
16.713
16.431
16.251
17.181
19.701
17.988
19.347
18.414
18.913
20.122
14.975
14.370
18.400
18.996
17.712
18.257
17.662
18.334
18.334
18.860
19.983
21.521
48.918
22.345
20.946
20.923
24.010
48.805
28.956
123.945
17.848
18.070
4.911
20.298
17.007
17.149
16.696
18.357
18.390
19.403
19.232
15.788
10.295
25.815
25.788
18.545
18.449
17.931
18.710
18.435
17.400
19.054
18.126
26.355
25.542
19.234
19.429
18.987
18.369
18.526
17.676
17.562
17.642
24.382
23.943
24.161
17.655
19.374
19.840
19.179
17.244
17.329
16.011
55.357
17.170
15.664
19.230
20.183
18.961
18.277
20.068
20.822
18.142
17.088
16.841
16.543
16.663
42.156
21.408
19.990
21.797
20.050
19.239
18.152
19.035
16.740
16.471
17.233
17.541
20.853
21.024
3.018
18.926
19.095
20.211
19.955
16.356
17.131
16.635
17.021
17.120
16.495
19.513
19.369
18.623
19.552
20.754
19.115
18.124
18.419
18.985
19.135
