14.742
13.904
13.945
13.268
15.527
12.859
13.036
12.644
12.461
12.301
12.461
13.648
13.018
13.885
12.522
14.337
13.255
13.745
13.592
14.247
12.813
13.244
12.312
14.155
13.307
13.377
13.781
13.063
14.465
15.227
16.360
12.570
12.312
12.719
13.306
12.155
12.084
13.439
14.569
13.649
15.085
14.149
12.762
12.354
14.598
12.845
11.873
18.215
7.949
8.187
41.582
10.453
12.463
13.483
18.465
15.926
13.900
13.590
13.703
14.459
13.180
12.798
12.362
12.131
12.079
11.914
13.111
13.078
13.915
15.205
15.645
14.498
13.593
13.128
12.685
12.710
13.220
12.482
14.055
13.812
13.943
14.116
13.261
13.048
30.800
17.183
13.001
13.369
13.173
13.943
13.079
12.190
13.480
13.557
14.093
16.302
14.936
13.799
12.710
3.905
12.555
12.329
13.382
12.050
13.862
13.723
13.553
13.915
12.984
13.470
12.504
12.701
13.957
14.147
13.055
13.428
14.456
12.721
12.935
13.887
13.322
12.798
13.838
12.653
12.703
12.830
14.367
14.479
17.492
18.299
20.334
15.867
13.916
14.320
13.504
12.450
13.379
13.011
13.537
14.422
13.963
15.074
13.579
14.011
15.541
15.028
12.849
14.163
12.985
12.772
13.254
12.001
63.256
14.288
14.117
13.597
13.688
13.961
13.868
13.740
13.680
13.229
13.493
13.077
13.416
14.385
14.088
13.533
13.413
13.873
13.746
12.135
13.387
7.777
17.544
3.585
11.954
12.178
13.189
12.015
13.720
12.957
14.005
12.794
15.380
13.321
28.892
12.978
13.386
12.984
13.999
