32.979
33.279
33.435
33.391
29.696
29.192
29.367
29.469
31.090
30.281
31.343
30.099
32.068
31.348
30.287
30.678
29.961
31.214
32.864
29.786
29.660
29.159
31.120
30.485
30.456
29.572
32.000
33.095
34.892
34.669
31.259
29.400
29.138
30.814
35.621
26.542
32.188
32.489
29.846
28.275
29.597
28.926
26.683
28.503
27.435
27.831
27.227
27.911
30.838
31.179
30.143
29.044
29.050
29.139
27.440
26.884
27.624
27.335
25.823
26.242
28.133
26.718
29.106
30.723
28.880
28.441
28.154
29.366
27.447
27.320
29.379
30.272
29.096
28.334
30.399
29.335
31.021
30.453
28.907
29.512
29.471
27.756
28.063
29.032
27.998
27.629
32.102
34.268
29.172
30.364
28.711
29.933
26.739
27.661
25.366
27.836
29.059
28.811
28.404
28.419
28.574
28.311
29.099
29.229
27.212
28.571
27.620
27.667
29.031
28.352
28.706
29.481
27.806
29.104
28.536
28.545
27.751
29.050
29.394
33.222
34.408
34.104
30.840
29.998
29.756
27.353
28.484
28.348
28.211
28.426
27.353
27.834
29.450
29.124
28.543
21.457
21.154
19.798
20.760
19.577
19.282
19.511
18.773
23.693
23.608
21.495
21.289
21.379
20.798
20.744
20.754
19.922
20.608
19.231
19.018
22.496
22.049
21.876
21.875
20.400
21.967
19.216
19.235
19.063
18.850
19.863
19.556
21.333
21.224
20.022
20.437
16.042
16.649
16.168
16.099
16.662
