133287511
133534262
133556284
133573937
133626112
134014808
134667125
134778055
134778113
134778346
134778607
134779021
134785347
134993557
134993558
134993559
134993560
134993561
134993562
134993563
134993564
134993565
134993566
134993567
134993568
134993569
134993570
134993571
134993994
134993995
134993996
134993997
134993998
134993999
134994000
134994001
134994003
134994004
134994006
134994007
134994008
134994009
134994010
135007332
135020738
135091884
135094005
135099603
135130374
135133754
135141435
135143085
135462243
135462244
135471036
135471041
135471043
135471047
135471050
135471053
135471054
135471061
135471063
135471072
135471075
135471077
135471079
135471080
135471081
135471082
135471085
135471087
135472016
135472019
135472021
135472025
135472026
135472029
135472031
135472032
135472034
135472036
135472039
135472043
135472049
135472061
135472070
135472077
135472085
135472148
135473164
135473165
135473167
135473169
135473172
135473175
135473180
135473181
135473182
135473183
135473185
135473186
135473189
135473192
135473197
135473198
135473200
135473201
135473929
135473930
135473954
135473977
135473981
135473996
135474000
135474614
135474618
135474619
135474623
135474625
135474629
135474631
135474633
135474634
135474636
135474638
135475212
135475214
135475216
135475230
135475231
135475232
135475239
135475240
135475243
135475245
135475306
135475308
135475309
135475311
135475313
135475315
135475318
135475325
135475327
135475329
135475330
135475334
135475366
135475374
135475818
135476112
135476117
135476152
135476160
135476167
135476177
135476186
135476206
135476223
135476240
135476285
135476651
135476659
135476670
135476677
135476684
135476690
135476697
135477156
135477158
135477160
135477161
135477162
135477164
135477168
135477192
135477194
135477199
135477206
135477208
135477209
135477210
135477211
135477212
135477213
135477573
135477581
135477589
135477636
135477640
135477673
135477690
135477803
135478158
135478164
135478173
135478177
135478188
135478198
135478593
135478611
135478621
135478934
135478943
135478945
135478946
135478949
135478955
135478957
135478995
135478999
135479000
135479001
135479003
135479009
135479010
135479012
135479013
135479711
135479718
135479742
135479745
135479750
135479754
135479757
135479760
135479764
135479771
135479779
135480034
135480048
135480088
135480098
135480109
135480115
135480127
135480146
135480154
135480160
135480165
135480169
135480197
135480211
135480556
135480557
135480560
135480939
135480973
135480994
135481000
135481008
135481048
135481079
135481083
135481090
135481099
135481105
135481108
135481112
135481283
135481286
135481287
135481292
135481293
135481294
135481295
135481296
135481298
135481301
135481303
135481307
135482375
135482423
135482431
135482436
135482441
135482470
135482478
135482676
135482679
135482686
135482691
135482699
135482704
135482713
135482726
135482735
135482745
135482755
135482764
135482770
135482785
135482801
135482815
135483203
135483204
135483205
135483206
135483207
135483209
135483210
135483211
135483212
135483247
135483779
135483787
135483790
135483793
135483796
135483801
135483804
135483807
135483810
135483994
135483997
135484005
135484010
135484016
135484020
135484028
135484033
135484038
135484090
135484512
135484516
135484517
135484520
135484522
135484527
135484591
135484594
135484596
135484598
135484600
