13.376
14.723
14.477
16.160
17.084
14.866
24.337
13.243
14.886
14.033
13.899
14.156
14.858
15.407
14.598
15.724
14.945
15.412
30.470
7.981
16.395
14.193
14.009
14.306
13.408
13.557
13.178
10.959
15.051
15.435
23.966
16.890
9.785
2.003
2.836
15.240
20.468
14.165
17.097
15.462
14.138
14.675
13.285
14.403
13.925
13.514
15.467
15.853
14.638
14.073
15.539
13.780
13.617
13.422
14.575
16.189
13.877
14.394
18.385
14.702
11.582
10.561
15.508
17.529
16.900
20.080
15.186
17.147
14.254
14.635
21.315
14.202
15.473
14.672
15.497
13.414
15.957
16.001
15.348
17.593
13.545
16.047
13.903
14.267
13.303
14.920
17.065
14.991
14.312
18.838
14.607
14.028
13.786
15.567
14.530
14.643
14.394
13.362
14.070
16.799
14.552
14.850
19.514
14.258
14.169
17.228
15.661
15.835
16.982
14.995
16.049
17.722
14.055
15.958
16.647
18.972
15.654
16.046
14.315
14.725
14.833
14.894
14.598
14.697
14.634
13.951
14.390
15.107
15.795
14.683
27.065
1.915
14.695
17.027
23.542
16.066
14.964
14.782
15.514
14.972
20.119
13.985
15.745
14.945
16.749
16.331
16.195
1.484
16.487
16.476
15.537
13.338
15.140
13.585
16.540
16.340
15.770
17.255
14.905
14.806
16.520
14.942
16.644
15.825
15.013
