13.076
13.490
13.585
12.949
14.944
13.382
15.445
14.152
13.373
13.293
16.202
13.302
13.753
13.263
14.765
19.234
28.657
16.053
15.284
14.671
25.543
13.845
14.361
14.674
16.442
13.327
13.223
13.933
14.385
13.587
13.417
35.618
14.616
15.642
14.551
14.245
16.203
14.342
15.204
14.011
15.013
15.128
15.190
14.314
14.979
13.018
13.050
14.017
14.110
13.373
13.240
13.985
13.965
14.726
14.741
17.861
13.911
13.781
12.783
12.785
13.041
14.815
13.439
13.330
12.738
17.479
14.479
14.635
14.480
13.464
12.684
13.313
12.778
13.527
13.948
15.486
3.379
15.085
13.477
12.820
6.221
12.996
13.485
13.303
12.747
13.375
14.008
13.893
14.031
14.040
14.036
14.758
16.345
14.909
12.651
2.404
14.902
16.117
15.864
13.183
17.351
13.353
