48.274
53.856
54.863
51.997
48.550
49.432
50.354
53.693
51.348
53.173
55.071
55.729
52.525
53.423
50.645
58.783
54.752
50.886
52.916
66.511
62.880
50.233
56.582
54.193
54.707
55.626
54.552
53.346
51.503
47.515
48.759
54.266
49.207
55.302
55.239
50.035
56.430
59.023
55.130
57.016
51.724
46.939
56.071
55.878
55.275
52.544
47.985
51.855
54.918
49.724
50.780
50.952
54.904
51.945
55.165
51.598
50.014
49.205
52.273
57.357
50.774
50.433
48.109
50.287
57.693
52.495
51.352
48.628
49.642
47.734
48.863
48.605
50.374
52.034
53.524
45.239
50.890
51.039
51.170
48.987
51.820
46.722
48.568
49.615
51.300
49.793
55.156
49.376
51.365
50.136
48.232
48.525
49.287
54.410
48.583
