126910854
126910855
126910856
126910857
126910858
126910859
126910861
126910862
126910863
126910864
126910865
126910866
126910867
126910868
126910869
126910870
126910873
126910874
126910876
126911473
126911476
126911481
126911488
126911492
126911551
126911552
126911553
126911555
126911558
126911560
126911562
126911564
126911625
126911631
126911636
126911640
126912176
126912186
126912189
126912191
126912193
126912195
126912197
126912204
126912206
126912207
126912210
126912213
126912782
126912783
126912789
126912796
126912804
126912810
126912818
126912824
126912878
126912889
126912897
126912911
126912923
126912940
126912949
126913338
126913340
126913342
126913345
126913348
126913909
126913917
126913919
126913922
126913924
126913926
126913931
126913933
126913935
126913938
126913940
126913943
126913944
126913945
126913947
126913948
126913950
126913951
126913953
126914077
126914079
126914081
126914572
126914574
126914578
126914634
126914643
126914645
126914647
126914649
126914651
126914653
126914656
126915335
126915337
126915339
126915982
126915984
126915987
126915989
126915991
126915993
126915995
126915998
126916000
126916321
126916328
126916340
126916351
126916370
126916378
126916397
126916407
126916419
126916428
126916440
126916452
126916465
126916476
126916487
126916496
126916558
126916563
126916571
126917349
126917350
126917353
126917356
126917358
126917360
126917362
126917364
126917366
126917369
126917371
126917375
126917377
126917380
126917382
126917383
126917385
126917389
126918168
126918287
126918290
126918298
126918306
126918313
126918319
126918331
126918338
126918347
126918421
126918432
126918444
126918458
126918470
126918483
126918495
126918564
126918573
126918582
126918772
126918773
126918774
126918776
126918777
126918778
126918779
126918781
126918783
126918785
126918789
126918791
126919156
126919163
126919168
126919174
126919177
126919182
126919222
126919230
126919541
126919568
126919573
126919966
126919972
126919977
126919981
126919989
126919994
126920001
126920005
126920013
126920101
126920102
126920104
127039270
127588194
127588776
127588784
127588796
127588851
127588863
127588883
127588911
127588940
127589022
127589060
127589079
127589127
127589146
127589395
127589396
127589398
127589399
127589401
127589402
127589410
127589411
127589416
127590009
127590015
127590018
127590021
127590024
127590030
127590048
127590054
127590609
127590614
127590618
127590623
127590624
127590625
127590629
127590630
127590631
127590635
127590639
127590642
127590647
127590656
127590657
127590661
127590817
127590846
127591026
127591042
127591066
127591075
127592014
127592015
127592016
127592018
127592020
127592023
127592025
127592036
127592055
127592095
127592112
127592142
127592170
127592210
127592255
127592278
127592300
127592357
127592394
127592653
127592671
127592701
127592740
127592764
127593885
127593887
127593888
127593892
127593893
127593895
127593897
127593899
127593901
127593902
127593908
127593911
127593914
127593916
127594479
127594480
127594486
127594491
127594492
127594510
127594513
127595181
127595188
127595515
127595577
127595652
127595665
127595704
127595762
127595784
127595805
127595816
127595837
127595843
127595846
127595855
127595856
127595862
127595977
127595982
127596001
127596023
127596037
127596053
127596076
127596140
127596166
127596216
127596255
127596387
127596411
127596637
127596658
127596674
127596685
127596710
127597273
127597275
127597277
127597281
127597283
127597292
127597293
127597297
127597298
127597321
127597342
127597358
127597424
127597498
127597521
127597537
127597951
127597970
127597981
127597996
127598013
127598046
127598108
127598123
127598136
127598149
127598229
127598273
127598285
127598345
127598349
127598404
127598439
127598452
127598455
127741417
127741418
127741420
127741422
127741423
127741425
127741427
127741429
127741431
127741434
127741436
127741437
127741440
127741445
127741447
127741450
127741452
127741457
127741458
127741525
127741530
127741534
127741537
127741541
127741545
127741547
127741548
127741550
127741553
127741648
127741649
127741650
127741653
127741655
127741656
127741660
127741663
127741664
127741779
127741781
127741783
127741785
127741856
127741858
127741861
127741864
127741865
127741866
127741870
127741872
127741873
127741874
127741877
127741878
127741880
127741881
127741883
127741884
127741886
127741906
127741907
127741908
127741909
127741911
127741912
127741913
127741914
127741916
127741917
127741918
127741920
127741921
127741922
127741924
127741927
127741928
127741929
127741930
127742103
127742105
127742107
127742110
127742111
127742120
127742122
127742124
127742126
127742129
127742131
127742133
127742137
127742139
127742140
127742141
127742145
127742147
127742149
127742215
127742217
127742219
127742413
127742414
127742416
127742473
127742501
127742502
127742507
127742547
127742560
127742604
127742610
127742617
127742619
127742624
127742627
127742629
127742632
127742633
127742635
127742636
127742638
127742639
127742645
127742646
127742648
127742650
127742653
127742661
127742863
127742909
127742910
127742911
127742917
127742925
127742947
127742955
127742957
127742958
127742962
127742963
127742967
127742969
127743055
127743058
127743106
127743107
127743110
127743112
127743114
127743116
127743117
127743119
127743123
127743125
127743126
127743128
127743132
127743134
127743135
127743139
127743144
127743149
127743151
127743215
127743219
127743221
127743292
127743296
127743346
127743352
127743356
127743360
127743443
127743445
127743448
127743451
127743453
127743456
127743458
127743460
127743463
127743521
127743523
127743526
127743528
127743530
127743621
127743625
127743629
127743634
127743709
127743717
127743721
127743723
127743728
127743731
127743736
127743738
127743739
127743740
127743744
127743747
127743749
127743754
127743758
127743759
127743762
127743766
127743768
127743919
127743925
127743930
127743932
127743934
127743936
127743939
127743941
127743946
127743948
127743950
127743952
127743953
127743956
127743958
127743962
127743964
127743970
127743971
127744128
127744132
127744134
127744135
127744136
127744138
127744141
127744143
127744147
127744148
127744149
127744156
127744161
127744162
127744166
127744169
127744172
127744174
127744176
127744339
127744346
127744349
127744351
127744354
127744356
127744358
127744359
127744360
127744361
127744365
127744367
127744369
127744371
127744374
127744379
127744380
127744439
127744442
127744445
127744447
127744451
127744563
127744566
127744569
127744571
127744576
127744578
127744582
127744584
127744644
127744647
127744652
127744686
127744690
127744717
127744722
127744724
127744751
127744753
127744754
127744755
127744758
127744759
127744760
127744762
127744844
127744866
127744872
127744877
127744917
127744984
127744987
127745148
127745162
127745198
127745207
127745218
127745280
127745287
127745351
127745352
127745354
127745355
127745358
127745359
127745362
127745363
127745365
127745366
127745367
127745368
127745370
127745372
127745373
127745375
127745376
127745378
128066722
128066726
128066733
128066755
128066775
128066790
128066808
128066813
128066835
128066859
128066900
128066908
128066942
128066995
128066999
128067003
128067034
128067046
128067205
128067221
128067229
128067297
128067317
128067332
128067339
128067350
128067359
128067369
128067708
128067726
128068006
128068021
128068026
128068030
128068036
128068060
128068067
128068074
128068089
128068104
128068119
128068125
128068130
128068133
128068144
128068147
128068153
128068159
128068452
128068751
128068757
128068760
128068761
128068770
128068773
128068775
128068777
128068778
128068780
128068785
128068788
128068791
128068792
128068798
128068807
128069364
128069379
128069401
128069419
128069428
128069433
128069444
128069458
128069483
128069495
128069500
128069503
128069533
128069536
128069545
128069549
128069558
128069574
128069576
128070023
128070027
128070030
128070040
128070056
128070064
128070068
128070114
128070123
128070378
128070387
128070392
128070396
128070407
128070420
128070450
128070456
128070484
128070492
128070495
128070499
128070502
128070508
128070771
128070772
128070775
128070777
128070778
128070780
128070782
128071196
128071204
128071216
128071226
128071233
128071251
128071256
128071262
128071482
128071491
128071507
128071514
128071523
128071526
128071543
128071560
128071566
128071570
128071590
128071905
128071925
128071931
128071935
128071944
128071962
128072052
128072061
128072075
128072098
128072315
128072322
128072337
128072338
128072349
128072700
128072716
128072721
128072737
128072744
128072758
128072759
128072766
128073127
128073156
128073164
128073170
128073182
128073187
128073237
128073253
128073315
128073335
128073352
128073360
128073369
128073374
128073384
128073393
128073413
128073419
128073541
128073544
128073557
128073560
128073589
128073593
128073598
128073601
128073605
128073661
128073667
128073712
128073735
128074063
128074068
128074072
128074073
128074079
128074080
128074082
128074086
128210966
128210968
128210979
128210981
128210984
128210993
128210994
128210998
128211001
128211006
128211014
128211017
128211022
128211025
128211029
128211032
128211039
128211045
128211047
128211645
128211683
128211695
128211699
128211702
128211705
128211707
128211711
128211715
128211717
128212468
128212479
128212484
128212500
128212558
128212585
128212600
128212617
128212629
128212673
128212728
128213060
128213065
128213068
128213073
128213077
128213079
128213080
128213083
128213084
128213087
128213090
128213092
128213101
128213104
128213126
128213156
128213188
128213198
128213251
128213273
128213776
128213781
128213782
128213784
128213786
128213787
128213790
128213792
128213794
128213797
128213802
128213808
128213833
128213843
128214929
128214931
128214934
128214935
128214938
128214940
128214941
128214944
128214945
128214949
128214951
128214953
128214956
128214958
128214960
128214962
128214965
128214966
128214969
128214971
128215613
128215616
128215624
128215631
128215633
128215635
128215636
128215639
128215643
128215646
128215648
128215650
128215654
128215657
128215660
128215663
128215665
128215666
128215669
128215672
128216253
128216255
128216259
128216261
128216270
128216271
128216272
128216573
128216592
128216598
128216613
128216664
128216678
128216693
128216697
128216718
128216738
128216980
128217004
128217019
128217071
128217090
128217128
128217654
128218254
128218300
128218573
128218768
128219116
128219435
128219437
128219440
128219443
128219445
128219457
128219479
128219502
128219521
128219558
128219606
128219991
128219993
128220434
128220551
128220557
128221105
128221115
128221126
128221127
128221138
128221637
128221643
128221648
128221672
128221675
128221679
128221681
128221689
128221693
128221696
128221698
128221699
128221704
128221711
128221715
128221732
128221748
128221751
128221752
128221756
128222301
128222329
128222817
128222822
128222829
128222839
128223093
128223182
128223288
128223383
128223896
128223901
128223932
128223948
128223951
128223976
128223994
128224019
128224056
128224070
128224097
128224136
128224556
128224563
128225132
128225133
128225135
128225140
128225149
128225152
128225153
128225156
128225158
128225165
128225166
128225168
128225172
128225176
128225177
128225180
128225182
128226305
128226821
128226998
128227156
128228385
128228926
128229557
128229719
128230043
128775051
128775056
128775057
128775058
128775059
128775061
128775062
128775064
128775065
128775067
128775069
128775071
128775073
128775076
128775081
128775083
128775090
128775091
128775095
128775100
128775627
128775639
128775645
128775651
128775657
128775662
128775667
128775671
128775713
128775736
128775743
128775744
128775770
128775774
128776422
128776425
128776426
128776427
128776428
128776434
128776467
128776470
128776472
128776473
128776476
128776480
128777034
128777040
128777041
128777044
128777046
128777054
128777056
128777059
128777060
128777062
128777063
128777629
128777635
128777643
128778321
128778333
128778336
128778356
128778359
128778366
128778368
128778377
128778383
128778386
128778391
128779142
128779195
128779253
128779286
128779326
128779345
128779353
128779385
128779413
128779418
128779447
128779462
128779495
128779526
128779550
128779558
128779561
128779603
128779614
128779630
128780450
128780454
128780460
128780469
128780471
128780504
128781107
128781109
128781112
128781114
128781115
128781117
128781123
128781126
128781131
128781132
128781133
128781851
128781856
128781859
128781885
128781890
128782426
128782428
128782430
128782432
128782434
128782436
128782438
128782441
128782447
128782449
128782452
128782455
128782456
128782458
128782461
128782467
128782468
128782470
128782473
128782478
128783008
128783009
128783010
128783012
128783015
128783016
128783018
128783019
128783027
128783033
128783035
128783036
128783039
128783041
128783043
128783044
128783047
128783048
128783051
128940093
128940096
128940097
128940101
128940106
128940108
128940109
128940111
128940114
128940116
128940117
128940118
128940122
128940124
128940126
128940127
128940129
128940130
128940131
128940132
128940169
128940170
128940171
128940172
128940173
128940175
128940177
128940183
128940334
128940336
128940338
128940340
128940344
128940348
128940350
128940352
128940354
128940356
128940357
128940358
128940362
128940364
128940367
128940370
128940374
128940377
128940378
128940380
128940428
128940432
128940436
128940439
128940442
128940444
128940448
128940534
128940541
128940543
128940544
128940547
128940549
128940551
128940669
128940671
128940673
128940675
128940677
128940705
128940709
128940718
128940720
128940722
128940726
128940728
128940729
128940730
128940731
128940736
128940737
128940741
128940743
128940744
128940886
128940888
128940889
128940892
128940895
128940903
128940904
128940906
128940910
128940911
128940913
128940916
128940918
128940920
128940923
128940924
128940925
128940928
128940933
128941013
128941014
128941017
128941022
128941023
128941026
128941096
128941098
128941099
128941101
128941105
128941110
128941113
128941185
128941188
128941193
128941313
128941314
128941322
128941324
128941327
128941329
128941416
128941418
128941423
128941426
128941499
128941501
128941505
128941514
128941523
128941532
128941540
128941541
128941670
128941674
128941676
128941677
128941680
128941681
128941682
128941683
128941684
128941804
128941883
128941886
128941889
128941892
128941894
128941899
128941902
128941904
128941906
128941912
128942011
128942015
128942017
128942018
128942020
128942021
128942024
128942198
128942201
128942206
128942207
128942212
128942217
128942222
128942223
128942229
128942235
128942240
128942245
128942246
128942382
128942385
128942389
128942392
128942395
128942402
128942406
128942409
128942414
128942415
128942419
128942421
128942423
128942434
128942437
128942442
128942446
128942453
128942462
128942470
