93533353
93533425
93573655
93573726
93610278
93610342
93633509
93650423
93650492
93689326
93689412
93727347
93727437
93764878
93764978
93804039
93804138
93838295
93838378
93875924
93912794
93912871
93951745
93951825
93989218
93989296
94025919
94026016
94059618
94059708
94092753
94092837
94129893
94129976
94171111
94171207
94210295
94210376
94249724
94249804
94285977
94286069
94323034
94323104
94361601
94361683
94385558
94386607
94400125
94400264
94431973
94432056
94462605
94462693
94494309
94494401
94524941
94525025
94555356
94555434
94584312
94584392
94616485
94616612
94648088
94648173
94674826
94674910
94701604
94701689
94738310
94738396
94773766
94773849
94809207
94809296
94830554
94847222
94847319
94881053
94881197
94918781
94918874
94983995
94984139
95037855
95038007
95076137
95076239
95105440
95105539
95132816
95132913
95158443
95158553
95183857
95183949
95209879
95209982
95236271
95236384
95264806
95264894
95290554
95290641
95316313
95316420
95341813
95341914
95368041
95368137
95395706
95395826
95423879
95423978
95452133
95452249
95478579
95505493
95505608
95538208
95566312
95566422
95593443
95593547
95634782
95634970
95650853
95672843
95672953
95700140
95700244
95728705
95754680
95754774
95778507
95780566
95780664
95806492
95806579
95812949
95832313
95832417
95863997
95864097
95891380
95891481
95917758
95917851
95944914
95945015
95971194
95971311
95997346
96022959
96023056
96051022
96051117
96079319
96079428
96109129
96109228
96136927
96137022
96163673
96191054
96191158
96217786
96217884
96245120
96245226
96279336
96279441
96308284
96308387
96334784
96334892
96368147
96368272
