93533344
93533431
93573647
93573732
93610270
93610345
93633484
93633510
93650424
93650496
93682538
93682576
93682648
93682756
93682822
93682845
93682876
93682927
93683011
93683082
93683131
93683149
93683172
93683251
93683290
93683321
93683341
93683383
93683399
93683419
93683432
93683441
93683452
93683460
93683472
93689329
93689411
93690699
93690734
93690759
93690778
93690792
93690806
93690815
93690821
93690826
93690833
93690842
93690845
93690874
93690934
93691024
93691093
93691132
93691197
93691238
93691334
93691372
93692948
93692982
93693010
93693042
93693080
93693125
93693168
93693201
93693226
93693254
93693285
93693328
93693352
93693370
93693382
93693392
93693409
93693430
93693476
93693640
93693698
93693738
93693810
93693898
93694004
93698768
93698821
93698873
93698952
93700251
93700283
93700306
93700322
93700345
93700373
93700388
93700409
93700419
93700431
93700438
93702090
93702173
93702340
93702379
93702408
93702433
93702455
93702479
93702507
93702524
93702531
93702536
93702542
93702559
93702578
93702599
93702652
93702816
93702919
93709123
93709149
93709163
93709172
93709177
93709182
93709187
93709191
93709196
93709202
93710114
93710218
93710289
93710409
93710441
93710469
93711214
93711221
93711226
93711232
93711237
93711244
93711333
93711417
93711753
93711786
93711801
93711811
93711816
93711823
93711830
93711835
93711841
93711848
93711857
93711863
93711865
93711871
93711875
93712014
93712199
93712264
93712367
93712393
93712404
93717832
93717853
93717874
93717895
93717916
93717976
93717997
93718019
93718180
93719657
93720718
93725251
93727348
93764886
93764973
93779380
93781430
93781431
93786758
93786843
93786953
93804036
93804141
93815395
93815401
93815404
93815423
93838299
93838374
93875833
93875918
93889465
93889466
93889467
93889518
93889533
93904462
93912786
93912878
93951743
93951832
93953106
93961729
93961765
93989225
93989303
94025927
94026025
94059609
94059710
94083173
94083883
94092754
94092839
94103840
94103843
94103858
94103885
94129885
94129981
94143066
94171110
94171209
94210294
94210380
94249726
94249802
94266796
94285975
94286066
94294274
94323032
94323107
94361599
94361682
94400127
94400257
94423205
94431978
94462598
94462695
94494311
94494393
94523220
94523227
94523649
94523690
94523728
94523733
94523739
94524947
94525024
94550987
94551025
94551091
94551176
94551271
94551344
94551408
94551441
94551469
94551480
94551485
94551491
94551497
94551512
94551516
94551520
94551527
94551528
94551529
94551532
94551535
94551536
94551537
94551539
94551571
94555357
94555432
94556329
94556334
94556337
94556338
94556342
94556346
94556348
94556352
94556354
94556356
94556360
94556365
94556402
94556468
94556557
94556649
94556724
94556822
94556857
94556863
94556867
94558294
94558295
94558298
94558300
94558301
94558304
94558307
94558308
94558311
94558312
94558315
94558319
94558321
94558322
94558327
94558328
94558344
94558389
94558461
94558639
94558764
94558801
94558828
94558835
94558845
94561526
94561623
94561647
94561653
94562222
94562224
94562226
94562231
94562234
94562237
94562245
94562247
94562250
94562254
94562281
94563593
94563685
94563834
94563836
94563839
94563841
94563846
94563852
94563862
94563865
94563868
94563869
94563870
94563873
94563891
94563942
94564021
94564192
94564265
94564353
94567443
94567486
94567509
94567518
94567524
94567528
94567532
94567534
94567538
94568319
94568402
94568465
94568551
94568579
94568592
94569168
94569169
94569170
94569172
94569174
94569176
94569308
94569397
94569668
94569675
94569681
94569684
94569687
94569690
94569692
94569693
94569695
94569696
94569699
94569702
94569703
94569704
94569713
94569903
94570064
94570120
94570193
94570198
94570199
94574041
94574056
94574073
94574105
94574156
94574174
94574191
94574222
94574347
94584314
94616483
94616620
94631723
94648086
94648170
94674825
94674912
94688105
94688107
94688114
94701692
94716235
94716535
94738308
94738394
94773758
94773854
94809203
94809294
94820070
94820141
94820241
94847224
94847318
94881058
94881204
94900819
94918779
94918863
94955955
94984000
94984133
95038006
95076143
95076240
95105446
95105535
95119413
95132915
95147671
95147702
95147721
95148260
95158448
95158551
95161459
95161460
95161464
95180341
95180380
95180446
95180535
95180626
95180689
95180753
95180794
95180819
95180836
95180839
95180845
95180853
95180861
95180866
95180871
95180876
95180882
95180883
95180885
95180886
95180887
95180888
95180890
95180893
95183859
95183955
95184798
95184803
95184806
95184808
95184812
95184815
95184818
95184820
95184822
95184823
95184825
95184828
95184856
95184917
95185001
95185093
95185175
95185290
95185319
95185330
95185332
95186387
95186397
95186401
95186404
95186406
95186409
95186411
95186413
95186416
95186418
95186420
95186422
95186425
95186426
95186429
95186433
95186440
95186446
95186483
95186638
95186800
95186864
95186903
95186936
95186952
95189519
95189688
95189731
95189771
95190391
95190396
95190399
95190401
95190404
95190408
95190412
95190417
95190420
95190424
95190429
95191736
95191825
95192063
95192081
95192085
95192086
95192090
95192095
95192097
95192099
95192101
95192103
95192104
95192108
95192122
95192132
95192175
95192334
95192422
95192555
95195738
95195796
95195841
95195869
95195880
95195890
95195894
95195900
95195906
95196664
95196765
95196832
95196931
95196964
95196983
95197572
95197577
95197584
95197589
95197594
95197598
95197707
95197791
95198108
95198127
95198134
95198142
95198144
95198147
95198149
95198151
95198152
95198154
95198156
95198157
95198159
95198162
95198163
95198325
95198497
95198567
95198640
95198655
95198659
95202653
95202672
95202693
95202713
95202734
95202787
95202806
95202824
95202858
95202969
95209880
95209983
95236276
95236382
95264805
95264896
95290552
95290645
95316316
95316415
95341816
95341908
95364938
95368038
95368130
95395707
95395832
95423880
95423975
95430668
95430671
95430682
95447718
95452127
95452239
95478575
95478671
95482766
95505502
95505601
95538113
95538216
95566314
95566431
95593444
95593544
95600648
95603864
95604472
95611403
95611408
95611422
95634778
95634969
95650820
95661160
95672852
95700137
95700250
95728708
95728800
95754677
95754779
95780563
95780668
95806490
95806586
95832319
95832418
95860387
95860428
95860495
95860581
95860678
95860754
95860815
95860878
95860906
95860916
95860918
95860920
95860923
95860928
95860929
95860932
95860937
95860938
95860939
95860941
95860946
95860947
95860948
95860951
95860954
95864005
95864103
95864876
95864878
95864881
95864887
95864888
95864893
95864895
95864896
95864898
95864903
95864905
95864907
95864931
95864980
95865060
95865154
95865233
95865363
95865397
95865425
95865428
95866517
95866531
95866533
95866537
95866539
95866541
95866544
95866546
95866547
95866549
95866553
95866556
95866558
95866561
95866563
95866576
95866583
95866585
95866607
95866734
95866904
95866981
95867038
95867070
95867095
95869585
95869754
95869830
95869882
95870498
95870499
95870501
95870504
95870506
95870513
95870516
95870519
95870522
95870528
95870529
95871644
95871705
95872013
95872064
95872092
95872110
95872116
95872117
95872123
95872124
95872125
95872126
95872128
95872129
95872136
95872137
95872138
95872199
95872274
95872441
95875587
95875677
95875750
95875827
95875871
95875901
95875908
95875909
95875913
95875920
95876544
95876546
95876572
95876711
95876806
95876881
95877692
95877694
95877695
95877697
95877701
95877703
95877713
95877721
95877788
95877956
95878168
95878229
95878242
95878243
95878245
95878247
95878248
95878250
95878251
95878264
95878266
95878267
95878269
95878271
95878272
95878279
95878324
95878482
95878570
95878647
95882756
95882767
95882785
95882822
95882869
95882885
95882903
95882949
95882985
95883020
95891388
95891488
95917762
95917847
95926691
95944920
95945013
95958041
95962911
95963303
95963516
95963571
95971192
95994312
95994315
95994316
95997349
95997452
96002558
96002565
96002569
96002572
96022961
96023058
96051019
96051119
96058244
96061273
96075349
96079330
96079432
96106721
96109135
96109227
96121546
96121561
96121562
96121567
96131662
96137027
96163579
96163668
96191058
96191154
96206912
96217788
96217882
96245118
96245223
96271714
96271735
96271784
96279337
96279444
96308272
96308379
96319030
96319041
96319048
96334780
96334887
96345685
96364437
96364479
96364563
96364667
96364761
96364838
96364897
96364934
96364962
96364968
96364969
96364973
96364981
96364986
96364987
96364988
96364991
96364992
96364994
96364996
96365004
96365010
96365011
96365013
96365015
96368150
96368273
96369048
96369058
96369063
96369067
96369068
96369070
96369074
96369076
96369077
96369080
96369081
96369082
96369109
96369161
96369238
96369336
96369421
96369546
96369578
96369594
96369597
96370726
96370731
96370737
96370747
96370749
96370752
96370753
96370754
96370757
96370758
96370759
96370762
96370763
96370769
96370780
96370782
96370787
96370788
96370814
96370954
96371127
96371207
96371259
96371291
96371311
