16.077
15.751
16.669
15.808
16.151
17.132
19.379
16.658
17.714
17.885
17.609
16.029
15.986
18.324
18.225
16.695
18.083
20.819
19.691
16.165
15.684
16.101
16.012
16.144
16.624
17.130
17.392
17.216
21.283
22.050
16.825
16.677
17.573
17.341
17.217
16.962
18.423
18.400
18.486
18.722
19.289
20.341
16.974
17.532
16.157
16.036
16.054
16.006
18.050
17.688
17.377
17.946
17.881
17.081
18.145
17.815
17.752
17.110
16.571
16.160
16.223
18.107
17.862
17.399
17.026
16.083
16.750
15.862
16.031
18.404
17.502
16.877
16.204
16.144
15.968
17.849
18.212
16.687
17.289
17.113
17.698
16.456
17.665
18.342
17.847
17.059
17.295
16.732
18.304
17.153
17.320
16.428
17.101
16.568
16.149
15.841
16.733
17.714
17.223
20.390
22.570
15.829
15.942
17.005
18.609
16.636
16.212
15.875
16.780
17.764
17.617
19.084
18.528
19.587
19.481
16.849
16.638
17.746
18.488
19.107
17.115
19.647
19.166
20.158
20.691
16.161
16.180
17.456
16.369
17.184
16.029
20.088
18.434
18.070
19.770
19.954
16.599
16.494
15.342
15.953
16.784
16.601
17.551
17.944
18.293
17.350
18.517
16.596
17.121
15.676
17.032
16.067
15.882
16.878
16.614
16.952
16.684
17.444
18.189
16.354
19.600
16.790
16.989
15.275
17.002
18.074
18.629
18.795
38.017
16.857
17.259
