13.715
13.818
14.485
13.428
13.168
13.161
13.931
14.294
14.716
13.342
14.161
13.462
13.168
13.301
15.433
16.112
14.001
14.112
15.116
15.612
13.582
13.717
13.210
13.033
13.894
14.244
14.426
13.606
13.998
13.844
13.443
13.373
12.935
14.071
13.125
13.305
13.661
15.015
13.863
13.926
14.092
3.577
15.619
13.918
13.495
13.047
12.753
12.920
12.733
14.259
13.256
14.751
15.038
14.500
14.253
13.206
14.512
15.752
15.382
13.337
13.271
12.860
14.322
13.210
14.300
13.875
13.868
12.858
13.438
12.857
13.331
12.443
12.776
13.462
12.914
13.208
14.208
13.609
14.728
13.946
13.848
13.282
12.918
13.317
13.481
13.391
13.734
13.656
13.197
13.760
13.378
12.662
12.941
13.637
12.590
13.829
12.812
13.437
13.334
7.588
14.128
13.870
14.392
26.128
13.089
15.215
13.778
13.095
13.183
13.112
14.346
13.801
13.824
13.860
17.127
15.983
16.336
13.895
13.045
13.708
15.898
13.804
14.467
15.417
15.389
12.992
13.070
13.743
13.325
14.262
13.020
12.832
14.152
12.963
13.497
13.410
15.559
16.451
13.814
14.149
12.860
13.697
12.685
13.792
14.341
14.105
13.453
14.894
13.285
14.315
12.888
12.810
12.550
13.552
12.680
13.276
13.731
13.513
13.327
13.243
13.551
13.890
13.566
13.501
12.908
11.927
14.089
13.696
14.860
15.802
13.304
13.134
12.928
13.401
13.346
