17.908
19.378
18.640
16.910
18.315
17.486
17.938
18.113
22.612
19.029
17.159
17.519
17.527
20.886
22.342
18.094
18.339
18.533
17.129
16.984
18.467
18.343
19.214
17.492
17.789
18.027
16.869
18.162
18.701
19.999
20.025
18.741
17.658
18.314
18.314
18.827
19.163
18.342
18.483
17.656
18.297
17.652
17.378
18.166
18.593
17.424
17.911
19.748
18.812
18.369
17.421
18.800
18.587
19.390
20.211
19.629
18.087
18.392
19.905
18.294
17.688
18.821
18.464
18.224
16.676
19.871
19.285
20.971
18.165
17.878
17.681
19.111
18.232
19.483
17.353
17.007
17.402
18.667
19.990
19.287
19.181
17.900
17.322
18.113
19.308
18.812
20.220
18.329
18.101
18.935
19.664
18.300
18.936
17.788
