12.628
12.014
12.464
11.506
11.231
12.309
11.974
15.991
13.767
12.496
13.676
12.859
11.815
14.934
16.864
13.008
19.085
14.713
11.387
11.656
12.640
12.643
12.097
12.477
12.623
12.502
12.022
12.262
13.205
14.794
13.878
11.979
12.320
12.318
15.570
15.869
12.834
12.611
13.748
12.659
13.359
12.874
13.162
12.861
12.281
15.655
14.896
12.444
12.516
12.926
12.186
11.663
13.657
13.392
12.174
8.796
3.444
13.157
12.857
12.369
11.853
14.332
12.655
12.635
12.029
11.689
12.533
15.064
11.988
16.286
12.689
12.066
12.412
14.337
12.707
15.388
13.157
12.391
12.657
14.097
13.488
13.817
14.284
11.962
12.322
12.477
14.654
14.838
13.255
12.334
13.138
13.690
14.665
12.811
13.121
12.649
