53.184
50.966
52.323
49.364
47.582
44.361
46.130
42.608
49.008
49.149
51.082
51.775
51.644
50.131
49.880
55.075
51.899
48.917
52.244
46.949
48.493
48.372
48.878
46.868
50.227
46.109
46.399
47.534
48.917
50.754
51.303
46.124
49.298
47.721
49.123
48.341
50.100
49.994
49.106
50.118
48.555
48.346
48.205
51.831
51.311
50.503
50.748
50.169
49.158
47.817
48.268
45.766
46.980
46.883
47.632
48.885
47.669
41.601
45.231
45.876
42.972
49.689
48.635
44.336
45.348
44.377
46.661
50.304
52.814
48.105
46.854
49.238
48.139
46.952
37.269
46.492
45.033
47.316
48.819
49.088
52.656
50.788
50.785
48.508
46.205
53.914
32.707
30.987
29.672
27.457
27.830
30.506
31.609
29.297
28.912
29.758
