14.268
14.127
15.110
13.842
12.937
17.693
13.487
14.190
13.853
13.852
16.020
13.940
13.557
15.889
16.896
13.870
13.508
23.906
13.518
13.352
13.897
14.454
13.755
13.316
13.279
13.906
13.342
13.106
14.077
19.738
15.143
13.613
13.494
14.485
8.695
14.383
19.468
13.081
12.717
13.829
17.513
17.447
14.009
17.629
13.274
13.966
13.309
17.072
14.010
17.279
13.568
13.339
13.612
16.521
14.918
17.081
14.311
13.342
13.673
15.156
15.181
16.932
13.436
12.461
13.520
15.091
13.230
18.640
12.741
12.746
13.135
15.831
13.590
20.432
12.624
13.041
12.674
13.606
13.486
13.423
17.717
15.093
13.102
12.422
17.764
14.216
19.053
12.828
12.671
13.586
18.208
14.730
16.405
18.676
13.969
13.962
13.085
