12.623
14.143
14.570
13.528
14.493
13.145
11.935
16.911
13.622
13.474
15.959
14.361
13.552
14.353
13.587
12.548
14.668
13.752
12.731
14.938
14.531
12.595
14.123
13.700
13.269
13.986
14.003
14.944
13.919
16.229
15.581
12.038
14.751
15.164
14.626
16.135
13.851
13.170
12.856
13.314
13.214
14.228
14.336
14.763
11.886
12.318
11.970
12.417
12.114
12.705
12.065
12.535
13.949
13.009
12.883
18.006
24.339
12.364
13.011
12.662
14.824
12.107
13.101
12.208
13.015
13.974
13.511
17.416
15.270
14.259
14.549
12.555
12.790
14.228
12.839
14.298
12.898
11.617
14.662
13.393
16.284
15.736
15.205
13.463
14.457
15.504
20.230
14.414
15.384
13.166
14.266
13.748
12.756
12.313
