14.288
16.000
15.234
18.132
13.794
13.757
13.932
12.757
16.705
18.921
13.070
36.524
13.470
13.971
14.342
16.793
12.609
13.921
13.875
13.358
13.451
11.834
24.520
14.477
4.440
11.239
9.934
9.927
11.914
16.907
13.969
13.170
12.517
14.904
13.401
19.369
13.142
12.870
12.935
14.682
14.040
14.368
12.924
12.646
12.339
12.843
14.786
14.412
15.836
1.359
14.096
14.139
13.076
13.432
13.816
13.173
13.729
13.242
13.395
14.258
15.905
13.889
14.099
14.644
15.243
13.510
13.408
13.541
13.526
13.677
14.509
15.193
13.898
24.049
13.684
13.239
14.163
12.399
13.374
13.518
14.900
14.087
14.894
12.051
13.540
13.717
12.189
13.195
14.151
13.077
15.280
14.428
15.308
16.574
14.028
16.304
16.239
15.072
13.858
13.770
15.208
15.172
14.497
14.526
