17.826
19.634
18.009
20.563
17.628
17.017
17.282
19.965
22.416
17.191
18.354
17.219
18.272
17.812
20.177
18.862
18.141
17.192
18.393
18.044
20.314
18.917
18.469
17.128
18.911
19.051
18.442
20.272
19.328
19.391
16.258
19.853
19.946
19.011
17.095
16.867
17.807
20.442
20.566
20.507
19.476
18.177
17.660
17.521
18.589
20.124
19.213
19.125
21.088
20.242
19.089
18.846
19.281
18.322
18.047
19.234
21.081
19.844
22.937
17.581
17.537
16.126
17.710
18.247
17.814
17.013
18.125
16.221
18.154
19.163
20.419
19.437
17.091
18.907
20.131
18.121
18.098
19.218
17.274
17.162
19.906
19.258
17.935
18.354
20.005
19.405
21.027
18.751
18.182
17.852
19.387
19.292
