13.273
14.656
13.558
15.883
14.990
11.620
14.007
14.766
14.124
16.107
13.554
12.861
12.154
13.018
12.618
13.418
13.012
14.227
11.130
11.985
11.569
12.028
11.731
11.855
11.416
11.589
13.330
12.548
12.552
17.736
24.339
12.323
12.456
11.247
13.948
11.770
12.240
11.405
12.409
13.217
12.369
17.164
14.720
13.541
13.720
11.991
12.006
13.567
11.962
13.419
12.293
11.078
13.452
12.307
15.103
15.561
14.733
12.183
13.628
14.543
19.687
13.780
14.000
12.450
13.535
13.509
12.145
11.960
11.859
12.653
13.688
14.346
13.127
12.569
11.828
11.941
13.629
13.588
13.023
13.668
13.783
13.202
13.194
13.549
13.480
16.278
13.910
15.401
13.917
13.546
13.085
13.474
14.091
