61.099
64.196
62.228
61.594
65.984
61.974
61.808
61.701
65.007
65.710
78.771
87.893
70.267
67.960
69.406
69.226
72.971
61.637
64.638
65.000
65.152
65.080
70.147
66.922
67.203
57.801
61.006
59.413
59.147
65.452
59.215
71.777
71.070
71.058
72.136
78.037
71.477
71.725
72.044
71.614
74.431
78.118
70.945
71.405
72.362
71.900
75.921
82.092
75.572
59.803
58.871
73.818
61.227
65.024
62.948
63.263
62.104
63.392
61.178
62.222
59.710
63.225
61.725
42.444
64.239
58.700
61.240
64.911
61.008
60.119
59.295
66.648
65.674
70.304
62.026
60.889
62.493
67.986
66.029
69.287
61.558
62.885
62.386
63.077
60.704
64.785
62.730
60.522
62.336
67.742
64.060
82.650
76.185
73.612
