12.390
14.475
13.382
18.227
12.175
12.772
12.706
14.497
13.583
14.192
12.545
12.310
12.225
12.194
14.399
13.980
14.787
13.829
13.969
12.939
13.313
13.472
12.071
12.909
13.135
13.020
13.446
14.787
13.480
13.967
13.291
14.799
12.857
13.304
13.393
13.340
12.995
14.119
14.584
13.584
24.049
13.608
12.705
12.687
12.297
13.374
13.425
14.173
13.347
14.384
12.082
12.327
13.281
12.169
12.854
13.959
12.978
13.881
14.031
15.185
16.564
13.573
16.101
16.098
14.062
13.598
13.066
13.801
14.875
14.183
13.998
13.450
14.799
13.042
16.281
14.075
15.724
15.799
15.185
13.891
14.738
15.441
13.896
14.087
13.574
14.492
17.897
14.840
14.523
15.596
13.844
13.609
49.371
14.661
13.899
14.656
