127741601
127741612
127741616
127741617
127741620
127741622
127741625
127741628
127741697
127741699
127741700
127741703
127741705
127741707
127741709
127741713
127741715
127741716
127741719
127741725
127741789
127741792
127741796
127741797
127741798
127741800
127741804
127741808
127741810
127741814
127741817
127741819
127741891
127741893
127741898
127741899
127741901
127741957
127741958
127741962
127741965
127741969
127741971
127741973
127741977
127741981
127741984
127741985
127741987
127741989
127741990
127741991
127741993
127741994
127741995
127742198
127742199
127742252
127742254
127742255
127742256
127742258
127742263
127742264
127742265
127742270
127742273
127742274
127742276
127742279
127742281
127742283
127742284
127742285
127742291
127742332
127742333
127742525
127742529
127742532
127742584
127742591
127742724
127742727
127742730
127742735
127742738
127742743
127742744
127742750
127742753
127742755
127742757
127742762
127742765
127742766
127742769
127742771
127742774
127742776
127742778
127742844
127742848
127742873
127743013
127743015
127743016
127743018
127743020
127743021
127743022
127743066
127743069
127743072
127743074
127743197
127743198
127743259
127743261
127743262
127743263
127743319
127743393
127743396
127743402
127743407
127743414
127743417
127743484
127743486
127743487
127743489
127743491
127743494
127743567
127743605
127743649
127743651
127743654
127743828
127743829
127743831
127743834
127743839
127743840
127743841
127743842
127743843
127743845
127743849
127743851
127743853
127743855
127743856
127743858
127743862
127743864
127743867
127744025
127744028
127744039
127744040
127744043
127744045
127744047
127744049
127744054
127744056
127744060
127744062
127744065
127744066
127744068
127744071
127744073
127744075
127744077
127744230
127744232
127744235
127744243
127744247
127744251
127744253
127744255
127744257
127744263
127744264
127744268
127744271
127744275
127744276
127744278
127744280
127744282
127744405
127744406
127744409
127744418
127744421
127744424
127744426
127744611
127744615
127744661
127744663
127744704
127744707
127744708
127744710
127744731
127744736
127744740
127744774
127744775
127744782
127744862
127744896
127744900
127744901
127744930
127744940
127745016
127745018
127745020
127745027
127745028
127745031
127745032
127745033
127745034
127745036
127745037
127745039
127745040
127745043
127745044
127745045
127745047
127745049
127745050
127745081
127745177
127745241
127745249
127745251
127745255
127745258
127745260
127745263
127745298
127745301
127745432
127745433
127745434
127745437
127745440
127745441
127745444
127745445
127745448
127745449
127745450
127745451
127745452
127745453
127745455
127745456
127745457
127745458
127950102
128020038
128067150
128067151
128067153
128067562
128067583
128067589
128067594
128067598
128067609
128067614
128067625
128067630
128067635
128067640
128067650
128067653
128067663
128067664
128067668
128067676
128067677
128067682
128067838
128067850
128067860
128067868
128067872
128067878
128068290
128068291
128068293
128068295
128068297
128068300
128068301
128068305
128068307
128068616
128068623
128068628
128068634
128068636
128068638
128068639
128069741
128069743
128069745
128069749
128069758
128069764
128069784
128069791
128069793
128069804
128069806
128069815
128069819
128069827
128069828
128069831
128069833
128069835
128069836
128070343
128070345
128070347
128070662
128070672
128070676
128070684
128070694
128070709
128070713
128070838
128070852
128070862
128070876
128070883
128070930
128070958
128070961
128070987
128070993
128071007
128071016
128071022
128071025
128071026
128071341
128071344
128071347
128071356
128071359
128071361
128071374
128071778
128071785
128071853
128071859
128071869
128072214
128072219
128072225
128072228
128072231
128072238
128072242
128072244
128072247
128072254
128072262
128072264
128072273
128072282
128072285
128072493
128072503
128072505
128072508
128072924
128072936
128072940
128072945
128072946
128072951
128072977
128072990
128073003
128073013
128073475
128073477
128073482
128073483
128073484
128073485
128073488
128073927
128073938
128073942
128073947
128073951
128073955
128073962
128073970
128073976
128073981
128073990
128074012
128074021
128074023
128074300
128074321
128211793
128211794
128211797
128211803
128211804
128211817
128211840
128211853
128212385
128212386
128212388
128212395
128212399
128212403
128212405
128212408
128212412
128212414
128212416
128212420
128212422
128212424
128212425
128213013
128213017
128213020
128213023
128213677
128213685
128213692
128213717
128213730
128213740
128213741
128213742
128213745
128213746
128214288
128214298
128214301
128214320
128214323
128215029
128215031
128215035
128215037
128215040
128215043
128215046
128215050
128215052
128215057
128215088
128215114
128215124
128215151
128215223
128215239
128215274
128215341
128215365
128215419
128215726
128215728
128215733
128215734
128215759
128215763
128215779
128215785
128215856
128215873
128215921
128215935
128216307
128216311
128216313
128216316
128216323
128216324
128216922
128216924
128216926
128216930
128216934
128216942
128216944
128217529
128217532
128217538
128217546
128217552
128218727
128218735
128218738
128218740
128218782
128219297
128219301
128219304
128219311
128219314
128219322
128219327
128219334
128219339
128219341
128219343
128219347
128219349
128219353
128219969
128220010
128220529
128220878
128221160
128221162
128221165
128221168
128221169
128221170
128221171
128221172
128221173
128221176
128221797
128221799
128221801
128221803
128221804
128221806
128221807
128221811
128221813
128221814
128221815
128221817
128221819
128221821
128221823
128221824
128221839
128221852
128221860
128221878
128222313
128222649
128222852
128222854
128222861
128222863
128223367
128223373
128223375
128223555
128223919
128224470
128224480
128224484
128224489
128224493
128224500
128224506
128224510
128224515
128224518
128224523
128224525
128224527
128224914
128224971
128224983
128224997
128225013
128225020
128225027
128225385
128225399
128225502
128225533
128225541
128225565
128225586
128225610
128225658
128225700
128225716
128225718
128225725
128225774
128226266
128226268
128226269
128226277
128226279
128226641
128226841
128226844
128227434
128227439
128227457
128227482
128227814
128227823
128227842
128228936
128229074
128229306
128229307
128229479
128230003
128230004
128230010
128230014
128230019
128775117
128775150
128775174
128775203
128775295
128775314
128775894
128775900
128775902
128776527
128776530
128776531
128776535
128776536
128776568
128776583
128776600
128776667
128776703
128776730
128776813
128776878
128776895
128777101
128777105
128777113
128777134
128777173
128777185
128777257
128777337
128777360
128777373
128777388
128777786
128777789
128777792
128777796
128777797
128777799
128777802
128777804
128777808
128777809
128777825
128777833
128777851
128778409
128778411
128778413
128778414
128778415
128778416
128778418
128778419
128778420
128778422
128778424
128778425
128778430
128778455
128778491
128778511
128778592
128778687
128778722
128778738
128779832
128779839
128779845
128779856
128779858
128779860
128779861
128779871
128779882
128779889
128779891
128779895
128779896
128779897
128779900
128779902
128779903
128779906
128779907
128779924
128780555
128780560
128780564
128780566
128780569
128780574
128780575
128780580
128780583
128780589
128780591
128780592
128780593
128781313
128781363
128781395
128781452
128781468
128781488
128781511
128781525
128781532
128781548
128781556
128781565
128781579
128781627
128781664
128781909
128781962
128781971
128782001
128782026
128782062
128782106
128782148
128782499
128782501
128782503
128782505
128782533
128782545
128940219
128940220
128940222
128940224
128940225
128940226
128940229
128940230
128940232
128940234
128940238
128940240
128940241
128940244
128940246
128940249
128940252
128940254
128940256
128940257
128940302
128940303
128940305
128940306
128940309
128940483
128940484
128940485
128940488
128940489
128940491
128940497
128940498
128940501
128940506
128940507
128940509
128940514
128940515
128940516
128940520
128940524
128940526
128940528
128940577
128940578
128940580
128940583
128940585
128940587
128940793
128940796
128940801
128940802
128940803
128940804
128940807
128940810
128940816
128940818
128940821
128940822
128940824
128940826
128940828
128940830
128940832
128940834
128940838
128940959
128940961
128940965
128940966
128940968
128940971
128940974
128940976
128940977
128940978
128940979
128941054
128941058
128941060
128941061
128941068
128941148
128941150
128941151
128941152
128941155
128941157
128941160
128941248
128941252
128941255
128941257
128941260
128941264
128941267
128941268
128941272
128941275
128941277
128941279
128941282
128941285
128941287
128941289
128941360
128941365
128941368
128941371
128941372
128941374
128941376
128941378
128941453
128941456
128941459
128941460
128941462
128941466
128941470
128941471
128941625
128941628
128941711
128941713
128941715
128941717
128941718
128941720
128941721
128941724
128941725
128941729
128941730
128941733
128941734
128941737
128941739
128941861
128941863
128941864
128941866
128941867
128941961
128941962
128941965
128941968
128941971
128941977
128941980
128941982
128941983
128941984
128941985
128942094
128942097
128942100
128942102
128942106
128942107
128942110
128942114
128942116
128942117
128942118
128942121
128942124
128942129
128942130
128942135
128942139
128942145
128942149
128942153
128942288
128942293
128942295
128942296
128942297
128942299
128942302
128942303
128942308
128942309
128942311
128942313
128942315
128942318
128942320
128942321
128942322
128942326
129097144
129097159
129097181
129097206
129097230
129097251
129097280
129097314
129097337
129097384
129097415
129097439
129097468
129097482
129097495
129097618
129097621
129097622
129097624
129097626
129098933
129098934
129098938
129098939
129098941
129098942
129098944
129098946
129098947
129098948
129098956
129098958
129098959
129098961
129098964
129098967
129098968
129099470
129099472
129099474
129099477
129099478
129099527
129099530
129099531
129100232
129100238
129100240
129100319
129100325
129100381
129100424
129100472
129100518
129100537
129100554
129100576
129100599
129100617
129100639
129100658
129100699
129100714
129100857
129101441
129101446
129102108
129102112
129102666
129103047
129103101
129103116
129103126
129103138
129103149
129103157
129103169
129103280
129103282
129103283
129103286
129103289
129103290
129103292
129103293
129103325
129103328
129103340
129103345
129103392
129103408
129103426
129103879
129103882
129103886
129103891
129103893
129103896
129103900
129103904
129103908
129103911
129104079
129104081
129104082
129104084
129104087
129104088
129104090
129104599
129104601
129104603
129104604
129104671
129104673
129104674
129104675
129104676
129104678
129104680
129104682
129104685
129104691
129104694
129104696
129104699
129104700
129105196
129105201
129105203
129105204
129105205
129105207
129105210
129105212
129105387
129105458
129105476
129105494
129105516
129105532
129105550
129105577
129105598
129105614
129105651
129105661
129105675
129105688
129105700
129105719
129105728
129105744
129105749
129105756
129106003
129106006
129106008
129106010
129106012
129106608
129106610
129106612
129106619
129106621
129106624
129106778
129106802
129107031
129107049
129107073
129107091
129107095
129107111
129107117
129107131
129107260
129107262
129107263
129107264
129107266
129107268
129107805
129107814
129107822
129107828
129107846
129107853
129107984
129107986
129107989
129107993
129107996
129107999
129108000
129108506
129108511
129108515
129108517
129108681
129108696
129108707
129108810
129108828
129108851
129108890
129108903
129108916
129108945
129108969
129108984
129109001
129109007
129109017
129109036
129109047
129109068
129109071
129109074
129109418
129109515
129109658
129109662
129110075
129110099
129110116
129110150
129110269
129110270
129110271
129110273
129110274
129110275
129110276
129110279
129110287
129110294
129110304
129110324
129110336
129110354
129110368
129110393
129110795
129111471
129111473
129111475
129111476
129112002
129112015
129112019
129112023
129112032
129112045
129112046
129112047
129112080
129112083
129112115
129112188
129112221
129112288
129112352
129112403
129112713
129112719
129112730
129112743
129112764
129112779
129112801
129112821
129112874
129112935
129112993
129113013
129113071
129113089
129113103
129113133
129113142
129113148
129113153
129113159
129262176
129262195
129262219
129262253
129262268
129262279
129262283
129262300
129262303
129262311
129262319
129262325
129262328
129263011
129263034
129263036
129263041
129263047
129263050
129263058
129263070
129263072
129263081
129263693
129263694
129263695
129263696
129263697
129263699
129263700
129263701
129263702
129263715
129263734
129263751
129263787
129263814
129263851
129263902
129263948
129263974
129263991
129264008
129264833
129264835
129264839
129264851
129264865
129264880
129264885
129264887
129264889
129264892
129264893
129264902
129264903
129264906
129264908
129264909
129264918
129264920
129264922
129265325
129265358
129265412
129265439
129265445
129265449
129265539
129265540
129265542
129265544
129265545
129265549
129265550
129265551
129265552
129266091
129266094
129266100
129266101
129266103
129266681
129266686
129266701
129266712
129266716
129266731
129266855
129266865
129266897
129266918
129266929
129267458
129267461
129267462
129267463
129267467
129267470
129268036
129268038
129268043
129268048
129268050
129268052
129268053
129268055
129268058
129268061
129268063
129268430
129268457
129268473
129268497
129268716
129268721
129268724
129268725
129268733
129268736
129269845
129269851
129269872
129269876
129269879
129269880
129269884
129269886
129269887
129269893
129269894
129269899
129269901
129269902
129269903
129269906
129269907
129269909
129269910
129270307
129270318
129270335
129270357
129270365
129270372
129270642
129270644
129270645
129270646
129270649
129270651
129270652
129270655
129270656
129270657
129270661
129270662
129270664
129270665
129270666
129270696
129270755
129270783
129270832
129271280
129271283
129271288
129271318
129271383
129271410
129271801
129271802
129271804
129271806
129271808
129271809
129271810
129271811
129271813
129271815
129271817
129271909
129271934
129271974
129271993
129272194
129272209
129272232
129272259
129272271
129272284
129272395
129272396
129272397
129272406
129272980
129272987
129272988
129272990
129272991
129272996
129272998
129272999
129273182
129273208
129273226
129273257
129273304
129273348
129273397
129273413
129273486
129273494
129273516
129273539
129273549
129273560
129273594
129273599
129273612
129273730
129274434
129274436
129274442
129274444
129274446
129274458
129274465
129274472
129274473
129274478
129274481
129274482
129274494
129274496
129274498
129274500
129274503
129274509
129274511
129274515
129275207
129275211
129275212
129275216
129275217
129275220
129275223
129275224
129275228
129275233
129275237
129275240
129275246
129275252
129275253
129275257
129275266
129275267
129275271
129275273
129275867
129275868
129275872
129275876
129275879
129276379
129276454
129276455
129276479
129276562
129601424
129757408
129757412
129757413
129757416
129757419
129757420
129757422
129757424
129757426
129757427
129757429
129757432
129757433
129758003
129758004
129758604
129758606
129758608
129758611
129758612
129758613
129758615
129758617
129758618
129758619
129758624
129759302
129759303
129759307
129759308
129759309
129759312
129759315
129759317
129759319
129759327
129759328
129759330
129759331
129759334
129759336
129759337
129759339
129759364
129759386
129759424
129759912
129759913
129759916
129759917
129759919
129759923
129759952
129759967
129760037
129760460
129760502
129760514
129760567
129760581
129760608
129760625
129760697
129760713
129760737
129760745
129760765
129760775
129760780
129760785
129760788
129760797
129760822
129760833
129760846
129761183
129761187
129761191
129761207
129761250
129761925
129761927
129761929
129761930
129761931
129762440
129762449
129762451
129762452
129762453
129762454
129762455
129762457
129762459
129762461
129762465
129763035
129763041
129763044
129763050
129763058
129763062
129763069
129763081
129763091
129763106
129763245
129763249
129763251
129763252
129763254
129763255
129763281
129763289
129763310
129763332
129763356
129763387
129763401
129763418
129763446
129763800
129763802
129763804
129763805
129763807
129763813
129763816
129764313
129764325
129764340
129764345
129764356
129764362
129764366
129764372
129764374
129764376
129764378
129764380
129764386
129764388
129764392
129764395
129764396
129764397
129764980
129764988
129764993
129765001
129765005
129765183
129765186
129765190
129765520
129765563
129765574
129765583
129765592
129765598
129765608
129765616
129765639
129765646
129765682
129765692
129765699
129765705
129765725
129765742
129765748
129765807
129765814
129765815
129765816
129765821
129766330
129766331
129766334
129766336
129766340
129766341
129766342
129766343
129766344
129766345
129766347
129766351
129766354
129767028
129767029
129767039
129767041
129767046
129767047
129767051
129767052
129767054
129767057
129767060
129767063
129767065
129767066
129767069
129767070
129767072
129767074
129767075
129767077
129767511
129767519
129767521
129767538
129767546
129768255
129768260
129768263
129768267
129768268
129768271
129768273
129768276
129768277
129768279
129768731
129768743
129769672
129769679
129769682
129769693
129769695
129769703
129769704
129769768
129769770
129769771
129769772
129770367
129770370
129770375
129770395
129770407
129770956
129770963
129770970
129770972
129770975
129770979
129770980
129771488
129771685
129771703
129771734
129771751
129771780
129771796
129771834
129771860
129771890
129771948
129771966
129771982
129771997
129772024
129772044
129772080
129772090
129772115
129772125
129772135
129772243
129772251
129772265
129772279
129871010
129871012
129871070
129871072
129871073
129871074
129871075
129871076
129871077
129871079
129871081
129871083
129871087
129871088
129871090
129871095
129871188
129871189
129871191
129871192
129871196
129871198
129871203
129871205
129871207
129871209
129871210
129871218
129871224
129871226
129871227
129871231
129871232
129871234
129871237
129871241
129871453
129871456
129871458
129871459
129871460
129871463
129871465
129871468
129871470
129871472
129871473
129871475
129871477
129871481
129871483
129871485
129871486
129871487
129871489
129871492
129871585
129871587
129871592
129871594
129871595
129871667
129871671
129871675
129871677
129871679
129871684
129871686
129871748
129871751
129871754
129871757
129871862
129871868
129871891
129871922
129871925
129871928
129871931
129871933
129871934
129871935
129871938
129871940
129871959
129872004
129872005
129872006
129872007
129872009
129872011
129872014
129872017
129872018
129872023
129872027
129872030
129872034
129872035
129872240
129872241
129872245
129872248
129872249
129872250
129872251
129872254
129872257
129872258
129872261
129872264
129872270
129872271
129872274
129872275
129872277
129872278
129872280
129872286
129872309
129872384
129872386
129872388
129872390
129872396
129872398
129872400
129872401
129872404
129872479
129872481
129872482
129872485
129872488
129872489
129872491
129872532
129872538
129872539
129872541
129872617
129872619
129872622
129872624
129872626
129872689
129872691
129872694
129872697
129872699
129872701
129872702
129872705
129872706
129873019
129873022
129873024
129873027
129873029
129873035
129873042
129873050
129873057
129873138
129873141
129873143
129873144
129873147
129873149
129873151
129873152
129873153
129873154
129873161
129873163
129873168
129873170
129873172
129873174
129873382
129873384
129873385
129873388
129873391
129873392
129873395
129873398
129873401
129873402
129873404
129873405
129873407
129873409
129873411
129873413
129873416
129873419
129873422
129873423
129873596
129873598
129873600
129873602
129873650
129873654
129873655
129873662
129873760
129873762
129873766
129873773
129873775
129873783
129873785
129873788
129873792
129873799
129873801
129873809
129873813
129873819
129873824
129873913
129873936
129873938
129873990
129874083
129874085
129874110
129874152
129874155
129874156
129874196
129874198
129874200
129874202
129874205
129874226
129874228
129874229
129874341
129874344
129874347
129874349
129874351
129874352
129874353
129874354
129874356
129874357
129874359
129874367
129874368
129874371
129874372
129874373
