88876265
88877221
88877231
88877254
88877958
88877967
88877987
88878922
88878931
88878966
88879596
88879662
88879671
88880683
88880692
88880701
88881431
88881487
88881503
88882308
88882374
88882383
88883236
88883245
88883255
88884119
88884129
88884164
88884966
88884976
88885042
88885866
88885876
88885889
88886895
88886906
88886915
88887748
88887758
88887822
88888612
88888621
88888630
88889455
88889526
88889540
88890642
88890651
88890661
88891535
88891579
88891589
88892338
88892347
88892356
88893231
88893240
88893306
88894014
88894023
88894032
88894943
88894952
88894961
88895677
88895686
88895695
88896557
88896566
88896575
88897418
88897429
88897496
88898226
88898235
88898244
88899160
88899169
88899179
88899845
88899854
88899863
88900813
88900822
88900831
88901515
88901524
88901533
88902493
88902502
88902511
88903248
88903257
88903266
88904193
88904202
88904211
88904858
88904868
88904877
88905807
88905816
88905825
88906477
88906487
88906496
88907491
88907500
88907510
88908183
88908193
88908203
88909188
88909198
88909225
88909887
88909896
88909905
88910988
88910997
88911007
88911704
88911713
88911746
88912741
88912751
88912777
88913486
88913495
88913504
88914455
88914464
88914502
88915183
88915194
88915256
88916147
88916203
88916212
88916880
88916889
88916953
88917864
88917874
88917884
88918613
88918622
88918631
88919575
88919641
88919650
88920311
88920321
88920381
88921342
88921411
88921420
88922100
88922109
88922174
88923180
88923189
88923198
88923817
88923884
88923893
88924837
88924846
88924855
88925545
88925554
88925563
88926461
88926471
88926481
88927292
88927301
88927310
88928102
88928111
88928120
88928981
88928990
88928999
88929805
88929815
88929824
88930677
88930740
88930747
88931469
88931478
88931487
88932417
88932426
88932435
88933170
88933179
88933188
88934121
88934130
88934139
88934807
88934816
88934826
88935716
88935726
88935735
88936449
88936458
88936468
88937335
88937344
88937353
88938150
88938160
88938171
88939011
88939020
88939029
88939784
88939794
88939803
88940699
88940708
88940771
88941565
88941610
88941619
88942438
88942448
88942457
88943285
88943296
88943305
88943958
88943970
88943983
88944026
88944035
88944045
88944102
88944111
88944120
88944235
88944248
88944259
88944345
88944355
88944364
88944423
88944439
88944463
88944656
88944663
88944669
88944736
88944742
88944749
88944810
88944813
88944821
88944823
88944827
88944828
88944831
88944834
88944838
88944857
88944860
88944863
88944866
88944946
88944955
88945017
88945023
88945030
88945035
88945044
88945052
88945055
88945058
88945060
88945062
88945080
88945098
88945151
88945160
88945169
88945197
88945206
88945216
88945232
88945241
88945250
88945307
88945316
88945328
88945403
88945413
88945422
88945491
88945501
88945511
88945621
88945631
88945640
88945688
88945697
88945706
88946446
88946455
88946464
88947575
88947585
88947594
88948444
88948515
88948525
88949363
88949372
88949381
88950318
88950327
88950396
88951221
88951230
88951240
88952055
88952064
88952073
88953101
88953110
88953119
88954133
88954142
88954151
88955129
88955138
88955147
88956095
88956105
88956114
88956934
88956944
88956953
88957973
88957982
88958053
88958862
88958871
88958937
88959953
88960020
88960029
88960730
88960739
88960748
88961853
88961862
88961871
88962643
88962652
88962661
88963643
88963652
88963662
88964662
88964672
88964739
88965763
88965774
88965805
88966659
88966725
88966735
88967836
88967847
88967910
88968751
88968760
88968769
88969706
88969717
88969727
88970743
88970753
88970762
88971489
88971558
88971568
88972458
88972468
88972477
88973168
88973178
88973244
88974214
88974223
88974232
88974919
88974928
88974937
88975908
88975917
88975926
88976610
88976619
88976689
88977597
88977606
88977616
88978368
88978428
88978437
88979294
88979304
88979313
88980384
88980393
88980402
88981061
88981070
88981079
88982021
88982090
88982099
88982719
88982728
88982737
88983812
88983821
88983830
88984372
88984382
88984391
88985454
88985464
88985473
88986083
88986110
88986157
88986999
88987008
88987017
88987818
88987828
88987864
88988928
88988939
88988949
88989623
88989632
88989641
88990673
88990740
88990749
88991300
88991366
88991375
88992347
88992393
88992425
88992929
88992938
88992948
88993925
88993935
88993953
88994653
88994722
88994731
88995644
88995654
88995717
88996435
88996472
88996481
88997364
88997373
88997383
88998283
88998293
88998303
88999193
88999202
88999211
89000095
89000104
89000114
89001021
89001030
89001040
89001769
89001778
89001787
89002686
89002695
89002704
89003394
89003403
89003412
89004324
89004333
89004342
89005182
89005192
89005252
89006064
89006073
89006082
89006923
89006932
89006941
89007695
89007704
89007714
89008717
89008737
89008747
89009614
89009623
89009632
89010576
89010587
89010596
89011490
89011552
89011561
89012387
89012396
89012405
89013341
89013350
89013359
89014329
89014338
89014348
89015176
89015202
89015237
89016158
89016178
89016236
89017151
89017162
89017171
89017900
89017923
89017974
89019030
89019056
89019065
89019730
89019773
89019799
89020909
89020922
89020933
89021603
89022768
89022778
89024684
89025354
89025364
89025427
89026438
89026447
89026458
89027172
89027181
89027209
89028147
89028157
89028168
89029041
89029050
89029063
89029816
89029826
89029835
89030706
89030773
89030782
89031565
89031574
89031583
89034404
89036121
89036130
89036139
89036736
89036747
89036756
89037840
89037849
89037858
89038433
89038442
89038453
89039517
89039526
89039538
89040103
89040112
89040122
89041300
89041334
89041343
89041927
89043064
89043077
89043710
89043719
89043728
89044818
89045463
89045472
89045535
89046609
89046618
89046627
89047223
89047234
89047243
89048323
89049016
89049042
89050910
89050919
89050928
89052766
89052832
89052841
89053908
89053917
89053926
89054485
89054558
89054567
89055574
89055583
89056304
89057334
89058162
89059991
89060972
89062746
89140844
89141375
89141706
89142476
89142492
89143033
89143152
89143649
89143707
89144153
89144452
89145309
89145610
89146261
89146325
89146769
89146774
89148703
89151708
89152512
89363612
89363703
89363720
89363738
89363756
89363775
89363850
89365665
89365683
89365705
89365724
89367077
89367097
89367169
89367444
89367655
89367674
89367692
89367712
89382218
89382646
89383001
89383468
89383847
89401802
89404097
89404534
89404656
89584926
89584928
89584930
89584932
89584934
89585068
89585070
89585072
89585074
89585076
89585703
89585705
89585707
89585709
89585711
89585714
89585971
89585973
89585975
89585977
89585979
89588346
89588348
89588352
89588369
89588405
89588552
89588554
89588556
89588565
89590467
89590469
89590471
89590497
89590530
89632248
89633224
89633227
89633955
89633982
89634580
89641414
89641830
89649620
89649621
89649676
89649678
89649680
89649681
89649683
89649685
89649696
89649757
89649834
89649898
89650054
89650073
89650212
89650217
89650220
89650354
89650373
89650417
89650418
89650475
89650531
89650532
89650965
89651087
89651205
89651327
89651329
89651330
89651331
89651454
89652659
89652782
89652787
89652908
89652910
89653133
89653194
89653319
89653389
89653391
89653538
89653720
89653856
89653987
89654110
89654484
89654616
89654752
89654786
89654890
89655262
89655393
89655551
89655720
89655875
89656007
89656388
89656513
89656644
89656705
89656801
89656873
89656995
89656998
89657005
89657132
89657134
89681312
89681372
89681373
89681494
89681618
89681852
89682019
89682082
89682083
89682084
89682090
89682095
89682099
89682109
89682174
89682298
89682471
89682598
89682724
89682849
89763626
89768526
89768528
89768531
89768534
89768537
89793613
89793620
89794702
89794705
89794708
89794710
89794712
89794714
89796695
89796698
89796701
89796704
89796706
89796708
89798714
89798716
89801687
89801690
89801693
89801695
89801697
89801882
89801907
89801910
89801912
89801914
89801916
89803698
89803705
89803711
89803717
89803722
89803727
89803736
89803742
89803750
89803780
89803812
89806497
89806500
89806599
89806601
89806705
89806707
89807851
89807853
89808495
89808498
89808501
89808503
89808505
89808508
89809945
89809949
89809952
89809956
89809960
89811650
89811653
89811655
89811657
89811659
89811873
89811876
89811879
89813798
89813800
89813802
89813804
89813806
89836590
89836594
89836628
89836665
89836695
89836698
89836702
89836703
89836705
89836712
89836716
89836721
89836724
89836747
89836765
89836766
89836775
89836787
89836788
89836794
89838933
89838962
89839003
89839153
89839301
89839425
89839549
89839551
89839578
89839702
89839870
89839871
89839932
89839998
89840010
89840167
89840313
89844601
89844728
89844852
89844853
89844855
89845033
89845154
89845275
89845343
89845354
89845421
89845599
89845719
89845720
89845844
89845845
89845974
89850383
89850447
89850557
89850621
89850743
89850748
89850895
89850957
89851012
89851013
89851017
89851020
89851023
89851028
89851029
89851094
89851276
89851396
89851518
89851640
89855871
89855993
89856053
89856054
89856059
89856061
89856065
89856068
89856072
89856074
89856127
89856247
89856373
89856503
89856504
89856684
89856792
89856904
89857024
89857086
89857910
89857917
89857918
89857930
89857939
89857947
89857956
89857957
89857958
89857970
89857979
89857980
89857983
89857992
89858003
89858007
89858008
89858017
89858021
89858030
89862846
89863034
89863097
89863219
89863343
89863404
89863406
89863584
89863711
89863777
89863778
89863967
89864095
89864165
89864290
89864465
89864467
89864591
89864714
89864919
89870635
89870756
89870882
89870884
89870885
89871011
89871241
89871364
89871497
89871671
89871792
89871854
89871977
89872035
89872163
89872231
89872299
89872432
89872591
89872715
89877850
89877851
89878025
89878099
89878219
89878340
89878467
89878586
89878708
89878836
89878964
89878965
89879087
89879088
89879214
89879337
89879338
89879344
89879525
89884966
89884967
89884974
89884989
89885004
89885018
89885030
89885031
89885046
89885047
89885048
89885061
89885071
89885086
89885088
89885096
89885109
89885121
89885133
89885144
89885956
89885975
89885999
89886018
89886033
89886049
89886051
89886067
89886081
89886098
89886100
89886120
89886139
89886165
89886185
89886205
89886219
89886220
89887040
89887048
89887063
89887075
89887086
89887089
89887103
89887109
89887115
89887121
89887122
89887137
89887149
89887157
89887168
89887546
89887547
89887553
89887556
89887561
89887564
89887631
89887807
89887933
89888059
89888183
89888312
89888482
89888596
89888717
89888800
89888964
89889102
89889247
89889376
89893072
89893079
89893089
89893216
89893281
89893282
89893459
89893460
89893465
89893588
89893717
89893889
89894012
89894075
89894083
89894151
89894153
89894274
89894330
89894488
89913375
89913377
89913379
89913381
89913383
89913385
89917198
89917240
89917242
89917244
89917246
89917248
90069011
90069012
90069128
90069250
90069438
90069439
90069505
90069506
90069507
90069515
90069521
90069527
90069592
90069714
90069715
90069903
90070028
90070030
90070149
90070150
90072832
90072950
90073099
90073253
90073257
90073399
90073538
90073719
90073721
90073724
90073725
90073843
90073851
90073857
90073928
90073929
90074053
90074177
90074178
90074197
90078395
90078520
90078521
90078522
90078523
90078653
90078777
90078898
90078899
90078900
90078902
90078904
90079053
90079119
90079184
90079307
90079308
90079433
90079561
90079735
90083342
90083460
90083571
90083689
90083823
90083985
90083988
90083992
90084108
90084226
90084227
90084228
90084229
90084273
90084291
90084417
90084536
90084654
90084660
90084661
90089393
90089394
90089396
90089517
90089598
90089804
90089928
90090075
90090078
90090082
90090178
90090222
90090226
90090230
90090232
90090233
90090234
90090241
90090248
90090254
90307477
90307839
90309133
90313448
90313510
90313632
90313812
90313938
90314000
90314154
90314213
90314542
90314741
90314876
90314891
90314901
90314904
90314905
90314911
90314925
90314934
90315025
90315356
90321891
90321896
90322056
90322130
90322133
90322139
90322144
90322148
90322156
90322355
90322367
90322381
90322672
90322872
90323000
90323120
90323238
90323301
90323307
90323314
90325424
90325446
90325452
90325620
90325632
90325648
90325788
90325824
90325832
90325838
90325839
90325844
90325845
90325852
90325860
90325869
90326017
90326188
90326248
90326265
90328538
90328540
90328541
90328562
90328567
90328743
90328890
90328933
90328935
90328942
90328946
90328950
90328958
90328959
90328966
90328970
90329096
90329274
90329347
90329348
90333201
90333265
90333272
90333283
90333299
90333570
90333855
90333862
90334031
90334205
90334325
90334454
90334516
90334526
90334533
90334534
90334702
90335006
90335018
90335026
90341163
90341232
90341239
90341359
90341360
90341362
90341474
90341517
90341535
90341652
90341654
90341718
90341724
90341725
90341842
90342147
90342365
90342424
90342429
90342587
90348158
90348468
90348478
90348709
90348796
90348926
90349102
90349103
90349221
90349222
90349287
90349292
90349310
90349609
90349894
90350046
90350107
90350109
90350222
90350341
90356236
90356296
90356413
90356472
90356475
90356535
90356796
90357012
90357143
90357257
90357377
90357552
90357554
90357614
90357615
90357616
90357734
90357867
90358169
90358409
90364279
90364560
90364838
90365023
90365080
90365199
90365312
90365433
90365434
90365559
90365731
90365732
90365797
90365967
90366273
90366281
90366472
90366647
90366648
90366768
90373228
90373353
90373381
90373416
90373541
90373660
90373781
90373898
90374044
90374351
90374364
90374604
90374744
90374750
90374754
90374762
90374766
90374771
90374772
90374778
90380744
90380867
90380984
90381048
90381050
90381343
90381655
90381839
90381969
90381975
90381985
90381986
90381991
90381998
90382002
90382129
90382435
90382674
90382834
90382835
90388947
90388952
90388954
90389094
90389096
90389132
90389225
90389233
90389236
90389243
90389248
90389261
90389262
90389263
90389360
90389371
90389689
90389925
90390086
90390127
90396580
90396581
90396586
90396587
90396589
90396707
90396965
90397189
90397315
90397316
90397380
90397504
90397505
90397623
90397740
90397855
90398034
90398355
90398558
90398562
90404585
90404703
90404825
90404951
90404999
90405077
90405078
90405084
90405230
90405478
90405638
90405824
90405945
90406008
90406009
90406016
90406017
90406019
90406024
90406025
90421386
90421499
90423071
90425414
90425599
90428756
90429178
90435483
90435854
90435977
90438001
90438222
90441215
90444078
90444303
90445730
90445731
90445732
90445733
90445734
90445735
90445736
90445737
90445738
90445739
90447841
90449851
90452989
90455549
90456823
90457414
90460070
90460319
90460412
90462986
90464665
90465136
90467694
90469718
90469759
90470253
90470352
90470486
90471917
90472032
90472065
90472579
90472901
90473846
90474774
90474875
90475925
90476909
90477029
90477939
90478667
90480630
90480780
90484304
90488166
90490578
90493108
90494997
90495401
90497856
90497986
90500697
90500786
90501701
90501996
90502101
90503027
90503896
90503986
90504843
90504946
90505876
90506716
90507251
90507355
90507518
90508515
90508626
90509933
90511801
90512176
90515405
90515629
90519551
90519606
90523931
90525284
90525348
90526860
90529462
90531221
90531590
90534082
90535182
90535362
90535470
90537945
90538044
90539434
90540141
90542696
90545368
90547432
90550208
90552766
90554617
90555000
90557613
90560442
90562302
90565037
90565361
90566917
90569795
90573340
90573475
90576982
90577082
90578749
90579068
90579289
90581947
90582031
90584536
90584663
90587773
90590622
90590737
90593198
90593419
90595450
90596610
90596732
90599962
90601076
90602210
90603022
90605468
90605700
90608041
90609335
90612743
90613117
90615862
90618797
90620860
90623495
90623620
90626172
90626271
90629459
90631978
90634739
90637800
90637968
90638008
90641576
90643801
90646503
90649133
90649397
90651418
90655637
90658412
90658617
90661041
90661172
90663951
90666558
90667988
90668876
90670072
90670166
90671563
90671663
90674339
90674435
90675844
90676881
90678142
90680572
90680667
90681427
90684044
90684414
90687908
90690544
90690794
90692745
90694651
90695538
90697168
90698207
90700010
90700207
90700366
90704585
90704667
90979866
90979998
90980140
90980218
90980237
90980259
90980263
90980265
90980267
90980269
90980284
90980430
90980443
90980784
90980824
90981055
90981059
90981198
90981334
90981462
90988719
90988720
90988739
90988754
90988755
90988773
90988864
90989172
90989453
90989617
90989619
90989659
90989680
90989812
90989944
90990079
90990100
90990271
90990402
90990404
90997172
90997194
90997425
90997442
90997763
90997976
90997980
90998186
90998208
90998288
90998485
90998489
90998507
90998510
90998702
90998704
90998706
90998708
90998876
90999157
91006039
91006049
91006180
91006368
91006444
91006509
91006689
91006765
91006786
91006787
91006870
91007194
91007417
91007553
91007688
91007821
91007954
91007968
91008118
91008242
91014673
91014674
91014694
91014695
91014716
91014719
91014722
91014821
91015145
91015416
91015579
91015713
91015892
91015962
91015965
91015967
91016041
91016174
91016193
91016462
91024174
91024230
91024245
91024292
91024631
91024951
91024955
91025110
91025243
91025245
91025374
91025377
91025445
91025462
91025478
91025497
91025752
91026069
91026253
91026386
91035045
91035216
91035380
91035572
91035734
91035742
91035750
91036063
91036395
91036422
91036709
91036930
91036935
91037120
91037290
91037498
91037500
91037628
91037751
91037971
91120570
91120861
91120950
91121323
91121338
91121342
91121359
91121369
91121386
91121402
91121786
91121803
91121820
91121836
91177239
91177257
91177264
91177265
91177272
91177281
91177295
91177379
91177590
91177701
91177704
91177716
91177726
91177734
91177744
91177801
91177857
91177888
91178070
91178081
91180906
91180912
91180920
91180946
91181131
91181280
91181311
91181317
91181351
91181387
91181393
91181401
91181409
91181532
91181718
91181785
91181788
91181795
91181804
91181809
91184598
91184610
91184670
91184777
91184783
91184788
91184793
91184795
91184802
91184804
91184811
91184886
91185088
91185198
91185200
91185212
91185221
91185223
91185224
91185226
91187528
91187534
91187535
91187540
91187545
91187553
91187713
91187880
91187922
91187926
91187932
91187934
91187939
91187945
91187946
91187953
91187956
91188045
91188244
91188338
91190849
91190855
91190947
91191148
91191237
91191247
91191251
91191261
91191315
91191371
91191378
91191407
91191592
91191738
91191741
91191768
91191775
91191779
91191810
91191811
91194197
91194201
91194205
91194211
91194289
91194508
91194611
91194615
91194628
91194629
91194632
91194633
91194639
91194643
91194646
91194653
91194657
91194715
91194726
91194929
91197222
91197244
91197445
91197459
91197620
91197653
91197665
91197676
91197687
91197699
91197709
91197710
91197728
91197878
91198078
91198153
91198164
91198165
91198273
91198281
91201023
91201029
91201036
91201044
91201054
91201082
91201259
91201417
91201456
91201469
91201479
91201489
91201490
91201500
91201510
91201519
91201662
91201857
91201928
91201940
91204162
91204168
91204171
91204178
91204183
91204329
91204504
91204552
91204558
91204564
91204569
91204576
91204580
91204583
91204652
91204661
91204865
91204956
91204973
91204975
91207116
91207124
91207131
91207142
91207143
91207245
91207444
91207519
91207529
91207530
91207540
91207546
91207547
91207559
91207565
91207579
91207629
91207641
91207843
91207969
91210106
91210110
91210114
91210119
91210122
91210128
91210130
91210230
91210429
91210503
91210513
91210518
91210523
91210526
91210530
91210531
91210534
91210575
91210771
91213289
91213450
91213487
91213494
91213502
91213503
91213509
91213516
91213525
91213531
91213657
91213842
91213910
91213920
91213935
91213950
91213954
91213974
91213988
91214040
91220298
91220484
91525823
91561586
91561640
91561642
91561800
91562005
91562163
91562167
91562218
91562328
91562337
91562344
91562438
91562776
91562791
91563072
91563168
91563176
91563194
91563207
91563217
91565694
91565792
91565801
91565806
91565809
91565811
91565821
91565831
91565839
91565841
91565842
91565843
91565844
91565890
91566079
91566189
91566203
91566209
91566216
91566217
91568234
91568239
91568244
91568250
91568328
91568514
91568610
91568617
91568622
91568623
91568626
91568637
91568639
91568647
91568656
91568688
91568859
91568873
91569007
91569011
91571080
91571101
91571109
91571110
91571112
91571121
91571124
91571130
91571139
91571145
91571152
91571265
91571429
91571495
91571497
91571626
91571628
91571789
91571813
91571998
91574995
91574999
91575004
91575014
91575019
91575023
91575027
91575034
91575039
91575040
91575044
91575173
91575343
91575387
91575394
91575401
91575408
91575413
91575414
91575415
91577442
91577444
91577446
91577453
91577454
91577466
91577467
91577474
91577480
91577490
91577589
91577761
91577774
91577786
91577795
91577838
91577846
91577847
91577853
91577860
91580127
91580300
91580342
91580345
91580355
91580371
91580381
91580388
91580390
91580393
91580399
91580400
91580412
91580525
91580699
91580761
91580771
91580780
91580790
91580800
91585928
91585933
91586064
91586230
91586272
91586276
91586279
91586283
91586290
91586295
91586305
91586310
91586381
91586565
91586662
91586670
91586679
91586680
91586686
91586691
91588768
91588947
91589030
91589036
91589037
91589042
91589050
91589058
91589063
91589067
91589070
91589113
91589294
91589420
91589424
91589463
91589464
91589476
91589477
91589478
91591436
91591440
91591523
91591698
91591709
91591779
91591781
91591785
91591789
91591790
91591794
91591795
91591798
91591805
91591811
91591868
91592081
91592179
91592190
91592194
91597279
91597314
91597321
91597325
91597330
91597333
91597545
91597918
91598154
91598300
91598470
91598579
91598584
91598589
91598595
91598643
91598923
91599062
91599083
91599088
91603355
91603360
91603364
91603367
91603374
91603428
91603438
91603621
91603712
91603727
91603732
91603733
91603734
91603739
91603744
91603748
91603755
91603777
91603944
91604095
91712494
91712495
91712506
91712513
91712518
91712524
91712533
91712535
91712537
91712544
91712714
91712992
91713173
91713185
91713194
91713203
91713212
91713337
91713458
91713499
91717368
91717376
91717521
91717532
91717691
91717717
91717718
91717719
91717722
91717723
91717727
91717728
91717731
91717734
91717740
91717747
91717871
91718041
91718092
91718094
91720103
91720109
91720115
91720123
91720273
91720438
91720473
91720482
91720483
91720487
91720493
91720504
91720512
91720518
91720519
91720619
91720799
91720893
91720901
91720903
91723473
91723490
91723502
91723507
91723512
91723522
91723546
91723548
91723571
91723753
91723957
91724006
91724034
91724037
91724045
91724047
91724054
91724060
91724067
91724074
91726775
91726783
91726798
91726856
91726869
91726878
91726970
91726984
91726999
91727174
91727182
91727192
91727241
91727248
91727256
91727262
91727269
91727273
91727280
91727345
91729727
91729731
91729736
91729741
91729745
91729746
91729808
91729988
91730089
91730100
91730101
91730107
91730115
91730121
91730129
91730130
91730131
91730142
91730144
91730178
91732526
91732529
91732533
91732538
91732539
91732540
91732542
91732545
91732550
91732551
91732661
91732832
91732891
91732895
91732899
91732900
91732904
91732911
91732912
91732921
91734801
91734802
91734810
91734812
91734815
91734819
91734820
91734827
91734831
91735003
91735022
91735032
91735328
91735475
91735537
91735538
91735603
91735729
91735796
91735915
91742486
91742615
91742740
91742741
91742770
91742862
91742866
91743042
91743044
91743108
91743161
91743493
91743745
91743880
91743881
91743946
91744062
91744063
91744067
91744070
91750000
91750007
91750134
91750373
91750581
91750583
91750717
91750891
91750953
91750954
91751019
91751141
91751149
91751202
91751522
91751533
91751726
91751803
91751981
91752102
91755455
91755637
91755793
91755820
91755843
91755849
91755857
91755864
91755869
91755877
91756004
91756178
91756272
91756290
91756291
91756298
91756299
91756306
91756315
91756321
91758386
91758396
91758403
91758413
91758420
91758430
91758471
91758480
91758668
91758678
91758787
91758795
91758803
91758816
91758818
91758828
91758830
91758838
91758839
91758846
91760802
91760803
91760810
91760947
91761115
91761123
91761154
91761157
91761161
91761165
91761170
91761173
91761178
91761246
91761261
91761462
91761547
91761556
91761562
91761568
91766126
91766363
91766667
91766788
91766923
91766926
91766927
91766932
91766999
91767116
91767117
91767179
91767291
91767582
91767747
91767756
91767818
91767932
91767996
91767998
91774333
91774334
91774339
91774452
91985886
91985887
91985889
91985892
91986019
91986314
91986545
91986707
91986829
91986947
91987063
91987072
91987080
91987090
91987366
91987653
91987860
91987979
91988100
91993646
91993794
91993915
91994036
91994152
91994271
91994272
91994273
91994340
91994346
91994510
91994799
91994809
91994982
91995108
91995228
91995353
91995362
91995367
91995374
92001808
92002100
92002256
92002309
92002431
92002432
92002557
92002623
92002629
92002705
92002744
92002900
92003282
92003292
92003299
92003477
92003605
92003732
92003796
92003813
92009608
92009672
92009867
92009888
92010105
92010168
92010233
92010358
92010359
92010528
92010544
92010545
92010637
92010667
92010761
92010938
92011014
92011078
92011079
92011080
92016204
92016205
92016211
92016212
92016213
92016214
92016221
92016288
92016333
92016356
92016473
92016829
92016838
92016845
92017049
92017175
92017388
92017508
92017511
92017512
92023569
92023575
92023580
92023814
92024096
92024270
92024337
92024452
92024581
92024582
92024795
92024916
92025040
92025207
92025510
92025768
92025852
92025970
92025981
92025984
92032453
92032751
92032949
92033013
92033181
92033192
92033258
92033262
92033267
92033269
92033274
92033277
92033278
92033279
92033407
92033699
92033910
92033911
92034028
92034093
92038648
92038739
92038924
92038935
92038945
92039011
92039013
92039023
92039031
92039039
92039040
92039050
92039059
92039067
92039141
92039318
92039329
92039415
92039416
92039421
92041506
92041613
92041632
92041634
92041642
92041645
92041652
92041654
92041655
92041656
92041662
92041669
92041675
92041729
92042003
92042119
92042132
92042133
92044394
92044404
92044405
92044407
92044415
92044428
92044528
92044704
92044779
92044867
92044898
92044906
92044916
92044933
92044934
92044950
92044951
92044999
92045010
92045198
92047197
92047200
92047204
92047256
92047442
92047448
92047547
92047554
92047716
92047844
92048013
92048025
92048183
92048184
92048299
92048434
92048496
92048781
92048790
92048806
92054400
92054408
92054415
92054662
92054949
92055113
92055327
92055336
92055352
92055499
92055526
92055643
92055647
92055655
92055660
92055662
92055663
92055669
92055671
92055924
92061927
92061969
92062283
92062297
92062560
92062696
92062814
92062867
92062879
92063003
92063062
92063163
92063164
92063166
92063167
92063181
92063467
92063732
92063740
92063931
92069212
92069224
92069519
92069789
92069926
92070106
92070230
92070387
92070391
92070437
92076635
92076921
92076934
92077182
92077308
92077442
92077599
92077716
92077719
92077722
92077728
92077964
92078248
92078413
92078531
92078652
92078664
92078869
92078884
92078888
92221160
92221164
92221178
92221183
92221469
92221793
92221957
92221960
92222083
92222209
92222370
92222495
92222614
92222618
92222738
92223043
92223284
92223437
92223495
92223613
92238334
92238407
92238522
92238648
92238653
92238768
92238776
92238921
92239265
92239466
92239468
92239592
92239772
92239831
92239832
92239955
92240075
92240139
92240232
92240247
92246373
92246661
92246762
92246817
92246935
92246937
92247070
92247194
92247195
92247380
92247392
92247404
92247628
92247644
92247931
92248125
92248287
92248416
92248417
92248418
92254827
92254839
92254853
92254858
92255127
92255142
92255422
92255558
92255722
92255960
92256089
92256151
92256159
92256168
92256406
92256777
92256982
92257052
92257238
92257366
92263935
92263983
92263990
92264096
92264270
92264342
92264344
92264350
92264353
92264362
92264363
92264373
92264381
92264383
92264387
92264449
92264632
92264734
92264743
92264829
92267296
92267301
92267303
92267311
92267317
92267406
92267594
92267684
92267700
92267706
92267714
92267723
92267832
92267836
92267862
92268056
92268200
92268223
92268231
92268237
92270689
92270846
92270867
92270869
92270877
92270878
92270888
92270889
92270892
92270897
92270909
92270913
92271044
92271213
92271259
92271260
92271261
92271262
92271269
92271278
92274160
92274281
92274402
92274403
92274578
92274861
92275124
92275313
92275431
92275432
92275433
92275552
92275617
92275618
92275619
92275624
92275627
92275749
92275759
92275937
92279744
92280244
92280248
92280253
92280401
92280771
92280967
92280968
92281090
92281218
92281335
92281337
92281455
92281462
92281466
92281505
92281531
92281584
92281892
92288486
92288604
92288606
92288609
92288736
92288737
92288745
92288752
92288764
92288825
92289121
92289404
92289471
92289588
92289710
92289769
92289891
92290014
92290135
92290200
92292927
92293146
92293229
92293399
92293463
92299898
92299903
92300191
92300453
92300589
92300713
92300865
92301016
92301141
92301268
92301392
92301622
92301918
92302042
92302212
92302345
92302358
92302369
92302370
92302377
92304712
92304716
92304722
92304727
92304789
92304971
92305069
92305081
92307532
92307737
92307865
92307990
92308050
92308119
92308127
92308138
92308139
92308146
92308282
92308451
92308501
92308503
92308516
92308518
92308531
92308547
92308566
92308568
92309604
92309633
92309646
92309660
92309681
92309695
92309707
92311561
92311563
92311565
92311567
92311586
92311606
92311625
92311644
92311672
92311839
92312002
92312035
92312036
92312051
92312067
92312083
92312099
92312115
92312116
92312187
92315146
92315149
92315170
92315188
92315206
92315224
92315241
92315382
92315392
92315577
92315636
92315639
92315655
92315657
92315674
92315685
92315707
92315732
92315734
92315751
