88929288
88929309
88929367
88929426
88929428
88929484
88929544
88929547
88929610
88929671
88929729
88929732
88929795
88929798
88929801
88929831
88929832
88929834
89140843
89141313
89141648
89142416
89142494
89142914
89143275
89143535
89143830
89144146
89144697
89145436
89145497
89146130
89146444
89146760
89146831
89147439
89382207
89382713
89382964
89383667
89383724
89401786
89404107
89404520
89404788
89632426
89633160
89633295
89633936
89634008
89634650
89634760
89650592
89650650
89650664
89650706
89650710
89650828
89650829
89650892
89650896
89650897
89650899
89650900
89650904
89650966
89651029
89651085
89651086
89651088
89651089
89651149
89651206
89651207
89651208
89651209
89652655
89652657
89652658
89652660
89652779
89652781
89652785
89652906
89652909
89653131
89653147
89653177
89653316
89653318
89653386
89653388
89653413
89653540
89653733
89653859
89653990
89654112
89654488
89654623
89654626
89654803
89654902
89655075
89655258
89655389
89655528
89656386
89656392
89656518
89656648
89657158
89657342
89657468
89657599
89657723
89657898
89658021
89658023
89682967
89683027
89683101
89683161
89683222
89683344
89683467
89683468
89683691
89683698
89683820
89683831
89683837
89683916
89683918
89683920
89683994
89684117
89684244
89684365
89836800
89836809
89836819
89836826
89836830
89836888
89836926
89836954
89836955
89836960
89836965
89836966
89836975
89836984
89836985
89836993
89837004
89837046
89837054
89837091
89840458
89840598
89840613
89840663
89840722
89840730
89840735
89840745
89840751
89840875
89840877
89841060
89841188
89841311
89841441
89841443
89841641
89841643
89841767
89841829
89845983
89845992
89846005
89846006
89846008
89846012
89846022
89846023
89846091
89846092
89846215
89846388
89846515
89846636
89846637
89846819
89846940
89847063
89847069
89847074
89851760
89851940
89852051
89852056
89852063
89852065
89852189
89852363
89852481
89852593
89852657
89852664
89852669
89852670
89852675
89852680
89852800
89852801
89852802
89852924
89857091
89857212
89857213
89857316
89857325
89857331
89857334
89857346
89857350
89857351
89857352
89857358
89857363
89857366
89857373
89857383
89857388
89857389
89857392
89857395
89858071
89858149
89858157
89858162
89858167
89858173
89858181
89858189
89858190
89858192
89858200
89858273
89858453
89858576
89858578
89858579
89858580
89858668
89858830
89858961
89865058
89865059
89865177
89865297
89865474
89865600
89865717
89865836
89865956
89866078
89866200
89866324
89866438
89866557
89866785
89866902
89866961
89866963
89867030
89867032
89872778
89872919
89873024
89873146
89873149
89873274
89873455
89873576
89873642
89873763
89873764
89873765
89873766
89873775
89873993
89874183
89874261
89874262
89874389
89874408
89879743
89879744
89879810
89879929
89879933
89880056
89880183
89880309
89880497
89880559
89880561
89880678
89880741
89880865
89880988
89881100
89881225
89881447
89881448
89881560
89885145
89885158
89885160
89885173
89885188
89885202
89885212
89885221
89885239
89885242
89885259
89885267
89885281
89885292
89885306
89885307
89885318
89885327
89885328
89885329
89886224
89886238
89886253
89886267
89886285
89886307
89886326
89886346
89886367
89886383
89886398
89886413
89886428
89886448
89886470
89886484
89886517
89886554
89886571
89886586
89887177
89887184
89887185
89887191
89887197
89887201
89887208
89887218
89887227
89887261
89887263
89887271
89887272
89887281
89887286
89887292
89887296
89887305
89887306
89887319
89889387
89889391
89889393
89889394
89889399
89889402
89889466
89889588
89889589
89889745
89889832
89889836
89889837
89889951
89890073
89890134
89890176
89890196
89890321
89890323
89894618
89894750
89894813
89894817
89894821
89894825
89894834
89894962
89895094
89895146
89895273
89895397
89895522
89895705
89895707
89895830
89895834
89895835
89895836
89895903
90070270
90070271
90070400
90070408
90070417
90070418
90070426
90070552
90070727
90070848
90070968
90071085
90071087
90071207
90071208
90071212
90071216
90071222
90071341
90071473
90074356
90074357
90074481
90074482
90074603
90074610
90074617
90074626
90074694
90074695
90074767
90074896
90075013
90075014
90075140
90075141
90075290
90075292
90075468
90075579
90079798
90079805
90079810
90079815
90079822
90079823
90079824
90079825
90079954
90080079
90080200
90080315
90080429
90080551
90080667
90080780
90080782
90080788
90080855
90081027
90084664
90084670
90084672
90084704
90084709
90084828
90084954
90085090
90085215
90085360
90085487
90085488
90085665
90085782
90085783
90085787
90085856
90085972
90085974
90086099
90090261
90090416
90090417
90090419
90090420
90090421
90090611
90090613
90090614
90090753
90090885
90091069
90091189
90091313
90091427
90091565
90091726
90091854
90091857
90092003
90315573
90315677
90315680
90315866
90315987
90316106
90316227
90316398
90316467
90316730
90317023
90317072
90317204
90317325
90317328
90317335
90317343
90317344
90317353
90317360
90323315
90323368
90323562
90323679
90323704
90323711
90323714
90323718
90323723
90323724
90323728
90323736
90323893
90324062
90324113
90324119
90324124
90324129
90324159
90324163
90326272
90326278
90326282
90326288
90326294
90326295
90326414
90326430
90326445
90326628
90326716
90326738
90326743
90326747
90326748
90326752
90326757
90326763
90326765
90326766
90329350
90329361
90329362
90329372
90329377
90329384
90329388
90329390
90329394
90329504
90329717
90329828
90329865
90329868
90329871
90329886
90329892
90329897
90329898
90329905
90335147
90335151
90335334
90335458
90335585
90335713
90335722
90335729
90335730
90335889
90336219
90336430
90336565
90336695
90336739
90336865
90336921
90336929
90336930
90336939
90342717
90342837
90342960
90343082
90343091
90343172
90343461
90343736
90343885
90344005
90344176
90344182
90344189
90344194
90344198
90344446
90344746
90344935
90345096
90345222
90350455
90350512
90350517
90350736
90350926
90350935
90351010
90351016
90351138
90351139
90351140
90351259
90351373
90351374
90351376
90351490
90351612
90351613
90351702
90352011
90358416
90358661
90358888
90359016
90359018
90359142
90359150
90359156
90359162
90359163
90359169
90359383
90359651
90359657
90359660
90359743
90359856
90359980
90360101
90360216
90366880
90366994
90366997
90367005
90367112
90367427
90367646
90367772
90367893
90367894
90367895
90368024
90368135
90368243
90368363
90368366
90368443
90368448
90368748
90369005
90374784
90375011
90375027
90375099
90375366
90375460
90375582
90375742
90375877
90375878
90375992
90376113
90376288
90376511
90376819
90376830
90377020
90377085
90377092
90377099
90382957
90382960
90383141
90383264
90383382
90383384
90383385
90383449
90383450
90383451
90383557
90383585
90383932
90384161
90384243
90384368
90384374
90384375
90384379
90384384
90390248
90390374
90390499
90390682
90390742
90390749
90391062
90391380
90391549
90391670
90391681
90391694
90391705
90391706
90391707
90391708
90391709
90391718
90391730
90391962
90398638
90398639
90398755
90398870
90398931
90398934
90398936
90398942
90398951
90398956
90399126
90399140
90399414
90399564
90399623
90399791
90399909
90400033
90400148
90400149
90406031
90406032
90406154
90406406
90406644
90406822
90406890
90407013
90407134
90407253
90407436
90407506
90407783
90408030
90408252
90408371
90408444
90408453
90408454
90408459
90981655
90981656
90981788
90981928
90982050
90982388
90982689
90982701
90982857
90982989
90982992
90983068
90983089
90983110
90983111
90983112
90983115
90983134
90983182
90983242
90990510
90990813
90991124
90991297
90991299
90991301
90991434
90991569
90991585
90991608
90991628
90991629
90991649
90991854
90992219
90992415
90992549
90992632
90992644
90992861
90999314
90999464
90999542
90999678
90999757
90999834
90999970
90999971
90999975
91000079
91000350
91000499
91000510
91000670
91000802
91000984
91001114
91001251
91001387
91001405
91008536
91008827
91008835
91009010
91009101
91009242
91009309
91009362
91009369
91009439
91009457
91009458
91009475
91009742
91009928
91010120
91010257
91010449
91010451
91010576
91016772
91016784
91016967
91017106
91017237
91017261
91017306
91017308
91017324
91017339
91017341
91017569
91017882
91018091
91018219
91018369
91018507
91018628
91018755
91018831
91026523
91026648
91026776
91026838
91026972
91026988
91027126
91027398
91027633
91027772
91027827
91027829
91027947
91027949
91028082
91028163
91028183
91028185
91028204
91028251
91038358
91038603
91038802
91038974
91038978
91039162
91039292
91039408
91039534
91039740
91040114
91040125
91040327
91040449
91040450
91040582
91040761
91040889
91041010
91041126
91178223
91178253
91178271
91178272
91178280
91178288
91178296
91178299
91178306
91178320
91178482
91178663
91178775
91178794
91178822
91178830
91178833
91178845
91178855
91178867
91181916
91181919
91181931
91181935
91181996
91182194
91182307
91182328
91182337
91182344
91182356
91182359
91182362
91182369
91182523
91182710
91182757
91182857
91182868
91182872
91185231
91185238
91185245
91185252
91185296
91185307
91185516
91185641
91185698
91185712
91185718
91185788
91185829
91185830
91185834
91185835
91185849
91186019
91186036
91186193
91188348
91188353
91188412
91188462
91188466
91188469
91188504
91188706
91188838
91188863
91188868
91188871
91188891
91188914
91188920
91188921
91188925
91189076
91189250
91189310
91191817
91191823
91191829
91191832
91191987
91192002
91192174
91192214
91192215
91192309
91192322
91192326
91192327
91192332
91192335
91192338
91192339
91192340
91192466
91192478
91195036
91195057
91195061
91195066
91195074
91195180
91195188
91195202
91195370
91195535
91195580
91195591
91198293
91198301
91198307
91198367
91198567
91198684
91198709
91198719
91198720
91198729
91198739
91198744
91198750
91198762
91198926
91199100
91199147
91199155
91199160
91199167
91201941
91201952
91201961
91201971
91201981
91201988
91201990
91201991
91202073
91202086
91202100
91202114
91202313
91202382
91202396
91202405
91202416
91202423
91202433
91202441
91204979
91204981
91204985
91204987
91205007
91205181
91205336
91205368
91205375
91205377
91205380
91205383
91205387
91205393
91205488
91205682
91205690
91205761
91205768
91205801
91208022
91208024
91208032
91208034
91208039
91208045
91208049
91208054
91208074
91208246
91208408
91208442
91208445
91208456
91208458
91208464
91208469
91208470
91208471
91208487
91210893
91210898
91210938
91210943
91210949
91210953
91210956
91210958
91210966
91211127
91211302
91211345
91211351
91211357
91211362
91211369
91211374
91211380
91211459
91211670
91214248
91214387
91214433
91214448
91214465
91214473
91214475
91214489
91214501
91214502
91214523
91214529
91214713
91214877
91214886
91214918
91214929
91214944
91214957
91214973
91563220
91563228
91563376
91563553
91563591
91563599
91563609
91563614
91563619
91563626
91563632
91563717
91563729
91563923
91564003
91564004
91564012
91564019
91564027
91564040
91566221
91566232
91566233
91566240
91566242
91566260
91566427
91566437
91566592
91566619
91566620
91566631
91566640
91566642
91566652
91566662
91566678
91566693
91566813
91566986
91569026
91569036
91569043
91569051
91569057
91569063
91569072
91569213
91569224
91569394
91569402
91569412
91569433
91569435
91569447
91569450
91569456
91569466
91569477
91569480
91572201
91572363
91572365
91572366
91572417
91572571
91572818
91572831
91572843
91572902
91573221
91573419
91573440
91573472
91573478
91573479
91573488
91573492
91573497
91573501
91575419
91575423
91575497
91575507
91575686
91575699
91575774
91575782
91575786
91575792
91575793
91575798
91575807
91575812
91575855
91575865
91576051
91576160
91576171
91576178
91577864
91577866
91577873
91577877
91577879
91577882
91577971
91578152
91578227
91578235
91578240
91578245
91578251
91578255
91578261
91578288
91578457
91578597
91578611
91578618
91580811
91580818
91580860
91580870
91581053
91581063
91581169
91581184
91581191
91581201
91581208
91581215
91581223
91581225
91581226
91581244
91581251
91581419
91581570
91581574
91586696
91586697
91586705
91586706
91586732
91586904
91587041
91587057
91587062
91587067
91587079
91587084
91587086
91587089
91587093
91587228
91587395
91587405
91587443
91587474
91589486
91589491
91589496
91589501
91589503
91589531
91589537
91589730
91589874
91589890
91589895
91589898
91589910
91589918
91589923
91589928
91590055
91590228
91590234
91590282
91592196
91592202
91592207
91592209
91592210
91592211
91592215
91592217
91592246
91592418
91592554
91592574
91592584
91592592
91592596
91592601
91592606
91592611
91592612
91592740
91599121
91599126
91599236
91599440
91599596
91599920
91600235
91600241
91600309
91600351
91600518
91600519
91600520
91600677
91600839
91600942
91600944
91601018
91601247
91601261
91604119
91604128
91604135
91604142
91604151
91604158
91604168
91604270
91604284
91604296
91604464
91604519
91604526
91604534
91604541
91604552
91604560
91604567
91604627
91604811
91713736
91713868
91713898
91713899
91713912
91713921
91713923
91713931
91713943
91713963
91713965
91713986
91714136
91714297
91714348
91714361
91714368
91714375
91714381
91714503
91718103
91718111
91718114
91718120
91718121
91718126
91718127
91718128
91718131
91718132
91718231
91718417
91718491
91718501
91718509
91718510
91718516
91718522
91718527
91718530
91720924
91720930
91720941
91720950
91720956
91720961
91721015
91721209
91721323
91721363
91721366
91721373
91721380
91721385
91721393
91721402
91721408
91721555
91721727
91721765
91724075
91724198
91724366
91724424
91724430
91724438
91724445
91724447
91724456
91724465
91724471
91724526
91724716
91724825
91724841
91724843
91724844
91724845
91724860
91724867
91727547
91727653
91727660
91727661
91727670
91727671
91727675
91727681
91727688
91727693
91727709
91727868
91728019
91728022
91728052
91728077
91728101
91728128
91728136
91728142
91730353
91730368
91730496
91730498
91730510
91730516
91730523
91730531
91730532
91730533
91730540
91730545
91730546
91730591
91730776
91730896
91730898
91730906
91730907
91730913
91732922
91732927
91732985
91732996
91733173
91733261
91733275
91733283
91733284
91733286
91733288
91733290
91733292
91733296
91733297
91733302
91733304
91733349
91733531
91733540
91736089
91736170
91736400
91736606
91736678
91736798
91736919
91736984
91737045
91737168
91737174
91737185
91737312
91737319
91737326
91737552
91737707
91737876
91737935
91738057
91744073
91744075
91744340
91744680
91744686
91744821
91744937
91745051
91745194
91745341
91745342
91745344
91745350
91745494
91745776
91746007
91746137
91746138
91746265
91746331
91752220
91752339
91752347
91752356
91752600
91752886
91753018
91753151
91753152
91753162
91753322
91753455
91753524
91753527
91753594
91753923
91753933
91753960
91754091
91754107
91756329
91756398
91756409
91756626
91756721
91756730
91756738
91756739
91756741
91756746
91756754
91756759
91756761
91756762
91756763
91756764
91756766
91756772
91756835
91757020
91758848
91758878
91759042
91759214
91759232
91759243
91759250
91759254
91759255
91759263
91759272
91759277
91759407
91759414
91759580
91759621
91759622
91759623
91759628
91759634
91761576
91761584
91761588
91761589
91761621
91761791
91761940
91761955
91761960
91761969
91761972
91761982
91761983
91761988
91761992
91762120
91762289
91762338
91762343
91762349
91768004
91768005
91768007
91768026
91768132
91768279
91768509
91768814
91768946
91769072
91769212
91769328
91769486
91769571
91769577
91769795
91770045
91770134
91770257
91770380
91988101
91988253
91988330
91988338
91988348
91988349
91988528
91988851
91989031
91989150
91989273
91989394
91989395
91989422
91989570
91989636
91989641
91989705
91990006
91990278
91995462
91995805
91996023
91996027
91996086
91996224
91996360
91996489
91996608
91996731
91996737
91996739
91996758
91997036
91997305
91997482
91997629
91997748
91997749
91997750
92003978
92004047
92004055
92004167
92004468
92004691
92004905
92005096
92005224
92005229
92005230
92005238
92005239
92005245
92005260
92005266
92005580
92005862
92005867
92005999
92011260
92011262
92011264
92011265
92011275
92011330
92011339
92011372
92011448
92011575
92011875
92012021
92012148
92012272
92012401
92012520
92012522
92012528
92012536
92012537
92017634
92017765
92017925
92017926
92017927
92017928
92018098
92018156
92018179
92018472
92018677
92018736
92018741
92018744
92018745
92018754
92018760
92018762
92018781
92019062
92025993
92025994
92026002
92026011
92026012
92026050
92026365
92026564
92026645
92026935
92027057
92027119
92027179
92027297
92027411
92027660
92027946
92027954
92028106
92028220
92034209
92034210
92034426
92034609
92034613
92034614
92034615
92034713
92034725
92035021
92035242
92035391
92035418
92035419
92035481
92035483
92035659
92035663
92035669
92035671
92039448
92039458
92039467
92039468
92039478
92039485
92039487
92039531
92039718
92039843
92039857
92039863
92039864
92039876
92039881
92039883
92039884
92039893
92039905
92039906
92042140
92042145
92042152
92042159
92042165
92042166
92042187
92042192
92042361
92042506
92042509
92042511
92042528
92042535
92042542
92042549
92042551
92042553
92042560
92042565
92045307
92045318
92045329
92045346
92045354
92045355
92045358
92045367
92045377
92045397
92045559
92045716
92045741
92045752
92045753
92045760
92045770
92045785
92045799
92045876
92049046
92049169
92049170
92049325
92049469
92049588
92049592
92049593
92049594
92049595
92049598
92049599
92049622
92049907
92050162
92050166
92050187
92050225
92050227
92050395
92056153
92056251
92056371
92056490
92056491
92056493
92056524
92056676
92056677
92056800
92056863
92056870
92057120
92057403
92057469
92057603
92057672
92057808
92057810
92058003
92063934
92064055
92064169
92064228
92064357
92064360
92064372
92064606
92064615
92064897
92065056
92065251
92065449
92065569
92065571
92065575
92065579
92065580
92065583
92065705
92070477
92070489
92070710
92071007
92071013
92071248
92071373
92071493
92071623
92071693
92071696
92071703
92071714
92071716
92071841
92072205
92072481
92072639
92072644
92072770
92078889
92078897
92078899
92079031
92079319
92079518
92079640
92223628
92223736
92223737
92223746
92223840
92224092
92224343
92224537
92224642
92224773
92224774
92224953
92225079
92225203
92225222
92225475
92225716
92225876
92225877
92225879
92240555
92240746
92240760
92240949
92241013
92241136
92241145
92241152
92241153
92241159
92241164
92241166
92241168
92241197
92241432
92241689
92241824
92241999
92242072
92242193
92248420
92248475
92248481
92248487
92248495
92248512
92248616
92248873
92249137
92249272
92249394
92249465
92249580
92249707
92249716
92249717
92249855
92250184
92250446
92250589
92257374
92257382
92257390
92257417
92257665
92257975
92258103
92258104
92258229
92258368
92258534
92258535
92258758
92258765
92258767
92258775
92259028
92259346
92259511
92259512
92264845
92264959
92265009
92265010
92265015
92265019
92265039
92265046
92265211
92265357
92265380
92265417
92265425
92265433
92265437
92265438
92265441
92265445
92265570
92265742
92268238
92268250
92268258
92268265
92268270
92268392
92268568
92268724
92268729
92268735
92268750
92268754
92268759
92268760
92268763
92268822
92269004
92269109
92269115
92269120
92271285
92271291
92271293
92271398
92271407
92271503
92271521
92271696
92271754
92271756
92271763
92271770
92271771
92271779
92271781
92271787
92271793
92271800
92271863
92272041
92276142
92276143
92276265
92276388
92276511
92276568
92276744
92276803
92276830
92276895
92276904
92277198
92277436
92277557
92277558
92277708
92277798
92277919
92277920
92282102
92282225
92282343
92282518
92282589
92282591
92282595
92282603
92282625
92282898
92283234
92283238
92283375
92283499
92283626
92283628
92283749
92283752
92283816
92283822
92290470
92290755
92290905
92291082
92291204
92291205
92291206
92291325
92291329
92291331
92291342
92291354
92291356
92291532
92291812
92291978
92291979
92292106
92292226
92292348
92293580
92293702
92293709
92293714
92293873
92294220
92294413
92294546
92294605
92294724
92294852
92294899
92294916
92294937
92295040
92295053
92295361
92295595
92295721
92295846
92302385
92302433
92302464
92302515
92302839
92303057
92303176
92303299
92303422
92303543
92303666
92303783
92303914
92304181
92304460
92305083
92305086
92305090
92305095
92305100
92305106
92305256
92305269
92305429
92305448
92305454
92305457
92305465
92305472
92305473
92305480
92305489
92305589
92305768
92305781
92308584
92308602
92308604
92308713
92308731
92308916
92308995
92309012
92309031
92309034
92309777
92309958
92310072
92310104
92310122
92310123
92310126
92310142
92310160
92312313
92312559
92312571
92312629
92312646
92312664
92312679
92312681
92312697
92312714
92312716
92312732
92312813
92312823
92313041
92313137
92313152
92313165
92313166
92313182
92315852
92316067
92316158
92316176
92316177
92316189
92316190
92316192
92316210
92316212
92316226
92316247
92316249
92316250
92316267
92316349
92316361
92316557
92316651
92316654
