20.029
18.862
19.373
20.433
17.990
21.100
20.228
22.738
21.689
21.908
16.546
20.844
17.983
16.788
15.969
17.342
19.491
17.313
18.992
20.908
20.450
20.983
18.647
16.605
16.927
16.822
18.299
18.385
19.895
17.008
18.119
17.593
21.071
18.125
17.629
17.046
18.165
17.877
18.386
17.906
18.487
18.870
16.594
16.915
19.009
21.106
16.791
21.520
18.133
19.745
18.508
16.359
17.999
16.484
20.771
18.020
16.256
19.972
16.917
21.899
17.305
18.960
16.444
16.884
18.885
16.788
18.973
16.502
23.294
18.210
16.899
19.863
17.313
19.554
18.364
20.909
18.039
19.269
16.925
19.148
19.195
18.782
18.371
17.810
19.937
19.324
19.676
19.102
17.024
18.945
18.251
22.228
19.573
21.802
18.387
15.959
15.704
16.604
19.349
18.386
18.020
18.332
16.789
18.663
17.315
19.491
16.705
18.270
15.163
19.677
22.600
18.857
18.968
20.026
17.600
19.966
19.520
19.432
18.063
19.532
17.578
21.017
21.188
24.167
20.127
20.112
20.803
