15.829
14.770
15.319
11.818
15.224
15.851
16.465
17.399
21.744
15.461
14.767
17.075
12.461
11.943
13.991
12.254
0.000
13.474
12.880
13.943
12.823
15.448
16.049
13.065
14.562
13.356
12.360
12.893
12.944
12.868
11.999
12.959
13.321
14.352
12.612
15.647
16.012
14.458
12.380
13.515
13.797
13.585
12.720
14.182
12.093
13.890
14.429
16.387
13.246
12.287
15.597
12.146
13.042
13.523
13.258
14.193
14.980
12.613
15.501
13.740
14.522
13.376
12.974
13.388
13.381
14.249
13.947
12.326
12.953
13.539
15.469
13.056
13.810
12.295
17.636
14.450
15.473
13.540
12.817
13.828
13.857
13.941
12.992
13.274
15.411
12.903
14.595
12.544
14.568
13.769
14.738
13.999
11.409
12.406
13.889
12.690
12.989
16.146
13.834
16.829
14.277
13.081
13.317
15.856
13.450
13.170
13.071
15.324
14.193
16.875
15.052
14.935
17.509
14.470
14.818
14.820
18.233
13.370
13.296
14.479
14.745
13.367
13.263
35.618
14.657
15.524
14.575
15.325
16.552
13.995
15.049
