18.590
16.194
16.377
18.470
16.217
8.851
8.278
16.902
19.083
18.585
22.261
17.155
20.674
16.022
15.783
16.170
15.555
16.811
16.296
16.660
13.934
17.775
18.085
16.488
20.495
14.553
18.255
15.678
15.484
14.666
16.321
17.505
15.998
14.506
19.205
15.537
15.672
14.824
17.629
15.732
17.087
15.605
14.515
14.967
16.854
15.884
16.548
25.019
15.847
15.764
17.817
19.212
17.451
17.745
16.593
18.721
21.324
14.576
17.341
18.019
22.445
17.401
17.247
15.791
15.578
17.429
17.383
16.974
16.929
15.819
15.598
14.600
17.293
17.767
17.251
27.065
1.915
16.226
19.678
16.506
17.382
16.406
15.330
15.842
16.319
22.973
13.494
17.055
16.249
18.500
17.941
17.500
1.484
15.984
18.362
16.881
13.812
16.187
14.584
18.531
17.403
17.849
16.950
17.235
16.811
17.242
15.479
15.727
16.594
15.565
15.918
18.794
14.897
17.052
15.191
22.140
26.278
34.159
19.264
16.168
19.602
14.471
17.157
15.589
16.143
14.480
15.085
13.718
17.910
15.795
17.853
15.122
17.059
