63.523
65.868
65.492
69.243
57.839
59.623
60.647
17.827
60.944
59.409
56.651
66.533
65.244
61.714
58.119
58.256
64.996
58.584
55.664
62.936
53.577
59.705
61.841
57.617
63.343
65.155
68.032
67.998
63.555
70.225
67.568
73.578
71.947
63.386
66.559
55.942
62.687
70.012
69.372
63.331
62.717
63.715
55.750
63.851
64.825
64.479
64.677
64.605
70.090
65.153
60.298
54.892
56.074
57.925
58.402
47.709
52.791
58.276
57.336
63.777
54.765
60.390
64.696
62.412
63.459
65.973
63.824
64.911
63.092
56.377
62.806
55.421
61.612
61.878
57.631
62.569
61.044
55.342
51.924
61.991
63.313
54.566
59.870
64.288
57.293
58.784
60.336
56.593
59.119
58.466
52.609
61.523
53.887
60.012
62.704
57.729
50.120
55.415
57.819
58.366
55.227
60.373
61.956
66.284
63.176
60.315
54.839
56.704
59.379
55.262
59.230
72.864
66.399
55.849
68.622
64.578
65.237
66.786
63.011
58.886
58.294
52.979
56.280
62.798
54.705
64.549
64.950
58.255
66.635
