12.974
13.347
14.247
15.120
13.456
12.704
11.764
11.771
13.729
15.517
15.857
14.162
14.575
13.870
13.629
13.647
14.143
16.292
13.714
15.164
13.772
13.487
12.978
13.240
14.052
13.060
12.860
12.748
13.555
14.205
13.440
12.970
13.030
14.146
13.398
13.595
13.214
11.806
13.357
14.622
11.906
11.925
13.585
13.275
12.840
13.618
16.259
33.706
6.276
12.346
14.134
13.111
14.313
12.521
12.231
15.908
12.380
1.448
14.327
12.715
16.397
13.463
13.418
147.544
13.229
20.813
13.525
12.750
13.136
14.205
13.731
14.672
12.352
19.461
14.070
12.492
14.499
15.986
13.626
12.977
14.591
13.334
13.764
14.080
15.864
17.542
41.000
13.439
14.367
14.198
13.637
13.764
13.825
14.718
14.086
13.245
15.781
14.261
14.429
13.624
16.691
