15.254
15.058
13.342
16.417
14.769
15.926
15.987
15.194
15.162
17.609
16.043
14.138
14.082
13.462
14.394
17.947
15.119
14.788
15.511
13.778
13.622
49.371
14.652
13.842
14.682
15.007
14.131
16.363
14.452
13.621
13.835
13.389
16.892
16.588
12.746
13.442
12.658
13.869
13.744
14.128
14.025
13.465
14.474
12.856
15.410
16.459
13.044
15.128
13.279
1.237
13.892
12.668
14.006
1.885
14.126
12.923
13.966
14.284
15.626
8.175
11.568
6.591
18.250
13.493
13.783
148.403
13.826
13.785
13.349
12.389
12.529
12.162
15.016
14.292
14.066
13.264
12.995
12.840
13.227
14.067
16.267
13.007
14.422
14.063
16.431
14.013
15.977
15.080
14.089
13.553
13.231
18.050
7.624
14.000
11.901
14.771
14.055
14.268
13.460
15.291
14.702
12.985
12.949
