59.744
67.484
66.929
70.834
62.530
60.681
62.494
69.428
66.545
69.036
61.436
63.297
62.358
63.688
61.113
65.845
63.742
61.242
63.764
68.400
66.073
83.765
76.906
74.208
75.216
75.373
81.020
78.320
80.952
75.823
74.598
73.613
78.186
84.549
83.240
75.562
73.334
74.896
80.476
78.292
84.749
77.141
74.379
76.097
80.045
81.937
88.542
73.799
70.674
59.705
75.949
85.502
85.859
78.978
73.994
76.747
81.090
75.915
83.097
53.525
52.625
51.820
53.436
55.278
51.390
56.057
53.538
55.374
50.869
22.687
52.219
58.034
54.810
54.458
56.858
55.765
52.153
54.477
55.299
55.600
56.534
54.857
59.913
57.292
55.683
54.052
54.651
56.431
55.987
56.427
56.584
60.595
