18.366
18.841
21.036
21.084
20.519
17.181
19.544
20.295
18.944
20.795
19.638
18.402
17.688
20.314
19.969
18.587
18.811
20.517
20.651
21.838
18.906
18.450
17.867
19.408
19.314
19.994
17.716
20.540
18.685
18.558
20.073
18.170
19.029
17.028
18.612
17.670
18.407
15.911
16.149
14.585
17.397
18.475
18.074
18.030
16.172
17.575
17.498
17.899
16.393
19.787
16.835
17.334
16.529
18.373
16.928
16.253
16.189
18.621
17.939
18.600
17.894
18.466
153.001
17.557
17.627
17.213
16.476
16.189
17.953
15.814
18.591
17.537
16.670
16.689
18.405
18.243
18.181
18.384
17.458
18.992
16.468
17.519
17.539
18.296
19.088
18.462
17.354
16.999
21.131
18.691
18.244
18.210
18.511
16.489
20.011
18.902
17.859
23.015
