27.067
27.187
27.962
31.350
28.300
30.401
27.472
26.076
27.666
27.061
26.459
28.903
27.883
31.044
28.937
28.661
29.040
30.715
31.945
29.501
29.465
29.427
27.611
26.348
26.676
26.393
26.244
30.399
26.755
28.349
27.978
26.145
26.056
26.543
25.364
25.588
27.653
29.830
29.968
28.037
29.007
28.716
27.364
26.512
27.479
32.217
29.759
25.743
27.098
25.470
26.637
26.563
25.906
31.428
29.266
27.585
27.164
26.407
27.811
26.876
26.143
26.712
28.369
27.734
27.823
27.471
28.270
26.347
27.450
29.662
29.037
29.533
27.871
26.727
27.697
26.616
28.568
30.852
28.986
30.266
29.996
28.637
28.527
29.108
31.724
35.289
34.353
31.840
28.846
29.511
30.189
30.077
33.735
32.935
28.421
29.501
27.680
29.310
28.075
28.246
34.776
35.348
35.122
29.507
28.322
28.094
29.691
34.521
29.733
33.277
24.834
25.343
25.227
27.559
26.199
31.158
34.156
27.792
25.949
25.321
25.505
