13.280
13.173
13.927
13.516
13.882
14.345
14.219
4.783
13.996
12.537
13.152
13.089
13.559
14.216
12.503
14.117
13.299
14.506
14.093
14.134
14.606
13.651
13.595
13.662
12.982
13.840
13.639
13.765
12.772
14.069
14.176
13.912
12.386
12.663
12.728
12.479
11.825
12.345
13.287
12.071
12.949
14.370
13.517
11.789
13.615
12.539
13.437
12.557
13.366
15.424
12.383
12.805
14.414
12.881
14.140
13.041
13.834
13.391
13.443
12.728
12.844
13.648
13.925
13.685
12.617
12.406
12.434
12.683
14.032
13.788
13.853
14.169
12.618
13.106
12.584
13.399
12.443
13.082
16.137
13.817
12.634
13.204
12.197
12.814
12.976
12.998
16.957
13.100
13.568
14.698
14.686
13.536
13.470
13.048
13.291
