65.382
73.887
79.858
73.462
74.302
73.150
68.200
63.878
64.020
64.323
67.071
68.799
62.799
72.349
60.766
66.020
60.930
62.474
65.161
67.507
67.109
68.457
66.016
63.746
65.011
81.149
64.084
79.483
72.314
83.276
74.529
78.597
63.340
67.193
67.290
70.601
67.506
78.029
82.345
80.758
73.515
76.283
66.008
62.533
62.777
78.872
80.713
81.020
83.483
80.251
68.558
68.362
69.919
70.450
74.354
82.266
84.536
79.583
68.792
64.797
66.438
68.781
73.689
75.389
74.269
76.160
69.802
69.163
64.533
68.101
72.959
70.447
74.061
74.589
71.417
67.814
69.667
70.835
66.718
70.696
77.020
71.569
83.509
82.694
67.580
73.642
71.801
76.688
67.002
73.609
91.797
69.817
75.042
66.192
62.459
62.348
62.649
67.032
68.988
65.660
70.114
78.288
77.699
68.841
66.574
65.621
68.657
