97088988
97088991
97088993
97088994
97088996
97088999
97089002
97089003
97089005
97089007
97089775
97089867
97089947
97090047
97090078
97090093
97091316
97091399
97091491
97091563
97091632
97091676
97091730
97091742
97091746
97091748
97091751
97091752
97091754
97091755
97091756
97091757
97091774
97091822
97091901
97091992
97092079
97092148
97092232
97092250
97092256
97094979
97095059
97095137
97095144
97095148
97095868
97095886
97095902
97095922
97095944
97096006
97096065
97096152
97096336
97096526
97104017
97109585
97114840
97126083
97129841
97129941
97157317
97157424
97184217
97184315
97211978
97242822
97242923
97272547
97272647
97299652
97299787
97301122
97316981
97319650
97320249
97328115
97328215
97331004
97358903
97360192
97360302
97387092
97402240
97402248
97402259
97402279
97402408
97412750
97412848
97417257
97417401
97417514
97417604
97417672
97417675
97422347
97441044
97451627
97469029
97469136
97470838
97488131
97489381
97491755
97497492
97497614
97498361
97505506
97529772
97529844
97565196
97565277
97588227
97588228
97588230
97588233
97588246
97588287
97588359
97588454
97588540
97588617
97588674
97588718
97588741
97588753
97588758
97588762
97588765
97588771
97588773
97588780
97588783
97588785
97588788
97588791
97588796
97588840
97588905
97588991
97589085
97590823
97590924
97592163
97592167
97592170
97592171
97592173
97592177
97592178
97592182
97592183
97592184
97592188
97592189
97592192
97592239
97592311
97592488
97592565
97593809
97593812
97593814
97593816
97593820
97593823
97593824
97593828
97593855
97593915
97594019
97594109
97594188
97594265
97594314
97594347
97594361
97594364
97594366
97594371
97594373
97594378
97594380
97594385
97594386
97594421
97596109
97596602
97596604
97596607
97596616
97596618
97597198
97597241
97597319
97597424
97597518
97597589
97597656
97597723
97597732
97597738
97597741
97597769
97599318
97599319
97599323
97599324
97599326
97599327
97599330
97599331
97599332
97599334
97599335
97599348
97599392
97599640
97599817
97599821
97599823
97599827
97599828
97599831
97602559
97602561
97602564
97602567
97602569
97602571
97602574
97602576
97602578
97602580
97603625
97603644
97603647
97603649
97603653
97603657
97605220
97605240
97605246
97605247
97605248
97605250
97605252
97605254
97605256
97605258
97605261
97605263
97605356
97605442
97605533
97605612
97605681
97605720
97605747
97605757
97605760
97605762
97605763
97605764
97605768
97608428
97608448
97608455
97608457
97608460
97609255
97609281
97609339
97609427
97609517
97609738
97609776
97609805
97609813
97609819
97609822
97617155
97617249
97642688
97642781
97645639
97660781
97669889
97670002
97673099
97673100
97673101
97673105
97673107
97698724
97698787
97728624
97728701
97733688
97733689
97733692
97743708
97754120
97754208
97779781
97779882
97788761
97803183
97806057
97806147
97807390
97807397
97807551
97807903
97807907
97833516
97833626
97834442
97849502
97852594
97863973
97864078
97896447
97915889
97915965
97923914
97929912
97929985
97961154
97961213
97976044
97977685
97986920
97987013
97989767
97990319
98012292
98012966
98039400
98039498
98071138
98071312
98133399
98133546
98195258
98195401
98257301
98257452
98320111
98327031
98374716
98392848
98392970
98420045
98420056
98462715
98525646
98525652
98525658
98525664
98525681
98525784
98525915
98526035
98526156
98526257
98526381
98526492
98526532
98526693
98526783
98526804
98526881
98527033
98527052
98527116
98527184
98527246
98527300
98527306
98527320
98527379
98527505
98527656
98527757
98527864
98532466
98532594
98536099
98536152
98536212
98536272
98536331
98536339
98536347
98536353
98536360
98536363
98536369
98536379
98536468
98536526
98536767
98536890
98540756
98540762
98540768
98540774
98540777
98540854
98540897
98541034
98541147
98541293
98541335
98541450
98541499
98541596
98541682
98541710
98541792
98541853
98541910
98541978
98542033
98542097
98542158
98542166
98542227
98542380
98542469
98542608
98548098
98548167
98550005
98550158
98550274
98550367
98550412
98550506
98550589
98550651
98550721
98550867
98550925
98555155
98555159
98555175
98555182
98555186
98555191
98555196
98555204
98555223
98555349
98555435
98555518
98555565
98555687
98555800
98555816
98555831
98555850
98555854
98555862
98562357
98562359
98562361
98562364
98562366
98562368
98562371
98562373
98562378
98562474
98564841
98564900
98564961
98565020
98565080
98565088
98568849
98568856
98568911
98568966
98569021
98569077
98569135
98569136
98569137
98569139
98569422
98569710
98569879
98569910
98569987
98570050
98570111
98570112
98570171
98570232
98570233
98570279
98570353
98570411
98570472
98570491
98570536
98576849
98576920
98576979
98577066
98579349
98579422
98579480
98579588
98579688
98579855
98579913
98579981
98580005
98580082
98580208
98597839
98597992
98657922
98658073
98703192
98703266
98731912
98731994
98742616
98761603
98761692
98791097
98791180
98796826
98817319
98844499
98844567
98845756
98877458
98877531
98917804
98917886
98957736
98957818
99000255
99000329
99033321
99033395
99035280
99062511
99062600
99082685
99093490
99125785
99125862
99164412
99164517
99197727
99199633
99200234
99200237
99200240
99200245
99200270
99200323
99200407
99200497
99200573
99200634
99200688
99200730
99200771
99200822
99200835
99200846
99200857
99200881
99200891
99200894
99200900
99200905
99200909
99200915
99200922
99200949
99200998
99201077
99201179
99201273
99203334
99203420
99205063
99205073
99205089
99205102
99205105
99205113
99205116
99205120
99205126
99205131
99205137
99205144
99205191
99205264
99205451
99205482
99207114
99207119
99207123
99207128
99207133
99207138
99207142
99207169
99207226
99207315
99207428
99207493
99207535
99207578
99207619
99207655
99207712
99207742
99207760
99207784
99207798
99207810
99207820
99207832
99207845
99208151
99208258
99211052
99211956
99211982
99212005
99212866
99212975
99213071
99213117
99213160
99213198
99213241
99213309
99213324
99213351
99213361
99215262
99215265
99215279
99215283
99215287
99215291
99215295
99215298
99215303
99215329
99215390
99215477
99215565
99215711
99215837
99215847
99215858
99215877
99215881
99215885
99219209
99219213
99219219
99219223
99219228
99219231
99219236
99219239
99219242
99219247
99220512
99220519
99220526
99220538
99220543
99220547
99224700
99224764
99224821
99224829
99224849
99224901
99225083
99225087
99225095
99225098
99225214
99225394
99225518
99225562
99225593
99225619
99225630
99225641
99225650
99225654
99225658
99225660
99225665
99225666
99225672
99225713
99227609
99228861
99228873
99228893
99228906
99230178
99230249
99230319
99230368
99230414
99230484
99230498
99230510
99230527
99230540
99230548
99238278
99239312
99239388
99252072
99268960
99268961
99274968
99275044
99305185
99322758
99343019
99344025
99344116
99373223
99385622
99388216
99388290
99429096
99429162
99466078
99466154
99478333
99478335
99487448
99491419
99503229
99505130
99505196
99528566
99528567
99536062
99536137
99549056
99563336
99566993
99567081
99585265
99595381
99595412
99605399
99605400
99610584
99611498
99620899
99620978
99621026
99621040
99621724
99623655
99651802
99651867
99664051
99680993
99681057
99696589
99708447
99711638
99711738
99711880
99740677
99740678
99740681
99742326
99742398
99771468
99771541
99799546
99799615
99811527
99811546
99811549
99811607
99812053
99819094
99827872
99827938
99855669
99855732
99877857
99878194
99883486
99883553
99911238
99911310
99924184
99939043
99939098
99958092
99964475
99964478
99964481
99964489
99964508
99964550
99964629
99964719
99964806
99964875
99964929
99964966
99964993
99965016
99965019
99965023
99965026
99965031
99965033
99965037
99965040
99965044
99965048
99965051
99965054
99965099
99965169
99965262
99965355
99967454
99967492
99968736
99968739
99968741
99968743
99968745
99968750
99968753
99968754
99968756
99968759
99968760
99968763
99968766
99968789
99968838
99969003
99969091
99970520
99970528
99970537
99970548
99970556
99970563
99970564
99970567
99970569
99970589
99970638
99970715
99970802
99970906
99970980
99971077
99971103
99971139
99971144
99971147
99971149
99971150
99971152
99971156
99971159
99973579
99973586
99973590
99973592
99973597
99974260
99974263
99974266
99974268
99974295
99974361
99974465
99974629
99974692
99974779
99974794
99976460
99976474
99976492
99976501
99976508
99976518
99976527
99976536
99976551
99976567
99976574
99976583
99976586
99976592
99976863
99976937
99977001
99977073
99977090
99977091
99979922
99979933
99979942
99979950
99979960
99979967
99979978
99979987
99979988
99979990
99980717
99980809
99980888
99981006
99981044
99981070
99982418
99982500
99982590
99982676
99982749
99982794
99982852
99982853
99982855
99982858
99982860
99982861
99982862
99982865
99982866
99982867
99982878
99982917
99982987
99983074
99983164
99983245
99983356
99983385
99983412
99986527
99986557
99986563
99986574
99986582
99987221
99987223
99987226
99987229
99987232
99987395
99987491
99987577
99987698
99987758
99987769
99995758
99995814
100023408
100023484
100050975
100051032
100073299
100079605
100079690
100082350
100082588
100082626
100107625
100107698
100114926
100114940
100136928
100136982
