15.213
16.138
16.323
16.284
15.878
16.330
16.289
16.675
16.196
16.730
16.077
15.957
17.480
16.086
16.593
16.002
16.903
16.513
20.694
18.692
17.268
16.040
16.150
15.685
17.360
16.087
16.316
16.761
14.785
23.088
20.586
15.945
16.019
16.814
16.280
17.862
16.916
17.442
16.929
17.982
17.346
17.335
19.386
15.292
16.563
17.443
16.653
15.593
17.575
19.635
17.055
17.054
18.153
17.336
17.316
17.690
15.726
14.737
15.576
15.746
16.976
16.735
16.115
16.396
17.424
18.659
16.106
17.291
17.786
16.288
15.987
17.209
16.470
17.773
18.750
16.557
16.001
14.916
14.992
14.541
17.761
15.646
15.785
15.440
23.553
20.484
18.415
17.642
15.896
14.794
14.908
18.489
19.747
20.102
19.071
18.485
17.525
17.881
16.684
16.018
15.561
15.369
20.086
19.172
17.751
18.409
18.099
17.041
16.890
15.547
16.256
14.791
21.135
16.330
15.228
15.529
15.262
16.949
17.157
15.395
16.207
16.661
15.176
15.433
16.105
16.385
15.133
14.651
14.592
16.792
17.327
17.228
17.502
19.630
17.635
17.854
22.787
24.469
16.619
15.920
15.118
15.806
14.257
17.454
18.432
18.227
18.536
18.201
18.107
18.413
16.390
16.451
15.507
15.784
15.801
15.815
16.998
16.845
16.614
17.103
16.319
17.625
15.920
15.622
24.626
24.612
15.220
15.583
15.852
16.006
17.771
17.754
16.447
16.935
17.399
20.284
15.927
16.021
15.796
