15.986
14.567
16.688
14.310
16.745
15.565
16.036
14.987
15.919
34.321
15.429
14.142
14.851
14.702
16.146
14.681
16.799
15.827
15.690
17.754
15.863
20.863
17.815
15.495
14.623
15.317
12.714
15.926
15.169
18.144
16.560
15.698
22.062
17.236
15.488
15.992
16.107
16.993
15.515
16.453
15.930
18.224
17.399
16.518
17.329
15.501
17.830
16.174
16.409
14.636
14.944
16.799
17.715
15.883
14.043
15.081
14.808
17.219
15.392
14.909
15.640
16.875
14.977
14.285
15.967
13.323
15.436
16.774
16.985
18.596
16.444
15.911
16.707
16.319
18.543
17.474
16.176
15.776
27.817
15.383
15.811
16.669
16.966
19.016
16.016
60.212
23.238
32.183
22.265
17.171
15.900
15.502
21.268
15.430
26.059
23.959
17.919
20.450
18.559
17.150
17.030
16.672
15.540
18.425
18.643
19.770
18.078
17.111
45.565
17.226
17.776
16.439
15.714
15.462
14.787
17.038
16.490
16.357
16.421
18.559
18.070
13.834
17.391
15.647
14.841
15.516
16.402
15.852
14.033
14.408
14.339
15.277
15.429
15.678
15.805
19.150
16.859
17.100
15.873
15.411
15.674
15.454
14.969
14.883
14.939
14.899
15.442
15.804
17.332
12.760
16.222
15.830
15.936
15.625
15.369
15.185
15.465
16.012
18.183
17.550
15.551
15.343
17.083
16.423
14.931
15.324
14.888
14.255
14.925
15.222
15.459
15.474
17.012
16.014
13.931
15.608
15.204
15.550
15.435
15.459
15.849
