80.588
80.938
83.188
82.979
78.207
80.533
81.960
81.165
83.432
85.508
85.082
81.736
84.005
80.639
78.682
87.309
78.706
84.296
85.515
85.269
82.938
83.981
82.183
81.060
81.693
76.456
75.574
84.305
83.343
86.111
82.105
83.744
83.932
82.400
83.010
84.449
84.607
94.190
85.566
89.195
246.373
87.179
86.259
86.516
84.082
85.280
87.922
86.290
93.914
84.804
82.356
86.745
81.605
85.444
86.595
80.744
80.008
78.870
82.461
80.172
83.988
84.582
80.711
80.147
80.485
84.092
84.426
81.220
79.662
81.671
82.733
78.933
80.355
82.036
86.088
91.159
89.959
87.016
87.353
86.663
80.934
84.166
83.228
59.904
84.934
85.980
82.852
81.490
79.505
81.986
80.736
78.628
84.095
91.194
80.794
78.463
84.797
84.576
83.553
87.151
88.711
78.022
82.448
80.904
79.465
82.881
83.592
85.013
84.323
81.489
80.894
81.419
81.049
70.866
70.833
86.094
84.261
82.860
83.876
83.533
82.605
81.188
82.617
81.788
76.005
78.751
79.184
67.663
68.075
88.577
85.344
86.611
84.334
85.478
81.703
82.960
79.926
80.785
76.444
85.627
85.348
82.651
81.745
84.040
84.819
85.771
82.200
81.520
83.005
82.946
82.492
84.154
86.805
88.150
85.232
89.012
87.852
86.436
86.149
86.154
83.887
84.234
83.898
84.450
83.087
84.986
90.257
89.652
100.812
89.220
88.212
89.337
84.372
81.818
78.647
