12.559
11.752
12.180
12.302
12.091
12.125
12.939
12.356
31.525
13.368
12.299
12.848
12.411
13.199
13.020
13.468
13.265
12.028
17.005
13.431
12.922
12.353
13.277
12.920
12.799
10.285
13.333
14.333
12.947
12.787
13.518
12.871
12.144
15.551
13.824
12.512
13.524
12.953
13.415
13.895
15.656
14.742
14.572
12.730
12.500
11.970
11.932
12.688
13.292
13.846
12.797
11.965
15.148
13.196
12.732
13.390
11.818
11.895
12.976
12.093
12.554
12.565
15.531
12.070
11.218
11.400
12.347
12.702
13.631
78.530
12.880
31.479
14.681
13.389
12.183
13.983
13.179
14.902
13.189
12.621
12.086
11.691
11.491
11.692
13.552
12.122
13.828
12.340
19.718
12.671
12.678
12.658
12.000
13.293
11.689
11.071
11.761
14.331
13.670
13.271
13.010
12.768
12.569
12.749
11.893
11.855
12.202
12.080
16.579
13.907
11.561
14.557
14.285
13.826
13.064
12.622
12.421
12.259
12.250
12.172
9.589
12.326
11.975
14.544
13.421
11.198
11.726
12.155
12.168
12.429
12.462
13.165
11.508
11.575
11.236
12.550
13.157
12.836
12.181
15.543
12.387
12.434
11.741
13.030
12.602
12.478
12.208
13.466
11.855
14.306
14.708
13.649
13.208
13.436
13.178
12.843
12.846
12.999
12.685
12.501
12.351
13.116
13.127
13.444
12.835
12.752
12.459
13.507
12.667
13.333
11.740
12.421
12.335
13.156
12.176
12.467
13.243
14.320
12.182
12.615
12.329
12.230
13.209
12.778
13.244
