97472774
97472786
97472789
97472798
97472809
97472819
97473035
97473278
97473289
97473301
97473420
97473432
97473441
97473442
97473451
97473462
97473472
97474693
97474703
97474720
97474730
97474741
97474752
97474753
97474767
97474955
97474971
97475206
97475285
97475299
97475310
97475322
97475323
97475325
97475335
97475351
97476644
97476646
97476659
97476672
97476684
97476719
97476935
97476950
97477145
97477302
97477311
97477319
97477328
97477336
97477343
97477344
97477351
97477352
97477517
97478224
97478250
97478418
97478522
97478531
97478538
97478583
97478584
97478586
97478593
97478599
97478600
97478601
97478605
97478616
97478617
97478624
97478647
97478850
97479731
97479737
97479745
97479754
97479761
97479866
97480120
97480129
97480143
97480259
97480274
97480275
97480285
97480286
97480294
97480299
97480300
97481365
97481405
97481406
97481407
97481418
97481420
97481426
97481434
97481444
97481452
97481480
97481488
97481702
97481912
97481978
97482000
97482007
97482008
97482021
97482626
97482628
97482803
97483059
97483175
97483184
97483186
97483195
97483196
97483208
97483220
97483238
97483254
97483336
97483587
97483748
97483789
97483797
97483810
97484690
97484706
97484944
97485019
97485033
97485049
97485066
97485067
97485076
97485086
97485101
97485102
97485105
97485245
97485507
97485621
97485636
97485646
97485651
97486857
97486912
97486925
97486928
97486929
97486937
97486946
97486955
97486962
97486972
97487146
97487402
97487510
97487529
97487544
97487545
97487546
97487548
97488271
97488283
97488529
97488689
97488724
97488740
97488752
97488764
97488765
97488774
97488781
97488808
97489025
97489235
97489305
97489313
97489327
97489328
97489341
97490545
97490561
97490577
97490598
97490620
97490811
97491053
97491155
97491171
97491178
97491186
97491199
97491210
97491211
97491224
97491324
97491575
97491720
97491740
97492370
97492559
97492789
97492870
97492877
97492878
97492887
97492896
97492905
97492913
97492915
97492924
97493050
97493065
97493317
97493436
97493449
97493458
97494111
97494149
97494378
97494574
97494632
97494640
97494651
97494663
97494683
97494695
97494697
97494716
97494876
97495121
97495130
97495232
97495252
97495264
97496199
97496387
97496436
97496437
97496439
97496440
97496456
97496457
97496470
97496478
97496480
97496489
97496490
97496505
97496554
97496791
97496973
97496981
97497057
97497777
97497908
97498153
97498164
97498293
97498313
97498327
97498328
97498338
97498348
97498367
97498374
97498376
97498449
97498458
97498715
97498876
97498908
97498919
97499546
97499570
97499576
97499786
97500006
97500073
97500075
97500084
97500092
97500103
97500117
97500130
97500131
97500139
97500291
97500534
97500546
97500650
97500662
97501860
97501873
97501883
97501899
97501910
97501921
97501929
97501930
97502086
97502335
97502347
97502449
97502468
97502482
97502483
97502486
97502494
97502507
97502518
97503682
97503683
97503695
97503706
97503725
97503738
97503742
97503774
97503991
97504207
97504279
97504290
97504304
97504317
97504328
97504340
97504341
97504353
97504509
97505510
97505517
97505526
97505546
97505554
97505763
97505977
97506037
97506049
97506057
97506064
97506074
97506082
97506083
97506090
97506228
97506473
97506585
97506588
97507213
97507427
97507635
97507696
97507704
97507715
97507722
97507731
97507740
97507747
97507904
97508148
97508269
97508272
97508289
97508295
97508303
97508309
97508315
97509450
97509453
97509462
97509477
97509478
97509487
97509488
97509489
97509500
97509523
97509529
97509539
97509547
97509778
97509975
97510034
97510045
97510054
97510065
97510682
97510846
97510862
97511085
97511196
97511201
97511206
97511218
97511231
97511233
97511234
97511242
97511250
97511257
97511266
97511386
97511666
97511798
97511803
97512399
97512405
97512413
97512419
97512508
97512523
97512538
97512785
97512915
97512933
97512935
97512942
97512948
97512954
97512963
97512966
97512974
97513027
97513269
97514071
97514073
97514080
97514087
97514232
97514244
97514486
97514586
97514596
97514603
97514609
97514610
97514616
97514622
97514630
97514707
97514964
97515145
97515174
97515911
97515912
97515913
97515927
97516107
97516349
97516355
97516365
97516461
97516496
97516533
97516561
97516606
97516647
97516682
97516807
97517027
97517174
97518209
97518215
97518276
97518530
97518758
97518859
97518893
97518945
97518982
97519017
97519019
97519063
97519110
97519300
97519594
97519609
97519727
97519771
97519820
97520976
97521258
97521458
97521520
97521555
97521562
97521597
97521643
97521674
97521721
97521768
97522005
97522263
97522274
97522280
97522394
97522439
97522442
97522480
97523672
97523688
97523701
97523977
97649645
97649651
97649677
97649889
97650094
97650151
97650155
97650162
97650171
97650180
97650188
97650196
97650203
97650209
97650378
97650614
97650707
97650711
97650721
97651753
97651759
97651807
97651812
97651821
97651822
97651823
97651829
97651840
97651856
97651870
97652046
97652289
97652369
97652376
97652377
97652381
97652385
97652966
97652970
97652971
97652976
97653091
97653340
97653471
97653488
97653496
97653498
97653505
97653509
97653517
97653518
97653525
97653579
97653823
97654005
97654645
97654654
97654772
97654787
97655031
97655155
97655157
97655161
97655170
97655180
97655199
97655206
97655213
97655214
97655220
97655300
97655306
97655320
97655574
97656372
97656374
97656548
97656800
97656882
97656886
97656893
97656900
97656906
97656910
97656914
97656984
97657228
97657238
97657395
97657416
97657421
97657427
97657432
97658478
97658484
97658487
97658494
97658495
97658503
97658508
97658571
97658820
97658985
97658993
97659015
97659016
97659017
97659019
97659021
97659025
97659031
97659038
97660098
97660171
97660173
97660174
97660184
97660185
97660194
97660201
97660206
97660210
97660216
97660388
97660638
97660722
97660729
97660731
97660732
97660740
97660742
97661437
97661691
97661860
97661889
97661903
97661911
97661920
97661921
97661932
97661942
97661971
97662181
97662395
97662458
97662459
97662474
97662481
97662490
97662502
97663608
97663666
97663670
97663691
97663692
97663693
97663700
97663701
97663702
97663707
97663713
97663715
97663716
97663721
97663836
97663850
97663867
97664106
97664217
97664790
97664791
97664801
97664808
97664812
97664818
97664823
97664927
97664947
97665186
97665200
97665317
97665331
97665340
97665347
97665348
97665353
97665359
97665368
97666495
97666502
97666508
97666516
97666522
97666523
97666525
97666702
97666942
97667029
97667030
97667038
97667053
97667062
97667065
97667073
97667080
97667093
97667206
97668275
97668291
97668293
97668307
97668342
97668561
97668778
97668847
97668848
97668857
97668858
97668870
97668871
97668873
97668875
97668886
97668887
97668895
97668910
97669786
97670021
97670028
97670035
97670040
97670092
97670105
97670118
97670132
97670145
97670157
97670159
97670160
97670184
97670378
97670395
97670413
97670570
97670704
97671477
97671714
97671860
97671886
97671892
97671899
97671906
97671912
97671914
97671922
97671924
97671967
97672200
97672220
97672237
97672249
97672415
97672456
97672466
97673252
97673513
97673632
97673669
97673680
97673689
97673714
97673723
97673724
97673759
97673831
97674082
97674245
97674305
97674315
97674317
97674330
97674343
97674356
97675417
97675497
97675508
97675517
97675528
97675538
97675554
97675569
97675570
97675679
97675937
97675953
97676082
97676117
97676132
97676142
97676143
97676152
97676167
97677342
97677344
97677352
97677360
97677370
97677371
97677382
97677394
97677548
97677789
97677907
97677909
97677911
97677920
97677926
97677931
97677937
97677939
97677945
97679108
97679118
97679125
97679130
97679132
97679143
97679339
97679565
97679576
97679686
97679711
97679734
97679752
97679760
97679768
97679769
97679775
97679776
97679889
97680950
97680955
97680985
97681211
97681411
97681468
97681470
97681472
97681473
97681474
97681475
97681486
97681492
97681501
97681510
97681525
97681543
97681741
97681975
97682680
97682681
97682697
97682699
97682768
97682778
97682791
97683037
97683191
97683228
97683239
97683248
97683259
97683261
97683262
97683272
97683279
97683318
97683551
97684448
97684458
97684466
97684475
97684620
97684637
97684652
97684877
97684996
97685007
97685014
97685015
97685016
97685017
97685024
97685030
97685036
97685043
97685158
97686166
97686171
97686340
97686569
97686671
97686680
97686687
97686689
97686698
97686703
97686708
97686717
97686798
97686957
97687079
97687096
97687223
97687225
97687322
97688754
97688790
97688995
97689207
97689272
97689281
97689290
97689299
97689302
97689304
97689314
97689319
97689328
97689474
97689721
97689732
97689830
97689842
97690726
97690935
97690992
97691003
97691014
97691024
97691036
97691049
97691050
97691055
97691058
97691060
97691072
97691260
97691503
97691511
97691582
97691584
97692272
97692343
97692598
97692766
97692802
97692813
97692815
97692825
97692836
97692846
97692852
97692872
97693071
97693297
97693370
97693377
97693383
97693384
97694546
97694561
97694571
97694583
97694585
97694593
97694595
97694596
97694629
97694849
97833940
97834167
97834177
97834188
97834354
97834362
97834365
97834376
97834385
97834396
97834407
97834409
97834410
97834411
97834423
97834591
97834843
97835680
97835681
97835695
97835749
97835990
97836178
97836218
97836230
97836232
97836233
97836240
97836250
97836265
97836267
97836276
97836300
97836505
97836733
97836904
97837866
97837889
97838067
97838126
97838129
97838144
97838145
97838155
97838158
97838180
97838182
97838281
97838292
97838329
97838338
97838578
97838806
97838817
97838858
97839599
97839602
97839605
97839614
97839778
97840026
97840139
97840153
97840156
97840160
97840173
97840176
97840178
97840188
97840197
97840199
97840210
97840220
97840343
97841348
97841464
97841478
97841502
97841509
97841518
97841528
97841536
97841537
97841538
97841621
97841865
97842018
97842158
97842167
97842173
97842180
97842181
97843191
97843200
97843273
97843283
97843288
97843294
97843299
97843300
97843301
97843406
97843411
97843537
97843786
97843911
97843913
97843919
97843920
97843928
97843929
97844595
97844603
97844675
97844686
97844967
97845121
97845148
97845150
97845151
97845158
97845163
97845169
97845177
97845179
97845188
97845232
97845457
97845473
97845669
97846440
97846452
97846464
97846614
97846622
97846873
97846975
97846977
97846990
97846997
97846998
97847011
97847022
97847030
97847031
97847041
97847149
97847404
97847538
97848299
97848317
97848523
97848773
97848842
97848849
97848850
97848852
97848867
97848969
97848982
97848983
97848996
97849005
97849151
97849398
97849521
97849540
97849541
97850184
97850410
97850616
97850618
97850626
97850635
97850672
97850781
97850782
97850789
97850797
97850806
97850807
97850819
97850837
97851033
97851047
97851275
97851336
97852128
97852139
97852417
97852572
97852592
97852599
97852607
97852615
97852625
97852630
97852652
97852860
97853076
97853137
97853146
97853154
97853163
97853172
97853174
97854398
97854442
97854452
97854464
97854473
97854476
97854478
97854485
97854487
97854488
97854489
97854496
97854498
97854596
97854858
97855002
97855007
97855029
97855043
97856160
97856247
97856267
97856296
97856388
97856400
97856413
97856425
97856504
97856512
97856768
97856935
97856942
97856977
97856979
97856995
97857012
97857025
97857040
97858358
97858360
97858375
97858397
97858416
97858516
97858529
97858788
97858940
97858946
97858970
97858985
97858999
97859014
97859032
97859050
97859097
97859336
98012388
98012390
98012398
98012405
98012406
98012411
98012419
98012429
98012481
98012721
98012891
98012959
98012962
98012978
98012987
98012989
98012999
98013010
98013017
98014128
98014138
98014144
98014188
98014419
98014607
98014653
98014655
98014659
98014669
98014682
98014690
98014697
98014705
98014719
98014903
98015127
98015138
98015222
98015919
98016161
98016345
98016350
98016398
98016407
98016416
98016417
98016427
98016436
98016449
98016471
98016663
98016904
98016980
98016981
98016999
98017015
98017026
98018183
98018196
98018208
98018224
98018236
98018247
98018260
98018442
98018681
98018695
98018781
98018801
98018820
98018837
98018854
98018869
98018871
98018879
98018882
98019482
98019643
98019885
98019892
98019992
98020006
98020007
98020027
98020029
98020043
98020058
98020060
98020070
98020075
98020181
98020424
98020436
98020566
98020572
98021399
98021620
98021693
98021695
98021703
98021708
98021709
98021716
98021720
98021728
98021737
98021866
98021882
98022118
98022223
98022244
98022251
98022252
98022257
98023413
98023419
98023427
98023428
98023434
98023435
98023443
98023587
98023835
98023953
98023963
98023964
98023979
98023980
98023991
98023998
98023999
98024000
98024010
98025121
98025128
98025129
98025138
98025316
98025330
98025549
98025647
98025665
98025674
98025676
98025683
98025691
98025692
98025701
98025709
98025816
98026098
98026814
98026819
98026827
98026829
98026836
98026842
98026851
98026852
98026885
98027116
98027310
98027359
98027373
98027382
98027383
98027388
98027393
98027399
98027405
98028486
98028492
98028517
98028727
98028935
98028993
98029002
98029004
98029005
98029010
98029015
98029016
98029022
98029031
98029038
98029211
98029480
98029493
98029504
98030171
98030172
98030178
98030262
98030511
98030674
98030682
98030685
98030701
98030713
98030722
98030728
98030735
98030741
98030772
98030991
98031201
98031204
98031255
98031983
98032235
98032388
98032415
98032424
98032432
98032441
98032452
98032462
98032496
98032749
98032955
98032967
98033021
98033034
98033044
98033051
98033059
98033067
98034128
98034157
98034162
98034166
98034172
98034184
98034189
98034220
98034224
98034425
98034649
98034652
98034710
98034715
98034716
98034722
98034734
98034735
98034743
98845284
98845295
98845296
98845305
98845423
98845674
98845811
98845826
98845832
98845839
98845840
98845848
98845854
98845855
98845862
98845911
98846145
98846164
98847103
98847113
98847115
98847116
98847257
98847508
98847637
98847677
98847713
98847717
98847752
98847762
98847771
98847773
98847782
98847852
98848102
98848273
98849233
98849247
98849496
98849623
98849643
98849658
98849671
98849679
98849690
98849700
98849741
98849972
98849987
98850178
98850246
98850284
98850287
98850325
98851443
98851456
98851571
98851598
98851600
98851637
98851673
98851718
98851755
98851758
98851771
98851857
98852129
98852144
98852304
98852327
98852328
98853086
98853092
98853106
98853111
98853310
98853531
98853607
98853612
98853616
98853623
98853631
98853639
98853640
98853651
98853766
98854014
98854170
98854215
98854869
98854886
98855082
98855305
98855387
98855389
98855392
98855427
98855463
98855493
98855508
98855518
98855522
98855523
98855524
98855701
98855717
98856770
98856794
98856804
98856805
98856859
98857100
98857278
98857316
98857317
98857327
98857328
98857330
98857339
98857348
98857357
98857367
98857384
98857389
98858566
98858573
98858580
98858581
98858588
98858597
98858598
98858605
98858726
98858741
98858987
98859102
98859134
98859138
98859178
98859181
98859185
98859189
98860084
98860100
98860114
98860131
98860387
98860539
98860542
98860586
98860619
98860623
98860630
98860635
98860636
98860641
98860715
98860726
98860975
98861131
98861832
98861834
98861840
98861848
98862012
98862253
98862359
98862391
98862393
98862410
98862439
98862464
98862482
98862507
98862598
98862862
98863055
98863121
98863957
98864125
98864382
98864530
98864588
98864638
98864694
98864720
98864738
98864740
98864763
98864847
98865115
98865283
98865332
98865354
98865379
98865401
98866672
98866681
98866796
98866820
98866823
98866841
98866872
98866892
98866918
98866940
98866942
98867041
98867308
98867478
98867539
98867584
98867625
98867670
98869091
98869094
98869141
98869183
98869213
98869235
98869236
98869303
98869316
98869325
98869582
98869749
98869801
98869820
98869821
98869822
98869847
98869869
98871290
98871315
98871317
98871336
98871356
98871358
98871386
98871410
98871412
98871509
98871785
98871968
98872059
98872106
98872110
98872151
98872174
98873528
98873626
98873631
98873697
98873754
98873781
98873782
98873813
98873830
98873936
98873949
98873968
98874224
98874370
98874432
98874459
98874483
98874513
98875670
98875690
98875882
98875987
98875991
98876017
98876020
98876043
98876067
98876094
98876124
98876154
98876336
98876349
98876369
98876576
98876701
98876800
98877904
98878177
98878358
98878495
98878499
98878585
98878621
98878649
98878678
98878702
98878730
98878915
98878933
98879146
98879279
98879316
98879338
98879359
98880889
98880915
98880937
98880939
98880941
98880974
98881003
98881034
98881209
98881439
98881449
98881460
98881582
98881646
98881687
98881730
98881732
98881772
98883181
98883184
98883230
98883275
98883323
98883358
98883390
98883399
98883607
98883795
98883925
98883984
98883988
98884028
98884055
98884085
98884114
98884141
98885471
98885621
98885693
98885720
98885724
98885756
98885759
98885788
98885816
98885844
98885907
98886162
98886330
98886444
98886505
98886549
98886605
98886644
98888022
98888074
98888122
98888172
98888223
98888239
98888273
98888487
98888695
98888803
98888829
98888850
98888865
98888883
98888910
98888932
98889068
98889087
98890213
98890266
98890283
98890320
98890340
98890363
98890385
98890443
98890700
98890867
98890981
98891049
98891097
98891124
98891126
98891129
98891147
98891149
98891852
98891880
98891882
98891907
98891961
98892208
98892384
98892516
98892524
98892608
98892615
98892623
98892629
98892708
98892766
98892769
98892774
98892795
98894203
98894258
98894308
98894354
98894395
98894414
98894498
98894511
98894764
98894898
98895000
98895006
98895069
98895073
98895109
98895134
98895163
98895191
98896828
98896857
98896883
98896885
98896887
98896907
98896927
98897040
98897057
98897291
98897303
98897439
98897549
98897607
98897662
98897705
98897727
98898530
98898536
98898779
98898912
98899028
98899039
98899131
98899188
98899240
98899243
98899284
98899317
98899332
98899514
98899717
98899835
98899904
98899955
98900894
98900951
98900961
98900974
98901247
98901392
98901480
98901538
98901572
98901603
98901623
98901739
98901779
98901979
98902160
98902285
98902298
98902307
98903528
98903612
98903885
98904020
98904150
98904245
98904304
98904307
98904344
98904370
98904371
98904391
98904433
98904439
98904447
98904682
98904839
98904940
98906677
98906754
98906826
98906854
98906877
98906881
98906904
98907033
98907266
98907384
98907507
98907515
98907627
98907724
98907801
98907805
98907862
98907909
98909693
98909761
98909806
98909810
98909814
98909847
98909893
98910123
98910285
98910483
98910495
98910589
98910677
98910741
98910744
98910746
99034110
99034117
99034201
99034450
99034467
99322198
99322202
99322243
99322475
99322491
99322505
99322660
99322708
99322710
99322729
99322739
99322745
99322760
99322767
99322789
99322797
99323029
99323182
99323292
99324494
99324639
99324642
99324647
99324692
99324725
99324759
99324791
99324794
99324797
99324829
99324839
99324899
99325144
99325309
99325318
99325368
99325370
99325377
99326088
99326109
99326320
99326499
99326508
99326609
99326613
99326656
99326674
99326675
99326678
99326686
99326694
99326696
99326697
99326698
99326705
99326725
99326958
99327981
99327983
99327991
99327996
99328094
99328111
99328127
99328382
99328400
99328532
99328537
99328575
99328609
99328629
99328635
99328642
99328645
99328646
99328652
99329841
99329842
99329850
99329852
99329857
99329985
99330335
99330699
99330707
99330929
99331047
99331210
99331211
99331369
99331577
99331578
99331733
99331875
99332131
99333461
99333468
99333474
99333479
99333480
99333533
99333546
99333791
99333806
99333818
99333977
99334017
99334052
99334085
99334117
99334137
99334144
99334171
99334387
99335423
99335563
99335807
99335928
99335951
99335952
99335964
99335973
99335985
99335996
99336004
99336069
99336349
99336574
99336668
99336718
99336759
99336760
99336777
99338084
99338100
99338102
99338104
99338110
99338111
99338171
99338416
99338578
99338635
99338639
99338644
99338659
99338667
99338669
99338678
99338700
99338705
99338931
99511547
99511567
99511580
99511582
99511588
99511595
99511598
99511605
99511619
99511623
99511624
99511694
99511704
99511960
99512120
99512167
99512170
99512173
99512213
99513195
99513423
99513513
99513538
99513573
99513614
99513616
99513650
99513669
99513678
99513791
99514051
99514205
99514232
99514247
99514254
99514262
99514263
99514272
99515434
99515518
99515544
99515554
99515569
99515590
99515592
99515602
99515603
99515609
99515611
99515774
99515788
99516038
99516158
99516198
99516233
99516251
99516258
99517512
99517514
99517517
99517521
99517524
99517551
99517562
99517572
99517574
99517576
99517577
99517595
99517632
99517869
99518064
99518124
99518153
99518157
99518159
99519308
99519475
99519478
99519492
99519503
99519504
99519505
99519525
99519534
99519545
99519546
99519547
99519548
99519558
99519668
99519941
99520094
99520103
99520108
99520874
99520875
99520887
99520888
99520935
99520945
99521190
99521372
99521487
99521547
99521573
99521579
99521589
99521604
99521610
99521784
99522025
99522127
99522129
99523464
99523488
99523497
99523502
99523509
99523513
99523520
99523692
99523922
99524042
99524080
99524116
99524143
99524148
99524153
99524157
99524236
99524512
99524676
99525597
99525848
99525865
99525975
99525991
99526001
99526010
99526017
99526028
99526037
99526089
99526098
99526109
99526362
99526521
99526524
99526533
99526566
99526604
99527535
99527800
99527901
99527937
99527965
99527977
99527984
99527992
99527994
99527999
99528098
99528374
99528517
99528525
99528556
99528564
99528577
99528580
99528588
99529820
99529826
99529828
99529833
99529838
99529843
99529960
99530216
99530361
99530408
99530436
99530455
99530456
99530468
99530474
99530475
99530476
99530477
99530487
99531662
99531664
99531691
99531693
99531702
99531708
99531728
99531936
99532200
99532279
99532281
99532288
99532297
99532302
99532303
99532304
99532306
99532308
99532314
99532992
99533002
99533197
99533452
99533536
99533551
99533561
99533572
99533586
99533598
99533610
99533715
99533989
99534167
99534206
99534207
99534219
99534235
99534236
99535480
99535488
99535531
99535558
99535572
99535574
99535587
99535596
99535597
99535603
99535604
99535752
99536025
99536161
99536184
99536197
99536210
99536223
99536224
99537479
99537540
99537549
99537558
99537566
99537575
99537582
99537590
99537744
99537978
99538117
99538122
99538167
99538199
99538236
99538252
99538259
99538266
99538359
99539537
99539540
99539553
99539565
99539584
99539589
99539819
99540044
99540114
99540135
99540136
99540144
99540153
99540161
99540170
99540173
99540175
99540192
99540342
99541459
99541470
99541471
99541515
99541766
99541783
99541998
99542085
99542126
99542137
99542147
99542154
99542166
99542176
99542330
99542343
99542588
99542694
99542729
99543985
99544054
99544064
99544072
99544078
99544079
99544081
99544091
99544097
99544104
99544105
99544265
99544509
99544521
99544647
99544688
99544693
99544724
99544751
99545872
99545900
99545902
99545905
99545932
99545963
99545989
99546004
99546009
99546198
99546214
99546443
99546520
99546529
99546541
99546546
99546547
99546555
99546562
99547782
99547789
99547790
99547795
99547797
99547802
99547804
99547810
99547819
99547877
99548120
99548292
99548359
99548390
99548393
99548425
99548455
99548483
99548491
99549734
99549735
99549748
99549758
99549771
99549837
99550084
99550258
99550292
99550301
99550310
99550316
99550325
99550335
99550336
99550355
99550555
99550572
99550785
99551775
99551854
99551863
99552105
99552253
99552259
99552319
99552321
99552362
99552391
99552393
99552424
99552426
99552453
99552462
99552463
99552534
99552775
99552945
99553696
99553705
99553706
99553714
99553885
99554124
99554133
99554146
99554223
99554232
99554235
99554237
99554246
99554252
99554259
99554260
99554261
99554263
99554267
99555502
99555508
99555513
99555547
99555790
99556012
99556097
99556129
99556151
99556152
99556167
99556178
99556185
99556192
99556346
99556590
99556697
99556698
99556714
99557442
99557497
99557740
99557917
99557965
99557977
99557993
99558004
99558017
99558018
99558028
99558029
99558045
99558052
99558249
99558478
99558494
99558498
99558572
99559418
99559687
99559863
99559869
99559946
99559948
99559987
99560011
99560012
99560013
99560025
99560037
99560047
99560049
99560105
99560344
99560520
99560559
99560560
99561773
99561920
99561963
99561967
99561996
99562021
99562034
99562039
99562048
99562050
99562051
99562059
99562138
99562382
99682309
99682314
99682320
99682325
99682327
99682347
99682547
99682770
99682864
99682900
99682902
99682938
99682971
99682973
99683003
99683010
99683011
99683013
99683021
99684195
99684223
99684253
99684307
99684543
99684780
99684786
99684839
99684840
99684857
99684869
99684887
99684901
99684903
99684905
99684916
99684943
99685150
99685370
99686561
99686578
99686593
99686795
99686866
99686910
99686952
99686955
99686957
99686983
99686984
99686994
99686996
99687012
99687053
99687275
99687484
99687542
99687572
99688329
99688330
99688345
99688356
99688358
99688528
99688804
99688928
99688930
99688961
99688972
99688973
99688984
99688986
99688999
99689011
99689019
99689131
99689143
99690237
99690245
99690246
99690256
99690285
99690503
99690709
99690774
99690808
99690843
99690876
99690879
99690881
99690894
99690900
99690904
99691053
99691308
99691321
99692185
99692434
99692638
99692699
99692733
99692758
99692760
99692770
99692779
99692785
99692796
99692798
99692960
99692977
99692993
99693218
99693226
99693236
99693309
99694081
99694210
99694482
99694629
99694672
99694685
99694693
99694701
99694709
99694718
99694760
99694988
99695187
99695270
99695291
99695298
99695307
99695316
99695325
99696598
99696599
99696608
99696614
99696647
99696891
99697111
99697120
99697185
99697217
99697219
99697221
99697224
99697226
99697231
99697238
99697239
99697243
99697250
99698457
99698462
99698469
99698476
99698558
99698569
99698581
99698595
99698859
99698997
99699001
99699011
99699025
99699026
99699034
99699035
99699039
99699052
99699061
99700297
99700313
99700321
99700439
99700714
99700865
99700905
99700932
99700960
99700986
99700987
99700988
99700997
99700998
99701005
99701065
99701331
99701346
99701521
99702263
99702273
99702277
99702458
99702700
99702803
99702827
99702828
99702838
99702849
99702850
99702856
99702863
99702869
99702974
99702989
99703239
99703259
99703271
99704648
99704760
99704790
99704804
99704810
99704814
99704823
99704831
99704905
99704916
99705166
99705183
99705193
99705337
99705376
99705395
99705403
99705411
99705418
99706535
99706607
99706618
99706619
99706623
99706624
99706625
99706629
99706637
99706641
99706647
99706807
99707066
99707077
99707089
99707190
99707219
99707244
99707250
99708492
99708494
99708525
99708547
99708549
99708556
99708562
99708567
99708573
99708765
99709016
99709025
99709124
99709143
99709145
99709154
99709164
99709179
99709180
99710280
99710296
99710431
99710445
99710447
99710448
99710450
99710462
99710463
99710474
99710481
99710493
99710505
99710598
99710611
99710632
99710648
99710662
99710923
99711848
99711849
99711860
99711868
99711885
99711886
99711953
99712203
99712382
99712453
99712490
99712520
99712523
99712554
99712556
99712584
99712592
99712623
99712627
99713862
99714971
99715000
99715035
99715071
99715097
99715099
99715101
99715132
99715143
99715144
99715145
99715253
99715505
99715670
99715700
99715701
99715713
99715724
99715740
99717026
99717039
99717052
99717061
99717063
99717076
99717088
99717203
99717460
99717470
99717606
99717643
99717673
99717706
99717736
99717766
99717786
99717834
99718065
99719077
99719103
99719110
99719254
99719519
99719532
99719643
99719656
99719658
99719668
99719677
99719689
99719698
99719705
99719781
99720047
99720234
99720287
99720291
99720979
99721157
99721394
99721487
99721517
99721544
99721547
99721572
99721574
99721601
99721619
99721620
99721627
99721760
99722011
99722134
99722148
99722154
99722165
99723432
99723468
99723480
99723481
99723491
99723499
99723500
99723505
99723622
99723872
99724007
99724046
99724077
99724080
99724111
99724141
99724143
99724145
99724147
99725114
99725133
99725299
99725337
99725339
99725368
99725394
99725424
99725456
99725468
99725470
99725518
99725754
99725946
99725994
99726008
99726024
99726033
99726041
99727376
99727381
99727392
99727401
99727411
99727417
99727469
99727715
99727891
99727899
99727974
99728010
99728012
99728041
99728073
99728076
99728078
99728105
99728108
99729234
99729237
99729266
99729290
99729291
99729292
99729303
99729310
99729318
99729322
99729488
99729722
99729823
99729834
99729841
99729847
99729855
99729862
99729869
99731071
99731072
99731079
99731080
99731086
99731094
99731099
99731122
99731328
99731548
99731641
99731678
99731706
99731738
99731769
99731807
99731835
99731957
99732215
99733113
99733122
99733141
99733150
99733352
99733369
99733585
99733659
99733661
99733677
99733678
99733692
99733707
99733719
99733730
99733744
99733747
99733919
99733942
99735063
99735073
99735081
99735082
99735083
99735087
99735221
99735488
99735501
99735520
99735647
99735652
99735685
99735688
99735720
99735746
99735756
99735765
99735772
99736896
99736923
99736951
99736976
99736977
99736985
99737011
99737220
99737442
99737450
99737506
99737521
99737528
99737534
99737542
99737551
99737553
99737560
99737722
100073288
100073292
100073295
100073303
100073307
100073312
100073345
100073359
100073599
100073613
100073626
100073795
100073843
100073873
100073902
100073934
100073942
100073947
100073962
100075187
100075197
100075204
100075205
100075272
100194568
100194577
100194584
100194585
100194592
100194691
100194945
100195105
100195112
100195119
100195160
100195163
100195192
100195204
100195213
100195224
100195232
100195233
100195297
100196533
100196536
100196539
100196550
100196560
100196570
100196749
100197012
100197115
100197125
100197135
100197141
100197151
100197152
100197158
100197165
100197166
100197167
100197292
100198605
100198619
100198798
100199043
100199158
100199191
100199193
100199225
100199227
100199242
100199256
100199270
100199282
100199283
100199284
100199420
100199677
100199802
100199831
100200595
100200634
100200870
100201080
100201136
100201148
100201158
100201173
100201207
100201212
100201225
100201239
100201419
100201702
100201721
100201845
100201850
100201887
100201902
100203040
100203044
100203117
100203118
100203155
100203159
100203184
100203186
100203196
100203204
100203212
100203213
100203245
100203250
100203501
100203699
100203750
100203758
100203782
100204961
100204990
100204999
100205006
100205014
100205019
100205026
100205028
100205066
100205323
100205540
100205605
100205634
100205661
100205689
100205712
100205719
100205727
100205870
100206982
100206992
100206993
100207032
100207259
100207450
100207538
100207604
100207617
100207643
100207661
100207663
100207701
100207710
100207872
100207886
100208141
100208248
100208282
100209166
100209444
100209625
100209630
100209685
100209743
100209778
100209811
100209844
100209847
100209866
100209881
100209888
100209895
100210101
100210318
100210330
100210406
100210422
100211235
100211252
100211498
100211645
100211666
100211673
100211678
100211685
100211693
100211694
100211700
100211735
100211746
100211756
100211996
100212147
100212155
100212274
100212355
100213015
100213023
100213043
100213234
100213243
100213255
100213271
100213431
100213604
100213615
100213623
100213686
100213721
100213764
100213794
100213809
100213810
100213811
100213825
100215078
100215079
100215081
100215083
100215091
100215097
100215186
100215200
100215219
100215236
100215253
100215267
100215515
100215529
100215543
100215631
100215642
100215650
100215651
100216373
100216382
100216495
100216512
100216528
100216773
100216896
100216903
100216916
100216927
100216938
100216950
100216952
100216960
100217025
100217311
100217481
100217517
100217551
100218359
100218389
100218581
100218811
100218914
100218917
100218950
100218952
100218989
100219020
100219028
100219034
100219042
100219159
100219402
100219418
100219540
100219583
100219593
100219652
100219817
100220060
100220070
100220162
100220196
100220228
100220259
100220288
100220291
100220296
100220298
100220306
100220410
100220428
100220674
100220686
100220705
100220865
100221504
100221538
100221570
100221589
100221595
100221596
100221598
100221669
100221921
100221932
100221946
100221953
100222090
100222132
100222133
100222147
100222157
100222167
100222178
100223459
100223469
100223478
100223479
100223480
100223481
100223482
100223494
100223506
100223667
100223686
100223937
100224066
100224100
100224133
100224164
100224167
100224188
100224202
100225173
100225318
100225386
100225432
100225438
100225473
100225478
100225505
100225507
100225509
100225518
100225532
100225599
100225607
100225620
100225862
100226012
100226080
100226102
100226716
100226725
100226732
100226743
100226788
100227020
100227223
100227278
100227287
100227298
100227317
100227329
100227330
100227350
100227360
100227531
100227628
100227831
100227949
100228797
100228798
100228811
100228830
100228911
100229182
100229347
100229397
100229408
100229429
100229438
100229446
100229455
100229476
100229689
100229904
100229915
100230003
100230026
100230785
100231028
100231041
100231188
100231194
100231224
100231238
100231258
100231259
100231270
100231272
100231281
100231283
100231292
100231349
100231592
100231773
100231822
100231824
100232453
100232465
100232485
100232503
100232511
100232721
100232969
100233048
100233059
100233068
100233076
100233089
100233090
100233099
100233100
100233107
100233249
100233265
100233280
100234249
100234254
100234255
100234298
100234533
100234548
100234565
100234745
100234768
100234775
100234782
100234794
100234800
100234804
100234821
100235009
100235240
100235317
100235330
100235915
100235921
100235924
100235925
100236052
100236075
100236338
100236451
100236463
100236465
100236479
100236487
100236500
100236511
100236519
100236582
100236823
100237004
100237040
100237788
100237803
100237818
100237833
100237852
100238078
100238171
100238183
100238191
100238200
100238208
100238214
100238221
100238310
100238560
100238720
100238744
100238754
100238764
100239364
100239373
100239405
100239654
100239673
100239867
100239872
100239922
100239923
100239930
100239938
100239940
100239947
100239949
100239957
100239958
100239966
100239987
100240177
100241047
100241048
100241055
100241056
100241061
100241065
100241072
100241075
100241216
100241461
100241578
100241580
100241599
100241609
100241610
100241611
100241613
100241614
100241635
100242561
100242719
100242725
100242763
100242772
100242790
100242798
100242814
100242822
100242851
100243073
100243309
100243376
100243386
100243393
100243401
100243413
100243422
100243431
100244522
100244537
100244538
100244550
100244560
100244568
100244579
100244626
100244635
100244645
100244890
100244904
100244917
100245072
100245097
100245098
100245107
100245108
100245111
100246058
100246243
100246311
100246325
100246336
100246348
100246366
100246376
100246383
100246388
100246593
100246610
100246626
100246643
100246860
100246932
100246943
100246951
100246958
100247573
100247714
100247954
100247964
100248071
100248090
100248101
100248108
100248109
100248147
100248148
100248182
100248189
100248266
100248280
100248531
100248679
100248682
100248693
100249345
100249540
100364230
100364318
100364575
100364731
100364738
100364774
100364805
100364841
100364866
100364889
100364904
100364939
100365157
100365346
100365438
100365449
100365463
100365472
100365480
100366799
100366813
100366829
100366863
100367098
100367402
100367531
100367533
100367572
100367608
100367624
100367625
100367640
100367654
100367667
100367769
100368023
100368169
100368193
100369047
100369237
100369462
100369551
100369565
100369567
100369584
100369599
100369607
100369608
100369610
100369620
100369632
100369769
100370043
100370190
100370273
100370340
100370372
100371689
100371693
100371740
100371773
100371775
100371805
100371815
100371936
100372186
100372320
100372329
100372340
100372346
100372352
100372359
100372373
100372385
100372387
100372441
100373665
100373670
100373677
100373686
100373687
100373695
100373877
100374155
100374309
100374342
100374345
100374389
100374435
100374462
100374472
100374477
100374554
100374566
100374839
100375727
100375729
100375758
100375831
100375881
100375906
100375948
100376166
100376378
100376446
100376456
100376465
100376474
100376476
100376482
100376490
100376497
100376644
100376657
100377815
100377854
100377862
100377868
100377871
100377879
100377942
100377953
100378218
100378392
100378466
100378468
100378503
100378529
100378543
100378554
100378565
100379093
100379102
100380271
100380280
100380282
100380283
100380287
100380300
100380301
100380315
100380321
100380336
100380343
100380547
100380784
100380826
100380852
100380878
100380904
100380939
100380958
100382281
100382282
100382283
100382291
100382295
100382492
100382740
100382823
100382842
100382897
100382901
100382904
100382905
100382906
100382908
100382944
100382949
100382950
100383068
100386323
100386622
100386756
100386757
100386800
100386801
100386803
100386810
100386814
100386819
100386824
100386925
100386936
100387234
100387399
100387403
100387436
100387459
100387484
100388603
100388631
100388659
100388662
100388677
100388681
100388682
100388683
100388815
100389062
100389178
100389179
100389223
100389224
100389274
100389314
100389353
100389361
100389364
100390566
100390570
100390590
100390594
100390730
100390982
100391125
100391157
100391159
100391186
100391209
100391224
100391230
100391234
100391291
100391534
100391715
100391759
100391784
100392762
100392954
100393193
100393202
100393209
100393219
100393292
100393303
100393313
100393319
100393329
100393343
100393363
100393373
100393527
100393792
100393801
100393819
100393948
100394660
100394719
100394791
100395046
100395256
100395358
100395362
100395397
100395428
100395430
100395459
100395462
100395488
100395491
100395506
100395507
100395536
100395755
100395957
100397023
100397181
100397212
100397213
100397216
100397217
100397220
100397227
100397228
100397230
100397233
100397235
100397240
100397241
100397242
100397298
100397306
100397590
100397787
100398503
100398509
100398689
100398944
100399088
100399116
100399144
100399154
100399159
100399163
100399168
100399236
100399246
100399257
100399276
100399287
100399303
100399564
100399688
100400885
100400888
100400892
100400897
100400901
100400907
100400912
100401012
100401024
100401274
100401409
100401436
100401439
100401442
100401475
100401503
100401505
100401507
100401530
100402693
100402698
100402721
100402743
100402744
100402746
100402748
100402771
100403063
100403225
100403352
100403358
100403370
100403373
100403377
100403380
100403381
100403383
100403384
100404507
100404510
100404516
100404517
100404518
100404580
100404590
100404601
100404872
100405046
100405086
100405118
100405126
100405129
100405131
100405133
100405136
100405257
100405529
100406295
100406321
100406342
100406344
100406372
100406590
100406757
100406772
100406876
100406940
100406946
100406970
100406976
100406979
100406980
100406985
100406988
100407175
100407438
100408153
100408154
100408158
100408163
100408168
100408245
100408258
100408504
100408522
100408680
100408726
100408758
100408792
100408794
100408805
100408829
100408830
100408834
100409930
100409956
100409958
100409983
100410008
100410019
100410042
100410250
100410449
100410455
100410511
100410512
100410518
100410520
100410521
100410524
100410525
100410531
100410544
100411672
100411675
100411676
100411677
100411679
100411681
100411682
100411779
100412029
100412047
100412052
100412068
100412081
100412190
100412218
100412242
100412245
100412268
100412270
100413377
100413435
100413460
100413462
100413484
100413487
100413489
100413492
100413495
100413496
100413541
100413772
100413962
100413998
100414007
100414012
100414018
100414019
100414025
100415200
100415201
100415206
100415212
100415219
100415230
100415235
100415429
100415662
100415735
100415754
100415757
100415783
100415785
100415811
100415813
100415818
100415843
100415870
100417088
100417104
100417110
100417117
100417162
100417173
100417183
100417193
100417438
100417456
100417597
100417620
100417625
100417630
100417632
100417633
100417637
100417638
100417640
100418773
100418780
100418785
100418790
100418791
100418796
100418800
100418801
100418969
