97472238
97472504
97472523
97472538
97472708
97472746
97472755
97472757
97472766
97472779
97472780
97472781
97472792
97472804
97472940
97473157
97473361
97473425
97473434
97474169
97474420
97474576
97474697
97474698
97474711
97474722
97474733
97474744
97474756
97474788
97474796
97474805
97475043
97475234
97475288
97475301
97475311
97475326
97476478
97476597
97476603
97476619
97476635
97476649
97476650
97476664
97476678
97476688
97476689
97476814
97477051
97477217
97477305
97477314
97477323
97477329
97477338
97478163
97478184
97478196
97478206
97478211
97478214
97478215
97478221
97478225
97478367
97478481
97478490
97478497
97478572
97478588
97478590
97478595
97478603
97478609
97479266
97479522
97479543
97479677
97479721
97479723
97479729
97479736
97479742
97479748
97479750
97479752
97479753
97479759
97479760
97479835
97479844
97480094
97480248
97480866
97480874
97480887
97480910
97481114
97481332
97481342
97481402
97481414
97481415
97481423
97481431
97481438
97481440
97481441
97481451
97481460
97481625
97481870
97482604
97482612
97482621
97482680
97482959
97483137
97483177
97483178
97483190
97483199
97483201
97483215
97483230
97483245
97483248
97483249
97483288
97484449
97484472
97484484
97484497
97484600
97484855
97485004
97485028
97485029
97485030
97485044
97485060
97485070
97485071
97485083
97485096
97485162
97485410
97485595
97486360
97486369
97486530
97486802
97486812
97486908
97486920
97486922
97486923
97486934
97486943
97486944
97486952
97486960
97486968
97486969
97486970
97487108
97487370
97488197
97488221
97488225
97488434
97488449
97488655
97488661
97488721
97488736
97488748
97488751
97488761
97488762
97488772
97488779
97488780
97488790
97488975
97489209
97490003
97490261
97490464
97490468
97490518
97490528
97490542
97490555
97490557
97490576
97490595
97490612
97490787
97491029
97491043
97491153
97491170
97491175
97491785
97491786
97491860
97492114
97492274
97492307
97492318
97492326
97492339
97492346
97492347
97492356
97492378
97492581
97492595
97492812
97492873
97492880
97492888
97494059
97494067
97494077
97494084
97494093
97494105
97494125
97494312
97494542
97494629
97494638
97494646
97494658
97494678
97494692
97494694
97494713
97494821
97495069
97495901
97495918
97496102
97496119
97496352
97496430
97496431
97496449
97496465
97496474
97496483
97496484
97496497
97496514
97496645
97496885
97497012
97497065
97497080
97497805
97497814
97498038
97498237
97498306
97498307
97498323
97498334
97498343
97498358
97498371
97498381
97498537
97498556
97498572
97498809
97498898
97498912
97498924
97499614
97499864
97500037
97500045
97500078
97500086
97500097
97500110
97500123
97500134
97500151
97500156
97500361
97500584
97500656
97500664
97500672
97500673
97500681
97501837
97501865
97501878
97501888
97501903
97501913
97501924
97501950
97502160
97502381
97502390
97502455
97502469
97502487
97502495
97502509
97502520
97502529
97502658
97503726
97503740
97503770
97503984
97504201
97504278
97504289
97504303
97504316
97504327
97504339
97504352
97504483
97504751
97504902
97504920
97504922
97504923
97504932
97505564
97505789
97505988
97505996
97506039
97506052
97506059
97506066
97506076
97506084
97506091
97506262
97506497
97506592
97506599
97506603
97506604
97506609
97507716
97507723
97507725
97507733
97507734
97507741
97507748
97507942
97507959
97508182
97508192
97508279
97508283
97508291
97508297
97508304
97508311
97508317
97508330
97509467
97509479
97509481
97509491
97509501
97509528
97509741
97509956
97509967
97510032
97510043
97510051
97510060
97510077
97510088
97510100
97510101
97510251
97510492
97511252
97511260
97511294
97511520
97511752
97511810
97511818
97511827
97511837
97511847
97511855
97511857
97511868
97511874
97512065
97512284
97512374
97512387
97512395
97513449
97513484
97513491
97513500
97513506
97513512
97513517
97513529
97513709
97513720
97513944
97513956
97514032
97514045
97514053
97514054
97514062
97514069
97514079
97515184
97515189
97515191
97515200
97515201
97515202
97515211
97515219
97515262
97515514
97515528
97515744
97515819
97515821
97515860
97515862
97515887
97515896
97515905
97516634
97516670
97516731
97516745
97516763
97516980
97517146
97517196
97517197
97517199
97517200
97517210
97517222
97517224
97517226
97517250
97517292
97517328
97517416
97518613
97518790
97518864
97518910
97518956
97518995
97519028
97519070
97519073
97519076
97519145
97519399
97519655
97519670
97519737
97519786
97519790
97519835
97519875
97521481
97521529
97521531
97521569
97521570
97521612
97521615
97521653
97521686
97521689
97521736
97521827
97521838
97522123
97522137
97522338
97522345
97522415
97522453
97523545
97523774
97536976
97638609
97646138
97646480
97650029
97650149
97650166
97650176
97650177
97650184
97650192
97650199
97650206
97650263
97650506
97650678
97650710
97650717
97650722
97650728
97650733
97650740
97650741
97651808
97651814
97651815
97651818
97651825
97651826
97651830
97651849
97651850
97651864
97651867
97652004
97652020
97652265
97652367
97652372
97652374
97652378
97652380
97652973
97653025
97653037
97653277
97653289
97653301
97653313
97653461
97653486
97653494
97653495
97653503
97653508
97653515
97653516
97653524
97653561
97653793
97653996
97654634
97654635
97654646
97654648
97654649
97654656
97654819
97655053
97655162
97655171
97655172
97655181
97655200
97655207
97655208
97655215
97655221
97655222
97655324
97656371
97656519
97656777
97656786
97656880
97656885
97656891
97656892
97656899
97656901
97656902
97656907
97656911
97656916
97657003
97657249
97657402
97657417
97657422
97658177
97658403
97658407
97658476
97658480
97658485
97658488
97658489
97658496
97658497
97658505
97658510
97658636
97658885
97659008
97659010
97659022
97659026
97659032
97659658
97659659
97659718
97659728
97659971
97660129
97660132
97660179
97660187
97660196
97660197
97660202
97660207
97660212
97660213
97660240
97660251
97660261
97660500
97661347
97661358
97661466
97661748
97661759
97661774
97661879
97661891
97661905
97661912
97661915
97661916
97661926
97661927
97661939
97661946
97662045
97662295
97662434
97663081
97663083
97663090
97663092
97663100
97663109
97663120
97663172
97663416
97663574
97663658
97663659
97663683
97663697
97663705
97663710
97663718
97663727
97663910
97664806
97664811
97664817
97664822
97664890
97665139
97665301
97665328
97665329
97665338
97665346
97665352
97665357
97665358
97665366
97665367
97665404
97665418
97665654
97666492
97666496
97666503
97666510
97666511
97666517
97666532
97666723
97666954
97667031
97667039
97667054
97667063
97667072
97667079
97667081
97667082
97667094
97667095
97668276
97668292
97668294
97668308
97668310
97668311
97668358
97668371
97668379
97668630
97668809
97668852
97668860
97668866
97668876
97668877
97668878
97668888
97668896
97670082
97670086
97670100
97670113
97670122
97670123
97670129
97670143
97670155
97670156
97670172
97670339
97670530
97670539
97670684
97670692
97670739
97670741
97670759
97671882
97671883
97671884
97671890
97671896
97671905
97671911
97671919
97671941
97672145
97672158
97672376
97672386
97672393
97672450
97672451
97672453
97672463
97672464
97673239
97673256
97673515
97673634
97673670
97673681
97673682
97673695
97673703
97673716
97673725
97673760
97673850
97674094
97674108
97674259
97674308
97674319
97674320
97675004
97675219
97675431
97675501
97675511
97675519
97675530
97675533
97675543
97675562
97675575
97675707
97675960
97676084
97676118
97676120
97676133
97676144
97676154
97677334
97677345
97677347
97677354
97677362
97677365
97677374
97677386
97677401
97677408
97677602
97677832
97677842
97677914
97677915
97677922
97677928
97677933
97677934
97679112
97679119
97679120
97679127
97679134
97679157
97679372
97679589
97679602
97679690
97679692
97679714
97679737
97679738
97679740
97679755
97679764
97679771
97679778
97680881
97680917
97680932
97680934
97680943
97680951
97680956
97681020
97681033
97681285
97681440
97681476
97681477
97681479
97681480
97681487
97681494
97681502
97682101
97682102
97682109
97682179
97682426
97682588
97682629
97682639
97682649
97682664
97682665
97682675
97682691
97682712
97682906
97683128
97683220
97683233
97683243
97684377
97684420
97684433
97684434
97684442
97684443
97684449
97684451
97684460
97684461
97684470
97684501
97684721
97684735
97684754
97684769
97684789
97684801
97684807
97685622
97685629
97685804
97686040
97686128
97686139
97686143
97686149
97686155
97686161
97686168
97686232
97686482
97686636
97686675
97686682
97686683
97686693
97686699
97688023
97688031
97688240
97688242
97688312
97688435
97688531
97688663
97688732
97689853
97689862
97689869
97689881
97689895
97689940
97690177
97690366
97690369
97690413
97690424
97690432
97690441
97690449
97690463
97690464
97690466
97690486
97690492
97691612
97691620
97691621
97691639
97691640
97691642
97691654
97691662
97691663
97691815
97692068
97692194
97692211
97692221
97692230
97692245
97692248
97692257
97692271
97693405
97693417
97693510
97693771
97693927
97693946
97693953
97693954
97693962
97693971
97693972
97693979
97693991
97694036
97694269
97694284
97694475
97694527
97694545
97833730
97833731
97833739
97833740
97833748
97833902
97834144
97834341
97834359
97834371
97834381
97834389
97834403
97834415
97834482
97834501
97834758
97834923
97834950
97835847
97835861
97836109
97836209
97836222
97836235
97836243
97836255
97836256
97836270
97836280
97836281
97836368
97836622
97836830
97836909
97836921
97836935
97836945
97837806
97838036
97838045
97838122
97838141
97838152
97838169
97838172
97838173
97838174
97838234
97838287
97838302
97838484
97838749
97838852
97838869
97838888
97840162
97840163
97840179
97840189
97840198
97840209
97840211
97840221
97840355
97840606
97840734
97840756
97840773
97840776
97840785
97840796
97840839
97840920
97840971
97842171
97842179
97842192
97842199
97842204
97842329
97842583
97842596
97842710
97842720
97842727
97842734
97842740
97842752
97842753
97842754
97842761
97842827
97843076
97843948
97843951
97843958
97844112
97844354
97844467
97844561
97844566
97844574
97844585
97844586
97844594
97844602
97844669
97844681
97844957
97845118
97845123
97845149
97845722
97845735
97845745
97845754
97845762
97845770
97845771
97845772
97845939
97845952
97846205
97846374
97846400
97846411
97846412
97846419
97846430
97846431
97846443
97847567
97847569
97847570
97847580
97847581
97847590
97847591
97847592
97847605
97847719
97847864
97847885
97847905
97848137
97848149
97848239
97848242
97848245
97848256
97849003
97849080
97849331
97849496
97849535
97849544
97849545
97849547
97849548
97849549
97849550
97849556
97849570
97849572
97849573
97849582
97849589
97849590
97849664
97850796
97850804
97850817
97850818
97850825
97851002
97851253
97851264
97851335
97851342
97851352
97851356
97851362
97851371
97851380
97851466
97851718
97851871
97851991
97852623
97852624
97852629
97852651
97852658
97852872
97853083
97853138
97853148
97853156
97853164
97853166
97853168
97853175
97853177
97853287
97853295
97853462
97853710
97854457
97854458
97854459
97854469
97854470
97854480
97854491
97854500
97854609
97854625
97854880
97855010
97855030
97855032
97855044
97855057
97855072
97855081
97855082
97856390
97856391
97856392
97856404
97856417
97856426
97856569
97856820
97856954
97856956
97856982
97856997
97857015
97857027
97857029
97857045
97857046
97857060
97857147
97858349
97858367
97858386
97858404
97858423
97858605
97858620
97858869
97858880
97858959
97858976
97858990
97859004
97859020
97859040
97859056
97859058
97859177
97859432
98012412
98012413
98012421
98012431
98012517
98012528
98012774
98012918
98012927
98012969
98012970
98012981
98012982
98012992
98012994
98012995
98013002
98013003
98013005
98014063
98014070
98014096
98014097
98014107
98014116
98014123
98014133
98014140
98014163
98014371
98014590
98014650
98014665
98014679
98014689
98014696
98014704
98014715
98015863
98015874
98016050
98016294
98016393
98016404
98016415
98016425
98016434
98016445
98016446
98016459
98016548
98016808
98016968
98016988
98016989
98016991
98017007
98017881
98018112
98018180
98018193
98018194
98018205
98018216
98018232
98018243
98018244
98018254
98018383
98018644
98018657
98018775
98018794
98018795
98018797
98018816
98020010
98020031
98020045
98020062
98020071
98020076
98020189
98020204
98020443
98020569
98020574
98020586
98020592
98020597
98020602
98020607
98020613
98020666
98020907
98021735
98021833
98021849
98021865
98022103
98022216
98022243
98022250
98022256
98022262
98022266
98022267
98022273
98022355
98022630
98022789
98022797
98022828
98022841
98023635
98023875
98023956
98023967
98023982
98023983
98023984
98023985
98023994
98024003
98024012
98024014
98024023
98024168
98024414
98024526
98024538
98024540
98024551
98025575
98025653
98025667
98025677
98025684
98025693
98025702
98025710
98025711
98025863
98026135
98026144
98026246
98026258
98026259
98026266
98026274
98026277
98026284
98027387
98027391
98027392
98027398
98027400
98027406
98027573
98027809
98027906
98027912
98027919
98027925
98027932
98027933
98027939
98027946
98028023
98028267
98028430
98029030
98029039
98029217
98029485
98029576
98029582
98029584
98029591
98029597
98029600
98029606
98029608
98029613
98029621
98029622
98029742
98029758
98029998
98030016
98030723
98030730
98030736
98030742
98030743
98030807
98031056
98031225
98031258
98031269
98031280
98031287
98031294
98031302
98031311
98031494
98031735
98031821
98031836
98033032
98033042
98033049
98033050
98033052
98033060
98033068
98033075
98033077
98033238
98033485
98033498
98033590
98033591
98033593
98033604
98034711
98034719
98034724
98034725
98034726
98034736
98034737
98034738
98034739
98034745
98034769
98034791
98035001
98035221
98035289
98035298
98035300
98035301
98035308
98518177
98844807
98844820
98845058
98845178
98845209
98845245
98845272
98845280
98845281
98845293
98845302
98845303
98845398
98845650
98845802
98845823
98845824
98845831
98846723
98846738
98846757
98846979
98847050
98847052
98847054
98847066
98847079
98847080
98847087
98847096
98847105
98847106
98847117
98847119
98847124
98847307
98848409
98848423
98848459
98848695
98848899
98848979
98848983
98849023
98849063
98849097
98849104
98849113
98849125
98849285
98849524
98849632
98849648
98849662
98850400
98850402
98850464
98850720
98850733
98850897
98850942
98850944
98850947
98850998
98851008
98851020
98851021
98851033
98851044
98851046
98851087
98851099
98852356
98852368
98852369
98852382
98852395
98852396
98852511
98852525
98852797
98852945
98853002
98853039
98853070
98853072
98853079
98853081
98853090
98853097
98854238
98854273
98854277
98854310
98854316
98854323
98854329
98854330
98854503
98854520
98854742
98854829
98854837
98854844
98854852
98854857
98854858
98854866
98856011
98856071
98856079
98856080
98856084
98856094
98856095
98856101
98856107
98856108
98856139
98856361
98856562
98856635
98856638
98856678
98856715
98856752
98857897
98857899
98857933
98857970
98858005
98858029
98858040
98858066
98858272
98858487
98858553
98858567
98858574
98858575
98858582
98858590
98858599
98858606
98859937
98859945
98859959
98859984
98860223
98860454
98860463
98860473
98860482
98860568
98860600
98860621
98860626
98860633
98860638
98860645
98860812
98861827
98861836
98861843
98861872
98861877
98862105
98862300
98862374
98862376
98862379
98862400
98862427
98862429
98862449
98862472
98862492
98862517
98863885
98863906
98863926
98863944
98863995
98864244
98864464
98864472
98864560
98864565
98864614
98864665
98864668
98864673
98864677
98864710
98864733
98864753
98866109
98866160
98866192
98866193
98866216
98866235
98866326
98866595
98866774
98866780
98866816
98866836
98866864
98866885
98866912
98866913
98866935
98866980
98868419
98868424
98868441
98868525
98868539
98868793
98868960
98869024
98869027
98869085
98869133
98869176
98869210
98869231
98869272
98869502
98869710
98870633
98870681
98870684
98870713
98870819
98870832
98870852
98870868
98871112
98871242
98871287
98871312
98871333
98871354
98871380
98871404
98871407
98871474
98872877
98872878
98872895
98872914
98872918
98872934
98872960
98873141
98873370
98873523
98873624
98873691
98873695
98873752
98873757
98873761
98873763
98873765
98874551
98874591
98874593
98874743
98874980
98875130
98875145
98875216
98875220
98875265
98875316
98875362
98875389
98875414
98875415
98875506
98875517
98875769
98877027
98877029
98877031
98877064
98877286
98877483
98877625
98877698
98877700
98877731
98877734
98877762
98877765
98877793
98877820
98877821
98877846
98878009
98879395
98879420
98879422
98879424
98879427
98879493
98879504
98879777
98879941
98880062
98880120
98880173
98880227
98880255
98880257
98880280
98880284
98881721
98881761
98881765
98881793
98881812
98881885
98882167
98882293
98882390
98882435
98882439
98882463
98882484
98882512
98882534
98882571
98882779
98882973
98884187
98884450
98884612
98884754
98884760
98884766
98884772
98884869
98884968
98884971
98884978
98885033
98885061
98885064
98885090
98885156
98885411
98885591
98886599
98886606
98886645
98886668
98886690
98886875
98887089
98887223
98887293
98887295
98887322
98887353
98887354
98887375
98887403
98887425
98887513
98888853
98888856
98888869
98888891
98888913
98888934
98889116
98889134
98889374
98889520
98889582
98889586
98889623
98889647
98889667
98889689
98889702
98889782
98891094
98891122
98891145
98891168
98891171
98891200
98891388
98891610
98891734
98891784
98891816
98891839
98891864
98891892
98891917
98891997
98892010
98892264
98893505
98893531
98893551
98893554
98893717
98893950
98894098
98894108
98894202
98894256
98894307
98894311
98894356
98894397
98894416
98894502
98894760
98894767
98896156
98896305
98896546
98896669
98896768
98896772
98896779
98896826
98896853
98896880
98896900
98896905
98896925
98897011
98897263
98897273
98897407
98897528
98898459
98898483
98898504
98898710
98898882
98899000
98899101
98899172
98899226
98899230
98899271
98899311
98899327
98899438
98899674
98899807
98899891
98900890
98900922
98901130
98901148
98901358
98901456
98901521
98901562
98901595
98901617
98901681
98901772
98901899
98902129
98902252
98902373
98902469
98902543
98903773
98903963
98904095
98904105
98904214
98904285
98904334
98904357
98904382
98904408
98904521
98904761
98904879
98904976
98905023
98905068
98905094
98905116
98906802
98906838
98906867
98906891
98906893
98906895
98906952
98907152
98907349
98907447
98907455
98907581
98907684
98907694
98907778
98907838
98907890
98907928
98909432
98909560
98909571
98909579
98909676
98909682
98909753
98909799
98909801
98909838
98909840
98909878
98910087
98910257
98910266
98910458
98910578
98910664
98955235
99034940
99034956
99035183
99035190
99035265
99035286
99035293
99035302
99035310
99035417
99035418
99035425
99035582
99035815
99035956
99035978
99035980
99035990
99321550
99321553
99321556
99321721
99321938
99322067
99322110
99322143
99322172
99322193
99322196
99322200
99322204
99322287
99322531
99322671
99322713
99322731
99322740
99324098
99324109
99324118
99324129
99324136
99324145
99324149
99324243
99324493
99324638
99324685
99324721
99324754
99324787
99324821
99324838
99324867
99324873
99325101
99326076
99326084
99326092
99326215
99326443
99326455
99326574
99326646
99326666
99326669
99326670
99326671
99326672
99326681
99326682
99326683
99326690
99326700
99326707
99327952
99327962
99327963
99327972
99327978
99327986
99327987
99327992
99328042
99328281
99328483
99328554
99328590
99328623
99328631
99328639
99328647
99328658
99328835
99329774
99329807
99329809
99329837
99329846
99329854
99329855
99329923
99330203
99330592
99330865
99330991
99331157
99331316
99331473
99331649
99331788
99331985
99332322
99333476
99333484
99333485
99333618
99333865
99333990
99333991
99334026
99334061
99334092
99334094
99334127
99334130
99334140
99334147
99334148
99334242
99334260
99334274
99335866
99335877
99335944
99335954
99335966
99335967
99335977
99335988
99335989
99335998
99336010
99336194
99336469
99336635
99336641
99336696
99336741
99336768
99336788
99338097
99338106
99338114
99338115
99338259
99338488
99338610
99338636
99338640
99338648
99338662
99338673
99338681
99338740
99338752
99339011
99339173
99339245
99339283
99511603
99511617
99511640
99511838
99512070
99512154
99512188
99512227
99512262
99512265
99512268
99512289
99512311
99512313
99512322
99512323
99512476
99512489
99512505
99513714
99513930
99514152
99514223
99514237
99514249
99514250
99514257
99514258
99514268
99514278
99514298
99514451
99514726
99514859
99514903
99514931
99514946
99514958
99516208
99516239
99516254
99516256
99516262
99516268
99516272
99516281
99516456
99516717
99516831
99516862
99516871
99516885
99516894
99516902
99516909
99516912
99516990
99518190
99518204
99518213
99518363
99518604
99518732
99518737
99518779
99518781
99518784
99518818
99518850
99518888
99518890
99518897
99518899
99518903
99518913
99518914
99519985
99519993
99520128
99520133
99520138
99520144
99520185
99520215
99520227
99520238
99520239
99520253
99520254
99520255
99520257
99520282
99520441
99520463
99520724
99521607
99521654
99521891
99522076
99522143
99522160
99522162
99522175
99522181
99522196
99522206
99522217
99522396
99522650
99522779
99522848
99522882
99522906
99522924
99524102
99524133
99524145
99524146
99524151
99524155
99524174
99524403
99524424
99524442
99524644
99524654
99524713
99524734
99524737
99524740
99524742
99524756
99524757
99525471
99525664
99525902
99525983
99525985
99525996
99526005
99526013
99526020
99526030
99526032
99526040
99526160
99526409
99526539
99526570
99526608
99526640
99526678
99527963
99527966
99527970
99527979
99527987
99527995
99528000
99528107
99528379
99528523
99528526
99528557
99528565
99528578
99528587
99528595
99528601
99528633
99528858
99529832
99529837
99529842
99529952
99529969
99530229
99530366
99530370
99530377
99530381
99530415
99530418
99530443
99530458
99530460
99530470
99530478
99530480
99530493
99531610
99531641
99531670
99531673
99531696
99531697
99531698
99531699
99531705
99531711
99531766
99531778
99532072
99532251
99532284
99532291
99532299
99532309
99532315
99533191
99533448
99533535
99533550
99533552
99533562
99533563
99533564
99533573
99533589
99533600
99533602
99533612
99533613
99533779
99534052
99534180
99534183
99534210
99534903
99534948
99534958
99535228
99535411
99535503
99535542
99535544
99535561
99535562
99535578
99535589
99535598
99535615
99535803
99536075
99536173
99536189
99536201
99537539
99537548
99537557
99537565
99537567
99537576
99537583
99537591
99537761
99537990
99538121
99538160
99538193
99538231
99538249
99538257
99538264
99538330
99538577
99539552
99539563
99539570
99539739
99539998
99540108
99540131
99540132
99540143
99540152
99540159
99540168
99540169
99540188
99540189
99540276
99540289
99540539
99540685
99541457
99541468
99541493
99541713
99541964
99542076
99542078
99542117
99542135
99542143
99542153
99542163
99542164
99542174
99542294
99542308
99542551
99542565
99542690
99543495
99543531
99543779
99543989
99543997
99544055
99544065
99544073
99544080
99544090
99544096
99544103
99544240
99544258
99544504
99544517
99544645
99544684
99544721
99545895
99545923
99545955
99545981
99546000
99546146
99546391
99546511
99546525
99546538
99546539
99546545
99546553
99546554
99546561
99546566
99546633
99546883
99547064
99547809
99547815
99547816
99547817
99547835
99548024
99548247
99548252
99548346
99548378
99548380
99548382
99548417
99548447
99548478
99548489
99548497
99548498
99548499
99549695
99549699
99549726
99549728
99549738
99549740
99549741
99549743
99549744
99549753
99549763
99549765
99549767
99549775
99549924
99550179
99550282
99550297
99550305
99551393
99551570
99551690
99551730
99551748
99551750
99551757
99551764
99551772
99551780
99551931
99552161
99552273
99552330
99552367
99552397
99552401
99552430
99552455
99553377
99553393
99553574
99553620
99553622
99553650
99553653
99553679
99553687
99553699
99553700
99553702
99553710
99553751
99553763
99553774
99554020
99554034
99554195
99555333
99555347
99555468
99555481
99555484
99555489
99555497
99555504
99555511
99555517
99555581
99555844
99556031
99556102
99556134
99556153
99556168
99556170
99556180
99557310
99557352
99557377
99557405
99557426
99557427
99557433
99557444
99557528
99557538
99557554
99557565
99557814
99557946
99557969
99557986
99557987
99557988
99557999
99559275
99559285
99559295
99559296
99559298
99559305
99559306
99559307
99559315
99559327
99559336
99559516
99559773
99559909
99559960
99559995
99559997
99560018
99560028
99561187
99561218
99561251
99561287
99561288
99561325
99561359
99561364
99561568
99561824
99561937
99561973
99562001
99562024
99562025
99562041
99562052
99562054
99562061
99682277
99682299
99682304
99682310
99682311
99682316
99682317
99682322
99682323
99682328
99682375
99682614
99682802
99682873
99682908
99682912
99682915
99682917
99682949
99683999
99684098
99684111
99684114
99684144
99684175
99684203
99684232
99684263
99684355
99684631
99684644
99684666
99684817
99684846
99684862
99684876
99684878
99684892
99686123
99686201
99686211
99686219
99686228
99686243
99686252
99686263
99686385
99686667
99686681
99686829
99686836
99686840
99686885
99686931
99686970
99686972
99686988
99688185
99688188
99688226
99688229
99688264
99688267
99688308
99688332
99688335
99688347
99688378
99688588
99688838
99688938
99688940
99688965
99688977
99688988
99689001
99689683
99689690
99689860
99690111
99690211
99690214
99690222
99690228
99690234
99690241
99690249
99690250
99690259
99690260
99690261
99690262
99690385
99690633
99690762
99691488
99691489
99691495
99691525
99691759
99691992
99692070
99692100
99692131
99692136
99692144
99692151
99692156
99692157
99692158
99692337
99692590
99692694
99692723
99693762
99693974
99693984
99694027
99694040
99694047
99694055
99694068
99694069
99694076
99694096
99694311
99694330
99694346
99694363
99694581
99694658
99694683
99694688
99695898
99695934
99695938
99695966
99695980
99695986
99695992
99696019
99696282
99696510
99696517
99696570
99696579
99696582
99696583
99696588
99696594
99696603
99696611
99697671
99697768
99697800
99697807
99697816
99697823
99697829
99697834
99697904
99698153
99698332
99698376
99698408
99698414
99698444
99698459
99698460
99698465
99698467
99699564
99699594
99699597
99699622
99699649
99699676
99699677
99699678
99699685
99699690
99699692
99699870
99700144
99700155
99700257
99700276
99700277
99700284
99700290
99701104
99701120
99701398
99701414
99701545
99701558
99701566
99701580
99701581
99701582
99701588
99701595
99701601
99701665
99701933
99702126
99702187
99702191
99702225
99703033
99703287
99703298
99703308
99703418
99703451
99703485
99703512
99703530
99703537
99703546
99703547
99703548
99703549
99703550
99703711
99703978
99703990
99704002
99704813
99704822
99704830
99704878
99705117
99705132
99705304
99705366
99705368
99705370
99705393
99705401
99705409
99705415
99705416
99705422
99705445
99705657
99705873
99706944
99707137
99707200
99707202
99707230
99707247
99707252
99707253
99707260
99707267
99707283
99707468
99707671
99707792
99707798
99707845
99707863
99707872
99707884
99709132
99709149
99709159
99709169
99709173
99709175
99709186
99709196
99709198
99709231
99709237
99709470
99709687
99709762
99709790
99709794
99709796
99709825
99709861
99710499
99710519
99710731
99710748
99710765
99710998
99711098
99711135
99711158
99711160
99711172
99711183
99711192
99711200
99711201
99711356
99711366
99711613
99711763
99712505
99712537
99712540
99712571
99712588
99712596
99712597
99712600
99712603
99712755
99712999
99713115
99713129
99713138
99713148
99713150
99713151
99713158
99713170
99714412
99714421
99714432
99714434
99714435
99714444
99714464
99714472
99714694
99715029
99715032
99715764
99715799
99715810
99716070
99716280
99716291
99716366
99716402
99716404
99716438
99716462
99716470
99716482
99716498
99716505
99716706
99716936
99717012
99717014
99718272
99718319
99718321
99718335
99718337
99718347
99718359
99718369
99718381
99718408
99718625
99718870
99718948
99718981
99718984
99719015
99719046
99719075
99719102
99720297
99720324
99720353
99720386
99720396
99720397
99720398
99720401
99720426
99720494
99720741
99720751
99720760
99720777
99720919
99720924
99720939
99720945
99720952
99722081
99722088
99722095
99722145
99722146
99722150
99722151
99722159
99722171
99722176
99722181
99722182
99722195
99722394
99722414
99722434
99722448
99722466
99722483
99723484
99723492
99723501
99723506
99723507
99723669
99723907
99724018
99724020
99724024
99724057
99724087
99724117
99724149
99724179
99724204
99724206
99724310
99724566
99725477
99725655
99725900
99725988
99725992
99726002
99726022
99726029
99726038
99726048
99726063
99726064
99726189
99726466
99726478
99726614
99726620
99726683
99726710
99727965
99728001
99728032
99728064
99728066
99728097
99728110
99728111
99728118
99728284
99728520
99728616
99728628
99728635
99728643
99728649
99728656
99728665
99728746
99729874
99730045
99730289
99730402
99730433
99730466
99730494
99730496
99730519
99730524
99730528
99730615
99730887
99730914
99731047
99731067
99731075
99731082
99731084
99732151
99732167
99732177
99732342
99732353
99732387
99732397
99732398
99732409
99732422
99732434
99732450
99732479
99732701
99732931
99733013
99733043
99733076
99733100
99734276
99734279
99734321
99734356
99734386
99734413
99734446
99734470
99734520
99734535
99734547
99734828
99734838
99734852
99735008
99735031
99735044
99735046
99735050
99736199
99736278
99736285
99736293
99736295
99736304
99736306
99736308
99736317
99736326
99736331
99736474
99736724
99736846
99736878
99736906
99736933
99736959
99736981
100021812
100194535
100194553
100194556
100194557
100194562
100194564
100194571
100194573
100194579
100194587
100194595
100194603
100194787
100195031
100195045
100195138
100195171
100195199
100195207
100196357
100196442
100196445
100196478
100196510
100196543
100196552
100196553
100196562
100196563
100196565
100196604
100196848
100197063
100197071
100197080
100197085
100197119
100197130
100198415
100198422
100198509
100198560
100198573
100198583
100198601
100198602
100198613
100198682
100198933
100199113
100199176
100199207
100199210
100199213
100199238
100199249
100199250
100200452
100200484
100200520
100200550
100200553
100200576
100200588
100200599
100200712
100200972
100200984
100201123
100201142
100201153
100201164
100201167
100201188
100201190
100201219
100202249
100202411
100202470
100202490
100202500
100202508
100202517
100202537
100202563
100202741
100202988
100203102
100203132
100203171
100203173
100203193
100203200
100203207
100203216
100204385
100204411
100204441
100204449
100204459
100204642
100204653
100204886
100204982
100204995
100205002
100205011
100205017
100205023
100205030
100205031
100205032
100205176
100205446
100206311
100206312
100206313
100206344
100206350
100206360
100206616
100206828
100206893
100206923
100206954
100206970
100206979
100206988
100206997
100207164
100207177
100207194
100207421
100207512
100207514
100207515
100207516
100207517
100207518
100207519
100207520
100207521
100207522
100207633
100207634
100207635
100207636
100207637
100207638
100207639
100207640
100207641
100207642
100208412
100208435
100208515
100208793
100208978
100208987
100209003
100209012
100209053
100209056
100209064
100209066
100209070
100209081
100209089
100209100
100209102
100209110
100209112
100210187
100210364
100210412
100210424
100210425
100210430
100210436
100210437
100210448
100210449
100210459
100210488
100210493
100210729
100210954
100211033
100211065
100211095
100211107
100211120
100211121
100211122
100211123
100211124
100211125
100211126
100211127
100211128
100211129
100211842
100211858
100212072
100212194
100212327
100212369
100212398
100212425
100212426
100212427
100212433
100212438
100212515
100212762
100212915
100212969
100212985
100212993
100212997
100214359
100214367
100214376
100214382
100214390
100214451
100214719
100214914
100214977
100215014
100215049
100215053
100215055
100215057
100215061
100215064
100215066
100215069
100215072
100216229
100216231
100216265
100216302
100216304
100216308
100216340
100216343
100216367
100216376
100216378
100216379
100216408
100216629
100216840
100216851
100216859
100216900
100216907
100217752
100217894
100218024
100218025
100218026
100218027
100218029
100218032
100218033
100218034
100218035
100218038
100218137
100218154
100218286
100218288
100218309
100218311
100218324
100218331
100218347
100218355
100218374
100218450
100218697
100218706
100218879
100218888
100218893
100219851
100220078
100220165
100220198
100220231
100220262
100220290
100220295
100220297
100220305
100220307
100220425
100220669
100220773
100220774
100220775
100220776
100220777
100220778
100220779
100220780
100220781
100220782
100220860
100220873
100221594
100221635
100221868
100221884
100222061
100222123
100222126
100222141
100222152
100222162
100222172
100222173
100222174
100222183
100222201
100222400
100222632
100222641
100222709
100222910
100222911
100222912
100222913
100222914
100222915
100222916
100222918
100222919
100222920
100223428
100223429
100223430
100223431
100223432
100223433
100223434
100223435
100223436
100223437
100223822
100224014
100224083
100224085
100224119
100224806
100224884
100224894
100225155
100225171
100225184
100225332
100225339
100225391
100225440
100225476
100225504
100225506
100225508
100225517
100225520
100225521
100225533
100225627
100226721
100226729
100226740
100226756
100226957
100227186
100227275
100227285
100227296
100227313
100227314
100227326
100227327
100227347
100227349
100227358
100227509
100227527
100227624
100228823
100228827
100228860
100228868
100229121
100229323
100229388
100229404
100229406
100229424
100229426
100229427
100229436
100229445
100229453
100229470
100229665
100229889
100229996
100230021
100230675
100230764
100231007
100231173
100231221
100231235
100231241
100231242
100231243
100231244
100231245
100231246
100231247
100231248
100231249
100231250
100231255
100231267
100231277
100231289
100231302
100231307
100231507
100231738
100231817
100231837
100232580
100232848
100233025
100233031
100233036
100233058
100233065
100233066
100233075
100233084
100233086
100233096
100233105
100233164
100233174
100233429
100233584
100233595
100233631
100234253
100234266
100234451
100234467
100234698
100234766
100234773
100234779
100234789
100234790
100234798
100234803
100234813
100234925
100235174
100235190
100235202
100235314
100235328
100235955
100236210
100236404
100236460
100236461
100236473
100236474
100236483
100236484
100236489
100236490
100236494
100236496
100236505
100236506
100236507
100236508
100236517
100236565
100237635
100237643
100237650
100237657
100237780
100237795
100238040
100238054
100238166
100238168
100238182
100238189
100238198
100238205
100238207
100238213
100238220
100238302
100238555
100239369
100239380
100239562
100239805
100239918
100239926
100239933
100239934
100239944
100239951
100239953
100239954
100239964
100239969
100239970
100240076
100240315
100240452
100240487
100241273
100241503
100241585
100241600
100241612
100241633
100241634
100241642
100241661
100241668
100241669
100241775
100241790
100242042
100242054
100242174
100242186
100242193
100242202
100242211
100242867
100243117
100243329
100243377
100243378
100243381
100243388
100243394
100243396
100243405
100243407
100243415
100243424
100243453
100243461
100243670
100243878
100243944
100243958
100244701
100244952
100245084
100245099
100245109
100245117
100245127
100245135
100245143
100245182
100245411
100245636
100245701
100245702
100245714
100245725
100245734
100245749
100245760
100246942
100246949
100246957
100246965
100246974
100246979
100247066
100247083
100247325
100247474
100247477
100247522
100247532
100247542
100247544
100247552
100247564
100247570
100247606
100248707
100248716
100248726
100248737
100248744
100248876
100248891
100249139
100249257
100249273
100249276
100249286
100249294
100249302
100249314
100249326
100249394
100364735
100364773
100364804
100364838
100364843
100364867
100364869
100364893
100364906
100364907
100364960
100365203
100365216
100365373
100365380
100365443
100365454
100365456
100365466
100366754
100366768
100366784
100366796
100366807
100366824
100366840
100366842
100366971
100367279
100367495
100367556
100367559
100367595
100367597
100367622
100367636
100367650
100367664
100368544
100368758
100368840
100368845
100368879
100368919
100368963
100368966
100368998
100369027
100369043
100369222
100369451
100369464
100369552
100369556
100369568
100369570
100369572
100370962
100371004
100371022
100371037
100371048
100371049
100371060
100371061
100371062
100371064
100371072
100371120
100371353
100371547
100371608
100371648
100371651
100371654
100371657
100372393
100372574
100372836
100372847
100372951
100372956
100372988
100372990
100373021
100373067
100373102
100373119
100373129
100373131
100373262
100373504
100373520
100373633
100373637
100374508
100374518
100374777
100374969
100374980
100375025
100375035
100375054
100375055
100375097
100375111
100375156
100375170
100375173
100375174
100375199
100375405
100375422
100375437
100376481
100376488
100376495
100376496
100376613
100376865
100377010
100377049
100377076
100377097
100377099
100377130
100377133
100377183
100377214
100377265
100377498
100377517
100377690
100378552
100378563
100378964
100433159
100433160
100433161
100433162
100433163
100433164
100433165
100433166
100433167
100433168
100441612
100441613
100441614
100441615
100441616
100441617
100441618
100441619
100441620
100441621
100449858
100449859
100449860
100449861
100449862
100449863
100449864
100449865
100449866
100449867
100458303
100458304
100458305
100458306
100458307
100458308
100458309
100458310
100458311
100458312
