87102111
87102225
87102235
87102246
87102265
87102389
87102398
87102407
87102430
87102459
87102468
87102478
87102496
87102645
87102654
87102665
87102685
87102803
87102830
87102849
87102879
87102949
87102958
87102964
87102983
87103157
87103166
87103176
87103198
87103250
87103259
87103268
87103378
87103388
87103397
87103406
87103415
87103526
87103535
87103544
87103556
87103570
87103579
87103588
87103840
87103850
87103860
87104009
87104018
87104028
87104069
87104078
87104087
87104157
87104170
87104182
87104629
87104640
87104646
87104769
87104780
87104790
87104925
87104942
87104956
87105069
87105079
87105089
87105147
87105156
87105165
87105300
87105310
87105316
87105377
87105383
87105389
87105447
87105458
87105467
87105706
87105713
87105720
87105817
87105826
87105835
87105889
87105899
87105908
87106050
87106060
87106069
87106133
87106142
87106151
87106243
87106252
87106262
87106436
87106445
87106454
87106502
87106508
87106515
87106548
87106549
87106551
87106553
87106554
87106555
87106557
87106558
87106559
87106560
87106561
87106562
87106563
87106564
87106565
87106742
87106751
87106815
87106821
87106828
87106885
87106895
87106904
87106957
87107092
87107098
87107106
87107142
87107179
87107188
87107197
87107226
87107259
87107268
87107274
87107291
87107408
87107418
87107427
87107450
87107480
87107490
87107499
87107525
87107558
87107567
87107576
87107630
87107744
87107753
87107762
87107785
87107811
87107820
87107829
87107844
87107857
87107866
87107875
87107897
87108022
87108032
87108041
87108062
87108091
87108100
87108110
87108129
87108182
87108193
87108203
87108254
87108407
87108417
87108427
87108447
87108510
87108520
87108529
87108553
87108690
87108699
87108708
87108722
87108855
87108864
87108873
87108888
87108916
87108925
87108935
87108947
87109136
87109146
87109155
87109169
87109293
87109315
87109324
87109334
87109345
87109355
87109370
87109379
87109388
87109535
87109566
87109577
87109586
87109722
87109751
87109760
87109767
87109807
87109830
87109839
87109847
87109987
87110053
87110070
87110085
87110190
87110226
87110232
87110238
87110280
87110321
87110332
87110342
87110469
87110561
87110579
87110598
87110626
87110649
87110658
87110667
87110702
87110727
87110736
87110745
87110869
87111008
87111018
87111027
87111049
87111063
87111072
87111081
87111103
87111116
87111125
87111134
87111248
87111361
87111373
87111382
87111415
87111452
87111458
87111465
87111491
87111528
87111534
87111540
87111578
87111841
87111850
87111856
87111901
87111953
87111959
87111965
87112012
87112065
87112071
87112078
87112440
87112451
87112460
87112508
87112518
87112527
87112579
87112588
87112597
87112624
87112915
87112921
87112928
87112947
87113036
87113043
87113049
87113075
87113147
87113153
87113161
87113275
87113422
87113428
87113434
87113446
87113460
87113469
87113478
87113492
87113521
87113530
87113539
87113654
87113904
87113913
87113922
87113938
87113965
87113974
87113985
87114003
87114059
87114070
87114079
87114099
87114228
87114237
87114246
87114263
87114305
87114317
87114327
87114342
87114422
87114431
87114444
87114462
87114766
87114775
87114796
87114883
87114893
87114902
87114907
87114968
87114977
87114986
87114994
87115230
87115258
87115267
87115276
87115291
87115301
87115310
87115319
87115328
87115348
87115397
87115406
87115415
87115418
87115630
87115651
87115660
87115661
87115670
87115696
87115723
87115733
87115742
87115791
87115795
87115829
87115838
87116028
87116074
87116126
87116136
87116145
87116153
87116166
87116169
87116194
87116203
87116212
87116234
87116253
87116261
87116338
87116348
87116460
87116496
87116531
87116643
87116653
87116659
87116674
87116695
87116701
87116735
87116746
87116752
87116766
87116782
87116786
87116820
87116823
87116883
87116899
87116947
87116970
87116973
87117078
87117080
87117086
87117095
87117106
87117118
87117127
87117129
87117144
87117146
87117147
87117149
87117150
87117151
87117163
87117173
87117203
87117349
87117358
87117368
87117417
87117539
87117548
87117574
87117605
87117615
87117625
87117659
87117666
87117786
87117795
87117804
87117826
87117829
87117953
87117962
87117986
87117989
87118028
87118038
87118047
87118078
87118250
87118262
87118268
87118293
87118455
87118467
87118475
87118497
87118565
87118573
87118579
87118598
87118756
87118762
87118768
87118791
87118945
87118954
87118963
87118977
87119005
87119016
87119025
87119061
87119182
87119191
87119200
87119217
87119341
87119350
87119360
87119370
87119440
87119452
87119462
87119478
87119604
87119614
87119623
87119633
87119778
87119787
87119796
87119813
87119857
87119867
87119876
87119925
87120087
87120096
87120106
87120121
87120177
87120186
87120195
87120201
87120267
87120276
87120282
87120297
87120435
87120444
87120454
87120482
87120491
87120500
87120555
87120569
87120581
87120711
87120720
87120729
87120786
87120795
87120804
87120856
87120866
87120875
87121015
87121026
87121036
87121071
87121085
87121094
87121103
87121188
87121197
87121349
87121359
87121368
87121411
87121421
87121430
87121508
87121515
87121521
87121682
87121691
87121700
87121793
87121802
87121808
87121934
87121951
87121968
87122053
87122062
87122072
87122118
87122128
87122138
87122269
87122278
87122287
87122308
87122340
87122349
87122359
87122386
87122420
87122431
87122440
87122467
87122468
87122619
87122629
87122638
87122674
87122675
87122711
87122721
87122753
87122754
87122803
87122809
87122815
87122847
87122848
87122983
87122990
87122998
87123029
87123030
87123051
87123060
87123070
87123094
87123095
87123116
87123125
87123134
87123180
87123185
87123298
87123307
87123316
87123362
87123363
87123403
87123409
87123415
87123529
87123535
87123542
87123559
87123560
87123727
87123733
87123740
87123754
87123755
87123867
87123873
87123880
87123892
87123893
87123953
87123962
87123972
87123985
87123986
87124157
87124167
87124177
87124189
87124190
87124229
87124239
87124248
87124262
87124263
87124291
87124300
87124309
87124315
87124316
87124517
87124529
87124538
87124547
87124549
87124604
87124613
87124622
87124632
87124668
87124677
87124680
87124687
87124894
87124904
87124911
87125003
87125012
87125021
87125103
87125113
87125122
87125283
87125285
87125294
87125305
87125370
87125373
87125383
87125392
87125432
87125434
87125437
87125439
87125484
87125507
87125521
87125692
87125700
87125711
87125721
87125794
87125798
87125808
87125817
87125866
87125878
87125887
87125896
87126040
87126047
87126057
87126066
87126104
87126109
87126118
87126128
87126163
87126165
87126196
87126206
87126215
87126351
87126353
87126363
87126374
87126380
87126433
87126435
87126444
87126455
87126464
87126544
87126552
87126570
87126582
87126588
87126733
87126735
87126744
87126753
87126762
87126852
87126866
87126889
87126898
87126911
87127030
87127031
87127050
87127067
87127187
87127193
87127202
87127212
87127222
87127263
87127264
87127279
87127290
87127300
87127326
87127327
87127409
87127425
87127439
87127482
87127483
87127491
87127500
87127509
87127548
87127549
87127567
87127576
87127582
87127637
87127776
87127786
87127792
87127847
87127860
87127869
87127878
87127913
87127935
87127947
87127957
87128006
87128119
87128128
87128138
87128192
87128215
87128224
87128233
87128281
87128431
87128437
87128443
87128690
87128856
87128866
87128877
87129094
87129228
87129235
87129241
87129604
87129613
87129623
87130084
87130095
87130101
87130475
87130485
87130494
87130774
87130783
87130789
87131277
87131287
87131296
87131654
87131660
87131666
87132039
87132049
87132055
87132462
87132520
87132526
87132830
87132839
87132849
87133012
87133184
87133190
87133196
87133387
87133703
87133709
87133715
87133843
87134046
87134056
87134066
87134147
87134358
87134367
87134376
87134524
87134776
87134785
87134794
87134928
87135130
87135140
87135151
87135299
87135486
87135496
87135505
87135649
87135967
87135976
87135985
87135995
87135997
87136062
87136273
87136282
87136292
87136360
87136429
87136654
87136665
87136677
87136745
87136855
87137126
87137135
87137144
87137156
87137231
87137457
87137516
87137521
87137522
87137532
87137547
87137551
87137622
87137623
87137943
87137953
87137973
87137979
87137994
87138017
87138315
87138325
87138334
87138682
87138693
87138704
87139036
87139045
87139054
87139487
87139496
87139505
87139835
87139845
87139854
87140159
87140173
87140188
87140584
87140593
87140602
87140941
87140950
87140959
87141363
87141382
87141400
87141729
87141735
87141742
87142109
87142118
87142127
87142619
87142629
87142639
87143002
87143012
87143018
87143383
87143403
87143409
87143802
87143811
87143819
87144176
87144186
87144192
87144618
87144629
87144637
87144936
87144940
87144943
87145188
87145198
87145209
87145414
87145415
87145416
87145417
87145418
87145421
87145422
87145426
87145430
87145431
87145432
87145433
87145722
87145723
87145725
87145726
87145728
87145784
87145787
87145788
87145790
87145791
87145792
87145793
87146023
87146025
87146026
87146028
87146029
87146031
87146034
87146035
87146037
87146038
87146042
87146043
87146595
87146597
87146599
87146600
87146602
87146604
87146606
87146607
87146609
87146611
87146612
87146613
87146770
87146772
87253521
87253530
87253539
87253572
87253581
87253590
87253724
87253734
87253743
87253780
87253790
87253802
87253837
87253846
87253855
87253988
87253997
87254006
87254080
87254089
87254098
87254129
87254138
87254147
87254274
87254283
87254292
87254316
87254325
87254334
87254361
87254370
87254379
87254526
87254535
87254541
87254713
87254723
87254732
87254803
87254812
87254822
87255006
87255016
87255025
87255400
87255411
87255420
87255518
87255527
87255538
87255720
87255735
87255751
87255802
87255811
87255820
87255859
87255868
87255880
87256005
87256014
87256021
87256074
87256083
87256094
87256148
87256157
87256166
87256326
87256336
87256345
87256454
87256463
87256472
87256534
87256544
87256552
87256726
87256736
87256745
87256823
87256832
87256838
87256949
87256965
87256978
87257114
87257124
87257133
87257173
87257182
87257191
87257300
87257316
87257325
87257347
87257356
87257365
87257387
87257396
87257406
87257539
87257548
87257557
87257607
87257616
87257626
87257664
87257673
87257682
87257865
87257871
87257877
87257970
87257981
87257987
87258071
87258079
87258085
87258269
87258279
87258286
87258349
87258359
87258368
87258407
87258416
87258425
87258551
87258560
87258569
87258587
87258596
87258605
87258626
87258635
87258645
87258762
87258771
87258780
87258830
87258839
87258849
87258894
87258903
87258912
87259054
87259063
87259072
87259125
87259134
87259143
87259227
87259233
87259242
87259408
87259418
87259427
87259523
87259533
87259543
87259596
87259606
87259615
87259775
87259785
87259795
87259844
87259853
87259862
87259910
87259919
87259928
87260090
87260099
87260108
87260152
87260162
87260171
87260223
87260232
87260241
87260401
87260410
87260420
87260510
87260519
87260528
87260643
87260652
87260658
87260882
87260892
87260898
87260991
87261001
87261010
87261096
87261105
87261121
87261284
87261294
87261304
87261386
87261395
87261405
87261503
87261522
87261539
87261648
87261658
87261667
87261724
87261733
87261743
87261764
87261888
87261897
87261904
87261951
87261988
87261997
87262006
87262036
87262079
87262088
87262098
87262141
87262284
87262293
87262299
87262334
87262412
87262421
87262428
87262475
87262563
87262574
87262584
87262624
87262808
87262814
87262820
87262841
87262881
87262892
87262901
87262939
87263041
87263050
87263057
87263104
87263260
87263269
87263278
87263333
87263519
87263525
87263531
87263539
87263542
87263568
87263589
87263598
87263607
87263616
87263618
87263652
87263837
87263847
87263848
87263851
87263884
87263941
87263942
87263943
87263952
87263961
87264007
87264071
87264072
87264075
87264088
87264117
87264271
87264274
87264279
87264289
87264295
87264356
87264445
87264446
87264452
87264460
87264495
87264554
87264556
87264566
87264575
87264582
87264592
87264737
87264740
87264753
87264762
87264783
87264885
87264888
87264898
87264905
87264911
87265017
87265018
87265025
87265034
87265044
87265277
87265279
87265291
87265302
87265312
87265450
87265451
87265471
87265480
87265489
87265570
87265572
87265586
87265595
87265607
87265642
87265756
87265757
87265767
87265777
87265786
87265801
87265832
87265833
87265856
87265867
87265877
87265915
87265972
87265973
87266002
87266013
87266023
87266048
87266179
87266180
87266237
87266246
87266256
87266276
87266313
87266314
87266347
87266358
87266368
87266391
87266443
87266444
87266475
87266484
87266491
87266529
87266649
87266658
87266667
87266685
87266769
87266778
87266790
87266814
87266912
87266921
87266932
87266989
87267827
87267838
87267847
87267979
87268515
87268527
87268539
87268552
87269105
87269120
87269176
87269290
87269862
87269872
87269882
87269892
87270485
87270494
87270504
87270531
87271183
87271201
87271216
87271218
87271944
87271945
87271954
87271963
87272419
87272420
87272430
87273203
87273265
87273274
87273284
87273698
87273703
87273712
87273721
87274457
87274466
87274475
87274975
87274984
87274993
87275791
87275800
87275809
87276134
87276143
87276152
87277050
87277059
87277068
87277430
87277440
87277449
87278351
87278416
87278682
87278691
87278700
87279570
87279618
87279913
87279922
87279931
87281048
87281057
87281066
87281098
87281107
87281116
87282177
87282186
87282196
87282392
87282401
87282410
87283529
87283538
87283547
87283599
87283608
87283618
87284881
87284891
87284900
87284991
87284998
87285004
87286070
87286072
87286082
87286093
87286309
87286318
87286327
87287183
87287192
87287251
87287404
87287413
87287422
87288308
87288318
87288327
87288742
87288751
87288760
87289411
87289420
87289486
87289964
87289973
87289987
87290618
87290687
87291235
87291244
87291253
87292073
87292084
87292412
87292421
87292430
87293104
87293114
87293183
87293694
87293703
87294387
87294410
87294898
87294915
87294933
87295756
87295762
87295768
87296108
87296118
87296127
87296915
87296934
87296951
87297470
87297479
87297488
87298115
87298127
87298136
87298632
87298641
87298968
87299457
87299466
87299472
87299491
87300226
87300235
87300304
87300454
87300912
87300918
87300925
87300947
87301776
87301786
87301797
87301931
87302187
87302197
87302203
87302220
87303099
87303108
87303115
87303355
87303361
87303362
87303368
87303377
87303386
87303389
87303857
87303858
87304212
87304221
87304540
87304582
87304587
87304657
87304666
87304677
87304678
87304680
87304737
87304738
87304741
87304752
87304765
87304833
87304835
87304836
87305197
87305200
87305822
87305823
87305838
87305847
87305856
87306432
87306435
87306951
87306960
87306969
87307072
87307073
87307090
87307099
87307696
87307697
87308204
87308263
87308272
87308437
87308444
87308496
87308506
87309166
87309167
87309712
87309760
87309781
87309888
87309889
87309930
87309936
87309942
87310717
87310720
87311310
87311316
87311322
87311982
87311983
87312000
87312009
87312018
87312617
87312618
87313199
87313209
87313276
87313967
87313968
87314563
87314572
87314581
87315215
87315216
87315664
87315674
87315712
87315713
87315748
87315758
87315888
87315889
87315916
87315925
87315950
87315951
87315976
87315985
87315994
87316019
87316020
87316063
87316074
87316305
87316315
87316323
87316405
87316414
87316423
87316480
87316489
87316495
87316651
87316660
87316669
87316701
87316710
87316748
87316757
87316952
87316961
87316970
87317001
87317010
87317044
87317053
87317191
87317200
87317209
87317266
87317276
87317398
87317416
87317601
87317608
87317614
87317691
87317700
87317710
87317912
87317918
87317928
87318021
87318030
87318041
87318134
87318144
87318389
87318398
87318612
87318621
87318710
87318719
87318728
87318889
87318894
87318902
87318906
87318913
87318915
87318916
87318918
87318919
87318920
87318921
87318922
87318928
87318929
87318932
87319211
87319212
87319273
87319324
87319394
87319404
87319414
87319451
87319641
87319652
87319658
87319694
87319793
87319800
87319806
87319900
87319909
87319919
87320149
87320155
87320161
87320786
87320795
87320823
87321433
87321439
87321445
87322362
87322373
87322383
87322784
87322795
87322804
87323644
87323653
87323662
87324119
87324129
87324140
87325041
87325052
87325062
87325382
87325392
87325404
87326366
87326375
87326384
87326726
87326747
87326767
87327734
87327771
87327780
87328224
87328234
87328245
87329117
87329158
87329168
87329580
87329590
87329599
87330475
87330477
87330480
87330487
87330488
87330733
87330743
87331061
87331070
87331079
87331991
87332002
87332011
87332305
87332316
87332367
87332949
87332959
87332970
87333550
87333560
87333594
87334504
87334516
87334527
87335125
87335134
87335143
87335809
87335875
87335881
87336721
87336758
87336796
87337121
87337131
87337140
87337837
87337853
87337866
87338541
87338553
87338559
87339119
87339125
87339131
87339783
87339794
87339806
87340580
87340589
87340598
87341374
87341384
87341394
87342015
87342025
87342036
87342975
87342985
87342995
87343605
87343615
87343624
87344573
87344580
87344641
87345165
87345174
87345181
87346132
87346195
87346201
87346821
87346830
87346836
87347775
87347829
87347838
87348303
87348312
87348321
87349431
87349441
87349451
87349605
87349615
87349624
87349717
87349726
87349736
87349935
87349944
87349953
87350179
87350189
87350199
87350414
87350420
87350428
87350548
87350555
87350561
87350686
87350693
87350704
87350897
87350907
87350916
87351021
87351032
87351041
87351171
87351180
87351189
87351683
87351697
87351707
87351903
87352645
87352654
87352663
87352738
87352744
87352748
87352992
87353002
87353065
87353241
87353458
87354129
87354138
87354147
87354172
87354193
87354520
87354530
87354539
87354732
87354914
87355424
87355467
87355497
87355519
87355622
87355876
87355886
87355896
87356028
87356209
87356860
87356869
87356880
87356894
87356911
87357372
87357381
87357390
87357462
87357730
87358240
87358249
87358259
87358272
87358287
87358708
87358717
87358726
87358794
87358806
87358886
87358906
87358923
87358938
87359028
87359231
87359238
87359245
87359254
87359272
87359529
87359530
87359539
87359549
87359566
87360158
87360191
87360210
87360228
87360248
87360356
87360359
87360369
87360378
87360448
87360640
87360641
87360650
87360659
87360664
87360738
87360773
87360782
87360792
87360803
87361043
87361199
87361218
87361227
87361233
87398985
87398994
87398997
87399004
87399036
87399037
87399046
87399055
87399185
87399187
87399197
87399206
87399249
87399252
87399261
87399270
87399311
87399315
87399324
87399333
87399465
87399470
87399480
87399489
87399555
87399559
87399568
87399577
87399597
87399600
87399609
87399618
87399732
87399735
87399744
87399753
87399779
87399782
87399791
87399800
87399820
87399822
87399831
87399840
87399962
87399964
87399973
87399982
87400128
87400133
87400142
87400151
87400189
87400201
87400211
87400221
87400357
87400368
87400377
87400386
87400566
87400702
87400716
87400731
87400811
87400820
87400829
87400993
87401009
87401025
87401058
87401067
87401076
87401099
87401108
87401117
87401239
87401248
87401257
87401278
87401287
87401296
87401315
87401324
87401333
87401476
87401485
87401494
87401588
87401597
87401607
87401641
87401650
87401659
87401791
87401800
87401809
87401857
87401866
87401875
87401919
87401936
87401954
87402101
87402110
87402120
87402158
87402167
87402176
87402295
87402313
87402329
87402361
87402370
87402379
87402412
87402421
87402431
87402557
87402566
87402575
87402635
87402637
87402647
87402656
87402731
87402732
87402733
87402736
87402737
87402739
87402742
87402743
87402744
87402746
87402749
87402757
87402925
87402929
87402938
87403003
87403006
87403015
87403021
87403072
87403075
87403084
87403093
87403489
87403588
87403597
87403606
87404122
87404238
87404247
87404256
87404690
87404807
87404816
87404825
87405337
87405339
87405348
87405357
87405837
87405952
87405961
87405970
87406400
87406520
87406530
87406539
87406656
87406660
87406669
87406678
87406728
87406731
87406740
87406749
87406779
87406785
87406795
87406804
87406939
87406949
87406958
87406967
87407001
87407017
87407027
87407036
87407064
87407066
87407076
87407086
87407095
87407230
87407232
87407234
87407236
87407238
87407239
87407244
87407255
87407264
87407311
87407314
87407315
87407318
87407319
87407320
87407329
87407339
87407366
87407371
87407380
87407390
87407537
87407547
87407557
87407602
87407612
87407621
87407645
87407655
87407664
87407788
87407797
87407806
87408319
87408329
87408338
87408784
87408794
87408803
87408941
87408951
87408961
87409011
87409020
87409030
87409073
87409083
87409092
87409258
87409267
87409276
87409315
87409325
87409334
87409356
87409370
87409387
87409498
87409507
87409516
87409542
87409551
87409560
87409657
87409674
87409691
87409749
87409758
87409768
87409809
87409818
87409827
87409956
87409965
87409974
87410023
87410032
87410042
87410086
87410096
87410105
87410242
87410251
87410260
87410334
87410344
87410353
87410404
87410413
87410422
87410546
87410555
87410564
87410600
87410610
87410620
87410643
87410652
87410662
87410791
87410800
87410809
87411003
87411012
87411022
87411088
87411099
87411109
87411274
87411283
87411293
87411365
87411375
87411384
87411440
87411449
87411458
87411621
87411631
87411641
87411735
87411744
87411753
87411783
87411786
87411795
87411804
87411922
87411923
87411925
87411934
87411943
87411963
87411966
87411976
87411985
87412029
87412033
87412042
87412051
87412170
87412180
87412189
87412202
87412274
87412291
87412300
87412311
87412362
87412363
87412374
87412384
87412393
87412543
87412555
87412564
87412573
87412628
87412635
87412644
87412653
87412708
87412735
87412744
87412754
87412893
87412928
87412938
87412947
87412993
87412996
87413008
87413018
87413028
87413044
87413050
87413059
87413068
87413183
87413189
87413199
87413208
87413218
87413247
87413264
87413273
87413282
87413367
87413391
87413400
87413409
87413555
87413565
87413574
87413599
87413608
87413617
87413693
87413712
87413729
87413810
87413819
87413882
87413891
87413900
87414060
87414069
87414078
87414176
87414189
87414195
87414262
87414271
87414279
87414441
87414450
87414456
87414485
87414510
87414519
87414528
87414608
87414650
87414659
87414665
87414690
87414797
87414806
87414815
87414863
87414878
87414887
87414896
87414908
87414926
87414935
87414944
87414967
87415097
87415107
87415117
87415147
87415184
87415194
87415203
87415233
87415259
87415269
87415278
87415306
87415439
87415448
87415457
87415510
87415566
87415572
87415578
87415619
87415697
87415701
87415702
87415706
87415707
87415709
87415711
87415713
87415715
87415718
87415731
87415732
87415734
87415771
87415897
87415901
87415902
87415907
87415909
87415910
87415911
87415912
87415913
87415973
87416005
87416006
87416009
87416010
87416011
87416012
87416013
87416016
87416019
87416020
87416021
87416024
87416027
87416062
87416083
87416125
87416131
87416144
87416151
87416263
87416274
87416283
87416295
87416328
87416351
87416360
87416369
87416381
87416389
87416416
87416426
87416435
87416455
87416465
87416596
87416606
87416617
87416627
87416635
87416677
87416686
87416695
87416696
87416717
87416750
87416753
87416754
87416763
87416772
87416960
87416977
87416989
87416998
87417079
87417089
87417099
87417155
87417165
87417171
87417326
87417336
87417345
87417392
87417401
87417410
87417445
87417455
87417465
87417616
87417625
87417634
87417681
87417690
87417699
87417745
87417754
87417893
87417902
87417912
87417964
87417975
87417984
87418026
87418035
87418047
87418243
87418252
87418258
87418320
87418329
87418335
87418445
87418466
87418483
87418569
87418578
87418584
87418656
87418665
87418672
87418798
87418807
87418816
87418880
87418890
87418899
87418937
87418946
87419091
87419101
87419110
87419182
87419189
87419196
87419215
87419218
87419219
87419222
87419224
87419226
87419317
87419319
87419321
87419324
87419325
87419326
87419330
87419331
87419522
87419535
87419541
87419552
87419643
87419659
87419667
87419673
87419727
87419741
87419750
87419756
87419909
87419972
87420037
87420189
87420256
87420295
87420460
87420496
87420540
87420688
87420766
87420823
87420956
87420993
87421026
87421197
87422592
87422765
87422855
87422913
87423097
87423159
87423203
87423407
87423437
87423439
87423443
87423445
87423446
87423448
87423449
87423451
87423453
87423454
87423456
87423457
87423459
87423460
87423462
87423463
87423466
87423470
87423472
87423473
87423527
87423581
87423761
87423815
87423869
87424027
87424078
87424135
87424307
87424372
87424442
87424599
87427035
87427072
87427102
87427236
87427299
87427320
87427436
87427453
87427463
87427573
87427629
87427661
87427792
87427835
87427883
87428029
87428091
87428113
87428229
87428248
87430163
87430165
87430166
87430167
87430169
87430171
87430173
87430175
87430177
87430180
87430183
87430184
87430185
87430187
87430189
87430191
87430192
87430195
87430197
87430199
87430290
87430306
87430323
87430339
87438915
87438923
87438934
87439054
87439057
87439068
87439113
87439118
87439126
87439287
87439289
87439292
87439328
87439330
87439335
87439377
87439382
87439387
87439510
87439521
87439524
87439596
87439599
87439606
87439669
87439672
87439677
87439818
87439830
87439834
87439879
87439883
87439888
87439941
87439945
87439954
87439958
87440083
87440086
87440110
87440124
87440170
87440176
87440185
87440195
87440244
87440248
87440252
87440258
87440375
87440378
87440384
87440393
87440409
87440412
87440417
87440423
87440432
87440444
87440459
87440471
87440477
87440484
87440493
87440512
87440622
87440635
87440641
87440675
87440684
87440694
87440706
87440720
87440723
87440730
87440732
87440738
87440754
87440776
87440812
87440899
87440927
87440934
87440948
87440973
87440981
87440999
87441032
87441096
87441161
87441211
87441217
87441231
87441254
87441262
87441287
87441302
87441374
87441407
87441431
87441435
87441440
87441465
87441467
87441471
87441481
87441567
87441589
87441641
87441646
87441656
87441681
87441701
87441849
87441877
87441923
87441948
87441997
87442012
87442158
87443195
87447451
87447464
87447496
87447498
87447546
87447551
87447701
87447703
87447786
87447790
87447831
87447836
87447980
87447983
87448032
87448033
87448079
87448081
87448209
87448213
87448294
87448302
87448353
87448358
87448368
87448516
87448519
87448535
87448579
87448583
87448595
87448657
87448662
87448674
87448810
87448818
87448826
87448879
87448887
87448891
87448911
87448919
87448931
87448945
87448952
87448970
87448978
87449009
87449118
87449122
87449131
87449138
87449163
87449182
87449188
87449199
87449210
87449240
87449286
87449291
87449312
87449443
87449446
87449489
87449508
87449511
87449528
87449546
87449550
87449561
87449690
87449696
87449709
87449733
87449737
87449764
87449797
87449803
87449824
87449952
87449962
87450012
87450040
87450044
87450053
87450091
87450102
87450159
87450299
87450313
87450342
87450405
87450427
87450485
87450553
87450643
87450704
87450779
87450791
87450846
87451683
87451684
87451688
87451689
87451693
87451694
87451700
87451701
87451705
87451707
87451710
87451711
87451713
87451714
87451715
87451716
87451717
87451718
87451720
87451721
87451722
87451723
87451725
87451908
87452151
87452248
87452429
87452483
87452557
87452738
87452819
87452903
87453085
87453209
87453287
87453289
87453424
87453457
87453496
87453679
87453773
87453777
87453778
87453779
87453783
87453785
87453787
87453789
87453791
87453792
87453794
87453801
87453809
87453812
87453816
87453818
87453819
87453821
87453823
87453827
87459736
87459870
87459935
87459963
87460076
87460087
87460105
87460215
87460354
87460406
87460541
87460741
87460923
87461081
87461148
87461178
87461297
87461317
87461328
87461333
87461395
87461444
87461445
87461508
87461577
87461598
87461631
87461767
87461802
87461826
87461848
87461901
87461915
87462027
87462052
87462105
87462109
87462121
87462139
87462143
87462152
87462257
87462259
87462262
87462271
87462274
87462277
87462288
87462290
87462293
87462402
87462405
87462409
87462450
87462454
87462459
87462475
87462483
87462504
87462633
87462638
87462652
87462671
87462676
87462687
87462704
87462709
87462717
87462835
87462839
87462847
87462964
87462980
87463000
87463152
87463171
87463181
87463291
87463343
87463373
87464666
87464667
87464669
87464670
87464671
87464672
87464674
87464676
87464678
87464680
87464681
87464684
87464685
87464687
87464689
87464690
87464694
87464695
87464696
87464697
87465428
87465432
87465434
87465437
87465440
87465443
87465445
87465447
87465448
87465450
87465451
87465454
87465458
87465460
87465461
87465462
87465468
87465470
87465472
87465473
87465475
87465509
87465568
87465588
87465729
87465740
87465763
87465774
87465802
87465821
87465951
87465962
87466026
87466032
87466050
87466053
87466167
87466171
87466193
87466212
87466261
87466283
87466425
87466453
87466623
87466649
87466707
87466729
87466853
87466865
87466893
87466905
87466933
87466953
87467084
87467100
87467174
87467207
87467236
87467252
87467282
87467299
87467411
87467454
87467463
87467507
87467516
87467554
87467661
87467714
87467755
87467811
87467831
87467888
87467995
87468064
87468078
87468129
87468149
87468212
87468322
87468326
87468435
87468517
87469411
87469412
87469413
87469414
87469556
87471146
87471241
87471430
87471603
87471686
87471751
87471958
87471962
87472040
87472043
87472135
87472139
87472145
87472332
87472334
87472431
87472434
87472477
87472478
87472599
87472600
87472632
87472633
87472729
87472730
87472902
87472903
87472989
87472990
87473074
87473075
87473268
87473269
87473369
87473370
87473453
87473625
87473729
87473788
87473789
87473908
87473909
87473951
87473952
87473969
87474095
87474158
87474201
87474202
87474348
87474349
87474390
87474395
87474463
87474466
87474646
87474647
87474677
87474678
87474708
87474709
87474832
87474833
87474859
87474860
87474874
87474875
87475018
87475020
87475021
87475056
87475057
87475058
87475104
87475250
87475299
87475346
87475513
87475565
87475566
87475609
87475610
87475740
87475741
87475780
87475813
87475978
87476033
87476104
87476467
87476691
87476831
87476921
87476963
87477103
87477126
87477171
87477205
87477237
87477262
87477378
87477454
87477482
87477532
87477571
87477614
87477745
87477775
87477820
87477871
87477912
87477948
87478077
87478150
87478200
87478230
87478255
87478302
87478411
87478436
87478496
87478524
87478559
87478653
87478757
87478804
87478824
87478861
87479104
87479241
87480150
87480223
87480287
87482172
87482401
87483877
87484195
87485677
87485990
87487577
87487844
87489329
87489720
87491141
87491142
87491144
87491145
87491146
87491150
87491152
87491155
87491156
87491157
87491159
87491161
87491162
87491164
87491166
87491167
87491168
87491169
87491172
87491176
87491178
87491319
87491380
87491395
87491841
87493229
87493551
87494928
87495133
87593357
87675338
87675339
87675340
87675341
87675342
87675343
87675344
87675345
87675346
87675347
87799245
87799284
87799319
87799376
87799392
87799511
87799573
87799629
87799644
87799727
87799790
87799860
87799986
87800049
87800114
87800122
87800134
87800140
87800146
87800154
87831877
87836095
87837268
87838485
87839399
87839503
87849286
87849287
87849288
87849290
87849337
87849349
87849350
87849351
87849352
87849355
87854807
87864073
87864074
87864075
87864076
87864077
87864078
87864079
87864080
87864081
87864082
88032333
88034454
88034456
88034459
88034582
88035491
88035550
88036676
88036741
88037072
88055880
88055883
88055943
88056006
88056066
88056129
88056193
88056252
88056293
88056311
88078254
88286611
88286669
88286703
88286729
88286781
88286783
88286784
88286785
88286787
88286790
88286792
88286793
88291141
88309806
88340354
88340362
88340363
88340366
88340368
88340370
88340372
88340375
88527947
88706682
88706687
88706778
88706814
88706872
88706888
88706931
88706991
88707051
88707058
88707064
88707069
88707074
88707079
88707085
88709740
88709744
88712071
88712553
88748717
88836143
88836152
88836161
88837067
88837076
88837086
88837757
88837766
88837775
88838670
88838679
88838688
88839674
88839683
88839692
88840636
88840645
88840654
88841736
88841745
88841754
88842708
88842717
88842783
88843755
88843818
88843830
88844874
88844884
88844950
88846047
88846056
88846065
88846978
88846987
88846996
88848022
88848031
88848041
88849116
88849125
88849134
88849692
88849701
88849710
88850784
88850793
88850802
88851443
88851452
88851476
88852532
88852541
88852550
88853153
88853162
88853171
88854156
88854165
88854231
88854819
88854831
88854898
88855905
88855971
88855980
88856486
88856555
88856564
88857681
88857703
88857718
88858246
88858255
88858321
88859413
88859422
88859432
88860057
88860067
88860076
88861149
88861163
88861224
88861939
88861949
88861958
88862886
88862895
88862904
88863553
88863562
88863571
88864466
88864475
88864513
88865364
88865373
88865382
88866175
88866184
88866193
88867092
88867101
88867110
88867849
88867858
88867867
88868900
88868952
88868962
88869630
88869639
88869649
88870604
88870613
88870622
88871362
88871371
88871381
88872347
88872356
88872365
88873002
88873011
88873020
88873946
88873956
88873965
88874613
88874622
88874634
88875560
88875569
88875578
88876243
88876252
88876262
88877218
88877227
88877237
88877955
88877964
88877973
88878919
88878928
88878937
88879593
88879630
88879668
88880680
88880689
88880698
88881428
88881437
88881500
88882305
88882359
88882380
88883219
88883242
88883252
88884115
88884126
88884136
88884963
88884972
88885039
88885863
88885873
88885882
88886892
88886903
88886912
88887745
88887755
88887790
88888609
88888618
88888627
88889450
88889513
88889536
88890639
88890648
88890657
88891510
88891576
88891585
88892335
88892344
88892353
88893228
88893237
88893303
88894011
88894020
88894029
88894938
88894949
88894958
88895674
88895683
88895692
88896554
88896563
88896572
88897415
88897425
88897488
88898223
88898232
88898241
88899157
88899166
88899175
88899842
88899851
88899860
88900810
88900819
88900828
88901512
88901521
88901530
88902490
88902499
88902508
88903245
88903254
88903263
88904190
88904199
88904208
88904855
88904865
88904874
88905804
88905813
88905822
88906474
88906484
88906493
88907488
88907497
88907506
88908180
88908190
88908199
88909185
88909194
88909205
88909884
88909893
88909902
88910985
88910994
88911003
88911700
88911710
88911719
88912738
88912748
88912757
88913483
88913492
88913501
88914452
88914461
88914470
88915180
88915190
88915218
88916134
88916200
88916209
88916877
88916886
88916949
88917861
88917871
88917881
88918610
88918619
88918628
88919572
88919581
88919647
88920308
88920318
88920357
88921339
88921389
88921417
88922096
88922106
88922153
88923134
88923186
88923195
88923814
88923868
88923890
88924834
88924843
88924852
88925542
88925551
88925560
88926458
88926467
88926478
88927289
88927298
88927307
88928099
88928108
88928117
88928978
88928987
88928996
88929802
88929811
88929821
88929841
88929843
88929844
88929846
88929848
88929852
88930673
88930717
88931466
88931475
88931484
88932414
88932423
88932432
88933167
88933176
88933185
88934118
88934127
88934136
88934804
88934813
88934823
88935713
88935722
88935732
88936446
88936455
88936465
88937332
88937341
88937350
88938147
88938157
88938168
88939008
88939017
88939026
88939781
88939791
88939800
88940695
88940705
88940768
88941543
88941606
88941616
88942435
88942444
88942454
88943282
88943292
88943302
88943955
88943964
88943979
88944023
88944032
88944042
88944099
88944108
88944117
88944230
88944244
88944255
88944342
88944351
88944361
88944417
88944432
88944455
88944631
88944633
88944635
88944639
88944642
88944645
88944646
88944650
88944652
88944655
88944675
88944677
88944680
88944720
88944725
88944733
88944835
88944844
88944850
88944943
88944952
88944963
88945020
88945031
88945041
88945095
88945104
88945110
88945148
88945157
88945166
88945194
88945203
88945212
88945229
88945238
88945247
88945304
88945313
88945325
88945400
88945409
88945419
88945488
88945497
88945508
88945618
88945628
88945637
88945685
88945694
88945703
88946443
88946452
88946461
88947572
88947582
88947591
88948440
88948511
88948522
88949360
88949369
88949378
88950315
88950324
88950380
88951218
88951227
88951236
88952052
88952061
88952070
88953098
88953107
88953116
88954130
88954139
88954148
88955126
88955135
88955144
88956092
88956102
88956111
88956931
88956941
88956950
88957970
88957979
88958036
88958859
88958868
88958934
88959950
88959971
88960026
88960727
88960736
88960745
88961850
88961859
88961868
88962640
88962649
88962658
88963603
88963649
88963659
88964659
88964668
88964736
88965760
88965771
88965780
88966656
88966722
88966731
88967831
88967842
88967907
88968748
88968757
88968766
88969703
88969714
88969724
88970739
88970749
88970759
88971486
88971555
88971565
88972418
88972464
88972474
88973165
88973175
88973241
88974211
88974220
88974229
88974916
88974925
88974934
88975905
88975914
88975923
88976605
88976616
88976686
88977594
88977603
88977612
88978365
88978425
88978434
88978743
88979291
88979301
88979310
88980380
88980390
88980399
88981058
88981067
88981076
88982018
88982073
88982096
88982716
88982725
88982734
88983809
88983818
88983827
88984369
88984379
88984388
88985451
88985461
88985470
88986080
88986090
88986153
88986996
88987005
88987014
88987814
88987825
88987834
88988925
88988935
88988946
88989620
88989629
88989638
88990670
88990705
88990746
88991297
88991341
88991372
88992344
88992353
88992422
88992926
88992935
88992945
88993922
88993931
88993941
88994650
88994712
88994728
88995641
88995651
88995714
88996401
88996469
88996478
88997360
88997370
88997379
88998280
88998290
88998299
88999190
88999199
88999208
89000092
89000101
89000111
89001018
89001027
89001037
89001766
89001775
89001784
89002683
89002692
89002701
89003391
89003400
89003409
89004321
89004330
89004339
89005179
89005188
89005216
89006061
89006070
89006079
89006920
89006929
89006938
89007692
89007701
89007711
89008665
89008734
89008744
89009611
89009620
89009629
89010572
89010584
89010593
89011483
89011549
89011558
89012384
89012393
89012402
89013338
89013347
89013356
89014290
89014335
89014345
89015173
89015184
89015223
89016155
89016164
89016233
89017148
89017159
89017168
89017897
89017907
89017970
89018990
89019053
89019062
89019727
89019736
89019796
89020906
89020917
89020929
89021592
89021609
89021616
89022765
89022775
89022785
89023470
89023476
89023482
89024681
89024690
89024696
89025351
89025361
89025424
89026435
89026444
89026455
89027169
89027178
89027200
89028144
89028154
89028165
89028995
89029047
89029060
89029813
89029823
89029832
89030703
89030758
89030779
89031561
89031571
89031580
89032558
89032564
89032633
89033323
89033330
89033336
89034401
89034410
89034416
89035041
89035047
89035053
89036118
89036127
89036136
89036733
89036744
89036753
89037837
89037846
89037855
89038430
89038439
89038450
89039514
89039523
89039533
89040100
89040109
89040119
89041264
89041331
89041340
89041892
89041950
89041956
89043060
89043073
89043084
89043707
89043716
89043725
89044815
89044825
89044832
89045460
89045469
89045532
89046606
89046615
89046624
89047220
89047230
89047240
89048320
89048329
89048335
89048973
89049039
89049048
89050197
89050205
89050212
89050906
89050916
89050925
89052086
89052126
89052133
89052763
89052829
89052838
89053905
89053914
89053923
89054482
89054519
89054564
89055571
89055580
89056276
89057325
89057330
89058159
89059174
89059988
89060969
89061843
89061849
89062742
89140845
89141433
89141589
89142478
89142491
89142973
89143215
89143648
89143767
89144151
89144622
89145371
89145554
89146202
89146383
89146765
89146776
89148645
89151712
89189182
