87102223
87102232
87102243
87102252
87102286
87102395
87102404
87102413
87102454
87102465
87102474
87102484
87102634
87102651
87102661
87102668
87102721
87102822
87102845
87102864
87102927
87102955
87102961
87102968
87103143
87103163
87103172
87103182
87103256
87103265
87103271
87103394
87103403
87103412
87103532
87103541
87103550
87103576
87103585
87103594
87103675
87103847
87103857
87103866
87103870
87104015
87104025
87104034
87104039
87104075
87104084
87104093
87104097
87104165
87104178
87104190
87104208
87104636
87104643
87104650
87104653
87104777
87104786
87104789
87104793
87104923
87104937
87104950
87104961
87105067
87105076
87105086
87105095
87105145
87105153
87105162
87105168
87105258
87105306
87105313
87105319
87105372
87105380
87105386
87105392
87105443
87105455
87105464
87105473
87105663
87105709
87105717
87105725
87105811
87105823
87105832
87105838
87105883
87105895
87105905
87105912
87106043
87106056
87106066
87106075
87106128
87106139
87106148
87106157
87106227
87106249
87106258
87106268
87106429
87106442
87106451
87106460
87106505
87106512
87106518
87106569
87106571
87106572
87106573
87106582
87106588
87106591
87106706
87106722
87106724
87106727
87106728
87106729
87106731
87106733
87106734
87106735
87106748
87106757
87106763
87106800
87106801
87106802
87106806
87106809
87106812
87106818
87106825
87106831
87106892
87106901
87106910
87107095
87107102
87107109
87107185
87107194
87107200
87107265
87107271
87107277
87107414
87107424
87107433
87107487
87107496
87107505
87107564
87107573
87107582
87107750
87107759
87107769
87107817
87107826
87107835
87107863
87107872
87107882
87108029
87108038
87108044
87108097
87108107
87108116
87108189
87108199
87108210
87108413
87108423
87108434
87108517
87108526
87108532
87108696
87108705
87108714
87108861
87108870
87108880
87108922
87108932
87108941
87109143
87109152
87109161
87109321
87109330
87109340
87109376
87109385
87109395
87109401
87109573
87109583
87109592
87109596
87109757
87109763
87109770
87109774
87109836
87109842
87109844
87109853
87110051
87110065
87110079
87110092
87110224
87110229
87110235
87110241
87110318
87110329
87110339
87110345
87110515
87110573
87110591
87110603
87110646
87110655
87110664
87110673
87110724
87110733
87110742
87110749
87110972
87111014
87111024
87111030
87111062
87111069
87111078
87111087
87111113
87111122
87111131
87111137
87111350
87111369
87111379
87111385
87111442
87111455
87111461
87111468
87111514
87111531
87111537
87111543
87111831
87111847
87111853
87111860
87111941
87111956
87111962
87111968
87112048
87112068
87112074
87112081
87112151
87112415
87112448
87112457
87112463
87112488
87112515
87112524
87112530
87112551
87112585
87112594
87112603
87112671
87112918
87112925
87112931
87112969
87113040
87113046
87113052
87113098
87113150
87113156
87113165
87113290
87113425
87113431
87113437
87113448
87113466
87113475
87113481
87113499
87113527
87113536
87113545
87113772
87113910
87113919
87113928
87113945
87113971
87113981
87113991
87114025
87114066
87114076
87114085
87114130
87114234
87114243
87114252
87114281
87114314
87114324
87114333
87114365
87114428
87114440
87114573
87114772
87114781
87114820
87114889
87114899
87114930
87114974
87114983
87115099
87115264
87115273
87115295
87115316
87115325
87115403
87115412
87115657
87115667
87115722
87115730
87115739
87115826
87115835
87115844
87116124
87116133
87116142
87116192
87116200
87116209
87116218
87116330
87116344
87116637
87116650
87116656
87116726
87116743
87116749
87116836
87116894
87116907
87116916
87117082
87117092
87117103
87117145
87117157
87117164
87117170
87117176
87117177
87117180
87117181
87117182
87117183
87117184
87117185
87117199
87117292
87117355
87117364
87117375
87117381
87117385
87117389
87117391
87117393
87117396
87117398
87117399
87117404
87117405
87117406
87117413
87117533
87117545
87117560
87117569
87117572
87117599
87117611
87117621
87117635
87117654
87117656
87117660
87117756
87117792
87117801
87117812
87117827
87117949
87117959
87117968
87117974
87117987
87118019
87118035
87118044
87118055
87118079
87118096
87118241
87118257
87118265
87118271
87118274
87118294
87118299
87118437
87118462
87118470
87118474
87118478
87118499
87118500
87118550
87118564
87118570
87118576
87118582
87118599
87118601
87118741
87118755
87118759
87118765
87118771
87118795
87118796
87118944
87118951
87118960
87118969
87118979
87118980
87119004
87119013
87119022
87119031
87119070
87119073
87119181
87119188
87119197
87119206
87119218
87119220
87119339
87119347
87119357
87119373
87119385
87119436
87119449
87119458
87119481
87119483
87119602
87119611
87119620
87119634
87119639
87119772
87119784
87119793
87119814
87119817
87119851
87119864
87119873
87119930
87119934
87120080
87120093
87120102
87120124
87120128
87120183
87120192
87120208
87120273
87120279
87120285
87120305
87120425
87120426
87120441
87120451
87120479
87120480
87120488
87120497
87120530
87120531
87120565
87120578
87120705
87120717
87120726
87120775
87120792
87120801
87120848
87120862
87120872
87121003
87121022
87121033
87121074
87121091
87121100
87121161
87121194
87121203
87121330
87121355
87121365
87121399
87121418
87121427
87121486
87121512
87121518
87121524
87121658
87121688
87121697
87121703
87121774
87121799
87121805
87121811
87121896
87121946
87121962
87121976
87122043
87122059
87122068
87122102
87122124
87122135
87122167
87122275
87122284
87122318
87122346
87122356
87122399
87122428
87122437
87122626
87122635
87122645
87122717
87122727
87122806
87122812
87122818
87122986
87122995
87123001
87123057
87123066
87123073
87123122
87123131
87123140
87123304
87123313
87123319
87123406
87123412
87123418
87123532
87123539
87123546
87123730
87123736
87123743
87123870
87123876
87123883
87123959
87123968
87123978
87124164
87124173
87124183
87124236
87124245
87124254
87124297
87124306
87124312
87124526
87124535
87124544
87124610
87124619
87124629
87124633
87124674
87124684
87124693
87124696
87124697
87124700
87124701
87124703
87124705
87124707
87124708
87124712
87124715
87124724
87124728
87124738
87124742
87124743
87124744
87124745
87124751
87124752
87124754
87124755
87124756
87124757
87124759
87124763
87124764
87124765
87124769
87124900
87124907
87124917
87124937
87124940
87124943
87125009
87125018
87125025
87125042
87125043
87125046
87125050
87125051
87125055
87125110
87125119
87125128
87125141
87125142
87125291
87125301
87125380
87125389
87125446
87125476
87125478
87125516
87125531
87125540
87125650
87125653
87125656
87125658
87125661
87125663
87125665
87125666
87125668
87125669
87125670
87125672
87125674
87125675
87125677
87125686
87125708
87125718
87125775
87125776
87125779
87125783
87125788
87125804
87125814
87125820
87125861
87125862
87125864
87125867
87125871
87125872
87125877
87125884
87125893
87126046
87126054
87126063
87126108
87126115
87126125
87126195
87126202
87126212
87126359
87126362
87126370
87126377
87126383
87126443
87126451
87126461
87126470
87126473
87126476
87126577
87126585
87126591
87126596
87126750
87126759
87126768
87126895
87126904
87126917
87127061
87127075
87127084
87127209
87127219
87127225
87127285
87127297
87127303
87127419
87127434
87127446
87127497
87127506
87127515
87127573
87127579
87127585
87127638
87127782
87127789
87127795
87127848
87127866
87127875
87127881
87127914
87127941
87127953
87127964
87128005
87128125
87128134
87128141
87128193
87128221
87128230
87128237
87128282
87128434
87128440
87128446
87128691
87128863
87128873
87128884
87129095
87129232
87129238
87129245
87129460
87129463
87129610
87129619
87129629
87129864
87129867
87130091
87130098
87130104
87130321
87130323
87130482
87130491
87130500
87130638
87130644
87130780
87130786
87130792
87131026
87131043
87131283
87131293
87131299
87131517
87131518
87131657
87131663
87131670
87131829
87131894
87132046
87132052
87132058
87132237
87132279
87132516
87132523
87132530
87132679
87132684
87132836
87132846
87132852
87133024
87133030
87133187
87133193
87133203
87133448
87133543
87133706
87133712
87133718
87133848
87133854
87134053
87134063
87134072
87134216
87134364
87134373
87134379
87134613
87134782
87134791
87134801
87134934
87135137
87135146
87135155
87135306
87135493
87135502
87135511
87135772
87135973
87135982
87135988
87136087
87136279
87136288
87136298
87136435
87136660
87136673
87136680
87136913
87137132
87137141
87137150
87137529
87137538
87137542
87137699
87137950
87137959
87137966
87138139
87138141
87138142
87138144
87138148
87138215
87138322
87138331
87138337
87138470
87138472
87138473
87138476
87138688
87138701
87138707
87138779
87138834
87138835
87138836
87138837
87138839
87138840
87138841
87138842
87138848
87139042
87139051
87139060
87139219
87139282
87139284
87139285
87139288
87139289
87139291
87139292
87139493
87139502
87139511
87139580
87139636
87139842
87139851
87139860
87139934
87139945
87140167
87140182
87140198
87140338
87140393
87140590
87140599
87140608
87140675
87140745
87140947
87140956
87141034
87141040
87141042
87141100
87141377
87141395
87141420
87141493
87141732
87141738
87141761
87141818
87141886
87142115
87142124
87142133
87253527
87253536
87253545
87253578
87253587
87253596
87253730
87253740
87253749
87253787
87253797
87253808
87253843
87253852
87253861
87253994
87254003
87254012
87254086
87254095
87254104
87254135
87254144
87254153
87254280
87254289
87254298
87254322
87254331
87254340
87254367
87254376
87254385
87254532
87254538
87254544
87254720
87254729
87254738
87254809
87254819
87254828
87255012
87255022
87255028
87255407
87255417
87255426
87255524
87255533
87255542
87255730
87255744
87255761
87255808
87255817
87255823
87255865
87255877
87255887
87256011
87256018
87256024
87256080
87256090
87256097
87256154
87256163
87256169
87256332
87256342
87256351
87256460
87256469
87256478
87256541
87256548
87256555
87256732
87256742
87256748
87256829
87256835
87256841
87256960
87256972
87256985
87257121
87257130
87257139
87257179
87257188
87257197
87257312
87257322
87257331
87257353
87257362
87257371
87257393
87257403
87257412
87257545
87257554
87257563
87257613
87257622
87257632
87257670
87257679
87257688
87257868
87257874
87257881
87257977
87257984
87257990
87258074
87258082
87258089
87258276
87258282
87258289
87258355
87258365
87258374
87258413
87258422
87258431
87258557
87258566
87258575
87258593
87258602
87258611
87258632
87258642
87258651
87258768
87258777
87258786
87258836
87258846
87258855
87258900
87258909
87258918
87259060
87259069
87259079
87259131
87259140
87259146
87259230
87259239
87259248
87259415
87259424
87259433
87259529
87259539
87259546
87259602
87259612
87259621
87259781
87259792
87259801
87259850
87259859
87259869
87259916
87259925
87259934
87260096
87260105
87260114
87260159
87260168
87260177
87260229
87260238
87260247
87260407
87260417
87260426
87260516
87260525
87260532
87260649
87260655
87260662
87260889
87260895
87260901
87260997
87261007
87261013
87261102
87261115
87261128
87261291
87261300
87261307
87261392
87261402
87261408
87261516
87261533
87261550
87261655
87261664
87261673
87261730
87261740
87261747
87261894
87261901
87261908
87261994
87262003
87262013
87262085
87262094
87262103
87262290
87262296
87262302
87262418
87262425
87262431
87262571
87262581
87262588
87262811
87262817
87262823
87262889
87262898
87262907
87263047
87263053
87263060
87263266
87263275
87263286
87263522
87263528
87263534
87263595
87263604
87263613
87263844
87263855
87263861
87263949
87263958
87263967
87264085
87264092
87264096
87264286
87264292
87264299
87264456
87264464
87264468
87264572
87264578
87264585
87264759
87264767
87264770
87264901
87264908
87264917
87264950
87265031
87265041
87265050
87265076
87265298
87265309
87265318
87265335
87265477
87265486
87265493
87265525
87265592
87265603
87265615
87265628
87265774
87265783
87265792
87265797
87265864
87265873
87265882
87265902
87266008
87266020
87266026
87266033
87266243
87266252
87266260
87266265
87266355
87266365
87266371
87266376
87266481
87266487
87266488
87266494
87266632
87266633
87266647
87266655
87266664
87266675
87266728
87266730
87266767
87266775
87266787
87266796
87266871
87266872
87266902
87266918
87266929
87266935
87267307
87267309
87267714
87267835
87267844
87267853
87268254
87268255
87268508
87268523
87268535
87268548
87268585
87268586
87268974
87269114
87269133
87269199
87269603
87269604
87269854
87269868
87269879
87269888
87269921
87269923
87270306
87270491
87270500
87270840
87270842
87271088
87271195
87271212
87271315
87271324
87271951
87271960
87272213
87272215
87272427
87272436
87272515
87272517
87273271
87273281
87273441
87273442
87273709
87273718
87273775
87273789
87274343
87274463
87274472
87274789
87274790
87274972
87274981
87274990
87275070
87275132
87275616
87275797
87275806
87276004
87276005
87276131
87276140
87276149
87276289
87276290
87276922
87277056
87277065
87277335
87277336
87277423
87277436
87277446
87277580
87277581
87278173
87278413
87278422
87278676
87278688
87278697
87279390
87279604
87279645
87279905
87279919
87279928
87280756
87281054
87281063
87281092
87281104
87281113
87281831
87282183
87282192
87282380
87282398
87282407
87283219
87283535
87283544
87283584
87283605
87283615
87284568
87284888
87284897
87284961
87284995
87285001
87285010
87285687
87286079
87286090
87286237
87286315
87286324
87287189
87287203
87287410
87287419
87288315
87288324
87288748
87288757
87289417
87289462
87289970
87289982
87290659
87290693
87291241
87291250
87292081
87292090
87292418
87292427
87293110
87293172
87293700
87293710
87294393
87294456
87294910
87294927
87295759
87295765
87295771
87296115
87296124
87296927
87296945
87297476
87297485
87298123
87298133
87298638
87298647
87299463
87299469
87300232
87300301
87300915
87300922
87300928
87301783
87301793
87302193
87302200
87303105
87303111
87303118
87303374
87303383
87304218
87304227
87304247
87304663
87304673
87304895
87304897
87304958
87304960
87304963
87305636
87305674
87305680
87305806
87305808
87305809
87305811
87305812
87305813
87305814
87305816
87305818
87305819
87305820
87305821
87305825
87305826
87305827
87305844
87305853
87306957
87306966
87307096
87307105
87308260
87308269
87308503
87308509
87308512
87309718
87309778
87309785
87309933
87309939
87309945
87311313
87311319
87311327
87312006
87312015
87312021
87313206
87313241
87314569
87314578
87315671
87315680
87315755
87315764
87315922
87315931
87315982
87315991
87316071
87316080
87316218
87316219
87316312
87316318
87316359
87316360
87316411
87316420
87316445
87316446
87316486
87316492
87316613
87316614
87316657
87316666
87316681
87316682
87316707
87316716
87316729
87316730
87316754
87316763
87316871
87316872
87316958
87316967
87316979
87316980
87317007
87317016
87317023
87317024
87317050
87317059
87317165
87317166
87317197
87317206
87317221
87317222
87317272
87317283
87317295
87317296
87317410
87317426
87317488
87317489
87317604
87317611
87317617
87317632
87317633
87317697
87317707
87317724
87317725
87317915
87317925
87317932
87317947
87317948
87318027
87318037
87318047
87318048
87318140
87318150
87318171
87318172
87318395
87318404
87318412
87318413
87318618
87318628
87318633
87318635
87318716
87318725
87318982
87318994
87319003
87319020
87319023
87319042
87319046
87319056
87319057
87319062
87319063
87319064
87319072
87319073
87319075
87319076
87319081
87319082
87319085
87319087
87319092
87319093
87319094
87319095
87319099
87319100
87319101
87319105
87319108
87319111
87319113
87319119
87319121
87319123
87319126
87319130
87319131
87319134
87319138
87319139
87319141
87319142
87319147
87319171
87319279
87319285
87319291
87319311
87319323
87319401
87319411
87319420
87319437
87319450
87319647
87319655
87319674
87319695
87319796
87319803
87319811
87319821
87319830
87319831
87319906
87319915
87319933
87319949
87319950
87320152
87320158
87320164
87320184
87320199
87320200
87320792
87320798
87320927
87321108
87321109
87321436
87321442
87321448
87321455
87321585
87321586
87322368
87322380
87322390
87322462
87322463
87322792
87322801
87322811
87322816
87322939
87322940
87323650
87323659
87323669
87323796
87323797
87324126
87324136
87324137
87324279
87324280
87325040
87325049
87325059
87325192
87325193
87325381
87325389
87325401
87325539
87325540
87326362
87326372
87326381
87326427
87326542
87326545
87326546
87326549
87326715
87326740
87326761
87326870
87326876
87326934
87326937
87327637
87327768
87327777
87327849
87327920
87328104
87328231
87328240
87328251
87328317
87328379
87329024
87329155
87329164
87329177
87329300
87329587
87329596
87329605
87329608
87330497
87330498
87330499
87330502
87330504
87330505
87330510
87330513
87330515
87330573
87330578
87330581
87330641
87330653
87330665
87330728
87330731
87330739
87330740
87330747
87330750
87330754
87330755
87331067
87331076
87331085
87331999
87332008
87332014
87332313
87332329
87332390
87332956
87332966
87333557
87333566
87333638
87334510
87334522
87334531
87335131
87335140
87335856
87335878
87335884
87336727
87336793
87336805
87337128
87337136
87337144
87337848
87337861
87337875
87338549
87338556
87338562
87339122
87339128
87339134
87339791
87339802
87339813
87340586
87340595
87340601
87341381
87341391
87341400
87342021
87342033
87342039
87342981
87342992
87343001
87343612
87343621
87343627
87344577
87344593
87344644
87345171
87345178
87345184
87346161
87346198
87346204
87346827
87346833
87346839
87347826
87347835
87347844
87348309
87348318
87348327
87349437
87349447
87349457
87349612
87349621
87349630
87349723
87349732
87349742
87349941
87349950
87349959
87350076
87350083
87350089
87350186
87350196
87350205
87350417
87350423
87350431
87350552
87350558
87350564
87350690
87350700
87350710
87350904
87350913
87350923
87351029
87351038
87351047
87351177
87351186
87351196
87351693
87351704
87351713
87352651
87352660
87352726
87352999
87353045
87353072
87353613
87354135
87354144
87354155
87354214
87354527
87354536
87354546
87355036
87355430
87355493
87355506
87355632
87355882
87355893
87355902
87356337
87356866
87356877
87356886
87356922
87357378
87357387
87357396
87357793
87358246
87358256
87358265
87358298
87358714
87358723
87358732
87358818
87358900
87358917
87358934
87359040
87359241
87359251
87359344
87359536
87359546
87359637
87398991
87399001
87399010
87399043
87399052
87399062
87399194
87399203
87399212
87399258
87399267
87399276
87399321
87399330
87399339
87399477
87399486
87399495
87399565
87399574
87399583
87399606
87399615
87399624
87399741
87399750
87399759
87399788
87399797
87399806
87399828
87399837
87399846
87399970
87399979
87399988
87400139
87400148
87400157
87400208
87400218
87400227
87400374
87400383
87400393
87400712
87400726
87400739
87400790
87400817
87400826
87400835
87400964
87401003
87401019
87401033
87401052
87401064
87401073
87401082
87401098
87401105
87401114
87401124
87401233
87401245
87401254
87401263
87401271
87401284
87401293
87401308
87401321
87401330
87401439
87401482
87401491
87401572
87401594
87401603
87401626
87401647
87401656
87401775
87401797
87401806
87401816
87401837
87401863
87401872
87401892
87401931
87401948
87401966
87402052
87402107
87402117
87402140
87402164
87402173
87402182
87402197
87402307
87402324
87402347
87402367
87402376
87402391
87402418
87402427
87402442
87402563
87402572
87402587
87402643
87402653
87402662
87402750
87402754
87402758
87402763
87402764
87402765
87402766
87402767
87402768
87402771
87402772
87402773
87402775
87402776
87402777
87402778
87402781
87402782
87402784
87402788
87402789
87402790
87402794
87402935
87402944
87402950
87403012
87403018
87403024
87403081
87403090
87403100
87403594
87403603
87403612
87404244
87404253
87404263
87404813
87404822
87404831
87405345
87405354
87405360
87405958
87405967
87405976
87406527
87406536
87406545
87406666
87406675
87406684
87406737
87406746
87406755
87406792
87406801
87406810
87406955
87406964
87406973
87407023
87407033
87407042
87407083
87407092
87407101
87407250
87407261
87407270
87407321
87407323
87407324
87407326
87407335
87407336
87407345
87407351
87407370
87407377
87407387
87407397
87407521
87407533
87407536
87407543
87407544
87407554
87407561
87407565
87407569
87407571
87407572
87407574
87407588
87407609
87407618
87407627
87407632
87407642
87407651
87407661
87407670
87407673
87407777
87407794
87407803
87407812
87407823
87408019
87408325
87408335
87408344
87408347
87408651
87408790
87408791
87408800
87408809
87408810
87408924
87408948
87408958
87408967
87408986
87409017
87409027
87409036
87409052
87409080
87409089
87409099
87409212
87409264
87409273
87409282
87409297
87409321
87409331
87409340
87409350
87409365
87409381
87409399
87409487
87409504
87409513
87409522
87409530
87409548
87409557
87409566
87409572
87409668
87409686
87409712
87409755
87409765
87409774
87409785
87409815
87409824
87409838
87409962
87409971
87409994
87410029
87410039
87410061
87410093
87410102
87410248
87410257
87410340
87410350
87410410
87410419
87410552
87410561
87410607
87410617
87410649
87410658
87410797
87410806
87410816
87411009
87411019
87411095
87411106
87411280
87411290
87411372
87411381
87411446
87411455
87411627
87411638
87411741
87411750
87411792
87411801
87411931
87411940
87411972
87411982
87411991
87412039
87412048
87412186
87412197
87412297
87412306
87412380
87412390
87412561
87412570
87412576
87412641
87412650
87412741
87412751
87412757
87412935
87412944
87413014
87413025
87413056
87413065
87413205
87413214
87413270
87413279
87413397
87413406
87413523
87413561
87413571
87413590
87413593
87413605
87413614
87413639
87413706
87413724
87413798
87413816
87413825
87413869
87413888
87413897
87413939
87414066
87414075
87414153
87414186
87414192
87414199
87414232
87414268
87414275
87414282
87414328
87414447
87414453
87414459
87414491
87414516
87414525
87414531
87414611
87414656
87414662
87414668
87414691
87414803
87414812
87414821
87414866
87414884
87414893
87414912
87414932
87414941
87414970
87415104
87415113
87415150
87415191
87415200
87415235
87415265
87415275
87415307
87415445
87415454
87415514
87415569
87415575
87415582
87415719
87415724
87415728
87415735
87415737
87415741
87415743
87415744
87415745
87415747
87415748
87415752
87415753
87415754
87415755
87415758
87415759
87415761
87415764
87415766
87415767
87415772
87415774
87415915
87415918
87415919
87415921
87415922
87415924
87415926
87415927
87415929
87415930
87415931
87415934
87415937
87415938
87415941
87415944
87415946
87416034
87416035
87416037
87416039
87416040
87416047
87416050
87416053
87416128
87416135
87416138
87416270
87416280
87416289
87416357
87416366
87416375
87416423
87416432
87416442
87416603
87416612
87416624
87416683
87416692
87416702
87416760
87416769
87416780
87416797
87416986
87416995
87417001
87417018
87417075
87417086
87417096
87417105
87417113
87417150
87417162
87417168
87417174
87417184
87417323
87417333
87417342
87417351
87417358
87417389
87417398
87417407
87417413
87417420
87417442
87417452
87417461
87417471
87417475
87417584
87417622
87417631
87417640
87417647
87417675
87417687
87417696
87417705
87417710
87417736
87417751
87417761
87417764
87417889
87417899
87417909
87417915
87417950
87417967
87417972
87417981
87418013
87418025
87418032
87418042
87418227
87418238
87418249
87418255
87418303
87418316
87418326
87418332
87418339
87418375
87418390
87418461
87418477
87418554
87418563
87418575
87418581
87418587
87418629
87418648
87418662
87418668
87418697
87418706
87418804
87418813
87418869
87418876
87418886
87418896
87418925
87418943
87418952
87418974
87419098
87419107
87419185
87419193
87419199
87419229
87419230
87419233
87419234
87419237
87419238
87419239
87419241
87419244
87419246
87419247
87419250
87419252
87419253
87419256
87419261
87419266
87419270
87419276
87419280
87419334
87419338
87419341
87419344
87419345
87419349
87419350
87419354
87419356
87419358
87419360
87419362
87419363
87419364
87419367
87419368
87419371
87419372
87419374
87419376
87419378
87419549
87419559
87419663
87419670
87419677
87419747
87419753
87419762
87421306
87421396
87421586
87421693
87421757
87421905
87421977
87422002
87422125
87422142
87422177
87422373
87422472
87422564
87422729
87422817
87422887
87423039
87423133
87423180
87423476
87423478
87423482
87423484
87423485
87423487
87423488
87423492
87423493
87423495
87423497
87423500
87423503
87423506
87423508
87423509
87423512
87423514
87423518
87423519
87424652
87424706
87424872
87424937
87425024
87425151
87425193
87425275
87425435
87425500
87425613
87425710
87425769
87425915
87425998
87426027
87426169
87426215
87426269
87426420
87428265
87428372
87428413
87428445
87428600
87428663
87428739
87428915
87429017
87429085
87429252
87429309
87429333
87429456
87429523
87429573
87429722
87429769
87429845
87430018
87430200
87430203
87430204
87430208
87430209
87430211
87430213
87430216
87430217
87430218
87430221
87430223
87430224
87430225
87430227
87430228
87430229
87430231
87430233
87430234
87430385
87430388
87430390
87430392
87430393
87430395
87430397
87430401
87430406
87430408
87430411
87430414
87430416
87430419
87430422
87430424
87430427
87430430
87430432
87440765
87440769
87440774
87440911
87440920
87440923
87440959
87440964
87440969
87441011
87441019
87441027
87441180
87441205
87441207
87441242
87441248
87441250
87441293
87441297
87441301
87441412
87441420
87441429
87441457
87441461
87441464
87441477
87441478
87441480
87441624
87441632
87441635
87441667
87441669
87441675
87441677
87441720
87441728
87441739
87441749
87441896
87441900
87441908
87441914
87441970
87441975
87441985
87441990
87442027
87442038
87442047
87442076
87442171
87442215
87442219
87442230
87442235
87442242
87442273
87442289
87442293
87442302
87442307
87442314
87442327
87442334
87442337
87442342
87442390
87442446
87442460
87442471
87442475
87442482
87442486
87442493
87442504
87442523
87442526
87442539
87442624
87442658
87442675
87442730
87442734
87442752
87442802
87442811
87442840
87442978
87443003
87443031
87443072
87443079
87443101
87443154
87443163
87443187
87443350
87443360
87443390
87443481
87443501
87443534
87443556
87443560
87443586
87443769
87443788
87443794
87443815
87443846
87443871
87443885
87444086
87444100
87444123
87444179
87444222
87449260
87449268
87449432
87449438
87449500
87449502
87449537
87449541
87449669
87449672
87449722
87449725
87449779
87449783
87449935
87449941
87450024
87450029
87450066
87450074
87450276
87450283
87450365
87450374
87450393
87450447
87450454
87450472
87450623
87450625
87450634
87450716
87450721
87450755
87450818
87450824
87450833
87450920
87451025
87451029
87451040
87451046
87451088
87451097
87451102
87451113
87451118
87451131
87451145
87451148
87451189
87451219
87451301
87451364
87451372
87451377
87451382
87451433
87451496
87451571
87451708
87451730
87451733
87451734
87451736
87451737
87451741
87451742
87451744
87451745
87451746
87451747
87451748
87451749
87451752
87451753
87451754
87451755
87451756
87451757
87451758
87451759
87451820
87451821
87451822
87451823
87451824
87451825
87451892
87451960
87451964
87452084
87452152
87452154
87452159
87452161
87452164
87452247
87452254
87452257
87452258
87452430
87452431
87452433
87452434
87452435
87452484
87452485
87452487
87452488
87452489
87452556
87452560
87452567
87452578
87452582
87452740
87452741
87452746
87452751
87452820
87452823
87452827
87452832
87452839
87452840
87452902
87452907
87452913
87452928
87461569
87461591
87461627
87461798
87461839
87461910
87462048
87462117
87462148
87462261
87462275
87462292
87462407
87462456
87462495
87462643
87462683
87462713
87462843
87462943
87462968
87462995
87463003
87463009
87463151
87463157
87463170
87463176
87463180
87463185
87463289
87463298
87463339
87463356
87463368
87463380
87463501
87463506
87463517
87463533
87463538
87463551
87463571
87463575
87463588
87463701
87463707
87463747
87463764
87463770
87463780
87463793
87463797
87463808
87463924
87463930
87463945
87463973
87463989
87464020
87464050
87464067
87464089
87464223
87464230
87464283
87464317
87464328
87464349
87464394
87464411
87464441
87464570
87464602
87464630
87464699
87464700
87464701
87464703
87464704
87464712
87464846
87464848
87464849
87464851
87464852
87464855
87464857
87464860
87464926
87464927
87464928
87464929
87464930
87464931
87464933
87464934
87464935
87464963
87465081
87465132
87465476
87465478
87465479
87465481
87465484
87465487
87465488
87465489
87465493
87465497
87465498
87465499
87465502
87465505
87465506
87465508
87465510
87465518
87465522
87465524
87467424
87467440
87467467
87467496
87467527
87467546
87467670
87467693
87467764
87467794
87467844
87467868
87468014
87468045
87468091
87468113
87468158
87468197
87468350
87468388
87468484
87468518
87468574
87468575
87468700
87468702
87468746
87468748
87468812
87468813
87468979
87468980
87469043
87469044
87469114
87469115
87469287
87469385
87469419
87469555
87469654
87469656
87469719
87469721
87469872
87469874
87469922
87469923
87469990
87469991
87470145
87470146
87470234
87470235
87470296
87470297
87470504
87470505
87470599
87470660
87470813
87470927
87470982
87471147
87471242
87471431
87471604
87471687
87471752
87473452
87473623
87473727
87473786
87473906
87473950
87473967
87473968
87474093
87474094
87474155
87474157
87474197
87474198
87474345
87474346
87474387
87474388
87474460
87474461
87474643
87474644
87474674
87474675
87474704
87474705
87474829
87474831
87474855
87474858
87474871
87474873
87475015
87475017
87475019
87475022
87475023
87475024
87475026
87475028
87475059
87475106
87475252
87475302
87475351
87475388
87475526
87475530
87475577
87475587
87475588
87475720
87475758
87475781
87475794
87475796
87475816
87475927
87475980
87476001
87476004
87476035
87476069
87476071
87476107
87476342
87476416
87476481
87479001
87479218
87479278
87479316
87479341
87479449
87479489
87479543
87479573
87479609
87479674
87479841
87479877
87479914
87479961
87479989
87480027
87480140
87480181
87480204
87480228
87480247
87480305
87481210
87482206
87482246
87482521
87483407
87483889
87484010
87484342
87485152
87485686
87485722
87486104
87487087
87487584
87487621
87488790
87489463
87491179
87491181
87491183
87491186
87491187
87491189
87491191
87491193
87491196
87491198
87491201
87491202
87491203
87491207
87491208
87491209
87491213
87491214
87491215
87491220
87491453
87491456
87491458
87491459
87491461
87491462
87491474
87491502
87491527
87491529
87491532
87491533
87496122
87496967
87497849
87498627
87499607
87500413
87501225
87501874
87502376
87503590
87504146
87505015
87505096
87505278
87505368
87506307
87507497
87508049
87509075
87509480
87675737
87675738
87675739
87675740
87675741
87675742
87675743
87675744
87675745
87675746
87801112
87801126
87801137
87801146
87801156
87801165
87801177
87801187
87801254
87801325
87801397
87801462
87801529
87801543
87801613
87801672
87801739
87801801
87801867
87801934
87815271
87815273
87815276
87815465
87815466
87815468
87815469
87815470
87815472
87815505
87864741
87864742
87864743
87864744
87864745
87864746
87864747
87864748
87864749
87864750
88056374
88056377
88056378
88056380
88056381
88056384
88056385
88056448
88056627
88056688
88056713
88056749
88056808
88056863
88056922
88056981
88340283
88340284
88340285
88340286
88340287
88340288
88340289
88340290
88340291
88340294
88340295
88340297
88340303
88340304
88340310
88340317
88340337
88340342
88340343
88567969
88567970
88567976
88567977
88567979
88567984
88568047
88568105
88571348
88571409
88571470
88571525
88571526
88571584
88571936
88705875
88705936
88705941
88705949
88705958
88705982
88705988
88705996
88706003
88706009
88706019
88706158
88706228
88706294
88706357
88706421
88706426
88706490
88706551
88706556
88836149
88836158
88836167
88837073
88837082
88837149
88837763
88837772
88837781
88838676
88838685
88838695
88839680
88839689
88839698
88840642
88840651
88840704
88841742
88841751
88841818
88842714
88842768
88842789
88843801
88843824
88843838
88844881
88844909
88844956
88846053
88846062
88846072
88846984
88846993
88847003
88848028
88848037
88848052
88849122
88849131
88849141
88849698
88849707
88849765
88850790
88850799
88850817
88851449
88851458
88851527
88852538
88852547
88852556
88853159
88853168
88853234
88854162
88854205
88854237
88854828
88854863
88854907
88855944
88855977
88855986
88856538
88856561
88856570
88857700
88857710
88857725
88858252
88858318
88858328
88859419
88859429
88859438
88860064
88860073
88860139
88861155
88861221
88861230
88861946
88861955
88861964
88862892
88862901
88862910
88863559
88863568
88863577
88864472
88864481
88864550
88865370
88865379
88865388
88866181
88866190
88866199
88867098
88867107
88867116
88867855
88867864
88867873
88868949
88868959
88868968
88869636
88869645
88869655
88870610
88870619
88870628
88871368
88871378
88871387
88872353
88872362
88872371
88873008
88873017
88873026
88873952
88873962
88873971
88874619
88874628
88874640
88875566
88875575
88875584
88876249
88876258
88876268
88877224
88877234
88877294
88877961
88877970
88878015
88878925
88878934
88878997
88879599
88879665
88879675
88880686
88880695
88880705
88881434
88881497
88881506
88882318
88882377
88882386
88883239
88883248
88883258
88884122
88884133
88884196
88884969
88885022
88885045
88885870
88885879
88885933
88886899
88886909
88886918
88887752
88887761
88887825
88888615
88888624
88888633
88889458
88889532
88889544
88890645
88890654
88890664
88891570
88891582
88891592
88892341
88892350
88892359
88893234
88893266
88893309
88894017
88894026
88894035
88894946
88894955
88894964
88895680
88895689
88895698
88896560
88896569
88896578
88897422
88897449
88897500
88898229
88898238
88898247
88899163
88899172
88899182
88899848
88899857
88899866
88900816
88900825
88900835
88901518
88901527
88901537
88902496
88902505
88902519
88903251
88903260
88903269
88904196
88904205
88904214
88904861
88904871
88904880
88905810
88905819
88905828
88906480
88906490
88906499
88907494
88907503
88907513
88908186
88908196
88908218
88909191
88909201
88909245
88909890
88909899
88909908
88910991
88911000
88911011
88911707
88911716
88911783
88912745
88912754
88912820
88913489
88913498
88913507
88914458
88914467
88914533
88915186
88915197
88915263
88916197
88916206
88916215
88916883
88916905
88916956
88917868
88917878
88917887
88918616
88918625
88918634
88919578
88919644
88919653
88920314
88920324
88920384
88921345
88921414
88921424
88922103
88922113
88922177
88923183
88923192
88923201
88923836
88923887
88923896
88924840
88924849
88924858
88925548
88925557
88925567
88926464
88926474
88926484
88927295
88927304
88927313
88928105
88928114
88928124
88928984
88928993
88929002
88929808
88929818
88929827
88930680
88930743
88930750
88931472
88931481
88931490
88932420
88932429
88932438
88933173
88933182
88933191
88934124
88934133
88934142
88934810
88934819
88934829
88935719
88935729
88935738
88936452
88936461
88936471
88937338
88937347
88937356
88938153
88938164
88938174
88939014
88939023
88939032
88939787
88939797
88939806
88940702
88940729
88940775
88941603
88941613
88941622
88942441
88942451
88942467
88943288
88943299
88943308
88943961
88943973
88943986
88944029
88944038
88944048
88944105
88944114
88944124
88944241
88944252
88944263
88944348
88944358
88944367
88944428
88944443
88944471
88944659
88944666
88944672
88944729
88944739
88944745
88944746
88944752
88944757
88944759
88944763
88944766
88944769
88944772
88944776
88944779
88944780
88944783
88944784
88944786
88944790
88944793
88944794
88944797
88944800
88944841
88944847
88944854
88944949
88944959
88944966
88945026
88945038
88945048
88945101
88945107
88945113
88945154
88945163
88945172
88945200
88945209
88945219
88945235
88945244
88945253
88945310
88945320
88945331
88945406
88945416
88945425
88945494
88945504
88945515
88945624
88945634
88945643
88945691
88945700
88945709
88946449
88946458
88946467
88947578
88947588
88947597
88948486
88948519
88948528
88949366
88949375
88949384
88950321
88950345
88950399
88951224
88951233
88951243
88952058
88952067
88952076
88953104
88953113
88953122
88954136
88954145
88954154
88955132
88955141
88955150
88956098
88956108
88956117
88956938
88956947
88956957
88957976
88957987
88958056
88958865
88958892
88958940
88959956
88960023
88960032
88960733
88960742
88960751
88961856
88961865
88961874
88962646
88962655
88962664
88963646
88963656
88963665
88964665
88964720
88964742
88965768
88965777
88965844
88966662
88966728
88966738
88967839
88967891
88967914
88968754
88968763
88968772
88969710
88969721
88969730
88970746
88970756
88970765
88971552
88971562
88971571
88972461
88972471
88972481
88973171
88973212
88973247
88974217
88974226
88974235
88974922
88974931
88974940
88975911
88975920
88975929
88976613
88976627
88976692
88977600
88977609
88977619
88978402
88978431
88978440
88979298
88979307
88979316
88980387
88980396
88980406
88981064
88981073
88981082
88982042
88982093
88982103
88982722
88982731
88982740
88983815
88983824
88983833
88984375
88984385
88984394
88985457
88985467
88985476
88986086
88986150
88986160
88987002
88987011
88987020
88987821
88987831
88987892
88988932
88988942
88988952
88989626
88989635
88989644
88990676
88990743
88990752
88991304
88991369
88991378
88992350
88992419
88992428
88992932
88992942
88992951
88993928
88993938
88993983
88994678
88994725
88994734
88995647
88995668
88995720
88996459
88996475
88996484
88997367
88997376
88997393
88998286
88998296
88998306
88999196
88999205
88999251
89000098
89000108
89000117
89001024
89001033
89001043
89001772
89001781
89001790
89002689
89002698
89002707
89003397
89003406
89003415
89004327
89004336
89004345
89005185
89005195
89005255
89006067
89006076
89006086
89006926
89006935
89006945
89007698
89007708
89007717
89008731
89008741
89008822
89009617
89009626
89009636
89010580
89010590
89010599
89011535
89011555
89011564
89012390
89012399
89012408
89013344
89013353
89013362
89014332
89014342
89014351
89015179
89015211
89015252
89016161
89016230
89016240
89017154
89017165
89017174
89017903
89017967
89017977
89019050
89019059
89019068
89019733
89019793
89019802
89020913
89020926
89020936
89021606
89021612
89021620
89022771
89022782
89022840
89023473
89023479
89023485
89024687
89024693
89024699
89025357
89025421
89025430
89026441
89026450
89026461
89027175
89027185
89027217
89028150
89028162
89028171
89029044
89029057
89029066
89029820
89029829
89029838
89030713
89030776
89030785
89031568
89031577
89031586
89032561
89032630
89032636
89033326
89033333
89033340
89034407
89034413
89034419
89035044
89035050
89035056
89036124
89036133
89036142
89036739
89036750
89036759
89037843
89037852
89037861
89038436
89038445
89038456
89039520
89039529
89039598
89040106
89040116
89040125
89041328
89041337
89041346
89041947
89041953
89041959
89043068
89043081
89043124
89043713
89043722
89043731
89044822
89044829
89044835
89045466
89045496
89045538
89046612
89046621
89046630
89047227
89047237
89047246
89048326
89048332
89048338
89049033
89049045
89049051
89050201
89050208
89050259
89050913
89050922
89050931
89052123
89052130
89052136
89052807
89052835
89052844
89053911
89053920
89053929
89054488
89054561
89054570
89055577
89055586
89056340
89059994
89061846
89140846
89141436
89141586
89142480
89142489
89142950
89143217
89143592
89143829
89144148
89144630
89145373
89145501
89146200
89146386
89146762
89146830
89148585
89151713
