87102229
87102240
87102249
87102392
87102401
87102410
87102462
87102471
87102481
87102648
87102657
87102809
87102838
87102855
87102952
87103160
87103169
87103179
87103234
87103253
87103262
87103385
87103391
87103400
87103409
87103515
87103529
87103538
87103547
87103563
87103573
87103582
87103591
87103727
87103844
87103854
87103863
87104000
87104012
87104022
87104031
87104056
87104072
87104081
87104090
87104128
87104161
87104174
87104186
87104633
87104774
87104783
87104931
87105073
87105082
87105092
87105150
87105159
87105303
87105452
87105461
87105470
87105820
87105829
87105892
87105902
87106053
87106063
87106072
87106136
87106145
87106154
87106246
87106255
87106265
87106439
87106448
87106457
87106487
87106488
87106489
87106490
87106491
87106493
87106494
87106495
87106496
87106497
87106498
87106499
87106501
87106511
87106522
87106579
87106585
87106745
87106754
87106760
87106888
87106898
87106907
87107182
87107191
87107262
87107411
87107421
87107430
87107484
87107493
87107502
87107561
87107570
87107579
87107747
87107756
87107766
87107814
87107823
87107832
87107860
87107869
87107879
87108025
87108035
87108094
87108104
87108113
87108185
87108196
87108410
87108420
87108430
87108514
87108523
87108693
87108702
87108711
87108858
87108867
87108877
87108919
87108929
87108938
87109139
87109149
87109158
87109166
87109318
87109327
87109337
87109343
87109373
87109382
87109391
87109394
87109570
87109576
87109580
87109589
87109750
87109754
87109827
87109833
87109861
87110000
87110043
87110059
87110166
87110206
87110221
87110250
87110291
87110310
87110326
87110335
87110349
87110477
87110485
87110567
87110585
87110607
87110630
87110642
87110652
87110661
87110670
87110678
87110713
87110723
87110730
87110739
87110752
87110901
87110941
87111011
87111021
87111034
87111056
87111059
87111066
87111075
87111084
87111091
87111107
87111112
87111119
87111128
87111140
87111250
87111307
87111364
87111376
87111429
87111441
87111449
87111497
87111510
87111526
87111711
87111801
87111838
87111844
87111912
87111932
87111950
87112021
87112059
87112194
87112430
87112443
87112454
87112490
87112502
87112506
87112511
87112521
87112552
87112568
87112574
87112582
87112591
87112600
87112674
87112896
87112972
87113006
87113135
87113408
87113456
87113463
87113472
87113514
87113524
87113533
87113542
87113895
87113907
87113916
87113925
87113953
87113968
87113978
87113988
87114039
87114063
87114073
87114082
87114213
87114231
87114240
87114249
87114290
87114308
87114321
87114330
87114391
87114425
87114437
87114769
87114778
87114886
87114896
87114971
87114980
87115261
87115270
87115313
87115322
87115337
87115338
87115339
87115341
87115400
87115409
87115520
87115522
87115523
87115524
87115525
87115542
87115654
87115664
87115688
87115727
87115736
87115781
87115782
87115784
87115786
87115832
87115841
87115961
87115983
87116011
87116030
87116055
87116129
87116139
87116197
87116206
87116215
87116341
87116352
87116646
87116740
87116888
87117089
87117098
87117109
87117154
87117160
87117167
87117352
87117361
87117371
87117542
87117551
87117608
87117618
87117629
87117789
87117798
87117807
87117956
87117965
87118031
87118041
87118050
87118458
87118908
87118948
87118957
87118966
87118995
87119008
87119019
87119028
87119178
87119185
87119194
87119203
87119233
87119344
87119353
87119421
87119446
87119455
87119594
87119608
87119617
87119626
87119658
87119781
87119790
87119842
87119861
87119870
87120067
87120090
87120099
87120176
87120180
87120189
87120263
87120270
87120438
87120447
87120457
87120485
87120494
87120560
87120574
87120585
87120706
87120714
87120723
87120776
87120789
87120798
87120851
87120859
87120869
87121004
87121019
87121030
87121039
87121076
87121088
87121097
87121106
87121176
87121191
87121200
87121332
87121352
87121362
87121371
87121400
87121415
87121424
87121488
87121661
87121685
87121694
87121778
87121796
87121897
87121940
87121957
87122045
87122056
87122065
87122075
87122105
87122121
87122131
87122141
87122169
87122272
87122281
87122320
87122343
87122353
87122362
87122400
87122424
87122434
87122513
87122514
87122622
87122632
87122642
87122692
87122693
87122714
87122724
87122762
87122763
87122861
87123039
87123054
87123063
87123098
87123119
87123128
87123137
87123191
87123301
87123310
87123369
87123565
87123956
87123965
87123975
87124161
87124170
87124180
87124233
87124242
87124251
87124294
87124303
87124520
87124532
87124541
87124607
87124616
87124626
87124671
87124681
87124690
87124770
87124782
87124803
87124827
87124897
87124914
87124965
87125006
87125015
87125107
87125116
87125125
87125288
87125298
87125308
87125309
87125314
87125377
87125386
87125511
87125526
87125536
87125703
87125715
87125787
87125801
87125811
87125859
87125881
87125890
87125900
87126034
87126050
87126060
87126100
87126112
87126122
87126131
87126156
87126199
87126209
87126218
87126343
87126366
87126425
87126447
87126458
87126467
87126532
87126573
87126729
87126747
87126756
87126765
87126771
87126833
87126892
87126901
87127012
87127048
87127056
87127182
87127200
87127205
87127215
87127262
87127277
87127282
87127294
87127362
87127414
87127489
87127494
87127503
87127512
87127522
87127570
87127596
87127779
87127799
87127863
87127872
87127886
87127938
87127950
87127960
87127969
87128122
87128131
87128149
87128218
87128227
87128247
87128452
87128860
87128870
87128880
87128947
87129249
87129310
87129607
87129616
87129626
87129642
87130087
87130478
87130488
87130497
87130777
87131280
87131290
87132043
87132510
87132833
87132842
87134050
87134059
87134069
87134221
87134222
87134224
87134225
87134226
87134228
87134230
87134288
87134289
87134361
87134370
87134779
87134788
87134798
87135133
87135143
87135490
87135499
87135508
87135970
87135979
87136276
87136285
87136295
87136657
87136669
87137129
87137138
87137147
87137302
87137525
87137535
87137947
87137956
87137963
87138318
87138328
87138685
87138698
87139039
87139048
87139057
87139320
87139490
87139499
87139508
87139639
87139838
87139848
87139857
87140005
87140162
87140178
87140193
87140453
87140587
87140596
87140605
87140751
87140944
87140953
87140963
87141103
87141370
87141388
87141406
87141558
87142112
87142121
87142130
87142622
87142632
87143005
87143397
87143805
87144179
87144621
87144734
87144735
87145191
87145201
87145212
87145448
87145509
87145517
87145542
87145544
87145545
87145546
87145549
87145550
87145552
87145553
87145554
87145556
87145558
87145559
87145562
87145565
87145623
87145957
87145959
87145962
87145964
87145968
87145969
87145970
87145971
87146293
87146370
87146372
87146374
87146375
87146386
87146436
87146440
87146442
87146445
87146447
87146448
87146449
87146835
87146999
87147056
87147062
87147170
87147457
87147466
87147475
87147604
87147824
87147832
87147841
87147994
87148265
87148387
87148686
87148845
87149108
87149117
87149128
87149201
87149486
87149495
87149579
87149936
87149945
87149954
87149969
87150236
87150237
87150246
87150257
87150329
87150578
87150584
87150594
87150603
87150668
87151027
87151032
87151044
87151057
87151065
87151394
87151403
87151412
87151422
87151430
87151735
87151800
87151810
87151824
87152186
87152192
87152201
87152210
87152270
87152586
87152618
87152629
87152642
87152949
87153016
87153022
87153026
87153403
87153467
87153471
87153760
87153770
87153828
87153837
87154144
87154567
87154649
87154659
87154962
87155037
87155338
87155425
87155442
87155459
87155733
87155860
87155869
87155878
87156030
87156102
87156114
87156125
87156413
87156569
87156584
87156850
87156918
87156929
87156939
87157127
87157261
87157270
87157457
87157673
87157682
87157691
87158340
87158349
87159190
87159199
87159552
87159568
87159577
87159949
87159958
87159967
87160289
87160299
87160308
87160650
87160659
87160669
87161110
87161119
87161128
87161383
87161415
87161707
87161716
87161726
87161907
87162126
87162135
87162334
87162459
87162468
87162477
87162605
87162790
87162799
87162949
87163176
87163185
87163222
87163386
87163523
87163532
87163541
87163684
87163871
87163881
87163890
87164055
87164309
87164318
87164327
87164469
87164645
87164668
87164810
87164957
87164966
87164975
87165192
87165423
87165432
87165566
87165763
87165772
87165781
87165917
87166107
87166116
87166125
87166272
87166529
87166538
87166547
87166613
87166796
87166805
87166814
87166943
87167233
87167250
87167264
87167506
87167704
87167714
87167785
87168044
87168054
87168063
87168134
87168394
87168403
87168412
87168662
87169128
87169137
87169146
87169157
87169210
87169219
87169228
87169341
87169350
87169360
87169488
87169497
87169506
87169536
87169545
87169554
87169585
87169603
87169622
87169733
87169742
87169751
87169786
87169787
87169788
87169789
87169790
87169791
87169797
87169798
87169799
87169803
87169809
87169823
87169825
87169976
87169994
87170093
87170102
87170113
87170355
87170364
87170374
87170441
87170540
87170549
87170726
87170735
87170806
87170815
87171116
87171126
87171135
87171197
87171516
87171525
87172551
87172564
87174254
87174668
87174677
87175014
87175024
87175033
87175330
87175339
87175405
87175803
87175813
87175823
87176163
87176172
87176181
87176551
87253524
87253533
87253542
87253575
87253584
87253593
87253727
87253737
87253746
87253783
87253793
87253805
87253840
87253849
87253858
87253991
87254000
87254009
87254083
87254092
87254101
87254132
87254141
87254150
87254277
87254286
87254295
87254319
87254328
87254337
87254364
87254373
87254382
87254529
87254716
87254726
87254735
87254806
87254815
87254825
87255009
87255019
87255403
87255414
87255423
87255521
87255530
87255725
87255739
87255755
87255805
87255814
87255862
87255874
87255884
87256008
87256077
87256087
87256151
87256160
87256329
87256339
87256348
87256457
87256466
87256475
87256538
87256729
87256739
87256826
87256955
87257117
87257127
87257136
87257176
87257185
87257194
87257306
87257319
87257328
87257350
87257359
87257368
87257390
87257400
87257409
87257542
87257551
87257560
87257610
87257619
87257629
87257667
87257676
87257685
87257973
87258273
87258352
87258362
87258371
87258410
87258419
87258428
87258554
87258563
87258572
87258590
87258599
87258608
87258629
87258638
87258648
87258765
87258774
87258783
87258833
87258842
87258852
87258897
87258906
87258915
87259057
87259066
87259075
87259128
87259137
87259201
87259236
87259245
87259412
87259421
87259430
87259526
87259536
87259599
87259609
87259618
87259778
87259788
87259798
87259834
87259847
87259856
87259865
87259913
87259922
87259931
87260093
87260102
87260111
87260127
87260140
87260155
87260165
87260174
87260181
87260186
87260190
87260214
87260226
87260235
87260244
87260307
87260357
87260387
87260404
87260413
87260423
87260436
87260441
87260473
87260513
87260522
87260604
87260646
87260828
87260886
87260957
87260994
87261004
87261081
87261099
87261109
87261252
87261288
87261297
87261364
87261389
87261399
87261426
87261511
87261527
87261544
87261615
87261651
87261661
87261670
87261711
87261727
87261737
87261774
87261891
87261964
87261991
87262000
87262009
87262052
87262082
87262091
87262163
87262287
87262415
87262567
87262577
87262885
87262895
87262904
87263263
87263272
87263283
87263592
87263601
87263610
87263840
87263852
87263858
87263946
87263955
87263964
87264080
87264283
87264569
87264756
87264914
87265028
87265038
87265047
87265295
87265306
87265315
87265474
87265483
87265589
87265599
87265612
87265770
87265780
87265789
87265860
87265870
87266005
87266017
87266240
87266249
87266350
87266361
87266478
87266652
87266661
87266670
87266772
87266782
87266793
87266915
87266924
87267832
87267841
87267850
87268519
87268531
87268544
87269109
87269125
87269865
87269875
87269885
87270488
87270497
87270507
87271190
87271206
87271948
87271957
87271966
87272423
87272433
87273268
87273278
87273287
87273706
87273715
87274460
87274469
87274978
87274987
87275794
87275803
87276137
87276146
87276155
87277053
87277062
87277433
87277443
87277452
87278401
87278419
87278555
87278556
87278685
87278694
87278703
87278835
87278836
87279573
87279642
87279887
87279888
87279916
87279925
87279935
87280118
87280119
87281051
87281060
87281077
87281078
87281101
87281110
87281119
87281300
87281302
87282180
87282189
87282264
87282265
87282395
87282404
87282635
87282636
87283532
87283541
87283559
87283560
87283602
87283611
87283856
87283872
87284884
87284894
87284914
87284915
87285007
87285195
87285246
87286075
87286086
87286096
87286115
87286116
87286312
87286321
87286469
87286472
87287186
87287195
87287264
87287333
87287334
87287407
87287416
87287545
87287596
87288312
87288321
87288389
87288390
87288745
87288754
87288880
87288881
87289414
87289427
87289489
87289550
87289551
87289967
87289978
87290011
87290012
87290621
87290690
87291238
87291247
87291256
87292078
87292087
87292415
87292424
87293107
87293120
87293697
87293707
87294390
87294446
87294904
87294921
87294940
87296111
87296121
87296921
87296939
87297473
87297482
87298120
87298130
87298635
87298644
87299460
87300229
87300252
87300307
87301780
87301789
87302190
87303102
87303371
87303380
87304215
87304224
87304231
87304660
87304669
87305610
87305671
87305677
87305828
87305841
87305850
87306545
87306954
87306963
87306972
87307076
87307093
87307102
87307764
87308254
87308266
87308475
87308500
87309225
87309715
87309893
87310782
87311985
87312003
87312012
87312673
87313202
87313212
87313279
87314032
87314566
87314575
87315328
87315667
87315677
87315715
87315752
87315761
87315892
87315919
87315928
87315953
87315979
87315988
87316025
87316067
87316077
87316225
87316308
87316408
87316417
87316483
87316654
87316663
87316704
87316713
87316751
87316760
87316955
87316964
87317004
87317013
87317047
87317056
87317194
87317203
87317269
87317280
87317404
87317421
87317694
87317703
87318024
87318033
87318137
87318147
87318392
87318401
87318615
87318624
87318713
87318722
87318731
87318737
87318742
87318743
87318745
87318749
87318750
87318751
87318754
87318768
87318774
87318782
87318789
87318801
87318810
87319276
87319282
87319288
87319398
87319407
87319417
87319644
87319903
87319912
87320789
87322365
87322376
87322787
87322798
87322807
87323647
87323656
87323665
87324122
87324132
87324144
87325046
87325056
87325065
87325385
87325395
87325407
87326369
87326378
87326398
87326734
87326753
87326773
87327764
87327774
87328228
87328237
87328248
87329152
87329161
87329397
87329583
87329593
87329602
87329725
87329726
87329727
87330577
87330736
87330746
87330756
87330872
87331060
87331064
87331073
87331082
87331147
87331861
87331987
87331996
87332005
87332017
87332180
87332245
87332309
87332312
87332319
87332386
87332810
87332939
87332948
87332953
87332962
87333471
87333483
87333548
87333554
87333563
87333628
87334276
87334412
87334438
87334507
87334519
87335034
87335107
87335118
87335128
87335137
87335146
87335544
87335684
87335741
87335822
87336425
87336598
87336653
87336724
87336772
87336799
87336864
87336986
87336995
87337124
87337631
87337712
87337719
87337843
87338320
87338402
87338465
87338545
87339023
87339101
87339107
87339478
87339601
87339665
87339787
87339798
87339810
87340360
87340433
87340500
87340583
87340592
87340875
87341011
87341071
87341377
87341388
87341397
87341894
87341903
87341906
87342018
87342030
87342391
87342539
87342598
87342978
87342988
87342998
87343588
87343591
87343608
87343618
87346824
87347822
87347832
87347841
87348306
87348315
87348324
87349434
87349444
87349454
87349608
87349618
87349627
87349720
87349729
87349739
87349938
87349947
87349956
87350072
87350080
87350086
87350183
87350193
87350202
87350697
87350707
87350900
87350910
87350919
87351024
87351035
87351044
87351174
87351183
87351193
87351690
87351701
87351710
87352648
87352657
87352698
87352995
87353007
87353069
87354132
87354141
87354152
87354524
87354533
87354543
87355427
87355490
87355500
87355879
87355889
87355899
87356863
87356873
87356883
87357375
87357384
87357393
87358243
87358252
87358262
87358711
87358720
87358729
87358891
87358912
87358928
87359234
87359248
87359257
87359533
87359543
87359553
87360197
87360216
87360235
87360363
87360372
87360381
87360644
87360653
87360776
87360785
87360796
87361212
87361221
87361230
87362393
87362402
87362412
87363100
87363109
87363118
87363792
87363801
87363810
87364486
87364495
87364504
87364510
87364511
87364513
87364514
87364515
87364516
87365323
87365329
87365348
87365349
87365351
87365352
87365354
87365356
87365357
87365359
87365360
87365361
87365363
87365364
87365365
87365366
87365368
87365370
87365504
87365510
87365516
87365677
87365682
87365691
87365692
87365699
87365706
87365707
87365711
87365714
87365832
87365838
87365888
87365894
87365900
87366049
87366058
87366067
87366102
87366111
87366121
87366152
87366161
87366170
87366294
87366303
87366312
87366461
87366470
87366479
87366520
87366530
87366539
87366668
87366677
87366686
87367020
87367034
87367048
87367108
87367118
87367127
87367270
87367285
87367300
87367344
87367353
87367362
87367373
87367381
87367390
87367399
87367504
87367506
87367507
87367508
87367509
87367534
87367543
87367587
87367593
87367602
87367611
87367617
87367630
87367631
87367641
87367651
87367660
87367766
87367767
87367817
87367826
87367835
87367891
87367907
87367931
87367940
87367949
87367963
87367965
87367983
87367992
87368001
87368112
87368115
87368136
87368145
87368154
87368176
87368179
87368200
87368210
87368219
87368234
87368237
87368293
87368515
87368525
87368612
87368728
87368747
87368869
87368878
87368920
87368929
87368938
87369069
87369078
87369087
87369158
87369167
87369176
87369224
87369233
87369244
87369394
87369404
87369413
87369465
87369475
87369485
87369535
87369544
87369554
87369711
87369720
87369730
87369805
87369814
87369824
87369854
87369863
87369983
87369992
87370001
87370020
87370030
87370039
87370062
87370071
87370080
87370195
87370204
87370214
87370264
87370273
87370282
87370313
87370322
87370331
87370475
87370484
87370493
87370534
87370543
87370552
87370593
87370603
87370612
87370750
87370759
87370768
87370831
87370842
87370851
87370874
87370883
87370892
87371039
87371048
87371058
87371117
87371126
87371135
87371176
87371185
87371196
87371342
87371351
87371360
87371390
87371399
87371409
87371472
87371482
87371491
87371657
87371666
87371676
87371744
87371753
87371762
87398973
87398988
87398998
87399007
87399026
87399040
87399049
87399058
87399078
87399191
87399200
87399209
87399235
87399255
87399264
87399273
87399297
87399318
87399327
87399336
87399362
87399474
87399483
87399492
87399546
87399562
87399571
87399580
87399594
87399603
87399612
87399621
87399630
87399738
87399747
87399756
87399775
87399785
87399794
87399803
87399818
87399825
87399834
87399843
87399860
87399967
87399976
87399985
87400122
87400136
87400145
87400154
87400178
87400205
87400214
87400224
87400257
87400371
87400380
87400389
87400425
87400706
87400720
87400735
87400814
87400823
87400832
87400998
87401014
87401030
87401061
87401070
87401079
87401102
87401111
87401121
87401242
87401251
87401260
87401281
87401290
87401299
87401318
87401327
87401336
87401479
87401488
87401498
87401591
87401600
87401610
87401644
87401653
87401662
87401794
87401803
87401812
87401860
87401869
87401925
87401942
87401960
87402104
87402113
87402161
87402170
87402179
87402301
87402318
87402332
87402364
87402373
87402382
87402415
87402424
87402434
87402560
87402569
87402578
87402640
87402650
87402659
87402674
87402676
87402678
87402679
87402680
87402681
87402684
87402685
87402688
87402689
87402691
87402693
87402695
87402796
87402798
87402799
87402801
87402803
87402807
87402932
87402941
87402947
87402975
87402976
87402978
87402980
87403009
87403058
87403078
87403087
87403097
87403123
87403591
87403600
87403609
87403894
87404241
87404250
87404259
87404448
87404449
87404810
87404819
87404828
87405003
87405064
87405065
87405342
87405351
87405652
87405655
87405955
87405964
87405973
87406524
87406533
87406542
87406663
87406672
87406681
87406734
87406743
87406752
87406789
87406798
87406807
87406952
87406961
87406970
87407020
87407030
87407039
87407079
87407089
87407098
87407247
87407258
87407267
87407332
87407342
87407348
87407374
87407384
87407394
87407540
87407550
87407562
87407606
87407615
87407624
87407648
87407658
87407667
87407791
87407800
87407809
87408322
87408332
87408341
87408787
87408797
87408806
87408944
87408947
87408955
87408964
87409010
87409014
87409023
87409033
87409045
87409076
87409086
87409096
87409193
87409261
87409270
87409279
87409289
87409318
87409328
87409337
87409344
87409359
87409376
87409393
87409481
87409482
87409501
87409510
87409519
87409525
87409526
87409527
87409545
87409554
87409563
87409570
87409662
87409680
87409697
87409705
87409752
87409762
87409771
87409777
87409780
87409812
87409821
87409832
87409959
87409968
87409977
87409983
87409984
87410026
87410036
87410045
87410050
87410052
87410090
87410099
87410115
87410245
87410254
87410264
87410271
87410337
87410347
87410356
87410371
87410407
87410416
87410430
87410549
87410558
87410567
87410576
87410604
87410613
87410627
87410646
87410655
87410665
87410672
87410794
87410803
87410812
87410822
87411006
87411016
87411032
87411092
87411102
87411112
87411115
87411277
87411287
87411299
87411368
87411378
87411388
87411393
87411443
87411452
87411461
87411464
87411624
87411630
87411635
87411644
87411734
87411738
87411747
87411785
87411789
87411798
87411807
87411924
87411928
87411937
87411964
87411969
87411979
87411988
87412031
87412036
87412045
87412173
87412183
87412192
87412206
87412294
87412303
87412377
87412387
87412396
87412558
87412567
87412638
87412647
87412656
87412738
87412748
87412931
87412941
87413011
87413022
87413031
87413053
87413062
87413071
87413202
87413211
87413267
87413276
87413285
87413394
87413403
87413412
87413558
87413568
87413602
87413611
87413620
87413700
87413718
87413735
87413813
87413822
87413885
87413894
87413903
87414063
87414072
87414179
87414265
87414444
87414513
87414522
87414653
87414800
87414809
87414818
87414881
87414890
87414929
87414938
87414947
87415101
87415110
87415188
87415197
87415262
87415272
87415442
87415451
87415628
87415629
87415630
87415632
87415638
87415645
87415646
87415647
87415648
87415775
87415776
87415778
87415779
87415781
87415782
87415784
87415785
87415787
87415949
87415953
87415954
87415955
87415958
87415959
87415960
87415961
87415963
87416267
87416277
87416286
87416354
87416363
87416372
87416419
87416429
87416439
87416600
87416609
87416620
87416680
87416689
87416699
87416757
87416766
87416777
87416981
87416992
87417082
87417093
87417102
87417158
87417329
87417339
87417348
87417395
87417404
87417449
87417458
87417468
87417619
87417628
87417637
87417684
87417693
87417702
87417748
87417758
87417896
87417906
87417916
87417968
87417978
87418029
87418039
87418246
87418323
87418453
87418470
87418572
87418659
87418801
87418810
87418819
87418883
87418893
87418931
87418940
87418949
87419011
87419094
87419104
87419139
87419140
87419144
87419145
87419147
87419148
87419149
87419151
87419154
87419155
87419157
87419158
87419160
87419161
87419163
87419164
87419165
87419282
87419284
87419288
87419290
87419292
87419293
87419297
87419383
87419538
87419544
87419556
87419581
87419692
87419744
87419759
87419778
87419939
87419987
87420063
87420208
87420267
87420328
87420476
87420515
87420562
87423349
87423350
87423353
87423356
87423358
87423361
87423363
87423364
87423365
87423367
87423370
87423375
87423377
87423379
87423381
87423384
87423521
87423574
87423752
87423805
87423862
87424022
87424070
87424131
87424303
87424368
87424435
87424592
87424644
87424703
87424864
87424926
87424999
87425142
87425188
87425231
87430112
87430113
87430115
87430117
87430120
87430122
87430236
87430238
87430239
87430241
87430249
87430250
87430251
87430253
87430256
87430259
87430260
87430262
87430263
87435486
87435659
87435730
87435790
87435955
87436036
87436084
87436221
87436254
87436280
87436288
87436293
87436341
87436419
87436421
87436425
87436429
87436463
87436477
87436482
87436486
87436491
87436494
87436499
87436513
87436522
87436526
87436532
87436539
87436545
87436600
87436673
87436680
87436690
87436695
87436700
87436718
87436763
87436777
87436797
87436850
87436859
87436954
87437022
87437043
87437085
87437113
87437124
87437154
87437177
87437182
87437283
87437312
87437319
87437334
87437363
87437369
87437415
87437440
87437449
87437556
87437583
87437623
87437638
87437666
87437674
87437680
87437719
87437729
87437849
87437904
87437928
87437977
87438003
87438050
87438171
87438287
87438371
87438426
87442516
87442518
87442549
87442552
87442690
87442692
87442777
87442786
87442871
87442877
87443052
87443056
87443130
87443139
87443217
87443228
87443452
87443460
87443547
87443551
87443634
87443645
87443804
87443806
87443813
87443861
87443862
87443868
87443928
87443938
87444063
87444113
87444116
87444121
87444192
87444199
87444211
87444241
87444286
87444296
87444422
87444445
87444465
87444475
87444480
87444487
87444494
87444513
87444528
87444533
87444547
87444551
87444594
87444622
87444637
87444737
87444753
87444792
87444878
87444885
87444904
87444978
87444996
87445021
87445143
87445146
87445178
87445265
87445277
87445297
87445331
87445342
87445380
87445587
87445590
87445615
87445669
87445675
87445687
87445728
87445747
87445807
87445989
87445993
87446011
87446078
87446098
87446130
87446191
87446207
87446277
87446485
87446494
87446567
87446578
87446603
87446648
87446828
87446839
87446872
87451477
87451479
87451482
87451483
87451484
87451486
87451488
87451489
87451490
87451492
87451493
87451495
87451500
87451501
87451502
87451503
87451504
87451507
87451512
87451514
87453084
87453208
87453236
87453238
87453252
87453256
87453286
87453300
87453302
87453422
87453449
87453453
87453459
87453461
87453463
87453492
87453494
87453497
87453498
87453499
87453500
87453503
87453505
87453507
87453508
87453509
87453510
87453511
87453512
87453515
87453516
87453519
87453522
87453524
87453674
87453682
87453683
87453684
87453686
87453836
87453857
87453962
87453971
87453991
87454183
87454190
87454276
87454290
87454366
87454373
87454544
87454558
87454653
87454664
87454714
87454720
87454861
87454864
87454867
87454910
87454915
87454941
87454942
87454947
87455085
87455186
87455262
87455424
87455508
87455590
87455749
87455857
87455859
87455861
87455863
87455864
87455865
87455868
87455869
87455870
87455871
87455873
87455875
87455877
87455878
87455880
87455881
87455884
87455886
87455887
87455889
87456058
87456062
87456063
87456064
87456129
87456132
87456135
87456136
87456137
87456139
87456142
87456143
87456144
87456146
87456148
87456149
87456150
87456155
87456156
87456158
87456160
87456162
87456164
87456166
87456168
87456170
87456172
87456173
87456206
87456436
87456532
87456571
87456574
87456635
87456816
87456890
87456988
87457149
87457189
87457229
87457335
87457358
87457431
87457602
87457699
87457812
87457948
87458031
87458170
87458270
87458287
87458314
87458320
87458322
87458334
87458442
87458455
87458461
87458472
87458480
87458488
87458590
87458638
87458652
87458691
87458706
87458726
87458732
87458839
87458860
87458864
87458878
87458895
87458902
87458924
87458951
87458959
87459072
87459122
87459125
87459134
87459159
87459162
87459169
87459177
87459184
87459285
87459291
87459295
87459301
87459309
87459311
87459318
87459330
87459359
87459440
87459482
87459486
87459492
87459507
87459513
87459526
87459608
87459673
87459692
87459730
87459836
87459931
87459960
87460070
87460085
87463549
87463583
87463717
87463777
87463803
87463939
87464014
87464080
87464256
87464339
87464436
87464559
87464560
87464562
87464563
87464564
87464565
87464567
87464568
87464569
87464571
87464573
87464575
87464594
87464598
87464611
87464626
87464636
87464640
87464642
87464652
87464664
87464675
87464709
87464719
87464723
87464725
87464733
87464735
87464759
87464854
87464865
87464867
87464871
87464898
87464907
87464911
87464924
87464936
87464941
87464946
87464948
87464949
87464950
87464952
87464960
87464964
87464966
87464969
87464970
87464971
87464973
87465016
87465077
87465091
87465094
87465102
87465103
87465104
87465107
87465109
87465126
87465137
87465145
87465148
87465149
87465154
87465160
87465169
87465206
87465215
87465224
87465228
87465233
87465366
87465374
87465389
87465419
87465521
87465528
87465532
87465538
87465546
87465592
87465598
87465601
87465614
87465619
87465742
87465745
87465747
87465750
87465753
87465776
87465778
87465782
87465789
87465792
87465826
87465829
87465833
87465842
87465845
87465964
87465966
87465973
87465997
87466016
87466038
87466039
87466041
87466043
87466045
87466054
87466056
87466062
87466064
87466066
87466174
87466176
87466183
87466186
87466187
87466213
87466221
87466228
87466237
87466241
87466289
87466291
87466296
87466308
87466469
87466481
87466653
87466658
87466734
87466736
87466869
87466913
87466965
87467111
87467212
87467289
87468550
87468552
87468677
87468678
87468713
87468714
87468761
87468762
87468924
87468925
87469006
87469007
87469064
87469065
87469227
87469288
87469295
87469298
87469299
87469300
87469302
87469304
87469306
87469308
87469309
87469312
87469313
87469315
87469554
87469557
87469655
87469720
87469873
87469924
87469992
87470147
87470236
87470298
87470507
87470597
87470601
87470659
87470663
87470812
87470815
87470928
87470930
87470983
87470985
87471148
87471151
87471243
87471245
87471432
87471434
87471605
87471688
87471753
87471960
87471961
87472041
87472042
87472136
87472137
87472333
87472432
87472476
87472598
87472631
87472728
87472901
87472988
87473073
87473267
87473368
87473451
87473624
87473728
87473787
87473907
87473949
87474133
87475029
87475053
87475064
87475070
87475102
87475109
87475247
87475254
87475295
87475305
87475343
87475355
87475511
87475518
87475564
87475573
87475608
87475613
87475739
87475746
87475779
87475784
87475812
87475837
87475977
87475985
87476031
87476042
87476102
87476148
87476236
87476237
87476238
87476242
87476245
87476247
87476249
87476250
87476251
87476252
87476256
87476281
87476468
87476479
87476684
87476820
87476914
87477097
87477164
87477231
87477374
87477477
87477567
87477740
87490670
87490710
87490766
87490767
87491221
87491222
87491224
87491226
87491227
87491229
87491230
87491231
87491232
87491236
87491238
87491240
87491241
87491242
87491244
87491246
87491260
87491262
87491313
87491317
87669092
87671771
87674401
87674620
87674821
87675014
87675015
87675016
87675017
87675018
87675019
87675020
87675021
87675022
87675023
87800163
87800170
87800242
87800304
87800311
87800372
87800431
87800496
87800559
87800625
87800761
87800763
87800765
87800767
87800768
87800770
87800777
87802104
87802115
87802122
87802134
87802142
87802153
87802159
87802168
87802177
87802184
87802878
87802880
87802916
87863572
87863573
87863574
87863575
87863576
87863577
87863578
87863579
87863580
87863581
87903058
88026154
88026162
88026165
88026170
88026172
88026175
88026180
88026183
88026186
88026189
88026192
88026195
88027393
88027788
88031160
88031162
88031194
88031296
88031360
88031480
88031540
88340249
88340251
88340252
88340253
88340255
88340256
88340258
88340259
88340260
88340263
88340265
88340268
88340269
88340270
88340271
88340272
88340273
88340274
88487964
88488031
88488092
88567143
88567147
88567206
88567348
88567364
88567480
88567484
88567600
88567661
88567664
88567725
88567844
88567848
88567906
88567959
88567961
88567963
88567965
88713973
88721343
88721402
88721417
88721464
88721522
88721577
88723808
88742241
88742243
88836146
88836155
88836164
88837070
88837079
88837107
88837760
88837769
88837778
88838673
88838682
88838692
88839677
88839686
88839695
88840639
88840648
88840657
88841739
88841748
88841796
88842711
88842720
88842786
88843761
88843821
88843835
88844877
88844887
88844953
88846050
88846059
88846069
88846981
88846990
88847000
88848025
88848034
88848044
88849119
88849128
88849138
88849695
88849704
88849713
88850787
88850796
88850805
88851446
88851455
88851524
88852535
88852544
88852553
88853156
88853165
88853203
88854159
88854168
88854234
88854822
88854835
88854903
88855908
88855974
88855983
88856493
88856558
88856567
88857697
88857706
88857722
88858249
88858296
88858324
88859416
88859426
88859435
88860061
88860070
88860101
88861152
88861208
88861227
88861942
88861952
88861961
88862889
88862898
88862907
88863556
88863565
88863574
88864469
88864478
88864547
88865367
88865376
88865385
88866178
88866187
88866196
88867095
88867104
88867113
88867852
88867861
88867870
88868936
88868956
88868965
88869633
88869642
88869652
88870607
88870616
88870625
88871365
88871374
88871384
88872350
88872359
88872368
88873005
88873014
88873023
88873949
88873959
88873968
88874616
88874625
88874637
88875563
88875572
88875581
88876246
88876255
88876265
88877221
88877231
88877254
88877958
88877967
88877987
88878922
88878931
88878966
88879596
88879662
88879671
88880683
88880692
88880701
88881431
88881487
88881503
88882308
88882374
88882383
88883236
88883245
88883255
88884119
88884129
88884164
88884966
88884976
88885042
88885866
88885876
88885889
88886895
88886906
88886915
88887748
88887758
88887822
88888612
88888621
88888630
88889455
88889526
88889540
88890642
88890651
88890661
88891535
88891579
88891589
88892338
88892347
88892356
88893231
88893240
88893306
88894014
88894023
88894032
88894943
88894952
88894961
88895677
88895686
88895695
88896557
88896566
88896575
88897418
88897429
88897496
88898226
88898235
88898244
88899160
88899169
88899179
88899845
88899854
88899863
88900813
88900822
88900831
88901515
88901524
88901533
88902493
88902502
88902511
88903248
88903257
88903266
88904193
88904202
88904211
88904858
88904868
88904877
88905807
88905816
88905825
88906477
88906487
88906496
88907491
88907500
88907510
88908183
88908193
88908203
88909188
88909198
88909225
88909887
88909896
88909905
88910988
88910997
88911007
88911704
88911713
88911746
88912741
88912751
88912777
88913486
88913495
88913504
88914455
88914464
88914502
88915183
88915194
88915256
88916147
88916203
88916212
88916880
88916889
88916953
88917864
88917874
88917884
88918613
88918622
88918631
88919575
88919641
88919650
88920311
88920321
88920381
88921342
88921411
88921420
88922100
88922109
88922174
88923180
88923189
88923198
88923817
88923884
88923893
88924837
88924846
88924855
88925545
88925554
88925563
88926461
88926471
88926481
88927292
88927301
88927310
88928102
88928111
88928120
88928981
88928990
88928999
88929805
88929815
88929824
88930677
88930740
88930747
88931469
88931478
88931487
88932417
88932426
88932435
88933170
88933179
88933188
88934121
88934130
88934139
88934807
88934816
88934826
88935716
88935726
88935735
88936449
88936458
88936468
88937335
88937344
88937353
88938150
88938160
88938171
88939011
88939020
88939029
88939784
88939794
88939803
88940699
88940708
88940771
88941565
88941610
88941619
88942438
88942448
88942457
88943285
88943296
88943305
88943958
88943970
88943983
88944026
88944035
88944045
88944102
88944111
88944120
88944235
88944248
88944259
88944345
88944355
88944364
88944423
88944439
88944463
88944656
88944663
88944669
88944736
88944742
88944749
88944810
88944813
88944821
88944823
88944827
88944828
88944831
88944834
88944838
88944857
88944860
88944863
88944866
88944946
88944955
88945017
88945023
88945030
88945035
88945044
88945052
88945055
88945058
88945060
88945062
88945080
88945098
88945151
88945160
88945169
88945197
88945206
88945216
88945232
88945241
88945250
88945307
88945316
88945328
88945403
88945413
88945422
88945491
88945501
88945511
88945621
88945631
88945640
88945688
88945697
88945706
88946446
88946455
88946464
88947575
88947585
88947594
88948444
88948515
88948525
88949363
88949372
88949381
88950318
88950327
88950396
88951221
88951230
88951240
88952055
88952064
88952073
88953101
88953110
88953119
88954133
88954142
88954151
88955129
88955138
88955147
88956095
88956105
88956114
88956934
88956944
88956953
88957973
88957982
88958053
88958862
88958871
88958937
88959953
88960020
88960029
88960730
88960739
88960748
88961853
88961862
88961871
88962643
88962652
88962661
88963643
88963652
88963662
88964662
88964672
88964739
88965763
88965774
88965805
88966659
88966725
88966735
88967836
88967847
88967910
88968751
88968760
88968769
88969706
88969717
88969727
88970743
88970753
88970762
88971489
88971558
88971568
88972458
88972468
88972477
88973168
88973178
88973244
88974214
88974223
88974232
88974919
88974928
88974937
88975908
88975917
88975926
88976610
88976619
88976689
88977597
88977606
88977616
88978368
88978428
88978437
88979294
88979304
88979313
88980384
88980393
88980402
88981061
88981070
88981079
88982021
88982090
88982099
88982719
88982728
88982737
88983812
88983821
88983830
88984372
88984382
88984391
88985454
88985464
88985473
88986083
88986110
88986157
88986999
88987008
88987017
88987818
88987828
88987864
88988928
88988939
88988949
88989623
88989632
88989641
88990673
88990740
88990749
88991300
88991366
88991375
88992347
88992393
88992425
88992929
88992938
88992948
88993925
88993935
88993953
88994653
88994722
88994731
88995644
88995654
88995717
88996435
88996472
88996481
88997364
88997373
88997383
88998283
88998293
88998303
88999193
88999202
88999211
89000095
89000104
89000114
89001021
89001030
89001040
89001769
89001778
89001787
89002686
89002695
89002704
89003394
89003403
89003412
89004324
89004333
89004342
89005182
89005192
89005252
89006064
89006073
89006082
89006923
89006932
89006941
89007695
89007704
89007714
89008717
89008737
89008747
89009614
89009623
89009632
89010576
89010587
89010596
89011490
89011552
89011561
89012387
89012396
89012405
89013341
89013350
89013359
89014329
89014338
89014348
89015176
89015202
89015237
89016158
89016178
89016236
89017151
89017162
89017171
89017900
89017923
89017974
89019030
89019056
89019065
89019730
89019773
89019799
89020909
89020922
89020933
89021603
89022768
89022778
89024684
89025354
89025364
89025427
89026438
89026447
89026458
89027172
89027181
89027209
89028147
89028157
89028168
89029041
89029050
89029063
89029816
89029826
89029835
89030706
89030773
89030782
89031565
89031574
89031583
89034404
89036121
89036130
89036139
89036736
89036747
89036756
89037840
89037849
89037858
89038433
89038442
89038453
89039517
89039526
89039538
89040103
89040112
89040122
89041300
89041334
89041343
89041927
89043064
89043077
89043710
89043719
89043728
89044818
89045463
89045472
89045535
89046609
89046618
89046627
89047223
89047234
89047243
89048323
89049016
89049042
89050910
89050919
89050928
89052766
89052832
89052841
89053908
89053917
89053926
89054485
89054558
89054567
89055574
89055583
89056304
89057334
89058162
89059991
89060972
89062746
89140844
89141375
89141706
89142476
89142492
89143033
89143152
89143649
89143707
89144153
89144452
89145309
89145610
89146261
89146325
89146769
89146774
89148703
89151708
89152512
