12.495
14.810
11.940
13.007
12.107
12.832
13.939
13.406
16.956
15.327
14.203
14.426
12.248
12.576
14.234
12.717
14.313
12.762
11.447
14.625
13.342
16.318
15.745
15.069
13.282
14.449
15.543
20.475
14.418
15.427
13.081
14.149
13.669
12.628
12.171
12.688
13.122
14.175
15.084
13.209
12.640
11.646
11.728
13.652
15.493
15.597
14.002
14.480
13.866
13.496
13.585
13.995
16.154
13.590
15.010
13.635
13.406
12.820
13.196
13.872
12.937
12.736
12.607
13.343
14.052
13.207
12.745
12.667
13.812
13.236
13.405
13.326
11.650
13.201
14.458
12.048
12.070
13.737
13.500
13.019
13.783
16.454
33.706
6.276
12.538
14.034
13.021
14.297
12.496
12.317
15.908
12.447
1.448
14.459
12.809
16.397
13.621
