16.324
20.196
20.266
17.938
17.449
17.261
18.112
21.022
21.164
21.251
20.396
18.575
18.346
18.423
19.348
20.565
19.124
19.686
21.228
20.468
19.473
19.446
20.091
18.748
18.162
20.279
21.395
20.427
24.030
17.937
18.868
16.379
18.321
19.484
18.185
17.507
19.698
17.993
18.548
20.912
20.908
20.212
16.996
19.301
20.172
18.863
20.449
19.460
18.248
17.498
20.160
19.953
18.418
18.639
20.384
20.474
21.587
18.764
18.412
17.857
19.430
19.368
20.049
17.757
20.547
18.694
18.565
20.070
18.204
19.038
16.970
18.391
17.597
18.315
16.034
16.123
14.562
17.339
18.547
18.173
18.141
16.320
17.684
17.651
18.019
16.534
19.861
16.984
17.267
16.490
18.321
16.890
16.217
16.285
18.697
18.023
18.666
17.967
