87102233
87102244
87102253
87102396
87102405
87102414
87102466
87102475
87102485
87102652
87102662
87102669
87102823
87102846
87102865
87102943
87102956
87102962
87102969
87103164
87103173
87103183
87103257
87103266
87103272
87103395
87103404
87103413
87103533
87103542
87103551
87103577
87103586
87103595
87103848
87103858
87103867
87104016
87104026
87104035
87104076
87104085
87104094
87104166
87104179
87104191
87104637
87104644
87104651
87104778
87104787
87104794
87104938
87104951
87104962
87105077
87105087
87105096
87105154
87105163
87105169
87105307
87105314
87105320
87105381
87105387
87105393
87105456
87105465
87105474
87105710
87105718
87105726
87105824
87105833
87105839
87105896
87105906
87105913
87106057
87106067
87106076
87106140
87106149
87106158
87106250
87106259
87106269
87106443
87106452
87106461
87106506
87106513
87106519
87106583
87106589
87106592
87106749
87106758
87106764
87106819
87106826
87106832
87106893
87106902
87106911
87107096
87107103
87107110
87107186
87107195
87107201
87107266
87107272
87107278
87107415
87107425
87107434
87107488
87107497
87107506
87107565
87107574
87107583
87107595
87107751
87107760
87107770
87107818
87107827
87107836
87107864
87107873
87107883
87108030
87108039
87108045
87108098
87108108
87108117
87108190
87108200
87108211
87108414
87108425
87108435
87108518
87108527
87108533
87108697
87108706
87108715
87108862
87108871
87108881
87108923
87108933
87108942
87109144
87109153
87109162
87109322
87109331
87109341
87109377
87109386
87109396
87109574
87109584
87109593
87109758
87109764
87109771
87109837
87109843
87109854
87110066
87110080
87110093
87110230
87110236
87110242
87110330
87110340
87110346
87110574
87110592
87110604
87110656
87110665
87110674
87110734
87110743
87110750
87111015
87111025
87111031
87111070
87111079
87111088
87111123
87111132
87111138
87111370
87111380
87111386
87111456
87111462
87111469
87111532
87111538
87111544
87111848
87111854
87111861
87111957
87111963
87111969
87112069
87112075
87112082
87112449
87112458
87112464
87112516
87112525
87112531
87112586
87112595
87112604
87112631
87112919
87112926
87112932
87113041
87113047
87113053
87113151
87113157
87113166
87113426
87113432
87113438
87113467
87113476
87113482
87113528
87113537
87113546
87113911
87113920
87113929
87113972
87113982
87113992
87114068
87114077
87114086
87114235
87114244
87114253
87114315
87114325
87114334
87114429
87114441
87114773
87114782
87114890
87114900
87114975
87114984
87115265
87115274
87115317
87115326
87115404
87115413
87115658
87115668
87115731
87115740
87115836
87115845
87116134
87116143
87116201
87116210
87116219
87116345
87116651
87116657
87116744
87116750
87116895
87116908
87116917
87117093
87117104
87117158
87117165
87117171
87117356
87117365
87117376
87117546
87117612
87117622
87117793
87117802
87117960
87117969
87118036
87118045
87118110
87118258
87118266
87118272
87118463
87118471
87118479
87118571
87118577
87118583
87118760
87118766
87118772
87118952
87118961
87118970
87119014
87119023
87119032
87119189
87119198
87119207
87119348
87119358
87119450
87119459
87119612
87119621
87119785
87119794
87119865
87119874
87120094
87120103
87120184
87120193
87120274
87120280
87120286
87120442
87120452
87120489
87120498
87120566
87120579
87120718
87120727
87120793
87120802
87120863
87120873
87121023
87121034
87121092
87121101
87121195
87121204
87121356
87121366
87121419
87121428
87121513
87121519
87121525
87121689
87121698
87121704
87121800
87121806
87121812
87121947
87121963
87121977
87122060
87122069
87122125
87122136
87122276
87122285
87122347
87122357
87122429
87122438
87122475
87122627
87122636
87122646
87122718
87122728
87122807
87122813
87122819
87122987
87122996
87123002
87123058
87123067
87123074
87123123
87123132
87123141
87123305
87123314
87123320
87123407
87123413
87123419
87123533
87123540
87123547
87123731
87123738
87123744
87123871
87123877
87123884
87123960
87123969
87123979
87124165
87124174
87124184
87124237
87124246
87124255
87124298
87124307
87124313
87124527
87124536
87124545
87124611
87124620
87124630
87124675
87124685
87124694
87124901
87124908
87124918
87125010
87125019
87125026
87125111
87125120
87125129
87125292
87125302
87125381
87125390
87125517
87125532
87125541
87125709
87125719
87125805
87125815
87125821
87125885
87125894
87126055
87126064
87126116
87126126
87126203
87126213
87126371
87126378
87126384
87126452
87126462
87126471
87126579
87126586
87126592
87126751
87126760
87126769
87126896
87126905
87126918
87126998
87127063
87127076
87127085
87127210
87127220
87127226
87127286
87127298
87127304
87127421
87127435
87127448
87127498
87127507
87127516
87127574
87127580
87127586
87127783
87127790
87127796
87127867
87127876
87127882
87127942
87127954
87127965
87128126
87128135
87128142
87128222
87128231
87128238
87128435
87128441
87128447
87128864
87128874
87128885
87129233
87129239
87129246
87129611
87129620
87129630
87130092
87130099
87130105
87130483
87130492
87130501
87130781
87130787
87130793
87131284
87131294
87131300
87131658
87131664
87131671
87132047
87132053
87132059
87132518
87132524
87132531
87132837
87132847
87132853
87133188
87133194
87133204
87133707
87133713
87133719
87134054
87134064
87134073
87134365
87134374
87134380
87134783
87134792
87134802
87135138
87135147
87135156
87135494
87135503
87135512
87135974
87135983
87135989
87136280
87136289
87136299
87136661
87136674
87136681
87137133
87137142
87137151
87137530
87137539
87137543
87137875
87137951
87137960
87137967
87138323
87138332
87138338
87138690
87138702
87138708
87139043
87139052
87139061
87139494
87139503
87139512
87139843
87139852
87139861
87140168
87140183
87140199
87140591
87140600
87140609
87140948
87140957
87141378
87141396
87141733
87141739
87141764
87142116
87142125
87142134
87142627
87142636
87142644
87143009
87143016
87143022
87143401
87143407
87143413
87143809
87143817
87143823
87144183
87144190
87144196
87144626
87144634
87144642
87145196
87145207
87145217
87145466
87145513
87145521
87145799
87145802
87145807
87146297
87146300
87146303
87146678
87146681
87146685
87147039
87147060
87147066
87147461
87147470
87147479
87147836
87147845
87147851
87148295
87148302
87148308
87148755
87148761
87148767
87149112
87149121
87149132
87149490
87149499
87149505
87149940
87149949
87149959
87150241
87150250
87150262
87150588
87150598
87150607
87151037
87151051
87151061
87151407
87151416
87151426
87151732
87151804
87151814
87151820
87152196
87152205
87152255
87152623
87152633
87152640
87153020
87153031
87153038
87153475
87153483
87153492
87153832
87153841
87153847
87154184
87154190
87154196
87154653
87154663
87154669
87155041
87155048
87155058
87155431
87155449
87155465
87155864
87155873
87155882
87156106
87156118
87156129
87156574
87156591
87156599
87156923
87156933
87156943
87157265
87157274
87157280
87157677
87157686
87157695
87157986
87157993
87157999
87158344
87158353
87158361
87158824
87158830
87158836
87159194
87159203
87159209
87159561
87159572
87159581
87159953
87159962
87159971
87160294
87160303
87160312
87160654
87160664
87160673
87161114
87161123
87161132
87161388
87161451
87161711
87161720
87162130
87162139
87162463
87162472
87162794
87162803
87163180
87163189
87163527
87163536
87163875
87163885
87164313
87164322
87164331
87164663
87164672
87164961
87164970
87164979
87165064
87165427
87165436
87165767
87165776
87166111
87166120
87166129
87166533
87166542
87166800
87166809
87167239
87167256
87167269
87167708
87167718
87168048
87168058
87168398
87168407
87169132
87169141
87169214
87169223
87169345
87169355
87169492
87169501
87169540
87169549
87169592
87169611
87169737
87169746
87169755
87169807
87169814
87169821
87169982
87170001
87170016
87170097
87170106
87170118
87170197
87170204
87170210
87170359
87170368
87170378
87170445
87170451
87170458
87170544
87170553
87170565
87170730
87170739
87170745
87170810
87170820
87170826
87170890
87170896
87170902
87171065
87171071
87171077
87171121
87171130
87171139
87171201
87171208
87171214
87171406
87171414
87171422
87171520
87171529
87171535
87171693
87171701
87171707
87172154
87172160
87172167
87172557
87172568
87172575
87172999
87173006
87173013
87173116
87173475
87173484
87173498
87173887
87173893
87173899
87174258
87174264
87174270
87174672
87174681
87174687
87175019
87175028
87175037
87175334
87175371
87175409
87175808
87175817
87175827
87176167
87176176
87176185
87176555
87176564
87176573
87177101
87177112
87177121
87177436
87177455
87177509
87177915
87177925
87177932
87178390
87178401
87178410
87178754
87178763
87178770
87179169
87179178
87179190
87179656
87179664
87179670
87180018
87180027
87180036
87180434
87180440
87180446
87180877
87180886
87180895
87181229
87181239
87181248
87181568
87181576
87181589
87182016
87182025
87182035
87182384
87182393
87182400
87182849
87182866
87182879
87183245
87183251
87183257
87183569
87183575
87183582
87184011
87184020
87184029
87184315
87184324
87184330
87184663
87184672
87184679
87185065
87185074
87185143
87185433
87185444
87185453
87185805
87185814
87185821
87186273
87186282
87186288
87186651
87186660
87253528
87253537
87253546
87253579
87253588
87253597
87253731
87253741
87253750
87253788
87253798
87253809
87253844
87253853
87253862
87253995
87254004
87254013
87254054
87254087
87254096
87254105
87254136
87254145
87254154
87254281
87254290
87254299
87254323
87254332
87254341
87254368
87254377
87254386
87254533
87254539
87254545
87254721
87254730
87254739
87254810
87254820
87254829
87255013
87255023
87255029
87255408
87255418
87255427
87255525
87255534
87255543
87255731
87255745
87255762
87255809
87255818
87255824
87255866
87255878
87255888
87256012
87256019
87256025
87256081
87256091
87256098
87256155
87256164
87256170
87256333
87256343
87256352
87256461
87256470
87256479
87256542
87256549
87256556
87256733
87256743
87256749
87256830
87256836
87256842
87256961
87256974
87256986
87257122
87257131
87257140
87257180
87257189
87257198
87257313
87257323
87257332
87257354
87257363
87257372
87257394
87257404
87257413
87257546
87257555
87257564
87257614
87257624
87257633
87257671
87257680
87257689
87257869
87257875
87257882
87257978
87257985
87257991
87258075
87258083
87258090
87258277
87258283
87258290
87258313
87258356
87258366
87258375
87258414
87258423
87258432
87258558
87258567
87258576
87258594
87258603
87258612
87258633
87258643
87258652
87258769
87258778
87258787
87258837
87258847
87258856
87258901
87258910
87258919
87259061
87259070
87259080
87259132
87259141
87259147
87259231
87259240
87259249
87259416
87259425
87259434
87259530
87259540
87259547
87259603
87259613
87259622
87259783
87259793
87259802
87259851
87259860
87259870
87259917
87259926
87259935
87260097
87260106
87260115
87260160
87260169
87260178
87260230
87260239
87260248
87260408
87260418
87260427
87260517
87260526
87260533
87260650
87260656
87260663
87260890
87260896
87260902
87260998
87261008
87261014
87261103
87261116
87261130
87261292
87261301
87261308
87261393
87261403
87261409
87261517
87261534
87261551
87261656
87261665
87261674
87261731
87261741
87261748
87261895
87261902
87261909
87261995
87262004
87262014
87262086
87262095
87262104
87262291
87262297
87262303
87262344
87262419
87262426
87262432
87262572
87262582
87262589
87262812
87262818
87262824
87262890
87262899
87262908
87263048
87263054
87263061
87263267
87263276
87263287
87263523
87263529
87263535
87263596
87263605
87263614
87263845
87263856
87263862
87263950
87263959
87263968
87264086
87264093
87264097
87264287
87264293
87264300
87264457
87264465
87264469
87264573
87264579
87264586
87264760
87264768
87264771
87264903
87264909
87264918
87265032
87265042
87265051
87265299
87265310
87265319
87265478
87265487
87265494
87265593
87265604
87265616
87265775
87265784
87265793
87265865
87265874
87265883
87266009
87266021
87266027
87266244
87266253
87266261
87266356
87266366
87266372
87266482
87266489
87266495
87266656
87266665
87266676
87266776
87266788
87266797
87266919
87266930
87266936
87267836
87267845
87267854
87268524
87268536
87268549
87269115
87269135
87269200
87269869
87269880
87269889
87270492
87270501
87271196
87271213
87271388
87271952
87271961
87272428
87272437
87273272
87273282
87273710
87273719
87274464
87274473
87274982
87274991
87275798
87275807
87276141
87276150
87277057
87277066
87277437
87277447
87278414
87278423
87278689
87278698
87279606
87279646
87279920
87279929
87281055
87281064
87281105
87281114
87282184
87282193
87282399
87282408
87283536
87283545
87283606
87283616
87284889
87284898
87284996
87285002
87285011
87286080
87286091
87286316
87286325
87287190
87287206
87287411
87287420
87288316
87288325
87288749
87288758
87289418
87289464
87289971
87289983
87290662
87290694
87291242
87291251
87292082
87292091
87292419
87292428
87293111
87293174
87293416
87293701
87293711
87294394
87294457
87294911
87294928
87295760
87295766
87295772
87296116
87296125
87296929
87296946
87297477
87297486
87298124
87298134
87298639
87298648
87299464
87299470
87300233
87300302
87300916
87300923
87300929
87301784
87301794
87302194
87302201
87303106
87303112
87303119
87303375
87303384
87304219
87304228
87304249
87304664
87304674
87305638
87305675
87305681
87305845
87305854
87306958
87306967
87307097
87307106
87308261
87308270
87308504
87308510
87308513
87309719
87309779
87309786
87309934
87309940
87309946
87311314
87311320
87311328
87312007
87312016
87312022
87313207
87313243
87314570
87314579
87315672
87315681
87315756
87315765
87315923
87315932
87315983
87315992
87316072
87316081
87316268
87316313
87316319
87316412
87316421
87316487
87316493
87316658
87316667
87316708
87316717
87316755
87316764
87316959
87316968
87317008
87317017
87317051
87317060
87317198
87317207
87317273
87317284
87317411
87317427
87317605
87317612
87317618
87317698
87317708
87317916
87317926
87317933
87318028
87318038
87318141
87318151
87318396
87318405
87318619
87318629
87318717
87318726
87319102
87319106
87319114
87319280
87319286
87319292
87319402
87319412
87319421
87319648
87319656
87319797
87319804
87319812
87319907
87319916
87320153
87320159
87320165
87320793
87320799
87321437
87321443
87321449
87322369
87322381
87322793
87322802
87322812
87323651
87323660
87324127
87324138
87325050
87325060
87325390
87325402
87326373
87326382
87326428
87326540
87326741
87326763
87327769
87327778
87328232
87328241
87328252
87329156
87329165
87329588
87329597
87329606
87330741
87330748
87330751
87331068
87331077
87331086
87332000
87332009
87332015
87332314
87332331
87332391
87332957
87332967
87333558
87333567
87333639
87334511
87334523
87334532
87335132
87335141
87335858
87335879
87335885
87336728
87336794
87336806
87337129
87337137
87337145
87337849
87337862
87337876
87338550
87338557
87338563
87339123
87339129
87339135
87339792
87339803
87339814
87340587
87340596
87340602
87341382
87341392
87341401
87342022
87342034
87342040
87342982
87342993
87343002
87343613
87343622
87343628
87344578
87344595
87344645
87345172
87345179
87345185
87346163
87346199
87346205
87346828
87346834
87346840
87347827
87347836
87347845
87348310
87348319
87348328
87349438
87349448
87349458
87349613
87349622
87349631
87349724
87349733
87349743
87349942
87349951
87349960
87350009
87350077
87350084
87350090
87350187
87350197
87350206
87350418
87350424
87350432
87350553
87350559
87350565
87350691
87350701
87350711
87350905
87350914
87350924
87351030
87351039
87351048
87351178
87351187
87351197
87351694
87351705
87351714
87352652
87352661
87352727
87353000
87353047
87353073
87354136
87354145
87354156
87354528
87354537
87354547
87355431
87355494
87355507
87355883
87355894
87355903
87356867
87356878
87356887
87357379
87357388
87357397
87358247
87358257
87358266
87358715
87358724
87358733
87358901
87358918
87358935
87359242
87359252
87359537
87359547
87360204
87360223
87360367
87360376
87360385
87360648
87360657
87360780
87360790
87360800
87361216
87361225
87362397
87362407
87363104
87363113
87363122
87363796
87363805
87364490
87364499
87364508
87365327
87365334
87365337
87365424
87365428
87365431
87365508
87365514
87365520
87365686
87365696
87365703
87365746
87365836
87365842
87365845
87365892
87365898
87365905
87366053
87366062
87366072
87366106
87366116
87366125
87366156
87366165
87366174
87366298
87366307
87366316
87366465
87366474
87366483
87366524
87366534
87366543
87366672
87366681
87366690
87367025
87367039
87367052
87367112
87367122
87367131
87367276
87367290
87367306
87367348
87367357
87367366
87367385
87367394
87367403
87367538
87367547
87367555
87367606
87367615
87367621
87367646
87367655
87367664
87367821
87367830
87367839
87367935
87367944
87367953
87367987
87367996
87368005
87368140
87368149
87368158
87368204
87368214
87368223
87368297
87368303
87368309
87368520
87368529
87368538
87368616
87368624
87368630
87368736
87368754
87368766
87368873
87368882
87368888
87368924
87368933
87368942
87369073
87369082
87369091
87369162
87369171
87369180
87369228
87369237
87369249
87369399
87369408
87369417
87369469
87369479
87369489
87369539
87369549
87369558
87369715
87369724
87369734
87369783
87369809
87369818
87369828
87369858
87369867
87369873
87369987
87369996
87370005
87370025
87370034
87370043
87370066
87370075
87370084
87370199
87370208
87370218
87370268
87370277
87370286
87370317
87370326
87370336
87370479
87370488
87370497
87370538
87370547
87370556
87370597
87370607
87370616
87370754
87370763
87370772
87370835
87370846
87370855
87370878
87370887
87370896
87371043
87371052
87371062
87371121
87371130
87371139
87371180
87371190
87371346
87371355
87371394
87371403
87371413
87371477
87371486
87371661
87371670
87371748
87371757
87371834
87371843
87371853
87372038
87372047
87372130
87372139
87372145
87372193
87372202
87372211
87372356
87372365
87372397
87372406
87372415
87372451
87372468
87372608
87372617
87372658
87372667
87372677
87372794
87372811
87372867
87372876
87372926
87372935
87373075
87373084
87373094
87373146
87373174
87373183
87373235
87373245
87373392
87373401
87373439
87373448
87373489
87373498
87373639
87373648
87373814
87373823
87373834
87373896
87373905
87374073
87374082
87374153
87374162
87374240
87374250
87374404
87374415
87374511
87374521
87374569
87374578
87398992
87399002
87399011
87399044
87399053
87399063
87399195
87399204
87399213
87399259
87399268
87399277
87399322
87399331
87399340
87399478
87399487
87399496
87399541
87399566
87399575
87399584
87399607
87399616
87399625
87399742
87399751
87399760
87399789
87399798
87399807
87399829
87399838
87399847
87399971
87399980
87399989
87400140
87400149
87400158
87400209
87400219
87400228
87400375
87400384
87400394
87400713
87400727
87400740
87400818
87400827
87400836
87401004
87401020
87401034
87401065
87401074
87401083
87401106
87401115
87401125
87401246
87401255
87401264
87401285
87401294
87401322
87401331
87401483
87401492
87401595
87401604
87401648
87401657
87401798
87401807
87401817
87401864
87401873
87401932
87401949
87401967
87402108
87402118
87402165
87402174
87402183
87402308
87402325
87402368
87402377
87402419
87402428
87402564
87402573
87402644
87402654
87402663
87402751
87402755
87402759
87402936
87402945
87402951
87403013
87403019
87403025
87403082
87403091
87403101
87403595
87403604
87403613
87403832
87404245
87404254
87404264
87404814
87404823
87404832
87405346
87405355
87405361
87405959
87405968
87405977
87406528
87406537
87406546
87406667
87406676
87406685
87406738
87406747
87406756
87406793
87406802
87406811
87406956
87406965
87406974
87407024
87407034
87407043
87407084
87407093
87407102
87407251
87407262
87407271
87407337
87407346
87407352
87407378
87407388
87407398
87407545
87407555
87407566
87407610
87407619
87407628
87407652
87407662
87407671
87407795
87407804
87407813
87408326
87408336
87408345
87408792
87408801
87408811
87408949
87408959
87408968
87409018
87409028
87409037
87409081
87409090
87409100
87409265
87409274
87409283
87409322
87409332
87409341
87409366
87409382
87409400
87409505
87409514
87409523
87409549
87409558
87409567
87409669
87409687
87409756
87409766
87409775
87409816
87409825
87409963
87409972
87410030
87410040
87410094
87410103
87410249
87410258
87410290
87410341
87410351
87410411
87410420
87410553
87410562
87410608
87410618
87410650
87410659
87410798
87410807
87410817
87411010
87411020
87411096
87411107
87411281
87411291
87411373
87411382
87411447
87411456
87411628
87411639
87411742
87411751
87411793
87411802
87411932
87411941
87411973
87411983
87411992
87412040
87412049
87412187
87412198
87412298
87412307
87412381
87412391
87412562
87412571
87412577
87412642
87412651
87412742
87412752
87412758
87412936
87412945
87413015
87413026
87413057
87413066
87413206
87413215
87413271
87413280
87413398
87413407
87413562
87413572
87413606
87413615
87413707
87413725
87413817
87413826
87413889
87413898
87414067
87414076
87414143
87414187
87414193
87414200
87414269
87414276
87414283
87414448
87414454
87414460
87414517
87414526
87414532
87414657
87414663
87414669
87414804
87414813
87414822
87414885
87414894
87414933
87414942
87415105
87415114
87415192
87415201
87415266
87415276
87415446
87415455
87415570
87415576
87415583
87415720
87415725
87415729
87415932
87415935
87415939
87416048
87416051
87416054
87416129
87416136
87416139
87416271
87416281
87416290
87416358
87416367
87416376
87416424
87416433
87416443
87416604
87416613
87416625
87416684
87416693
87416703
87416761
87416770
87416781
87416987
87416996
87417002
87417087
87417097
87417106
87417163
87417169
87417175
87417334
87417343
87417352
87417399
87417408
87417414
87417453
87417462
87417472
87417623
87417632
87417641
87417688
87417697
87417706
87417752
87417762
87417900
87417910
87417973
87417982
87418033
87418043
87418217
87418250
87418256
87418327
87418333
87418340
87418462
87418478
87418576
87418582
87418588
87418663
87418669
87418805
87418814
87418887
87418897
87418944
87418953
87419099
87419108
87419186
87419194
87419200
87419335
87419339
87419342
87419550
87419560
87419664
87419671
87419678
87419748
87419754
87419763
87421923
87425398
87428044
87431154
87434466
87437596
87444834
87448873
87453133
87457136
87459901
87462851
87465969
87466470
87469617
87473654
87476710
87478943
87478944
87478945
87478946
87478947
87478949
87478950
87478951
87478952
87478954
87478955
87478956
87478957
87478960
87478961
87478962
87478963
87478964
87478966
87478967
87478968
87478969
87478970
87478971
87478972
87484284
87509443
87509444
87509445
87509446
87509447
87509449
87509450
87509451
87509452
87509453
87509454
87509455
87509456
87509457
87509458
87509459
87509460
87509461
87509463
87509464
87509465
87509466
87509467
87509468
87509469
87509745
87514090
87529595
87543598
87574120
87591995
87604035
87639440
87671903
87696724
87703663
87733485
87766254
87799383
87834063
87865596
87895427
87924792
87955906
87984597
88013682
88027126
88058404
88085138
88087222
88090490
88129511
88161056
88189922
88219371
88248628
88277810
88302599
88320583
88340157
88362914
88391716
88421049
88450462
88479244
88508806
88538374
88567357
88598823
88627537
88655997
88674042
88700671
88730447
88779843
88819703
88836150
88836159
88836168
88837074
88837083
88837150
88837764
88837773
88837782
88838677
88838686
88838696
88839681
88839690
88839699
88840643
88840652
88840707
88841743
88841752
88841819
88842715
88842771
88842790
88843804
88843825
88843839
88844882
88844911
88844957
88846054
88846063
88846073
88846985
88846994
88847004
88848029
88848038
88848055
88849123
88849132
88849142
88849699
88849708
88849767
88850791
88850800
88850819
88851450
88851459
88851528
88852539
88852548
88852557
88853160
88853169
88853235
88854163
88854207
88854238
88854829
88854865
88854908
88855947
88855978
88855987
88856540
88856562
88856571
88857701
88857711
88857726
88858253
88858319
88858329
88859420
88859430
88859439
88860065
88860074
88860140
88861156
88861222
88861231
88861453
88861947
88861956
88861965
88862893
88862902
88862911
88863560
88863569
88863578
88864473
88864482
88864551
88865371
88865380
88865389
88866182
88866191
88866200
88867099
88867108
88867117
88867856
88867865
88867874
88868950
88868960
88868969
88869637
88869646
88869656
88870611
88870620
88870629
88871369
88871379
88871388
88872354
88872363
88872372
88873009
88873018
88873027
88873953
88873963
88873972
88874620
88874629
88874641
88875567
88875576
88875585
88876250
88876259
88876269
88877225
88877235
88877296
88877962
88877971
88878017
88878926
88878935
88878998
88879600
88879666
88879676
88880687
88880696
88880706
88881435
88881498
88881507
88882320
88882378
88882387
88883240
88883249
88883259
88884123
88884134
88884197
88884970
88885024
88885046
88885871
88885880
88885935
88886900
88886910
88886919
88887753
88887763
88887826
88888616
88888625
88888634
88889459
88889533
88889545
88890646
88890655
88890665
88891572
88891583
88891593
88892342
88892351
88892360
88893235
88893267
88893310
88894018
88894027
88894036
88894947
88894956
88894965
88895681
88895690
88895699
88896561
88896570
88896579
88897423
88897451
88897501
88898230
88898239
88898248
88899164
88899173
88899183
88899849
88899858
88899867
88900817
88900826
88900836
88901519
88901528
88901538
88901733
88902497
88902506
88902521
88903252
88903261
88903270
88904197
88904206
88904215
88904862
88904872
88904881
88905811
88905820
88905829
88906481
88906491
88906500
88907495
88907504
88907514
88908187
88908197
88908220
88909192
88909202
88909247
88909891
88909900
88909909
88910992
88911001
88911012
88911708
88911717
88911784
88912746
88912755
88912821
88913490
88913499
88913508
88914459
88914468
88914534
88915187
88915198
88915264
88916198
88916207
88916216
88916884
88916907
88916957
88917869
88917879
88917888
88918617
88918626
88918635
88919579
88919645
88919654
88920315
88920325
88920385
88921346
88921415
88921425
88922104
88922115
88922178
88923184
88923193
88923202
88923838
88923888
88923897
88924841
88924850
88924859
88925549
88925558
88925568
88926465
88926475
88926485
88927296
88927305
88927314
88928106
88928115
88928125
88928985
88928994
88929003
88929809
88929819
88929828
88930681
88930744
88930751
88931473
88931482
88931491
88932421
88932430
88932439
88933174
88933183
88933192
88934125
88934134
88934143
88934811
88934820
88934830
88935720
88935730
88935739
88936453
88936462
88936472
88937339
88937348
88937357
88938154
88938165
88938175
88939015
88939024
88939033
88939788
88939798
88939807
88940703
88940731
88940776
88941604
88941614
88941623
88941696
88942442
88942452
88942469
88943289
88943300
88943309
88943962
88943974
88943987
88944030
88944039
88944049
88944106
88944115
88944125
88944242
88944253
88944264
88944349
88944359
88944368
88944429
88944445
88944472
88944660
88944667
88944673
88944740
88944747
88944753
88944842
88944848
88944855
88944950
88944960
88944967
88945027
88945039
88945049
88945102
88945108
88945114
88945155
88945164
88945173
88945201
88945210
88945220
88945236
88945245
88945254
88945311
88945321
88945332
88945407
88945417
88945426
88945495
88945505
88945516
88945625
88945635
88945644
88945692
88945701
88945710
88946450
88946459
88946468
88947579
88947589
88947598
88948489
88948520
88948529
88949367
88949376
88949385
88950322
88950347
88950400
88951225
88951234
88951244
88952059
88952068
88952077
88953105
88953114
88953123
88954137
88954146
88954155
88955133
88955142
88955151
88956099
88956109
88956118
88956939
88956948
88956958
88957977
88957990
88958057
88958866
88958894
88958941
88959957
88960024
88960033
88960734
88960743
88960752
88961857
88961866
88961875
88962647
88962656
88962665
88963647
88963657
88963666
88964666
88964723
88964743
88965769
88965778
88965845
88966665
88966729
88966739
88967840
88967893
88967915
88968755
88968764
88968773
88969451
88969711
88969722
88969731
88970747
88970757
88970766
88971553
88971563
88971572
88972462
88972472
88972482
88973172
88973214
88973248
88974218
88974227
88974236
88974923
88974932
88974941
88975912
88975921
88975930
88976614
88976630
88976693
88977601
88977610
88977620
88978404
88978432
88978441
88979299
88979308
88979317
88980388
88980397
88980407
88981065
88981074
88981083
88982044
88982094
88982104
88982723
88982732
88982741
88983816
88983825
88983834
88984376
88984386
88984395
88985458
88985468
88985477
88986087
88986151
88986161
88987003
88987012
88987021
88987822
88987832
88987893
88988933
88988943
88988953
88989627
88989636
88989645
88990677
88990744
88990753
88991306
88991370
88991379
88992351
88992420
88992429
88992933
88992943
88992952
88993929
88993939
88993986
88994680
88994726
88994735
88995648
88995671
88995721
88996467
88996476
88996485
88997368
88997377
88997394
88998287
88998297
88998307
88999197
88999206
88999253
89000099
89000109
89000118
89001025
89001034
89001044
89001773
89001782
89001791
89002690
89002699
89002708
89003398
89003407
89003416
89004328
89004337
89004346
89005186
89005196
89005256
89006068
89006077
89006087
89006927
89006936
89006946
89007699
89007709
89007718
89008732
89008742
89008823
89009618
89009627
89009637
89009774
89010581
89010591
89010600
89011538
89011556
89011565
89012391
89012400
89012409
89013345
89013354
89013363
89014333
89014343
89014352
89015180
89015212
89015253
89016162
89016231
89016241
89017155
89017166
89017175
89017904
89017968
89017978
89019051
89019060
89019069
89019734
89019794
89019803
89020914
89020927
89020937
89021607
89021613
89021621
89022772
89022783
89022842
89023474
89023480
89023486
89024688
89024694
89024700
89025358
89025422
89025431
89026442
89026451
89026462
89027176
89027186
89027219
89028151
89028163
89028172
89029045
89029058
89029067
89029821
89029830
89029839
89030716
89030777
89030786
89031569
89031578
89031587
89032562
89032631
89032637
89033327
89033334
89033341
89034408
89034414
89034420
89035045
89035051
89035057
89036125
89036134
89036143
89036740
89036751
89036760
89037844
89037853
89037862
89038437
89038446
89038457
89039521
89039530
89039599
89040107
89040117
89040126
89041329
89041338
89041347
89041948
89041954
89041960
89043070
89043082
89043126
89043714
89043723
89043732
89044823
89044830
89044836
89045467
89045499
89045539
89046613
89046622
89046631
89047228
89047238
89047247
89048327
89048333
89048339
89049035
89049046
89049052
89050202
89050209
89050262
89050914
89050923
89050932
89051811
89052124
89052131
89052137
89052809
89052836
89052845
89053912
89053921
89053930
89054489
89054562
89054571
89055578
89055587
89056341
89059995
89061847
89098728
89116410
89146043
89180917
89221396
89269074
89313022
