87102230
87102241
87102250
87102393
87102402
87102411
87102463
87102472
87102482
87102562
87102606
87102619
87102631
87102632
87102637
87102643
87102649
87102658
87102660
87102679
87102810
87102839
87102856
87102867
87102873
87102883
87102889
87102903
87102904
87102908
87102937
87102944
87102953
87102971
87102981
87103053
87103057
87103154
87103155
87103161
87103170
87103180
87103187
87103196
87103200
87103201
87103254
87103263
87103392
87103401
87103410
87103530
87103539
87103548
87103574
87103583
87103592
87103845
87103855
87103864
87104013
87104023
87104032
87104073
87104082
87104091
87104162
87104175
87104187
87104402
87104438
87104493
87104513
87104618
87104624
87104625
87104634
87104655
87104663
87104671
87104675
87104723
87104740
87104745
87104747
87104750
87104775
87104784
87104797
87104800
87104806
87104837
87104851
87104882
87104883
87104885
87104932
87105022
87105023
87105074
87105083
87105093
87105102
87105107
87105108
87105116
87105120
87105151
87105160
87105189
87105191
87105192
87105193
87105209
87105212
87105214
87105241
87105243
87105246
87105248
87105250
87105304
87105325
87105329
87105351
87105356
87105357
87105369
87105370
87105373
87105374
87105418
87105421
87105425
87105438
87105444
87105446
87105453
87105462
87105471
87105478
87105488
87105492
87105512
87105514
87105557
87105561
87105567
87105659
87105788
87105795
87105801
87105806
87105807
87105808
87105810
87105815
87105821
87105830
87105848
87105850
87105893
87105903
87106054
87106064
87106073
87106137
87106146
87106155
87106247
87106256
87106266
87106440
87106449
87106458
87106580
87106586
87106614
87106615
87106623
87106666
87106740
87106746
87106755
87106761
87106770
87106773
87106775
87106776
87106782
87106785
87106796
87106798
87106803
87106804
87106846
87106848
87106865
87106872
87106877
87106879
87106881
87106889
87106899
87106908
87106915
87106923
87106950
87106962
87106964
87106965
87106969
87107065
87107131
87107132
87107144
87107157
87107158
87107160
87107163
87107164
87107183
87107192
87107210
87107223
87107228
87107232
87107233
87107263
87107412
87107422
87107431
87107485
87107494
87107503
87107562
87107571
87107580
87107592
87107748
87107757
87107767
87107815
87107824
87107833
87107861
87107870
87107880
87107886
87107887
87107888
87107891
87107899
87107900
87108021
87108026
87108036
87108053
87108055
87108095
87108105
87108114
87108121
87108122
87108128
87108130
87108132
87108140
87108186
87108197
87108229
87108250
87108252
87108406
87108411
87108421
87108424
87108431
87108448
87108455
87108462
87108463
87108515
87108524
87108556
87108694
87108703
87108712
87108859
87108868
87108878
87108920
87108930
87108939
87109140
87109150
87109159
87109319
87109328
87109338
87109374
87109383
87109392
87109548
87109564
87109571
87109581
87109590
87109697
87109698
87109729
87109731
87109737
87109755
87109766
87109778
87109789
87109792
87109813
87109814
87109816
87109817
87109824
87109834
87109857
87109865
87109869
87109990
87109993
87109997
87110034
87110060
87110104
87110171
87110199
87110208
87110209
87110211
87110214
87110223
87110248
87110255
87110266
87110293
87110317
87110327
87110336
87110353
87110568
87110587
87110653
87110662
87110671
87110731
87110740
87111012
87111022
87111067
87111076
87111085
87111120
87111129
87111253
87111257
87111281
87111299
87111359
87111360
87111365
87111399
87111401
87111409
87111416
87111428
87111431
87111438
87111450
87111471
87111474
87111475
87111500
87111501
87111507
87111509
87111511
87111519
87111546
87111555
87111556
87111704
87111705
87111732
87111793
87111845
87111869
87111876
87111890
87111902
87111903
87111911
87111919
87111924
87111946
87111979
87111994
87111995
87112001
87112013
87112018
87112026
87112035
87112087
87112103
87112105
87112123
87112127
87112128
87112144
87112444
87112455
87112512
87112522
87112583
87112592
87112601
87112607
87112610
87112618
87112632
87112666
87112668
87112812
87112886
87112892
87112897
87112959
87112960
87112962
87112975
87112978
87112987
87112990
87113003
87113004
87113013
87113015
87113058
87113073
87113078
87113091
87113093
87113094
87113099
87113127
87113132
87113134
87113272
87113278
87113280
87113282
87113283
87113284
87113293
87113295
87113397
87113399
87113406
87113412
87113419
87113464
87113473
87113525
87113534
87113543
87113908
87113917
87113926
87113969
87113979
87113989
87114064
87114074
87114083
87114232
87114241
87114250
87114309
87114322
87114331
87114407
87114409
87114415
87114416
87114426
87114438
87114456
87114475
87114504
87114506
87114762
87114770
87114779
87114799
87114807
87114813
87114817
87114824
87114880
87114887
87114897
87114905
87114909
87114913
87114915
87114934
87114963
87114964
87114966
87114972
87114981
87115000
87115003
87115100
87115102
87115262
87115271
87115314
87115323
87115401
87115410
87115655
87115665
87115694
87115728
87115737
87115833
87115842
87116130
87116140
87116198
87116207
87116216
87116265
87116267
87116282
87116309
87116313
87116323
87116326
87116342
87116353
87116456
87116471
87116608
87116625
87116626
87116632
87116633
87116641
87116647
87116665
87116669
87116696
87116704
87116709
87116713
87116717
87116720
87116729
87116741
87116756
87116758
87116769
87116774
87116797
87116802
87116812
87116814
87116819
87116821
87116889
87116949
87116953
87117090
87117099
87117110
87117155
87117161
87117168
87117353
87117362
87117372
87117543
87117552
87117609
87117619
87117630
87117790
87117799
87117808
87117957
87117966
87118032
87118042
87118051
87118069
87118071
87118111
87118117
87118126
87118137
87118198
87118239
87118240
87118244
87118247
87118253
87118254
87118255
87118281
87118296
87118312
87118321
87118322
87118348
87118378
87118459
87118466
87118484
87118485
87118495
87118514
87118518
87118519
87118522
87118524
87118525
87118541
87118555
87118556
87118557
87118568
87118586
87118600
87118623
87118630
87118688
87118738
87118746
87118754
87118774
87118783
87118784
87118794
87118949
87118958
87118967
87119009
87119020
87119029
87119186
87119195
87119204
87119345
87119354
87119447
87119456
87119609
87119618
87119627
87119782
87119791
87119862
87119871
87119880
87119904
87119905
87119928
87119931
87119944
87120042
87120049
87120055
87120059
87120066
87120071
87120073
87120075
87120083
87120091
87120100
87120112
87120114
87120181
87120190
87120209
87120214
87120227
87120232
87120238
87120244
87120245
87120251
87120252
87120264
87120271
87120293
87120294
87120306
87120429
87120439
87120448
87120458
87120486
87120495
87120561
87120575
87120586
87120715
87120724
87120790
87120799
87120860
87120870
87121020
87121031
87121040
87121089
87121098
87121107
87121192
87121201
87121353
87121363
87121372
87121389
87121397
87121409
87121414
87121416
87121425
87121439
87121441
87121443
87121489
87121491
87121498
87121500
87121503
87121504
87121537
87121628
87121637
87121638
87121651
87121663
87121674
87121675
87121686
87121695
87121713
87121725
87121735
87121761
87121772
87121775
87121777
87121784
87121797
87121815
87121816
87121858
87121890
87121892
87121899
87121941
87121958
87122057
87122066
87122076
87122122
87122132
87122142
87122273
87122282
87122344
87122354
87122363
87122425
87122435
87122476
87122623
87122633
87122643
87122715
87122725
87122748
87122755
87122760
87122766
87122782
87122783
87122784
87122785
87122793
87122795
87122799
87122841
87122854
87122856
87122857
87122864
87122869
87122871
87122883
87122981
87123009
87123016
87123017
87123044
87123045
87123055
87123064
87123080
87123087
87123090
87123120
87123129
87123138
87123170
87123291
87123293
87123294
87123302
87123311
87123330
87123337
87123341
87123355
87123358
87123373
87123374
87123379
87123385
87123392
87123396
87123398
87123439
87123449
87123457
87123465
87123492
87123498
87123502
87123505
87123516
87123522
87123549
87123550
87123564
87123571
87123584
87123591
87123595
87123596
87123684
87123708
87123709
87123715
87123720
87123768
87123784
87123787
87123788
87123802
87123820
87123822
87123823
87123833
87123837
87123838
87123957
87123966
87123976
87124162
87124171
87124181
87124198
87124215
87124218
87124228
87124234
87124243
87124252
87124259
87124288
87124295
87124304
87124342
87124343
87124344
87124453
87124521
87124533
87124542
87124608
87124617
87124627
87124672
87124682
87124691
87124879
87124887
87124891
87124893
87124898
87124915
87124929
87124945
87124947
87124950
87124961
87124976
87124982
87124987
87124989
87125000
87125007
87125016
87125038
87125040
87125057
87125058
87125108
87125117
87125126
87125242
87125249
87125261
87125278
87125289
87125299
87125310
87125378
87125387
87125408
87125409
87125435
87125436
87125440
87125450
87125455
87125513
87125527
87125537
87125545
87125659
87125704
87125716
87125733
87125738
87125743
87125752
87125754
87125755
87125756
87125795
87125802
87125812
87125824
87125827
87125847
87125882
87125891
87125901
87125910
87125913
87125940
87126051
87126061
87126069
87126078
87126083
87126113
87126123
87126132
87126140
87126151
87126200
87126210
87126219
87126319
87126324
87126328
87126340
87126346
87126367
87126369
87126389
87126393
87253525
87253534
87253543
87253576
87253585
87253594
87253728
87253738
87253747
87253784
87253794
87253806
87253841
87253850
87253859
87253992
87254001
87254010
87254055
87254084
87254093
87254102
87254133
87254142
87254151
87254259
87254260
87254263
87254268
87254278
87254287
87254296
87254320
87254329
87254338
87254356
87254365
87254374
87254383
87254389
87254393
87254404
87254507
87254508
87254512
87254525
87254530
87254677
87254679
87254693
87254695
87254696
87254703
87254708
87254717
87254727
87254736
87254746
87254747
87254798
87254799
87254807
87254816
87254826
87254845
87254848
87254852
87254854
87254858
87254996
87254997
87255010
87255020
87255046
87255047
87255404
87255415
87255424
87255451
87255453
87255455
87255460
87255462
87255515
87255522
87255531
87255553
87255554
87255555
87255697
87255709
87255726
87255741
87255756
87255766
87255772
87255786
87255806
87255815
87255839
87255840
87255854
87255863
87255873
87255875
87255883
87255885
87255890
87256000
87256001
87256003
87256004
87256009
87256034
87256053
87256060
87256064
87256068
87256072
87256078
87256088
87256093
87256101
87256102
87256105
87256116
87256143
87256152
87256161
87256276
87256285
87256286
87256287
87256330
87256340
87256349
87256397
87256436
87256438
87256458
87256467
87256476
87256485
87256489
87256491
87256501
87256513
87256521
87256523
87256531
87256537
87256539
87256666
87256672
87256677
87256699
87256707
87256713
87256724
87256730
87256740
87256751
87256755
87256758
87256791
87256794
87256804
87256810
87256813
87256822
87256827
87256850
87256851
87256858
87256894
87256904
87256905
87256917
87256919
87256920
87256956
87257055
87257056
87257061
87257118
87257128
87257137
87257177
87257186
87257195
87257307
87257320
87257329
87257351
87257360
87257369
87257386
87257391
87257401
87257410
87257429
87257430
87257436
87257543
87257552
87257561
87257611
87257620
87257630
87257668
87257677
87257686
87257693
87257697
87257701
87257707
87257715
87257719
87257727
87257739
87257741
87257745
87257747
87257799
87257800
87257886
87257889
87257918
87257921
87257928
87257929
87257946
87257948
87257957
87257967
87257974
87257998
87258001
87258014
87258025
87258030
87258031
87258042
87258043
87258049
87258066
87258069
87258088
87258094
87258109
87258112
87258128
87258142
87258143
87258248
87258253
87258254
87258259
87258274
87258314
87258353
87258363
87258372
87258411
87258420
87258429
87258555
87258564
87258573
87258591
87258600
87258609
87258630
87258639
87258649
87258766
87258775
87258784
87258834
87258843
87258853
87258890
87258898
87258907
87258916
87259046
87259047
87259058
87259067
87259077
87259101
87259103
87259120
87259122
87259129
87259138
87259153
87259157
87259167
87259175
87259179
87259191
87259202
87259203
87259207
87259210
87259219
87259223
87259224
87259237
87259246
87259268
87259271
87259274
87259384
87259385
87259413
87259422
87259431
87259468
87259475
87259486
87259487
87259519
87259527
87259537
87259551
87259554
87259561
87259562
87259594
87259600
87259610
87259619
87259632
87259640
87259645
87259779
87259789
87259799
87259848
87259857
87259866
87259914
87259923
87259932
87260094
87260103
87260112
87260156
87260166
87260175
87260227
87260236
87260245
87260405
87260414
87260424
87260469
87260488
87260500
87260514
87260523
87260540
87260549
87260609
87260618
87260628
87260630
87260636
87260639
87260647
87260703
87260737
87260793
87260827
87260845
87260848
87260877
87260887
87260913
87260914
87260927
87260929
87260983
87260995
87261005
87261016
87261021
87261023
87261032
87261048
87261083
87261091
87261100
87261110
87261226
87261230
87261260
87261263
87261276
87261289
87261298
87261303
87261317
87261322
87261390
87261400
87261512
87261528
87261545
87261652
87261662
87261671
87261715
87261716
87261717
87261720
87261728
87261738
87261754
87261769
87261770
87261771
87261803
87261892
87261914
87261918
87261992
87262001
87262010
87262031
87262053
87262083
87262092
87262118
87262119
87262150
87262162
87262174
87262207
87262247
87262280
87262288
87262309
87262315
87262317
87262340
87262382
87262405
87262408
87262416
87262447
87262451
87262455
87262471
87262480
87262487
87262489
87262491
87262549
87262568
87262578
87262651
87262672
87262673
87262674
87262687
87262799
87262800
87262803
87262863
87262865
87262876
87262886
87262896
87262905
87262910
87262913
87262915
87262929
87262935
87262944
87262949
87262952
87262956
87262957
87262959
87262978
87262988
87263110
87263256
87263264
87263273
87263284
87263301
87263313
87263403
87263405
87263423
87263456
87263495
87263505
87263507
87263515
87263516
87263540
87263593
87263602
87263611
87263636
87263643
87263648
87263649
87263842
87263853
87263859
87263947
87263956
87263965
87263994
87264032
87264043
87264053
87264067
87264068
87264069
87264081
87264084
87264101
87264103
87264120
87264128
87264203
87264257
87264260
87264284
87264306
87264307
87264329
87264330
87264331
87264334
87264374
87264386
87264403
87264422
87264436
87264441
87264449
87264450
87264476
87264477
87264489
87264510
87264512
87264513
87264514
87264570
87264627
87264702
87264710
87264716
87264719
87264749
87264750
87264757
87264778
87264794
87264795
87264798
87264815
87264839
87264854
87264866
87264869
87264889
87264890
87264895
87264897
87264915
87264929
87264947
87264949
87264953
87264964
87264968
87264994
87264999
87265007
87265008
87265029
87265039
87265048
87265055
87265057
87265273
87265296
87265307
87265316
87265329
87265333
87265362
87265381
87265467
87265475
87265484
87265492
87265498
87265544
87265552
87265579
87265584
87265590
87265600
87265613
87265618
87265771
87265781
87265790
87265803
87265810
87265814
87265847
87265852
87265861
87265871
87265937
87265942
87265945
87265948
87265983
87265986
87265998
87266006
87266018
87266039
87266151
87266153
87266155
87266190
87266212
87266225
87266241
87266250
87266303
87266310
87266311
87266324
87266339
87266351
87266354
87266362
87266396
87266397
87266406
87266415
87266455
87266456
87266457
87266472
87266479
87266653
87266662
87266671
87266733
87266737
87266773
87266783
87266794
87266816
87266818
87266826
87266828
87266894
87266916
87266925
87266939
87266968
87267003
87267708
87267795
87267833
87267842
87267851
87268099
87268164
87268520
87268532
87268545
87268561
87268571
87268573
87268771
87268773
87268910
87269090
87269110
87269127
87269325
87269401
87269742
87269866
87269876
87269886
87270489
87270498
87270508
87270569
87270817
87270832
87271191
87271208
87271228
87271229
87271230
87271389
87271949
87271958
87271967
87272424
87272434
87273269
87273279
87273288
87273707
87273716
87274461
87274470
87274979
87274988
87275795
87275804
87276138
87276147
87276156
87277054
87277063
87277434
87277444
87277453
87278403
87278420
87278686
87278695
87278704
87279574
87279643
87279892
87279917
87279926
87279936
87281052
87281061
87281102
87281111
87281120
87282181
87282190
87282259
87282261
87282396
87282405
87283533
87283542
87283603
87283612
87284751
87284752
87284861
87284885
87284895
87284911
87284929
87284937
87284940
87284946
87284952
87284955
87284964
87284965
87285008
87286068
87286069
87286076
87286087
87286097
87286100
87286113
87286118
87286119
87286313
87286322
87287187
87287196
87287265
87287408
87287417
87288313
87288322
87288746
87288755
87289415
87289429
87289490
87289775
87289777
87289968
87289979
87290622
87290691
87291239
87291248
87291257
87292079
87292088
87292416
87292425
87293108
87293122
87293415
87293698
87293708
87293734
87293896
87293956
87293957
87294137
87294140
87294141
87294145
87294385
87294391
87294448
87294521
87294527
87294593
87294892
87294896
87294905
87294922
87294942
87295034
87295036
87295047
87295377
87295445
87295509
87295512
87295636
87295697
87295781
87295790
87296040
87296112
87296122
87296722
87296724
87296922
87296928
87296940
87297474
87297483
87297730
87298110
87298121
87298126
87298131
87298146
87298148
87298150
87298158
87298349
87298467
87298469
87298470
87298636
87298645
87298654
87298656
87298785
87299148
87299151
87299207
87299452
87299453
87299461
87299481
87300224
87300230
87300255
87300308
87300371
87300432
87300443
87300448
87300457
87300655
87300780
87300781
87300814
87300819
87300906
87300921
87300934
87300935
87300957
87301159
87301460
87301527
87301588
87301779
87301781
87301790
87301792
87301861
87301919
87302045
87302104
87302161
87302172
87302175
87302191
87302208
87302210
87302213
87302280
87302516
87302519
87302642
87302745
87302847
87303103
87303372
87303381
87304216
87304225
87304232
87304661
87304670
87305611
87305672
87305678
87305842
87305851
87306955
87306964
87306973
87307094
87307103
87308127
87308189
87308257
87308267
87308334
87308336
87308342
87308359
87308364
87308381
87308467
87308495
87308501
87308516
87308575
87308799
87308800
87308982
87309467
87309528
87309529
87309650
87309716
87309788
87309825
87309851
87309858
87309869
87309870
87309871
87309894
87309895
87309906
87309916
87309923
87310065
87310070
87310257
87310258
87310840
87310898
87310956
87311075
87311254
87311326
87311390
87311511
87311751
87312004
87312013
87398989
87398999
87399008
87399041
87399050
87399059
87399192
87399201
87399210
87399256
87399265
87399274
87399319
87399328
87399337
87399475
87399484
87399493
87399539
87399563
87399572
87399581
87399604
87399613
87399622
87399739
87399748
87399757
87399786
87399795
87399804
87399826
87399835
87399844
87399968
87399977
87399986
87400137
87400146
87400155
87400206
87400215
87400225
87400372
87400381
87400390
87400708
87400722
87400736
87400815
87400824
87400833
87400999
87401015
87401031
87401062
87401071
87401080
87401103
87401112
87401122
87401243
87401252
87401261
87401282
87401291
87401300
87401319
87401328
87401337
87401480
87401489
87401499
87401592
87401601
87401611
87401645
87401654
87401663
87401795
87401804
87401813
87401861
87401870
87401926
87401943
87401961
87402105
87402115
87402162
87402171
87402180
87402302
87402319
87402333
87402365
87402374
87402383
87402416
87402425
87402435
87402561
87402570
87402579
87402641
87402651
87402660
87402933
87402942
87402948
87403010
87403079
87403088
87403098
87403592
87403601
87403610
87403834
87404242
87404251
87404260
87404811
87404820
87404829
87405343
87405352
87405956
87405965
87405974
87406525
87406534
87406543
87406664
87406673
87406682
87406735
87406744
87406753
87406790
87406799
87406808
87406953
87406962
87406971
87407021
87407031
87407040
87407080
87407090
87407099
87407248
87407259
87407268
87407333
87407343
87407349
87407375
87407385
87407395
87407541
87407551
87407563
87407607
87407616
87407625
87407649
87407659
87407668
87407792
87407801
87407810
87408323
87408333
87408342
87408788
87408798
87408807
87408945
87408956
87408965
87409015
87409024
87409034
87409077
87409087
87409097
87409262
87409271
87409280
87409319
87409329
87409338
87409360
87409377
87409394
87409502
87409511
87409520
87409546
87409555
87409564
87409664
87409681
87409698
87409753
87409763
87409772
87409813
87409822
87409960
87409969
87409978
87410027
87410037
87410046
87410091
87410100
87410246
87410255
87410265
87410288
87410338
87410348
87410357
87410408
87410417
87410550
87410559
87410568
87410605
87410614
87410647
87410656
87410666
87410795
87410804
87410813
87411007
87411017
87411093
87411103
87411113
87411278
87411288
87411369
87411379
87411389
87411444
87411453
87411462
87411625
87411636
87411645
87411739
87411748
87411790
87411799
87411808
87411929
87411938
87411970
87411980
87411989
87412037
87412046
87412184
87412193
87412207
87412270
87412271
87412277
87412287
87412288
87412295
87412304
87412317
87412322
87412331
87412342
87412378
87412388
87412397
87412481
87412484
87412527
87412551
87412554
87412559
87412568
87412589
87412596
87412600
87412604
87412606
87412639
87412648
87412657
87412666
87412672
87412711
87412714
87412723
87412730
87412739
87412749
87412770
87412828
87412876
87412932
87412942
87412965
87412977
87412978
87412985
87412986
87412989
87413002
87413012
87413023
87413032
87413054
87413063
87413072
87413203
87413212
87413268
87413277
87413286
87413395
87413404
87413413
87413559
87413569
87413603
87413612
87413621
87413701
87413719
87413737
87413814
87413823
87413833
87413835
87413842
87413872
87413886
87413895
87413904
87413923
87413941
87413947
87413952
87414064
87414073
87414086
87414088
87414098
87414101
87414113
87414115
87414147
87414164
87414180
87414183
87414184
87414185
87414206
87414224
87414228
87414234
87414235
87414244
87414257
87414260
87414266
87414288
87414294
87414322
87414329
87414332
87414333
87414338
87414445
87414462
87414463
87414464
87414476
87414492
87414496
87414514
87414523
87414538
87414542
87414549
87414550
87414636
87414640
87414646
87414648
87414649
87414654
87414676
87414687
87414689
87414801
87414810
87414819
87414882
87414891
87414930
87414939
87414948
87415102
87415111
87415189
87415198
87415263
87415273
87415303
87415313
87415426
87415427
87415443
87415452
87415465
87415471
87415504
87415505
87415507
87415524
87415527
87415528
87415541
87415565
87415592
87415593
87415600
87415602
87415626
87415640
87415757
87415783
87415957
87415984
87415995
87415998
87416073
87416086
87416089
87416105
87416109
87416112
87416115
87416117
87416268
87416278
87416287
87416355
87416364
87416373
87416420
87416430
87416440
87416601
87416610
87416621
87416681
87416690
87416700
87416758
87416767
87416778
87416792
87416793
87416800
87416801
87416865
87416926
87416983
87416993
87417013
87417024
87417034
87417037
87417083
87417094
87417103
87417109
87417110
87417112
87417121
87417122
87417141
87417149
87417153
87417159
87417180
87417181
87417182
87417191
87417319
87417322
87417331
87417340
87417349
87417364
87417365
87417367
87417368
87417396
87417405
87417417
87417418
87417421
87417422
87417440
87417450
87417459
87417469
87417620
87417629
87417638
87417685
87417694
87417703
87417749
87417759
87417897
87417907
87417917
87417969
87417979
87418030
87418040
87418151
87418155
87418157
87418163
87418175
87418182
87418189
87418216
87418228
87418235
87418241
87418247
87418264
87418268
87418270
87418271
87418274
87418302
87418304
87418317
87418318
87418324
87418348
87418350
87418354
87418357
87418369
87418370
87418371
87418376
87418378
87418455
87418472
87418515
87418522
87418546
87418559
87418562
87418566
87418567
87418573
87418590
87418608
87418610
87418618
87418623
87418627
87418639
87418644
87418647
87418651
87418660
87418671
87418677
87418685
87418802
87418811
87418820
87418884
87418894
87418941
87418950
87419095
87419105
87419440
87419516
87419526
87419527
87419534
87419539
87419545
87419555
87419557
87419614
87419615
87419616
87419629
87419634
87419647
87419676
87419680
87419703
87419710
87419715
87419720
87419726
87419729
87419731
87419745
87419760
87419787
87419792
87419801
87419826
87419907
87419927
87419934
87419947
87419951
87419954
87419960
87419971
87419976
87419981
87419982
87420003
87420004
87420028
87420043
87420050
87420057
87420064
87420069
87420074
87420076
87420104
87420181
87420196
87420198
87421042
87421053
87421059
87421061
87421066
87421070
87421080
87421081
87421185
87421187
87421189
87421200
87421204
87421215
87421239
87421260
87421269
87421297
87421299
87421301
87421303
87421305
87421319
87421324
87421349
87421352
87421358
87421364
87421366
87421370
87421412
87421430
87421434
87421436
87421485
87421505
87421520
87421528
87421573
87421582
87421583
87421620
87421623
87421625
87421629
87421631
87421642
87421652
87421657
87421668
87421670
87421680
87421681
87421696
87421705
87421926
87422198
87422200
87422213
87422222
87422230
87422319
87422365
87422389
87422392
87422396
87422405
87422409
87422418
87422419
87422425
87422431
87422462
87422490
87422495
87422511
87422518
87422531
87422536
87422546
87422551
87422552
87422561
87422562
87422573
87422594
87422597
87422600
87422609
87422712
87422719
87422728
87422739
87422746
87422754
87422756
87422768
87422769
87422770
87422772
87422779
87422795
87422801
87422812
87422831
87422834
87422840
87422845
87423033
87423050
87423054
87423087
87423094
87423106
87423108
87423115
87423137
87423161
87423166
87423170
87423179
87423182
87423186
87423187
87423206
87423209
87423324
87423338
87423351
87423355
87423380
87423383
87423504
87423526
87423538
87423540
87423545
87423555
87423575
87423582
87423583
87423587
87423694
87423695
87423696
87423702
87423759
87423777
87424260
87424264
87424311
87424315
87424324
87424325
87424336
87424345
87424361
87424362
87424389
87424390
87424407
87424431
87424437
87424553
87424571
87424576
87424583
87424591
87424595
87424597
87424604
87424610
87424612
87424618
87424625
87424638
87424639
87424641
87424642
87424643
87424648
87424654
87424664
87424690
87424698
87424730
87424759
87424813
87424814
87424823
87424824
87424869
87424888
87424892
87424932
87424947
87424951
87424952
87425396
87425405
87425410
87425438
87425460
87425470
87425475
87425476
87425491
87425497
87425508
87425517
87425523
87425525
87425526
87425527
87425529
87425539
87425541
87425582
87425674
87425694
87425696
87425705
87425707
87425712
87425720
87425736
87425740
87425743
87425760
87425763
87425774
87425776
87425778
87425787
87428047
87428677
87428678
87428684
87428693
87428697
87428708
87428711
87428713
87428724
87428734
87428745
87428751
87428762
87428777
87428779
87428791
87428914
87428921
87428925
87428932
87428937
87428940
87428941
87428943
87428988
87428989
87428992
87429000
87429004
87429011
87429012
87429016
87429033
87429042
87429046
87429056
87429058
87429065
87429081
87429082
87429083
87429090
87429097
87429102
87429105
87429111
87429231
87429246
87429248
87429260
87429267
87429276
87429283
87429286
87429298
87429304
87429777
87429783
87429787
87429811
87429828
87429831
87429834
87429840
87429843
87429857
87429868
87429870
87429877
87429883
87429890
87429947
87430002
87430004
87430015
87430027
87430038
87430039
87430043
87430046
87430081
87430103
87430108
87430110
87430138
87430145
87430150
87430170
87430178
87430179
87430188
87430196
87430205
87430210
87430244
87430465
87430496
87430508
87430511
87430516
87430518
87430929
87430941
87430955
87430964
87430967
87430969
87430987
87430998
87431007
87431011
87431015
87459904
87462853
87463963
87463967
87463981
87463987
87463988
87463994
87463995
87464003
87464026
87464033
87464035
87464045
87464054
87464055
87464056
87464070
87464071
87464077
87464079
87464095
87464106
87464107
87464215
87464216
87464217
87464227
87464234
87464235
87464241
87464280
87464282
87464286
87464298
87464300
87464307
87464313
87464314
87464315
87464316
87464332
87464343
87464350
87464362
87464363
87464372
87464380
87464383
87464389
87464400
87464410
87464430
87465117
87465128
87465138
87465139
87465146
87465157
87465158
87465166
87465167
87465170
87465203
87465209
87465214
87465217
87465230
87465370
87465371
87465429
87465442
87465456
87465474
87465485
87465486
87465503
87465504
87465516
87465541
87465542
87465552
87465553
87465590
87465604
87465607
87465615
87465623
87465970
87466198
87466199
87466204
87466205
87466206
87466216
87466229
87466238
87466244
87466245
87466248
87466253
87466254
87466256
87466257
87466287
87466290
87466304
87466310
87466385
87466461
87466463
87466546
87466549
87466588
87466592
87466617
87466619
87466626
87466628
87466629
87466631
87466636
87466659
87466664
87466668
87466679
87466681
87466692
87466700
87467166
87467188
87467191
87467193
87467194
87467199
87467213
87467237
87467238
87467240
87467246
87467251
87467259
87467269
87467285
87467290
87467296
87467300
87467409
87467410
87467413
87467421
87467429
87467444
87467452
87467464
87467465
87467479
87467480
87467481
87467483
87467489
87467493
87467499
87467509
87467518
87467519
87467520
87467522
87467534
87467535
87467539
87467588
87467634
87467659
87467674
87467685
87467688
87467694
87467696
87467697
87467698
87467703
87467756
87467771
87467774
87467778
87467780
87467790
87467796
87467798
87467801
87467806
87467815
87467824
87467830
87467834
87467847
87467850
87467869
87467872
87467876
87467882
87467883
87467884
87467890
87467999
87468007
87468026
87468035
87468036
87468048
87468053
87468062
87468067
87468074
87468075
87468076
87468084
87468088
87468109
87468124
87468125
87468127
87468144
87468148
87468151
87468169
87468172
87468183
87468186
87468198
87468199
87468209
87468321
87468329
87468332
87468339
87468340
87468352
87468368
87468378
87468422
87468431
87468446
87468452
87468457
87468462
87468465
87468478
87468522
87468523
87468537
87468548
87468549
87468564
87468704
87468715
87468723
87468727
87468729
87468735
87468738
87468743
87468751
87468756
87468764
87468769
87468778
87468784
87468785
87468786
87468790
87468808
87468818
87468820
87468823
87468889
87468935
87468941
87468942
87468978
87468993
87469001
87469003
87469005
87469012
87469020
87469026
87469027
87469040
87469041
87469056
87469069
87469073
87469085
87469086
87469090
87469109
87469110
87469199
87469235
87469248
87469267
87469282
87469291
87469296
87469297
87469359
87469370
87469372
87469373
87469383
87469558
87469563
87469567
87469569
87469570
87469611
87469613
87469628
87469644
87469650
87469679
87469680
87469682
87469683
87469688
87469695
87469697
87469699
87469701
87469714
87469725
87469729
87469730
87469732
87469742
87469750
87469852
87469856
87469858
87469863
87469869
87469877
87469889
87469891
87469898
87469902
87469912
87469927
87469929
87469930
87469941
87469943
87469951
87469958
87469961
87469962
87469970
87469977
87469979
87469996
87470019
87470025
87470140
87470141
87470150
87470153
87470205
87470213
87470214
87470217
87470222
87470230
87470240
87470241
87470261
87470263
87470267
87470268
87470289
87470300
87470328
87470329
87470332
87470335
87470345
87470403
87470469
87470480
87470500
87470508
87470512
87470516
87470528
87470539
87470540
87470545
87470555
87470560
87470643
87470797
87470805
87470820
87470823
87470841
87470870
87470874
87470901
87470909
87470912
87470921
87470925
87470937
87470955
87470956
87470962
87470965
87470978
87470994
87471000
87471006
87471115
87471126
87471134
87471155
87471166
87471180
87471183
87471194
87471206
87471233
87471246
87471257
87471278
87471317
87471323
87471403
87471411
87471415
87471418
87471423
87471435
87471463
87471464
87471478
87471491
87471574
87471585
87471596
87471673
87471675
87471691
87471730
87471731
87471749
87471768
87471772
87471775
87471779
87471841
87471883
87471922
87471928
87471930
87471943
87471957
87471988
87471989
87472005
87472006
87472011
87472012
87472052
87472080
87472082
87472090
87472092
87472100
87472101
87472117
87472120
87472125
87472158
87472163
87472164
87472165
87472176
87472281
87472286
87472300
87472304
87472312
87472328
87472389
87472396
87472400
87472411
87472415
87472425
87472426
87472438
87472447
87472608
87472611
87472614
87472618
87472663
87472673
87472675
87472684
87472689
87472716
87472723
87472726
87472733
87472736
87472737
87472759
87472761
87472841
87472867
87472868
87472884
87472888
87472892
87472894
87472897
87472954
87472958
87472964
87472967
87472972
87472977
87472980
87472985
87473014
87473016
87473022
87473027
87473030
87473037
87473047
87473048
87473051
87473069
87473083
87473085
87473106
87473112
87473218
87473221
87473228
87473232
87473233
87473244
87473255
87473262
87473290
87473297
87473298
87473311
87473313
87473321
87473339
87473344
87473354
87473359
87473374
87473381
87473399
87473414
87473434
87473437
87473458
87473459
87473465
87473468
87473479
87473596
87473599
87473600
87473609
87473613
87473619
87473656
87473671
87473687
87473693
87473701
87473736
87473741
87473742
87473749
87473752
87473758
87473766
87473780
87473915
87474691
87474692
87474707
87474710
87474712
87475008
87475039
87475154
87475228
87475240
87475244
87475256
87475276
87475284
87475303
87475311
87475317
87475321
87475524
87475777
87476063
87476433
87476457
87476476
87476486
87476502
87476514
87476529
87476550
87476553
87476555
87476591
87476712
87476721
87476732
87476785
87476807
87476815
87476817
87476835
87476838
87476867
87476868
87476870
87476940
87476941
87476942
87476970
87476983
87477081
87477144
87477160
87477178
87477182
87477188
87477193
87477195
87477453
87477471
87477494
87477508
87477511
87477554
87477557
87477558
87477564
87477585
87477604
87477822
87477881
87477902
87477917
87477918
87477947
87478080
87478081
87478083
87478089
87478090
87478093
87478132
87478134
87478138
87478139
87478140
87478144
87478146
87478149
87478158
87478166
87478168
87478174
87478176
87478197
87478203
87478211
87478222
87478268
87478440
87478452
87478462
87478465
87478476
87478479
87478481
87478499
87478519
87478530
87478539
87478569
87478597
87478726
87478747
87478771
87478813
87478817
87478863
87478865
87478866
87478870
87478871
87478872
87478873
87478874
87478875
87478876
87478877
87478878
87478879
87478880
87478882
87478883
87478884
87478885
87478886
87478887
87478888
87479021
87479272
87479300
87479581
87479595
87479601
87479608
87479613
87479619
87479629
87479633
87479640
87479650
87479658
87479697
87479701
87479705
87479710
87479721
87479836
87479838
87479843
87479865
87479867
87479869
87479872
87479887
87479890
87479896
87479904
87479906
87479911
87479915
87479916
87479929
87479931
87479935
87479945
87479962
87479974
87479977
87479981
87479982
87479986
87479987
87480000
87480007
87480013
87480018
87480240
87480277
87480300
87483230
87483881
87483884
87483885
87483892
87483894
87484279
87485679
87485681
87485691
87485698
87485700
87485704
87485708
87485720
87485725
87485728
87485742
87485744
87485749
87486047
87486166
87486325
87486462
87486852
87486970
87487265
87487268
87487445
87487567
87487569
87487574
87487579
87487587
87487593
87487607
87487617
87487627
87487630
87487636
87487644
87487645
87487653
87487805
87488085
87488199
87488490
87488491
87488613
87488730
87489015
87489017
87489322
87489326
87489327
87489340
87489341
87489381
87489450
87489453
87489454
87489465
87489470
87489480
87489481
87489778
87489899
87489922
87490048
87490353
87490469
87492101
87492212
87492241
87495003
87495130
87495132
87495134
87495141
87495142
87495159
87495160
87495205
87495348
87495561
87495636
87495736
87495738
87495930
87495949
87495951
87496068
87496121
87496270
87496675
87496761
87496767
87496768
87496769
87496808
87496809
87496880
87496881
87496965
87497583
87497584
87497588
87497592
87497596
87497743
87497819
87497879
87497954
87497955
87498057
87498346
87498375
87498382
87498386
87498390
87498498
87498527
87498548
87498742
87498773
87498775
87498874
87499135
87499227
87499228
87499229
87499285
87500102
87500255
87500369
87500456
87500474
87501845
87501909
87501910
87503262
87504113
87504116
87504208
87505019
87505021
87505022
87505029
87505031
87505037
87505044
87505055
87505057
87505071
87505073
87505084
87505138
87505169
87505216
87505219
87505225
87505236
87505237
87505238
87505242
87505260
87505275
87505282
87505293
87505297
87505298
87505299
87505305
87505326
87505332
87505334
87505346
87505362
87505370
87505373
87505374
87505375
87505442
87505464
87505632
87505688
87505764
87505862
87505865
87505995
87506288
87506329
87506367
87506445
87506909
87507014
87507075
87507077
87507081
87507086
87507305
87507307
87507412
87507503
87507686
87508286
87508288
87509333
87509335
87509365
87509366
87509367
87733487
87766257
87793177
87793251
87799384
87834066
87865599
87895428
87901854
87901861
87901869
87901999
87915990
87924793
87935738
87935773
87935828
87935883
87939827
87955901
87982425
87982481
87982535
87982550
87984599
88013679
88027121
88034756
88034935
88035054
88051619
88058409
88090494
88096037
88129512
88148557
88148911
88153666
88155919
88156036
88157640
88157647
88157827
88161052
88189913
88219376
88248632
88277813
88302596
88320580
88336857
88336971
88337033
88337398
88340158
88345238
88362911
88391714
88396361
88396423
88396484
88396508
88396573
88396625
88396681
88396682
88396743
88396802
88396863
88396864
88396922
88396990
88397049
88397050
88397052
88397055
88397056
88397058
88399465
88399527
88399537
88399585
88399643
88399700
88399762
88399765
88399769
88399771
88399774
88399778
88399781
88399847
88399849
88399912
88399975
88400038
88400103
88402316
88402373
88402439
88402440
88402503
88402561
88402613
88402672
88402674
88402732
88403734
88403788
88403847
88404610
88404668
88404725
88404785
88404787
88404790
88404791
88404793
88405648
88405707
88405759
88405765
88406572
88406634
88406691
88407126
88407191
88407786
88407849
88407908
88407966
88408009
88421048
88450463
88472442
88474155
88474157
88474212
88474213
88477405
88479250
88485668
88485671
88485673
88485730
88495722
88495724
88495728
88508807
88520196
88520197
88520198
88520256
88538379
88542723
88546059
88546061
88546064
88546122
88562944
88562955
88563004
88563062
88567361
88598825
88627538
88655990
88673589
88674040
88700670
88712529
88712532
88712534
88712539
88720991
88730456
88766773
88766898
88779844
88819708
88824273
88833202
88833264
88833319
88833320
88833739
88835238
88836147
88836156
88836165
88837071
88837080
88837109
88837761
88837770
88837779
88838674
88838683
88838693
88839678
88839687
88839696
88840640
88840649
88840658
88841740
88841749
88841799
88842712
88842721
88842787
88843762
88843822
88843836
88844878
88844888
88844954
88846051
88846060
88846070
88846982
88846991
88847001
88848026
88848035
88848045
88849120
88849129
88849139
88849696
88849705
88849714
88850788
88850797
88850806
88851447
88851456
88851525
88852536
88852545
88852554
88853157
88853166
88853206
88854160
88854169
88854235
88854823
88854836
88854904
88855909
88855975
88855984
88856495
88856559
88856568
88857698
88857707
88857723
88858250
88858298
88858325
88859417
88859427
88859436
88860062
88860071
88860103
88861153
88861210
88861228
88861458
88861943
88861953
88861962
88862890
88862899
88862908
88863557
88863566
88863575
88864470
88864479
88864548
88865368
88865377
88865386
88866179
88866188
88866197
88867096
88867105
88867114
88867853
88867862
88867871
88868938
88868957
88868966
88869634
88869643
88869653
88870608
88870617
88870626
88871366
88871375
88871385
88872351
88872360
88872369
88873006
88873015
88873024
88873950
88873960
88873969
88874617
88874626
88874638
88875564
88875573
88875582
88876247
88876256
88876266
88877222
88877232
88877255
88877959
88877968
88877989
88878923
88878932
88878968
88879597
88879663
88879672
88880684
88880693
88880702
88881432
88881489
88881504
88882309
88882375
88882384
88883237
88883246
88883256
88884120
88884130
88884167
88884967
88884977
88885043
88885868
88885877
88885890
88886896
88886907
88886916
88887749
88887759
88887823
88888613
88888622
88888631
88889456
88889528
88889541
88890643
88890652
88890662
88891537
88891580
88891590
88892339
88892348
88892357
88893232
88893241
88893307
88894015
88894024
88894033
88894944
88894953
88894962
88895678
88895687
88895696
88896558
88896567
88896576
88897419
88897430
88897497
88898227
88898236
88898245
88899161
88899170
88899180
88899846
88899855
88899864
88900814
88900823
88900832
88901516
88901525
88901534
88901727
88902494
88902503
88902512
88903249
88903258
88903267
88904194
88904203
88904212
88904859
88904869
88904878
88905808
88905817
88905826
88906478
88906488
88906497
88907492
88907501
88907511
88908184
88908194
88908204
88909189
88909199
88909228
88909888
88909897
88909906
88910989
88910998
88911008
88911705
88911714
88911748
88912742
88912752
88912780
88913487
88913496
88913505
88914456
88914465
88914504
88915184
88915195
88915258
88916150
88916204
88916213
88916881
88916890
88916954
88917865
88917875
88917885
88918614
88918623
88918632
88919576
88919642
88919651
88920312
88920322
88920382
88921343
88921412
88921421
88922101
88922110
88922175
88923181
88923190
88923199
88923818
88923885
88923894
88924838
88924847
88924856
88925546
88925555
88925564
88926462
88926472
88926482
88927293
88927302
88927311
88928103
88928112
88928121
88928982
88928991
88929000
88929806
88929816
88929825
88930678
88930741
88930748
88931470
88931479
88931488
88932418
88932427
88932436
88933171
88933180
88933189
88934122
88934131
88934140
88934808
88934817
88934827
88935717
88935727
88935736
88936450
88936459
88936469
88937336
88937345
88937354
88938151
88938161
88938172
88939012
88939021
88939030
88939785
88939795
88939804
88940700
88940709
88940772
88941567
88941611
88941620
88941693
88942439
88942449
88942458
88943286
88943297
88943306
88943959
88943971
88943984
88944027
88944036
88944046
88944103
88944112
88944121
88944236
88944249
88944260
88944346
88944356
88944365
88944424
88944440
88944464
88944657
88944664
88944670
88944737
88944743
88944750
88944839
88944947
88944956
88945024
88945036
88945045
88945099
88945152
88945161
88945170
88945198
88945207
88945217
88945233
88945242
88945251
88945308
88945317
88945329
88945404
88945414
88945423
88945492
88945502
88945512
88945622
88945632
88945641
88945689
88945698
88945707
88946447
88946456
88946465
88947576
88947586
88947595
88948445
88948516
88948526
88949364
88949373
88949382
88950319
88950328
88950397
88951222
88951231
88951241
88952056
88952065
88952074
88953102
88953111
88953120
88954134
88954143
88954152
88955130
88955139
88955148
88956096
88956106
88956115
88956935
88956945
88956954
88957974
88957983
88958054
88958863
88958872
88958938
88959954
88960021
88960030
88960731
88960740
88960749
88961854
88961863
88961872
88962644
88962653
88962662
88963644
88963653
88963663
88964663
88964675
88964740
88964926
88965764
88965775
88965807
88966660
88966726
88966736
88967837
88967848
88967911
88968752
88968761
88968770
88969454
88969708
88969718
88969728
88970233
88970246
88970744
88970754
88970763
88971495
88971559
88971569
88972459
88972469
88972478
88973169
88973179
88973245
88974215
88974224
88974233
88974920
88974929
88974938
88975909
88975918
88975927
88976611
88976621
88976690
88977598
88977607
88977617
88978369
88978429
88978438
88979295
88979305
88979314
88980385
88980394
88980403
88981062
88981071
88981080
88982022
88982091
88982100
88982720
88982729
88982738
88983813
88983822
88983831
88984373
88984383
88984392
88985455
88985465
88985474
88986084
88986112
88986158
88987000
88987009
88987018
88987819
88987829
88987866
88988929
88988940
88988950
88989624
88989633
88989642
88990674
88990741
88990750
88991301
88991367
88991376
88992348
88992395
88992426
88992930
88992939
88992949
88993926
88993936
88993954
88994654
88994723
88994732
88995645
88995655
88995718
88996441
88996473
88996482
88997365
88997374
88997384
88998284
88998294
88998304
88999194
88999203
88999212
89000096
89000105
89000115
89001022
89001031
89001041
89001770
89001779
89001788
89002687
89002696
89002705
89003395
89003404
89003413
89004325
89004334
89004343
89005183
89005193
89005253
89006065
89006074
89006083
89006924
89006933
89006942
89007696
89007705
89007715
89008721
89008738
89008748
89009615
89009624
89009633
89009776
89010577
89010588
89010597
89011492
89011553
89011562
89012388
89012397
89012406
89013342
89013351
89013360
89014330
89014339
89014349
89015177
89015203
89015238
89016159
89016183
89016237
89017152
89017163
89017172
89017901
89017925
89017975
89019033
89019057
89019066
89019731
89019775
89019800
89020910
89020921
89020923
89020934
89020942
89020943
89020971
89021110
89021178
89021514
89021536
89021604
89021619
89021627
89021695
89022234
89022356
89022417
89022704
89022705
89022769
89022774
89022779
89022854
89022855
89022992
89023118
89023296
89023356
89023357
89023358
89023430
89023664
89023785
89023898
89023958
89023959
89024081
89024150
89024388
89024447
89024619
89024620
89024685
89025355
89025365
89025428
89026439
89026448
89026459
89027173
89027182
89027210
89028148
89028158
89028169
89029042
89029051
89029064
89029817
89029827
89029836
89030707
89030774
89030783
89031537
89031552
89031554
89031566
89031575
89031584
89031589
89031592
89031600
89031854
89031868
89031901
89031965
89032197
89032375
89032438
89032593
89032645
89032646
89032647
89032908
89032978
89033034
89033036
89033290
89033291
89033303
89033305
89033309
89033321
89033357
89033631
89033651
89033731
89033732
89033914
89034032
89034226
89034228
89034405
89034424
89034427
89034433
89034503
89034627
89034688
89034810
89035001
89035005
89035012
89035018
89035025
89035029
89036122
89036131
89036140
89036737
89036748
89036757
89037242
89037841
89037850
89037859
89038434
89038443
89038454
89039518
89039527
89039540
89040104
89040113
89040123
89041303
89041335
89041344
89041762
89041774
89041791
89041805
89041810
89041816
89041878
89041879
89041928
89042026
89042030
89042089
89042208
89042808
89042809
89042941
89042999
89043059
89043065
89043078
89043150
89043513
89043516
89043522
89043711
89043720
89043729
89043734
89043736
89043738
89044274
89044330
89044638
89044702
89044814
89044819
89044957
89045191
89045196
89045200
89045204
89045464
89045473
89045536
89046610
89046619
89046628
89047224
89047235
89047244
89047953
89047954
89047955
89047960
89048022
89048080
89048139
89048206
89048324
89048585
89048589
89048599
89048606
89048669
89048733
89048907
89048970
89048971
89049017
89049043
89049173
89049417
89049765
89049766
89049889
89049891
89050015
89050134
89050196
89050469
89050471
89050488
89050604
89050848
89050911
89050920
89050929
89050995
89051118
89051287
89051289
89051466
89051525
89051528
89051813
89051939
89051941
89051982
89052005
89052767
89052833
89052842
89053909
89053918
89053927
89054486
89054559
89054568
89055575
89055584
89055595
89055596
89055601
89055607
89055609
89055610
89055611
89055679
89055787
89055900
89056274
89056306
89056908
89057212
89057213
89057214
89057288
89057290
89057299
89057335
89057355
89057361
89057425
89057734
89058163
89058462
89058526
89058595
89058659
89058664
89058801
89059103
89059173
89059185
89059198
89059204
89059205
89059509
89059629
89059930
89059992
89060409
89060474
89060594
89060656
89060658
89060711
89060955
89116154
89116155
89116156
89116412
89117473
89117654
89117715
89117777
89117902
89117903
89117965
89118027
89118207
89118301
89118328
89118389
89118390
89118462
89118530
89118723
89118724
89119017
89119199
89119310
89119318
89119386
89120096
89121144
89121155
89121918
89122100
89122101
89122300
89122367
89122549
89122551
89122561
89122562
89123345
89123346
89129678
89130027
89130033
89135269
89135276
89146050
89155956
89155957
89156025
89156155
89156156
89156359
89156491
89156677
89156683
89156782
89156933
89156939
89157069
89157092
89157135
89167731
89167733
89167734
89167882
89167902
89167976
89168095
89168327
89168331
89168398
89168399
89168462
89168505
89168585
89168593
89169303
89169306
89180919
89185856
89190896
89197474
89197475
89197481
89197845
89197846
89197850
89198021
89198382
89198500
89198624
89198689
89198747
89198749
89199124
89199252
89199253
89199261
89199580
89199701
89200118
89200192
89201008
89201067
89201131
89201425
89201727
89201728
89201788
89201801
89201805
89201811
89201932
89202110
89202111
89202169
89202170
89202226
89202287
89202291
89202350
89202466
89202891
89203538
89203539
89203542
89203543
89203544
89203547
89203732
89203735
89203795
89204401
89204711
89204773
89205084
89205148
89205158
89205166
89205168
89205169
89205231
89205310
89205326
89205443
89205625
89205626
89205627
89205807
89205998
89206179
89206180
89206365
89206481
89206490
89206554
89206555
89206678
89206924
89206929
89206936
89206948
89206949
89207194
89207628
89207629
89207631
89207928
89208339
89208586
89208587
89208588
89208589
89209040
89209041
89209608
89209745
89209746
89209748
89209749
89209931
89210227
89210290
89210320
89210450
89210661
89210787
89210788
89210789
89210846
89211087
89211089
89211329
89211810
89211987
89211998
89212079
89212324
89212325
89212505
89212974
89213289
89213456
89213640
89213643
89213645
89213646
89213648
89213651
89213657
89213978
89214040
89214041
89214042
89214163
89214165
89214286
89214404
89214521
89214524
89214526
89214659
89214824
89215005
89215068
89215320
89215323
89220197
89220201
89220203
89220290
89220359
89220494
89220558
89220953
89221017
89221109
89221120
89221127
89221167
89221168
89221394
89221466
89221540
89221733
89221737
89221938
89221940
89222067
89222134
89222198
89222216
89222218
89222253
89222307
89222366
89222440
89222757
89222833
89222963
89223011
89223034
89223042
89223131
89223132
89223144
89223264
89223336
89223466
89223469
89223541
89223608
89223611
89223669
89223739
89223741
89224067
89224068
89224238
89224699
89232108
89232312
89232534
89232536
89232728
89232734
89232868
89232869
89232942
89232976
89233034
89233046
89233172
89233206
89233312
89233455
89233519
89233520
89233786
89233787
89233790
89234001
89234077
89234080
89234082
89234542
89234674
89234675
89234676
89234890
89235011
89235015
89235180
89235184
89235196
89235218
89235238
89235254
89235270
89235686
89235885
89235900
89236030
89236038
89236309
89236512
89236513
89236780
89238000
89238002
89238003
89244672
89244937
89245140
89245161
89245438
89245453
89245465
89245466
89245486
89245521
89245648
89245665
89245879
89245881
89246024
89246029
89246354
89246356
89246583
89246749
89246766
89246857
89246863
89246998
89247245
89247443
89247449
89247479
89247486
89247494
89247520
89247562
89247564
89247696
89247953
89247956
89248019
89248161
89248224
89250769
89250829
89250831
89250973
89251179
89251250
89251376
89251435
89251446
89251452
89251463
89251497
89251520
89251522
89251593
89251596
89251748
89251828
89251974
89251975
89251977
89252171
89252304
89252438
89252785
89252860
89253000
89253194
89253197
89253337
89253341
89253348
89253365
89253382
89253394
89253407
89253408
89253439
89253441
89253574
89253843
89253897
89253975
89254101
89254174
89254304
89254307
89254428
89254711
89254847
89254911
89254939
89262254
89262712
89262779
89262780
89262921
89262922
89262931
89262932
89262951
89262995
89262997
89263007
89263016
89263018
89263087
89263432
89263435
89263559
89263561
89263825
89263957
89264087
89264156
89264203
89264360
89264429
89264431
89264629
89264746
89264756
89264761
89264823
89264824
89264893
89264896
89264964
89264975
89264976
89265128
89265129
89265258
89265332
89265768
89266026
89266028
89266228
89266235
89266248
89266513
89266711
89266713
89266715
89266781
89266804
89269076
89273831
89273832
89273947
89274174
89274177
89274188
89274205
89274208
89274226
89274277
89274852
89274853
89274854
89275053
89275056
89275058
89275193
89275257
89275458
89275585
89275589
89275599
89275792
89275794
89275930
89275999
89276111
89276122
89276145
89276147
89276175
89276178
89276192
89276262
89276470
89276472
89276594
89276724
89276725
89276792
89276923
89277253
89277923
89277990
89277999
89278002
89278005
89278012
89278023
89278041
89278059
89278074
89278077
89285226
89285352
89285411
89285420
89285433
89285441
89285455
89285456
89285457
89285481
89285509
89285592
89285657
89285719
89285943
89286135
89286137
89286264
89286267
89286455
89286581
89286583
89286893
89286896
89286967
89287170
89287315
89287316
89287326
89287330
89287346
89287354
89287362
89287374
89287382
89287539
89287861
89287934
89287935
89288065
89288192
89288319
89288387
89288452
89288722
89288725
89288850
89288914
89288982
89289052
89289201
89289211
89294624
89294648
89294650
89294678
89294679
89294769
89295155
89296038
89296168
89296234
89296235
89296296
89296402
89296423
89296435
89296438
89296446
89296932
89297061
89297065
89297135
89297263
89297266
89297394
89297578
89297709
89297710
89297713
89298038
89298040
89298109
89298251
89298255
89298297
89298304
89298314
89298319
89298344
89298741
89298951
89299073
89299091
89299220
89299356
89299357
89299478
89299730
89299732
89299993
89300064
89300127
89300131
89300140
89300162
89300166
89300179
89300192
89300196
89300209
89300221
89300251
89312786
89313024
