30.704
30.595
34.050
33.561
29.001
30.054
28.279
28.779
33.603
36.036
29.745
28.709
28.490
30.120
34.916
30.126
33.958
25.245
25.748
28.042
26.653
31.485
34.543
27.676
26.155
25.527
25.896
25.830
27.424
29.491
30.915
25.085
26.468
25.338
27.716
30.218
29.326
29.156
31.640
29.612
29.592
30.341
30.405
34.906
36.969
32.316
34.016
30.424
27.838
30.868
29.984
30.127
30.335
60.354
83.947
56.730
35.961
31.985
28.370
28.069
27.939
29.172
35.506
36.777
34.657
34.723
32.388
31.205
30.343
30.371
32.281
33.762
33.096
29.600
29.068
30.956
28.695
28.514
30.241
34.545
29.963
29.053
27.700
29.893
27.720
31.427
29.732
31.109
30.251
30.969
28.454
28.107
27.829
32.150
31.111
32.307
31.951
29.757
29.826
30.435
31.307
38.354
34.698
30.894
30.232
29.715
32.728
30.846
32.129
31.370
31.797
