16.887
18.373
22.221
18.303
19.512
16.949
16.279
17.758
17.182
18.046
16.819
17.161
17.005
18.369
18.203
16.800
2.369
19.391
2.304
16.742
16.806
16.579
16.934
18.372
18.501
17.011
54.958
4.738
22.564
22.005
6.495
37.379
4.696
6.592
17.985
2.580
17.201
17.142
2.501
15.972
16.624
55.321
24.723
19.000
17.803
18.670
21.206
16.221
48.663
33.189
20.553
17.520
16.195
16.069
17.402
18.465
48.765
38.681
18.604
16.298
48.510
16.581
48.750
24.170
16.530
16.627
16.549
16.639
17.446
17.921
16.615
41.945
75.059
62.044
15.273
17.301
79.908
18.337
17.680
3.196
15.354
15.998
18.564
15.819
42.006
34.059
20.566
17.428
17.273
17.271
17.796
16.562
16.605
16.043
17.220
17.487
20.917
16.964
32.319
16.853
18.674
18.149
42.128
17.944
46.605
19.504
16.965
16.995
42.043
19.473
18.093
17.526
19.294
42.155
44.493
27.544
34.563
34.721
12.584
9.353
18.495
17.526
