13.506
13.088
13.463
13.605
6.647
13.322
14.389
12.798
13.586
12.593
13.245
12.887
13.045
12.378
12.641
12.948
13.465
12.693
13.022
13.154
17.205
13.519
13.407
13.128
13.579
13.492
14.724
13.435
13.194
14.265
1.480
15.564
14.254
13.758
13.681
14.095
13.737
14.160
13.835
59.342
12.767
13.255
14.952
14.397
14.250
13.722
13.853
13.853
2.465
13.759
14.163
13.139
14.117
14.096
13.441
15.191
13.398
13.711
13.130
13.873
16.324
11.924
13.622
15.437
14.377
14.165
13.894
13.458
14.036
15.356
15.441
14.154
14.842
14.196
13.688
13.969
14.138
14.181
13.980
14.249
69.153
14.024
15.187
14.168
3.416
13.362
14.580
16.580
13.507
21.781
10.497
13.830
13.378
14.154
13.904
13.752
13.923
14.278
27.735
13.689
15.070
14.401
13.480
13.359
13.293
17.725
13.728
13.954
13.672
13.975
12.936
13.492
14.399
13.254
15.632
1.543
16.454
12.979
