13.883
12.795
13.599
12.927
13.248
12.888
12.326
15.904
14.947
12.447
12.598
12.857
12.286
11.688
13.700
13.451
12.411
8.796
3.444
13.320
12.977
12.469
11.882
14.480
12.998
12.840
12.101
11.793
12.644
15.238
12.086
16.631
12.925
12.282
12.617
14.626
12.934
15.420
13.352
12.511
12.770
14.254
13.636
13.947
14.451
12.028
12.446
12.630
14.625
15.054
13.438
12.446
13.266
13.760
14.793
12.932
13.283
12.825
13.798
14.095
13.567
14.446
13.422
13.338
13.492
14.774
12.885
12.317
13.194
14.367
14.008
13.147
14.352
15.122
14.300
15.075
13.408
12.567
16.911
14.252
13.837
16.375
14.972
16.006
15.587
15.550
14.312
15.988
15.562
14.885
16.353
15.608
14.815
15.014
15.510
14.217
13.957
