13.810
18.005
18.035
14.184
18.372
13.445
14.099
13.421
17.653
14.014
17.639
13.555
13.322
13.619
16.791
15.319
17.685
14.282
13.287
13.628
15.359
15.226
17.549
13.516
12.559
13.478
15.206
13.246
18.854
12.620
12.738
13.119
15.965
13.612
20.651
12.584
13.009
12.601
13.556
13.403
13.390
17.842
15.182
13.132
12.419
17.911
14.231
19.213
12.786
12.631
13.573
18.337
14.734
14.940
18.786
13.930
13.962
13.085
14.313
17.648
14.488
17.857
17.462
13.259
13.308
14.014
14.320
13.364
17.832
13.203
13.443
14.551
16.271
15.493
18.496
14.215
14.049
14.382
13.006
17.051
19.876
15.073
37.364
15.425
15.535
15.921
18.965
14.530
15.438
15.452
14.982
15.212
11.834
21.099
14.477
4.821
11.239
9.934
9.927
11.914
18.009
14.829
13.343
