47.278
47.069
47.021
50.577
49.457
48.637
48.946
48.295
47.846
46.354
48.123
44.244
45.545
45.487
46.459
47.333
46.400
40.121
43.923
44.496
41.174
48.007
47.127
43.076
44.070
43.015
45.116
48.834
51.631
46.679
45.465
47.903
46.597
45.626
37.215
45.124
43.620
45.871
47.440
47.705
50.751
49.017
49.416
46.706
44.309
51.929
32.032
30.979
29.836
27.555
27.751
30.435
31.581
29.238
28.849
29.849
30.721
30.679
28.437
48.730
44.247
46.993
46.583
46.681
48.427
33.792
33.469
32.807
32.699
49.650
51.100
45.187
49.363
36.449
20.475
47.490
47.235
45.668
63.983
62.183
62.962
63.901
64.512
60.019
63.200
61.833
60.361
61.002
62.447
63.479
63.040
60.023
62.670
61.509
61.551
60.056
