17.651
18.169
17.533
17.395
18.194
18.576
17.432
17.984
19.818
18.743
18.828
17.331
18.763
18.556
19.359
19.562
19.048
17.962
18.389
19.779
18.372
17.684
18.757
18.547
18.175
16.609
19.915
19.286
21.127
18.239
17.957
17.660
19.214
18.326
19.421
17.457
17.083
17.495
18.847
20.171
19.425
19.348
18.006
17.409
18.220
19.234
18.944
20.398
18.444
18.205
18.860
19.593
18.456
19.091
17.965
19.101
18.397
18.901
18.644
19.111
17.567
19.388
17.362
19.252
17.736
18.668
17.990
17.844
17.904
17.599
20.603
20.409
18.529
18.623
19.114
18.663
19.391
20.309
17.906
22.141
21.287
21.712
20.450
21.625
22.806
22.072
22.200
22.668
21.048
21.521
20.314
20.278
19.163
