74.127
77.352
199.112
85.933
76.891
70.293
73.861
72.326
73.748
74.487
71.695
76.574
80.241
79.121
76.727
74.432
71.871
74.902
74.207
76.487
73.657
70.234
71.444
72.317
73.481
70.035
70.285
71.820
71.411
83.501
235.038
69.720
69.509
71.989
71.827
72.867
73.462
74.462
80.520
78.967
84.087
82.426
77.853
76.879
71.053
72.953
72.431
74.411
74.430
76.137
88.547
89.113
79.890
80.459
57.768
71.176
72.723
75.508
47.341
89.176
9.105
37.385
42.881
71.238
70.077
77.407
75.313
73.850
71.387
76.473
75.145
67.894
68.469
69.642
66.935
71.587
75.252
70.371
69.243
71.726
70.104
75.793
76.314
68.692
69.581
70.909
70.597
69.064
73.401
71.085
69.462
72.835
72.252
77.177
75.670
50.365
45.428
72.919
74.150
68.073
68.040
66.895
66.905
76.772
78.440
69.580
73.498
70.838
73.474
68.209
70.816
176.291
70.625
70.617
68.546
65.822
68.391
69.129
72.685
71.686
74.381
75.084
71.671
69.052
71.290
71.984
73.866
73.267
71.044
71.785
66.506
75.262
73.341
78.689
72.594
70.719
72.371
71.292
74.778
73.644
86.927
83.818
82.799
78.525
76.521
78.029
72.884
71.185
71.279
70.875
73.001
74.432
70.672
70.773
74.721
78.664
75.680
73.812
71.912
72.347
69.993
70.135
76.178
78.536
75.929
74.744
78.509
80.800
81.545
84.101
75.027
76.150
75.436
75.450
