29.965
33.209
31.165
32.567
31.734
32.086
30.079
31.796
31.181
33.470
32.471
33.718
31.529
32.966
33.261
33.429
33.398
29.637
29.087
29.609
29.643
30.825
30.022
31.203
29.954
31.965
31.270
30.142
30.675
30.069
31.361
32.868
29.719
29.596
29.072
31.122
30.482
30.795
29.773
32.741
33.553
35.263
34.961
31.793
29.991
29.256
30.871
35.536
26.714
31.985
32.310
29.868
28.271
29.643
28.845
26.887
28.459
27.151
27.523
26.920
27.624
30.433
30.753
29.891
28.816
29.195
29.219
27.642
27.042
27.778
27.359
26.109
26.485
27.812
26.637
28.938
30.595
28.628
28.216
28.034
29.404
27.232
27.218
29.136
29.950
29.020
28.328
30.162
29.159
30.821
30.212
28.823
29.365
28.906
27.212
27.897
28.767
27.956
27.667
31.562
33.953
29.273
30.225
28.757
29.927
26.531
27.481
25.514
27.965
29.377
29.098
28.602
28.600
28.559
28.304
29.239
29.369
27.400
28.829
27.759
27.859
29.185
28.532
28.838
29.679
28.037
28.038
28.957
28.388
28.392
27.554
28.706
29.047
32.543
33.680
34.460
31.262
30.493
30.140
27.552
28.700
28.172
28.029
28.400
27.315
27.607
29.349
28.911
28.318
21.473
21.232
20.017
21.021
19.876
19.575
19.813
19.071
24.085
23.972
21.996
21.776
21.597
21.044
21.164
21.081
20.431
21.173
