16.222
42.043
19.473
17.561
16.838
18.870
42.155
44.493
27.544
34.563
34.721
23.120
9.353
16.837
18.624
18.088
18.078
16.091
16.329
18.281
20.615
22.759
19.597
20.025
18.540
19.145
19.451
16.403
16.119
16.733
17.151
17.058
17.097
16.539
19.152
20.191
22.478
21.545
18.209
18.933
17.189
17.859
18.576
17.328
18.132
19.287
19.681
17.731
17.458
17.385
17.241
18.105
17.423
16.717
22.445
5.117
9.945
36.898
10.046
17.691
16.952
20.517
18.602
16.743
16.455
16.634
18.408
17.580
18.464
16.511
16.753
17.027
17.396
17.660
17.126
19.304
19.489
17.025
16.732
15.987
16.058
16.673
16.518
16.182
17.030
18.656
16.970
18.309
17.319
17.942
19.126
14.975
14.370
17.393
17.946
16.521
17.063
16.898
17.502
17.580
18.169
19.113
20.639
48.918
22.345
19.852
20.016
24.010
48.805
28.956
123.945
18.054
18.287
4.911
20.212
17.051
17.488
17.079
17.751
17.769
18.877
18.648
51.238
15.788
10.295
24.806
24.825
17.858
17.790
17.050
17.807
17.561
16.674
18.262
17.430
24.694
24.353
18.151
18.205
17.969
17.376
17.397
16.524
16.658
16.737
22.843
22.427
23.345
16.892
19.003
19.494
19.570
17.678
17.355
16.034
55.357
17.296
15.833
18.143
19.181
17.922
17.268
19.133
19.886
17.274
18.464
17.567
17.345
17.164
17.292
42.156
20.836
19.450
24.128
21.577
18.790
17.709
19.643
17.404
17.075
17.162
