90315573
90315677
90315680
90315866
90315987
90316106
90316227
90316398
90316467
90316730
90317023
90317072
90317204
90317325
90317328
90317335
90317343
90317344
90317353
90317360
90323315
90323368
90323562
90323679
90323704
90323711
90323714
90323718
90323723
90323724
90323728
90323736
90323893
90324062
90324113
90324119
90324124
90324129
90324159
90324163
90326272
90326278
90326282
90326288
90326294
90326295
90326414
90326430
90326445
90326628
90326716
90326738
90326743
90326747
90326748
90326752
90326757
90326763
90326765
90326766
90329350
90329361
90329362
90329372
90329377
90329384
90329388
90329390
90329394
90329504
90329717
90329828
90329865
90329868
90329871
90329886
90329892
90329897
90329898
90329905
90335147
90335151
90335334
90335458
90335585
90335713
90335722
90335729
90335730
90335889
90336219
90336430
90336565
90336695
90336739
90336865
90336921
90336929
90336930
90336939
90342717
90342837
90342960
90343082
90343091
90343172
90343461
90343736
90343885
90344005
90344176
90344182
90344189
90344194
90344198
90344446
90344746
90344935
90345096
90345222
90350455
90350512
90350517
90350736
90350926
90350935
90351010
90351016
90351138
90351139
90351140
90351259
90351373
90351374
90351376
90351490
90351612
90351613
90351702
90352011
90358416
90358661
90358888
90359016
90359018
90359142
90359150
90359156
90359162
90359163
90359169
90359383
90359651
90359657
90359660
90359743
90359856
90359980
90360101
90360216
90366880
90366994
90366997
90367005
90367112
90367427
90367646
90367772
90367893
90367894
90367895
90368024
90368135
90368243
90368363
90368366
90368443
90368448
90368748
90369005
90374784
90375011
90375027
90375099
90375366
90375460
90375582
90375742
90375877
90375878
90375992
90376113
90376288
90376511
90376819
90376830
90377020
90377085
90377092
90377099
90382957
90382960
90383141
90383264
90383382
90383384
90383385
90383449
90383450
90383451
90383557
90383585
90383932
90384161
90384243
90384368
90384374
90384375
90384379
90384384
90390248
90390374
90390499
90390682
90390742
90390749
90391062
90391380
90391549
90391670
90391681
90391694
90391705
90391706
90391707
90391708
90391709
90391718
90391730
90391962
90398638
90398639
90398755
90398870
90398931
90398934
90398936
90398942
90398951
90398956
90399126
90399140
90399414
90399564
90399623
90399791
90399909
90400033
90400148
90400149
90406031
90406032
90406154
90406406
90406644
90406822
90406890
90407013
90407134
90407253
90407436
90407506
90407783
90408030
90408252
90408371
90408444
90408453
90408454
90408459
90981655
90981656
90981788
90981928
90982050
90982388
90982689
90982701
90982857
90982989
90982992
90983068
90983089
90983110
90983111
90983112
90983115
90983134
90983182
90983242
90990510
90990813
90991124
90991297
90991299
90991301
90991434
90991569
90991585
90991608
90991628
90991629
90991649
90991854
90992219
90992415
90992549
90992632
90992644
90992861
90999314
90999464
90999542
90999678
90999757
90999834
90999970
90999971
90999975
91000079
91000350
91000499
91000510
91000670
91000802
91000984
91001114
91001251
91001387
91001405
91008536
91008827
91008835
91009010
91009101
91009242
91009309
91009362
91009369
91009439
91009457
91009458
91009475
91009742
91009928
91010120
91010257
91010449
91010451
91010576
91016772
91016784
91016967
91017106
91017237
91017261
91017306
91017308
91017324
91017339
91017341
91017569
91017882
91018091
91018219
91018369
91018507
91018628
91018755
91018831
91026523
91026648
91026776
91026838
91026972
91026988
91027126
91027398
91027633
91027772
91027827
91027829
91027947
91027949
91028082
91028163
91028183
91028185
91028204
91028251
91038358
91038603
91038802
91038974
91038978
91039162
91039292
91039408
91039534
91039740
91040114
91040125
91040327
91040449
91040450
91040582
91040761
91040889
91041010
91041126
91178223
91178253
91178271
91178272
91178280
91178288
91178296
91178299
91178306
91178320
91178482
91178663
91178775
91178794
91178822
91178830
91178833
91178845
91178855
91178867
91181916
91181919
91181931
91181935
91181996
91182194
91182307
91182328
91182337
91182344
91182356
91182359
91182362
91182369
91182523
91182710
91182757
91182857
91182868
91182872
91185231
91185238
91185245
91185252
91185296
91185307
91185516
91185641
91185698
91185712
91185718
91185788
91185829
91185830
91185834
91185835
91185849
91186019
91186036
91186193
91188348
91188353
91188412
91188462
91188466
91188469
91188504
91188706
91188838
91188863
91188868
91188871
91188891
91188914
91188920
91188921
91188925
91189076
91189250
91189310
91191817
91191823
91191829
91191832
91191987
91192002
91192174
91192214
91192215
91192309
91192322
91192326
91192327
91192332
91192335
91192338
91192339
91192340
91192466
91192478
91195036
91195057
91195061
91195066
91195074
91195180
91195188
91195202
91195370
91195535
91195580
91195591
91198293
91198301
91198307
91198367
91198567
91198684
91198709
91198719
91198720
91198729
91198739
91198744
91198750
91198762
91198926
91199100
91199147
91199155
91199160
91199167
91201941
91201952
91201961
91201971
91201981
91201988
91201990
91201991
91202073
91202086
91202100
91202114
91202313
91202382
91202396
91202405
91202416
91202423
91202433
91202441
91204979
91204981
91204985
91204987
91205007
91205181
91205336
91205368
91205375
91205377
91205380
91205383
91205387
91205393
91205488
91205682
91205690
91205761
91205768
91205801
91208022
91208024
91208032
91208034
91208039
91208045
91208049
91208054
91208074
91208246
91208408
91208442
91208445
91208456
91208458
91208464
91208469
91208470
91208471
91208487
91210893
91210898
91210938
91210943
91210949
91210953
91210956
91210958
91210966
91211127
91211302
91211345
91211351
91211357
91211362
91211369
91211374
91211380
91211459
91211670
91214248
91214387
91214433
91214448
91214465
91214473
91214475
91214489
91214501
91214502
91214523
91214529
91214713
91214877
91214886
91214918
91214929
91214944
91214957
91214973
91563220
91563228
91563376
91563553
91563591
91563599
91563609
91563614
91563619
91563626
91563632
91563717
91563729
91563923
91564003
91564004
91564012
91564019
91564027
91564040
91566221
91566232
91566233
91566240
91566242
91566260
91566427
91566437
91566592
91566619
91566620
91566631
91566640
91566642
91566652
91566662
91566678
91566693
91566813
91566986
91569026
91569036
91569043
91569051
91569057
91569063
91569072
91569213
91569224
91569394
91569402
91569412
91569433
91569435
91569447
91569450
91569456
91569466
91569477
91569480
91572201
91572363
91572365
91572366
91572417
91572571
91572818
91572831
91572843
91572902
91573221
91573419
91573440
91573472
91573478
91573479
91573488
91573492
91573497
91573501
91575419
91575423
91575497
91575507
91575686
91575699
91575774
91575782
91575786
91575792
91575793
91575798
91575807
91575812
91575855
91575865
91576051
91576160
91576171
91576178
91577864
91577866
91577873
91577877
91577879
91577882
91577971
91578152
91578227
91578235
91578240
91578245
91578251
91578255
91578261
91578288
91578457
91578597
91578611
91578618
91580811
91580818
91580860
91580870
91581053
91581063
91581169
91581184
91581191
91581201
91581208
91581215
91581223
91581225
91581226
91581244
91581251
91581419
91581570
91581574
91586696
91586697
91586705
91586706
91586732
91586904
91587041
91587057
91587062
91587067
91587079
91587084
91587086
91587089
91587093
91587228
91587395
91587405
91587443
91587474
91589486
91589491
91589496
91589501
91589503
91589531
91589537
91589730
91589874
91589890
91589895
91589898
91589910
91589918
91589923
91589928
91590055
91590228
91590234
91590282
91592196
91592202
91592207
91592209
91592210
91592211
91592215
91592217
91592246
91592418
91592554
91592574
91592584
91592592
91592596
91592601
91592606
91592611
91592612
91592740
91599121
91599126
91599236
91599440
91599596
91599920
91600235
91600241
91600309
91600351
91600518
91600519
91600520
91600677
91600839
91600942
91600944
91601018
91601247
91601261
91604119
91604128
91604135
91604142
91604151
91604158
91604168
91604270
91604284
91604296
91604464
91604519
91604526
91604534
91604541
91604552
91604560
91604567
91604627
91604811
91713736
91713868
91713898
91713899
91713912
91713921
91713923
91713931
91713943
91713963
91713965
91713986
91714136
91714297
91714348
91714361
91714368
91714375
91714381
91714503
91718103
91718111
91718114
91718120
91718121
91718126
91718127
91718128
91718131
91718132
91718231
91718417
91718491
91718501
91718509
91718510
91718516
91718522
91718527
91718530
91720924
91720930
91720941
91720950
91720956
91720961
91721015
91721209
91721323
91721363
91721366
91721373
91721380
91721385
91721393
91721402
91721408
91721555
91721727
91721765
91724075
91724198
91724366
91724424
91724430
91724438
91724445
91724447
91724456
91724465
91724471
91724526
91724716
91724825
91724841
91724843
91724844
91724845
91724860
91724867
91727547
91727653
91727660
91727661
91727670
91727671
91727675
91727681
91727688
91727693
91727709
91727868
91728019
91728022
91728052
91728077
91728101
91728128
91728136
91728142
91730353
91730368
91730496
91730498
91730510
91730516
91730523
91730531
91730532
91730533
91730540
91730545
91730546
91730591
91730776
91730896
91730898
91730906
91730907
91730913
91732922
91732927
91732985
91732996
91733173
91733261
91733275
91733283
91733284
91733286
91733288
91733290
91733292
91733296
91733297
91733302
91733304
91733349
91733531
91733540
91736089
91736170
91736400
91736606
91736678
91736798
91736919
91736984
91737045
91737168
91737174
91737185
91737312
91737319
91737326
91737552
91737707
91737876
91737935
91738057
91744073
91744075
91744340
91744680
91744686
91744821
91744937
91745051
91745194
91745341
91745342
91745344
91745350
91745494
91745776
91746007
91746137
91746138
91746265
91746331
91752220
91752339
91752347
91752356
91752600
91752886
91753018
91753151
91753152
91753162
91753322
91753455
91753524
91753527
91753594
91753923
91753933
91753960
91754091
91754107
91756329
91756398
91756409
91756626
91756721
91756730
91756738
91756739
91756741
91756746
91756754
91756759
91756761
91756762
91756763
91756764
91756766
91756772
91756835
91757020
91758848
91758878
91759042
91759214
91759232
91759243
91759250
91759254
91759255
91759263
91759272
91759277
91759407
91759414
91759580
91759621
91759622
91759623
91759628
91759634
91761576
91761584
91761588
91761589
91761621
91761791
91761940
91761955
91761960
91761969
91761972
91761982
91761983
91761988
91761992
91762120
91762289
91762338
91762343
91762349
91768004
91768005
91768007
91768026
91768132
91768279
91768509
91768814
91768946
91769072
91769212
91769328
91769486
91769571
91769577
91769795
91770045
91770134
91770257
91770380
91988101
91988253
91988330
91988338
91988348
91988349
91988528
91988851
91989031
91989150
91989273
91989394
91989395
91989422
91989570
91989636
91989641
91989705
91990006
91990278
91995462
91995805
91996023
91996027
91996086
91996224
91996360
91996489
91996608
91996731
91996737
91996739
91996758
91997036
91997305
91997482
91997629
91997748
91997749
91997750
92003978
92004047
92004055
92004167
92004468
92004691
92004905
92005096
92005224
92005229
92005230
92005238
92005239
92005245
92005260
92005266
92005580
92005862
92005867
92005999
92011260
92011262
92011264
92011265
92011275
92011330
92011339
92011372
92011448
92011575
92011875
92012021
92012148
92012272
92012401
92012520
92012522
92012528
92012536
92012537
92017634
92017765
92017925
92017926
92017927
92017928
92018098
92018156
92018179
92018472
92018677
92018736
92018741
92018744
92018745
92018754
92018760
92018762
92018781
92019062
92025993
92025994
92026002
92026011
92026012
92026050
92026365
92026564
92026645
92026935
92027057
92027119
92027179
92027297
92027411
92027660
92027946
92027954
92028106
92028220
92034209
92034210
92034426
92034609
92034613
92034614
92034615
92034713
92034725
92035021
92035242
92035391
92035418
92035419
92035481
92035483
92035659
92035663
92035669
92035671
92039448
92039458
92039467
92039468
92039478
92039485
92039487
92039531
92039718
92039843
92039857
92039863
92039864
92039876
92039881
92039883
92039884
92039893
92039905
92039906
92042140
92042145
92042152
92042159
92042165
92042166
92042187
92042192
92042361
92042506
92042509
92042511
92042528
92042535
92042542
92042549
92042551
92042553
92042560
92042565
92045307
92045318
92045329
92045346
92045354
92045355
92045358
92045367
92045377
92045397
92045559
92045716
92045741
92045752
92045753
92045760
92045770
92045785
92045799
92045876
92049046
92049169
92049170
92049325
92049469
92049588
92049592
92049593
92049594
92049595
92049598
92049599
92049622
92049907
92050162
92050166
92050187
92050225
92050227
92050395
92056153
92056251
92056371
92056490
92056491
92056493
92056524
92056676
92056677
92056800
92056863
92056870
92057120
92057403
92057469
92057603
92057672
92057808
92057810
92058003
92063934
92064055
92064169
92064228
92064357
92064360
92064372
92064606
92064615
92064897
92065056
92065251
92065449
92065569
92065571
92065575
92065579
92065580
92065583
92065705
92070477
92070489
92070710
92071007
92071013
92071248
92071373
92071493
92071623
92071693
92071696
92071703
92071714
92071716
92071841
92072205
92072481
92072639
92072644
92072770
92078889
92078897
92078899
92079031
92079319
92079518
92079640
92223628
92223736
92223737
92223746
92223840
92224092
92224343
92224537
92224642
92224773
92224774
92224953
92225079
92225203
92225222
92225475
92225716
92225876
92225877
92225879
92240555
92240746
92240760
92240949
92241013
92241136
92241145
92241152
92241153
92241159
92241164
92241166
92241168
92241197
92241432
92241689
92241824
92241999
92242072
92242193
92248420
92248475
92248481
92248487
92248495
92248512
92248616
92248873
92249137
92249272
92249394
92249465
92249580
92249707
92249716
92249717
92249855
92250184
92250446
92250589
92257374
92257382
92257390
92257417
92257665
92257975
92258103
92258104
92258229
92258368
92258534
92258535
92258758
92258765
92258767
92258775
92259028
92259346
92259511
92259512
92264845
92264959
92265009
92265010
92265015
92265019
92265039
92265046
92265211
92265357
92265380
92265417
92265425
92265433
92265437
92265438
92265441
92265445
92265570
92265742
92268238
92268250
92268258
92268265
92268270
92268392
92268568
92268724
92268729
92268735
92268750
92268754
92268759
92268760
92268763
92268822
92269004
92269109
92269115
92269120
92271285
92271291
92271293
92271398
92271407
92271503
92271521
92271696
92271754
92271756
92271763
92271770
92271771
92271779
92271781
92271787
92271793
92271800
92271863
92272041
92276142
92276143
92276265
92276388
92276511
92276568
92276744
92276803
92276830
92276895
92276904
92277198
92277436
92277557
92277558
92277708
92277798
92277919
92277920
92282102
92282225
92282343
92282518
92282589
92282591
92282595
92282603
92282625
92282898
92283234
92283238
92283375
92283499
92283626
92283628
92283749
92283752
92283816
92283822
92290470
92290755
92290905
92291082
92291204
92291205
92291206
92291325
92291329
92291331
92291342
92291354
92291356
92291532
92291812
92291978
92291979
92292106
92292226
92292348
92293580
92293702
92293709
92293714
92293873
92294220
92294413
92294546
92294605
92294724
92294852
92294899
92294916
92294937
92295040
92295053
92295361
92295595
92295721
92295846
92302385
92302433
92302464
92302515
92302839
92303057
92303176
92303299
92303422
92303543
92303666
92303783
92303914
92304181
92304460
92305083
92305086
92305090
92305095
92305100
92305106
92305256
92305269
92305429
92305448
92305454
92305457
92305465
92305472
92305473
92305480
92305489
92305589
92305768
92305781
92308584
92308602
92308604
92308713
92308731
92308916
92308995
92309012
92309031
92309034
92309777
92309958
92310072
92310104
92310122
92310123
92310126
92310142
92310160
92312313
92312559
92312571
92312629
92312646
92312664
92312679
92312681
92312697
92312714
92312716
92312732
92312813
92312823
92313041
92313137
92313152
92313165
92313166
92313182
92315852
92316067
92316158
92316176
92316177
92316189
92316190
92316192
92316210
92316212
92316226
92316247
92316249
92316250
92316267
92316349
92316361
92316557
92316651
92316654
92417884
92418151
92418306
92418434
92418503
92418628
92418640
92418641
92418642
92418644
92418654
92418895
92418910
92419318
92419586
92419744
92419745
92419747
92419748
92419815
92424266
92424396
92424397
92424515
92424693
92424805
92424866
92424983
92424984
92425096
92425104
92425373
92425412
92425414
92425545
92425722
92425785
92425790
92425791
92425845
92430020
92430027
92430028
92430029
92430152
92430269
92430416
92430604
92430605
92430774
92430886
92430953
92430965
92430971
92430973
92431031
92431154
92431275
92431436
92431568
92436607
92436721
92436786
92436788
92436910
92436971
92436978
92436984
92436986
92436987
92437105
92437227
92437235
92437338
92437457
92437576
92437579
92437580
92437699
92437866
92443204
92443322
92443393
92443402
92443472
92443473
92443629
92443635
92443761
92443834
92443903
92444054
92444089
92444092
92444219
92444229
92444244
92444304
92444363
92444433
92448329
92448338
92448401
92448409
92448415
92448532
92448667
92448859
92448981
92449106
92449233
92449238
92449239
92449245
92449246
92449255
92449257
92449325
92449448
92449570
92453928
92454039
92454050
92454053
92454149
92454272
92454391
92454453
92454462
92454584
92454705
92454708
92454766
92454768
92454770
92454775
92454777
92454787
92454789
92454903
92458993
92459114
92459237
92459238
92459244
92459248
92459255
92459356
92459483
92459485
92459497
92459617
92459618
92459737
92459915
92460034
92460040
92460044
92460053
92460156
92462237
92462240
92462244
92462248
92462250
92462254
92462259
92462260
92462264
92462267
92462270
92462275
92462276
92462280
92462292
92462295
92462298
92462301
92462304
92462359
92466612
92466614
92466677
92466852
92466967
92467139
92467318
92467320
92467381
92467391
92467404
92467467
92467589
92467696
92467703
92467704
92467710
92467719
92467725
92467731
92468489
92468495
92468500
92468506
92468512
92468513
92468519
92468520
92468523
92468535
92468574
92468651
92468662
92468666
92468668
92468672
92468679
92468684
92468685
92468692
92469411
92469420
92469427
92469461
92469479
92469489
92469498
92469504
92469505
92469512
92469524
92469535
92469536
92469545
92469552
92469559
92469563
92469564
92469565
92469571
92470225
92470231
92470232
92470342
92470463
92470579
92470580
92470709
92470710
92470831
92470963
92471080
92471087
92471088
92471210
92471332
92471395
92471514
92471515
92471697
92476407
92476412
92476415
92476542
92476674
92476857
92476928
92477060
92481550
92485113
92485133
92485150
92485179
92485203
92485227
92485253
92485256
92485308
92485309
92485334
92485336
92485359
92485361
92485387
92485407
92485409
92485429
92485452
92485457
92627227
92627233
92627245
92627253
92627264
92627274
92627284
92627292
92627297
92627491
92627512
92627791
92627805
92627931
92627963
92627972
92627978
92627982
92627990
92627991
92631616
92631867
92631883
92632099
92632113
92632206
92632221
92632227
92632232
92632237
92632242
92632261
92632473
92632718
92632844
92632880
92632986
92632991
92633000
92633005
92637344
92637373
92637374
92637379
92637387
92637393
92637395
92637400
92637401
92637407
92637550
92637830
92637980
92638064
92638082
92638091
92638098
92638099
92638137
92638151
92641903
92641909
92641910
92641917
92641924
92641965
92642228
92642456
92642602
92642679
92642687
92642692
92642700
92642708
92642718
92642911
92643213
92643372
92643416
92643417
92647294
92647299
92647313
92647353
92647362
92647397
92647677
92647931
92647942
92648045
92648066
92648067
92648080
92648091
92648106
92648107
92648118
92648129
92648322
92648338
92652500
92652502
92652505
92652508
92652512
92652524
92652563
92652826
92653050
92653060
92653164
92653173
92653178
92653185
92653189
92653190
92653191
92653200
92653219
92653407
92656802
92656806
92656807
92656828
92657035
92657310
92657457
92657482
92657483
92657491
92657498
92657502
92657507
92657510
92657602
92657895
92657912
92658077
92658150
92658165
92661645
92661646
92661652
92661653
92661666
92661668
92661679
92661696
92661902
92661920
92661941
92662194
92662318
92662328
92662330
92662335
92662337
92662344
92662350
92662358
92665826
92665832
92665835
92665922
92666209
92666396
92666475
92666483
92666488
92666492
92666499
92666504
92666506
92666533
92666774
92666802
92667041
92667051
92667151
92667164
92668510
92668511
92668514
92668518
92668521
92668667
92668687
92668935
92669100
92669178
92669190
92669191
92669192
92669199
92669201
92669204
92669209
92669284
92669565
92673405
92673414
92673423
92673432
92673446
92673456
92673461
92673658
92673918
92673931
92674085
92674122
92674133
92674141
92674145
92674153
92674161
92674244
92674538
92674732
92678412
92678695
92678902
92679012
92679045
92679046
92679058
92679068
92679081
92679083
92679107
92679109
92679158
92679407
92679427
92679667
92679797
92679814
92679816
92679827
92683388
92684030
92684045
92684087
92684347
92684568
92684673
92684687
92684690
92684694
92684699
92684701
92684702
92684705
92684722
92684921
92685181
92685318
92685358
92691502
92691505
92691506
92691509
92691511
92691515
92691519
92691539
92691762
92691779
92692005
92692019
92692144
92692171
92692174
92692176
92692180
92692183
92692186
92693544
92693551
92693797
92694058
92694170
92694207
92694209
92694213
92694219
92694220
92694224
92694234
92694238
92694436
92694704
92694831
92694876
92694889
92694897
92699932
92700002
92700011
92700016
92700020
92700023
92700028
92700029
92700033
92700034
92700216
92700230
92700490
92700650
92700746
92700751
92700753
92700754
92700758
92700766
92843360
92843579
92843587
92843598
92843737
92843849
92843861
92843871
92843880
92843885
92843886
92843908
92843912
92843920
92843930
92844182
92844401
92844418
92844545
92844585
92848006
92848308
92848314
92848458
92848479
92848494
92848504
92848506
92848518
92848528
92848602
92848812
92848832
92849123
92849138
92849299
92849338
92849352
92849361
92849369
92853462
92853464
92853466
92853519
92853528
92853810
92854022
92854032
92854142
92854156
92854165
92854167
92854176
92854184
92854186
92854192
92854215
92854437
92854458
92857955
92857968
92857973
92858186
92858455
92858608
92858640
92858641
92858644
92858648
92858652
92858656
92858706
92858710
92858711
92858871
92859163
92859341
92859353
92859358
92863278
92863431
92863700
92863714
92863877
92863943
92864010
92864092
92864093
92864215
92864335
92864453
92864647
92864662
92864677
92865097
92865279
92865402
92865521
92865590
92872208
92872217
92872335
92872529
92872542
92872837
92873046
92873131
92873137
92873138
92873145
92873150
92873159
92873165
92873308
92873315
92873326
92873774
92874121
92874360
92879327
92879426
92879492
92879614
92879615
92879736
92879737
92879738
92879849
92879963
92879967
92879968
92880232
92880509
92880678
92880762
92880777
92880778
92880781
92880785
92884458
92884459
92884460
92884475
92884476
92884479
92884487
92884489
92884490
92884498
92884587
92884605
92884913
92885113
92885119
92885196
92885199
92885214
92885223
92885229
92889158
92889159
92889170
92889180
92889181
92889205
92889427
92889684
92889698
92889841
92889883
92889897
92889900
92889901
92889914
92889925
92889926
92889927
92889929
92889937
92893696
92893706
92893723
92893736
92893747
92893761
92893946
92893968
92893990
92894270
92894417
92894470
92894471
92894484
92894495
92894503
92894513
92894521
92894644
92894942
92899726
92900019
92900217
92900333
92900345
92900347
92900357
92900360
92900366
92900367
92900373
92900397
92900612
92900630
92900887
92901025
92901054
92901060
92901069
92901075
92904725
92904731
92904737
92904746
92904819
92905107
92905284
92905409
92905414
92905449
92905450
92905458
92905467
92905473
92905480
92905505
92905509
92905742
92906013
92906156
93003552
93003705
93003706
93003712
93003719
93003876
93003877
93003879
93004086
93004145
93004151
93004158
93004162
93004168
93004173
93004175
93004180
93004182
93004190
93004191
93006464
93006470
93006475
93006481
93006487
93006489
93006543
93006790
93006971
93006980
93007011
93007018
93007026
93007035
93007040
93007046
93007059
93007239
93007463
93007545
93010436
93010443
93010453
93010463
93010464
93010493
93010706
93010922
93010994
93010995
93010997
93010998
93010999
93011008
93011015
93011016
93011030
93011031
93011037
93011048
93014675
93014799
93014953
93014960
93015158
93015439
93015883
93016199
93016360
93016361
93016564
93016568
93016569
93016571
93016577
93016578
93016581
93016582
93016660
93016902
93019627
93019817
93019898
93019908
93019909
93019916
93019917
93019918
93019924
93019930
93019932
93019936
93019940
93020106
93020364
93020455
93020457
93020464
93020469
93020470
93024428
93024437
93024442
93024450
93024460
93024467
93024468
93024482
93024676
93024692
93024902
93024968
93024973
93024982
93024990
93024994
93024999
93025003
93025112
93025127
93029946
93030049
93030056
93030061
93030068
93030072
93030224
93030238
93030479
93030563
93030566
93030569
93030571
93030573
93030576
93030582
93030659
93030907
93031054
93031075
93033285
93033520
93033706
93033711
93033761
93033768
93033779
93033789
93033804
93033805
93033812
93033826
93034011
93034242
93034319
93034321
93034329
93034339
93034341
93034350
93037845
93037856
93037863
93037872
93037930
93037938
93037951
93037963
93037974
93037982
93037990
93038121
93038368
93038495
93038498
93038511
93038518
93038526
93038528
93038539
93041622
93041831
93041989
93042198
93042360
93042574
93042767
93043202
93043405
93043461
93043472
93043486
93043497
93043503
93043511
93043512
93043519
93043680
93043693
93043926
93401370
93401376
93401377
93401381
93401387
93401389
93401395
93401472
93401699
93401851
93401895
93401900
93401904
93401905
93401907
93401920
93401921
93401926
93401931
93406975
93406987
93406992
93406999
93407063
93407067
93407119
93407134
93407141
93407368
93407575
93407648
93407662
93407663
93407677
93407701
93407712
93407714
93407739
93411066
93411068
93411079
93411082
93411086
93411107
93411136
93411230
93411492
93411510
93411676
93411713
93411731
93411734
93411737
93411833
93412038
93412039
93412221
93415430
93415457
93415459
93415503
93415519
93415532
93415586
93415633
93415861
93416036
93416091
93416108
93416127
93416129
93416150
93416168
93416169
93416204
93416236
93421279
93421490
93421645
93421647
93421836
93422281
93422656
93422757
93422761
93422765
93422767
93422771
93422772
93422775
93422776
93422781
93422918
93422933
93423165
93426036
93426040
93426071
93426288
93426484
93426488
93426546
93426566
93426578
93426579
93426587
93426594
93426604
93426615
93426623
93426811
93426830
93427039
93427048
93430403
93430545
93430550
93430592
93430596
93430625
93430633
93430640
93430645
93430647
93430649
93430650
93430656
93430779
93431022
93431168
93431193
93431194
93431195
93434642
93434649
93434651
93434659
93434789
93434805
93435043
93435176
93435211
93435224
93435225
93435227
93435229
93435318
93435518
93435704
93435932
93436187
93436227
93440495
93440500
93440533
93440535
93440536
93440544
93440545
93440550
93440554
93440556
93440560
93440696
93440715
93440965
93440982
93441106
93441157
93441165
93441178
93444633
93444815
93444878
93444893
93444898
93444929
93444951
93444975
93445012
93445206
93445422
93445632
93445870
93445891
93445914
93445946
93445952
93445958
93446091
93448556
93448580
93448583
93448604
93448614
93448620
93448645
93448659
93448661
93448666
93448678
93448680
93448683
93448687
93448688
93448689
93448692
93448693
93448701
93449169
93449171
93449192
93449202
93449208
93449223
93449232
93449237
93449243
93449254
93449259
93449266
93449270
93449280
93449287
93449292
93449293
93449300
93449308
93449941
93449942
93449946
93449947
93449949
93449953
93449956
93449959
93449963
93449965
93449966
93449967
93449972
93449984
93450009
93450030
93450043
93450045
93450069
