90305539
90305873
90311011
90317532
90317896
90317904
90317916
90317922
90318026
90318104
90318225
90318398
90318514
90318633
90318753
90318877
90318878
90319004
90319014
90319351
90319391
90319600
90319730
90319734
90324167
90324245
90324438
90324452
90324537
90324558
90324566
90324567
90324570
90324574
90324580
90324585
90324586
90324587
90324638
90324835
90324950
90324953
90324956
90324980
90326849
90327037
90327158
90327174
90327184
90327190
90327199
90327206
90327215
90327233
90327403
90327567
90327610
90327619
90327626
90327632
90327643
90327648
90327674
90327682
90329914
90329971
90330162
90330292
90330321
90330330
90330337
90330348
90330356
90330357
90330393
90330397
90330419
90330426
90330601
90330766
90330806
90330821
90330837
90330845
90336970
90336980
90337284
90337524
90337608
90337729
90337850
90337968
90338091
90338092
90338096
90338103
90338370
90338650
90338657
90338814
90338942
90339105
90339112
90339236
90345223
90345336
90345337
90345513
90345514
90345522
90345523
90345533
90345535
90345691
90346065
90346267
90346385
90352220
90352348
90352523
90352646
90352767
90352886
90352891
90352934
90353130
90353249
90353381
90353500
90353559
90353618
90353785
90360283
90360346
90360512
90360528
90360833
90360962
90360971
90361092
90361151
90361268
90361336
90361337
90361344
90361410
90361585
90361595
90361912
90362195
90362321
90362439
90369145
90369259
90369260
90369438
90369553
90369616
90369620
90369621
90369627
90369883
90370115
90370125
90370285
90370286
90370397
90370398
90370509
90370675
90370695
90370758
90377107
90377110
90377111
90377116
90377120
90377121
90377245
90377626
90377844
90377980
90377982
90378097
90378156
90378157
90378278
90378460
90378461
90378574
90378725
90379026
90384390
90384411
90384738
90384971
90384976
90385062
90385200
90385360
90385478
90385599
90385710
90385834
90386068
90386381
90386572
90386753
90386756
90386761
90386767
90386775
90392271
90392279
90392461
90392648
90392774
90392839
90392840
90393022
90393145
90393153
90393165
90393270
90393589
90393768
90393965
90393972
90393981
90394045
90394169
90394176
90394186
90400150
90400262
90400500
90400740
90400920
90401042
90401167
90401281
90401286
90401289
90401294
90401334
90401645
90401888
90402074
90402075
90402214
90402341
90402462
90402499
90408465
90408466
90408473
90408474
90408675
90409035
90409226
90409228
90409230
90409232
90409351
90409468
90409595
90409718
90409839
90409956
90410077
90410387
90410605
90410785
90421374
90421480
90422970
90425399
90425568
90428730
90429137
90435471
90435841
90435956
90438212
90441175
90444051
90444291
90447828
90449808
90450211
90450387
90450388
90450389
90450390
90450391
90450392
90450393
90450394
90450395
90450396
90452923
90455536
90456819
90457374
90460314
90460404
90462974
90464617
90465044
90467682
90469714
90469747
90470339
90470448
90471895
90472028
90472061
90472865
90473826
90474861
90475887
90476890
90477017
90477927
90478568
90480622
90480695
90481820
90484300
90484334
90488154
90488254
90490560
90493096
90493304
90494906
90495387
90497848
90497966
90498194
90500693
90500782
90501987
90502074
90503019
90503982
90504015
90504831
90504916
90505864
90506703
90507344
90507466
90508614
90509920
90511701
90512171
90515617
90519545
90519594
90521164
90521169
90521175
90522006
90522008
90522010
90522386
90522394
90522401
90522410
90522469
90525276
90525342
90526847
90529450
90531123
90531581
90534072
90535171
90535301
90535463
90537941
90537975
90539424
90540122
90542684
90545299
90545563
90547376
90547601
90550166
90552752
90554517
90554981
90557593
90557819
90560429
90562233
90564957
90565355
90566899
90568468
90569993
90573281
90573469
90576978
90577010
90579050
90579257
90581886
90581977
90584468
90584651
90587735
90590616
90590720
90593407
90595408
90596602
90596710
90598478
90601016
90602198
90602977
90605444
90605696
90609324
90612669
90613102
90615820
90616099
90618791
90618893
90620826
90623455
90623552
90626259
90627382
90629386
90631096
90632056
90634670
90637728
90637963
90637996
90641567
90641744
90643782
90643952
90646484
90649354
90649425
90651377
90655623
90658612
90658647
90661032
90661119
90663939
90666546
90667975
90668861
90670067
90670162
90671559
90671653
90674335
90674423
90675771
90676853
90678130
90679625
90680655
90681414
90684007
90684399
90687894
90689530
90690722
90692715
90694647
90695526
90697162
90698193
90700192
90700348
90704520
90704658
90713267
90867979
90868740
90868742
90868744
90869747
90870405
90983577
90983835
90984024
90984168
90984180
90984230
90984356
90984359
90984498
90984638
90984642
90984725
90984804
90985118
90985414
90985573
90985575
90985758
90985900
90985927
90993004
90993142
90993269
90993272
90993274
90993275
90993414
90993741
90994025
90994178
90994182
90994314
90994316
90994397
90994417
90994440
90994463
90994464
90994514
90994526
90998718
91001619
91001858
91001865
91002042
91002118
91002249
91002383
91002385
91002514
91002645
91002786
91002896
91003112
91003256
91003403
91003529
91003530
91003657
91003732
91003733
91010708
91010839
91010842
91010858
91010860
91011052
91011408
91011624
91011775
91011912
91012051
91012052
91012055
91012071
91012089
91012109
91012226
91012242
91012566
91012807
91018877
91018933
91018957
91019282
91019534
91019537
91019677
91019862
91019998
91020069
91020085
91020100
91020121
91020418
91020436
91020726
91020936
91021059
91021191
91021280
91028567
91028830
91028834
91028990
91029174
91029176
91029321
91029454
91029575
91029710
91029726
91029734
91030093
91030110
91030418
91030602
91030760
91030957
91031095
91031232
91041275
91041592
91041663
91041902
91042044
91042167
91042288
91042424
91042579
91042710
91042721
91042995
91043349
91043515
91121340
91121356
91121367
91121384
91121400
91121784
91121801
91121818
91121834
91178870
91178880
91178996
91179195
91179279
91179292
91179301
91179310
91179321
91179324
91179334
91179343
91179391
91179598
91179608
91179724
91179746
91179754
91179764
91179774
91182877
91182890
91182894
91182967
91183164
91183264
91183269
91183285
91183291
91183292
91183296
91183297
91183303
91183308
91183309
91183340
91183384
91183395
91183595
91183710
91186250
91186260
91186264
91186269
91186276
91186278
91186284
91186286
91186400
91186587
91186659
91186679
91186683
91186686
91186690
91186698
91186703
91186704
91186709
91186761
91189317
91189325
91189326
91189332
91189438
91189439
91189446
91189453
91189540
91189552
91189743
91189833
91189843
91189851
91189860
91189868
91189876
91189882
91189911
91190098
91192664
91192718
91192721
91192726
91192731
91192740
91192747
91192753
91192810
91193004
91193108
91193144
91193148
91193149
91193151
91193172
91193182
91193279
91193284
91193285
91195597
91195598
91195607
91195618
91195625
91195626
91195643
91195816
91195978
91196017
91196075
91196135
91196136
91196145
91196155
91196156
91196162
91196172
91196289
91196491
91199221
91199228
91199235
91199328
91199530
91199620
91199632
91199633
91199640
91199651
91199658
91199659
91199671
91199683
91199722
91199920
91200051
91200075
91200082
91200089
91202442
91202450
91202492
91202686
91202810
91202829
91202837
91202845
91202854
91202863
91202870
91202880
91203028
91203206
91203261
91203271
91203277
91203313
91203322
91203324
91203333
91205810
91205819
91205825
91205826
91205830
91205878
91206075
91206197
91206218
91206224
91206228
91206229
91206233
91206238
91206239
91206246
91206258
91206263
91206439
91206603
91208498
91208504
91208651
91208834
91208876
91208878
91208885
91208894
91208896
91208899
91208900
91208903
91208976
91208987
91209002
91209201
91209283
91209290
91209293
91209299
91211763
91211775
91211781
91211782
91211788
91211798
91211803
91211811
91211836
91212022
91212169
91212199
91212209
91212217
91212223
91212229
91212235
91212246
91212366
91212551
91214982
91214993
91215104
91215300
91215373
91215381
91215383
91215387
91215389
91215392
91215395
91215438
91215643
91215765
91215782
91220296
91220482
91412778
91525835
91564051
91564061
91564093
91564100
91564281
91564418
91564437
91564438
91564448
91564454
91564465
91564477
91564488
91564495
91564633
91564813
91564859
91564872
91564873
91564883
91566995
91567040
91567044
91567047
91567050
91567051
91567056
91567059
91567061
91567062
91567068
91567145
91567328
91567342
91567421
91567427
91567436
91567441
91567445
91567452
91569481
91569498
91569511
91569652
91569827
91569877
91569887
91569893
91569899
91569901
91569909
91569917
91569918
91569926
91569929
91570015
91570199
91570214
91570283
91570296
91573502
91573582
91573766
91573776
91573785
91573846
91573854
91573858
91573859
91573863
91573869
91573872
91573877
91573915
91573924
91574106
91574212
91574214
91574222
91574231
91576185
91576186
91576196
91576197
91576204
91576205
91576209
91576232
91576238
91576246
91576258
91576440
91576455
91576573
91576576
91576578
91576602
91576613
91576617
91576618
91578625
91578632
91578637
91578643
91578650
91578770
91578942
91578951
91579002
91579006
91579011
91579016
91579022
91579031
91579036
91579101
91579115
91579357
91579476
91579506
91581593
91581594
91581604
91581720
91581877
91582083
91582243
91582245
91582403
91582693
91583013
91583287
91583446
91583626
91583655
91583818
91583819
91584029
91584031
91584192
91587481
91587482
91587483
91587489
91587490
91587496
91587499
91587504
91587610
91587787
91587796
91587853
91587862
91587868
91587876
91587882
91587887
91587892
91587930
91588119
91590284
91590288
91590293
91590295
91590303
91590304
91590309
91590311
91590316
91590317
91590420
91590594
91590654
91590657
91590666
91590669
91590672
91590677
91590678
91590682
91592914
91592962
91592964
91592971
91592978
91592979
91592981
91592982
91593139
91593346
91593534
91593551
91593553
91593712
91594031
91594348
91594565
91594776
91594931
91594935
91601301
91601418
91601424
91601558
91601765
91601903
91601909
91601914
91601940
91602099
91602111
91602126
91602250
91602253
91602259
91602312
91602450
91602553
91602557
91602560
91604917
91604929
91604933
91604940
91604947
91604955
91604964
91604966
91604982
91610002
91714559
91714560
91714606
91714617
91714866
91715110
91715227
91715348
91715526
91715647
91715762
91715822
91715995
91716158
91716462
91716476
91716694
91716697
91718558
91718762
91718775
91718891
91718908
91718914
91718917
91718924
91718928
91718930
91718935
91718937
91719083
91719258
91719293
91719300
91719301
91719319
91719337
91719344
91721769
91721770
91721778
91721783
91721791
91721798
91721802
91721898
91722097
91722203
91722228
91722254
91722269
91722273
91722278
91722286
91722307
91722314
91722482
91722495
91724869
91724870
91724879
91724889
91724898
91724934
91725114
91725129
91725244
91725264
91725271
91725279
91725284
91725294
91725301
91725309
91725445
91725617
91725665
91725672
91728149
91728258
91728438
91728500
91728501
91728511
91728516
91728524
91728527
91728529
91728533
91728574
91728752
91728863
91728874
91728882
91728887
91728889
91728894
91728895
91730918
91730922
91730931
91730935
91730943
91731092
91731111
91731276
91731282
91731325
91731326
91731332
91731341
91731342
91731349
91731375
91731410
91731530
91731647
91731852
91733642
91733644
91733650
91733652
91733657
91733658
91733661
91733665
91733666
91733667
91733671
91733696
91733862
91734004
91734006
91734008
91734011
91734023
91734030
91734033
91738173
91738355
91738479
91738480
91738606
91738962
91738970
91739169
91739170
91739285
91739404
91739410
91739411
91739412
91739416
91739422
91739425
91739460
91739785
91740024
91746334
91746338
91746341
91746342
91746440
91746687
91746938
91747084
91747142
91747265
91747385
91747505
91747625
91747688
91747693
91747695
91747994
91748294
91748440
91748443
91754116
91754126
91754128
91754129
91754138
91754147
91754156
91754186
91754370
91754505
91754520
91754523
91754532
91754534
91754535
91754541
91754548
91754555
91754561
91754570
91757031
91757125
91757135
91757144
91757153
91757164
91757171
91757178
91757198
91757357
91757369
91757379
91757528
91757549
91757558
91757570
91757579
91757589
91757594
91757603
91758438
91759635
91759641
91759649
91759650
91759654
91759657
91759757
91759938
91759944
91760004
91760009
91760016
91760023
91760029
91760035
91760046
91760080
91760258
91760374
91760378
91762355
91762362
91762366
91762367
91762489
91762719
91763040
91763243
91763244
91763308
91763320
91763382
91763526
91763679
91763681
91763801
91763834
91763842
91764020
91764136
91770441
91770611
91770630
91770633
91770694
91771052
91771299
91771300
91771302
91771305
91771357
91771473
91771474
91771589
91771703
91771859
91771935
91771940
91772021
91772186
91990282
91990283
91990455
91990572
91990573
91990697
91990758
91990766
91990772
91990857
91991087
91991334
91991461
91991463
91991585
91991586
91991587
91991765
91991895
91992016
91997815
91997826
91997827
91997839
91997848
91998036
91998372
91998378
91998536
91998658
91998662
91998672
91998673
91998765
91998910
91999012
91999090
91999190
91999563
91999573
92006115
92006116
92006239
92006399
92006475
92006481
92006487
92006721
92006950
92006964
92007170
92007286
92007287
92007410
92007526
92007527
92007532
92007587
92007644
92007645
92012745
92013003
92013177
92013180
92013304
92013317
92013482
92013493
92013497
92013505
92013575
92013576
92013706
92013863
92014027
92014167
92014346
92014352
92014473
92014474
92019319
92019444
92019622
92019744
92019871
92019892
92020043
92020150
92020151
92020268
92020269
92020519
92020793
92020953
92021074
92021127
92021133
92021134
92021139
92021144
92028280
92028399
92028400
92028401
92028408
92028415
92028424
92028562
92028865
92029058
92029178
92029237
92029238
92029356
92029583
92029750
92029812
92029844
92030164
92035673
92035753
92036031
92036042
92036292
92036296
92036420
92036637
92036812
92036813
92036933
92036934
92036935
92037055
92037060
92037073
92037425
92037706
92037709
92037843
92039930
92040103
92040112
92040124
92040264
92040265
92040296
92040307
92040315
92040324
92040325
92040336
92040340
92040347
92040542
92040712
92040752
92040754
92040768
92042572
92042721
92042732
92042895
92042926
92043034
92043043
92043052
92043058
92043064
92043070
92043152
92043167
92043360
92043448
92043455
92043464
92043469
92043470
92043472
92045384
92045885
92045886
92045892
92046033
92046220
92046266
92046269
92046271
92046273
92046280
92046282
92046285
92046290
92046302
92046307
92046321
92046327
92046328
92046329
92046331
92048418
92050563
92050673
92050806
92050810
92050814
92050883
92051201
92051467
92051549
92051675
92051859
92051983
92051986
92051989
92051991
92051998
92051999
92052088
92052095
92052389
92058196
92058231
92058233
92058236
92058260
92058431
92058744
92058800
92058984
92059105
92059227
92059347
92059464
92059469
92059476
92059568
92059856
92060152
92060286
92060289
92066028
92066241
92066242
92066362
92066419
92066569
92066724
92066782
92066789
92066807
92067089
92067101
92067165
92067418
92067420
92067547
92067669
92067670
92067848
92067921
92069203
92072888
92072952
92072953
92072964
92072970
92073055
92073363
92073633
92073766
92073896
92074009
92074133
92074144
92074149
92074156
92074364
92074655
92074841
92074900
92074901
92084620
92226061
92226260
92226290
92226302
92226303
92226315
92226332
92226484
92226793
92226991
92227125
92227249
92227389
92236307
92242194
92242319
92242385
92242469
92242756
92243040
92243213
92243219
92243350
92243528
92243591
92243600
92243602
92243603
92243604
92243617
92243644
92243651
92243889
92244216
92250607
92250771
92250890
92250952
92250965
92250975
92250982
92251235
92251554
92251754
92251871
92252006
92252133
92252259
92252321
92252328
92252428
92252678
92252980
92252985
92259642
92259784
92260089
92260102
92260111
92260122
92260316
92260330
92260638
92260649
92260847
92260976
92261247
92261248
92261367
92261488
92261494
92261504
92261595
92265791
92265796
92265803
92265808
92265813
92265815
92265921
92265922
92265928
92266038
92266253
92266351
92266354
92266356
92266365
92266370
92266377
92266379
92266384
92266385
92269121
92269130
92269135
92269139
92269140
92269144
92269162
92269319
92269333
92269476
92269492
92269495
92269496
92269500
92269503
92269558
92269612
92269620
92269736
92269906
92272153
92272261
92272267
92272276
92272281
92272287
92272292
92272307
92272475
92272624
92272629
92272649
92272659
92272667
92272673
92272677
92272683
92272685
92272693
92272812
92277928
92277929
92277932
92277989
92278273
92278584
92278720
92278784
92278904
92279023
92279137
92279139
92279140
92279143
92279360
92283839
92283840
92283842
92284102
92284392
92284536
92284581
92284720
92284721
92284845
92284846
92284848
92284984
92285104
92285105
92285106
92285116
92285125
92285376
92285660
92292349
92292520
92292587
92295958
92296082
92296089
92296103
92296113
92296393
92296451
92296465
92296743
92296878
92296998
92297002
92297178
92297180
92297294
92297302
92297303
92297309
92297317
92297558
92301396
92304531
92305838
92305843
92305846
92305848
92305853
92305856
92305860
92305897
92305911
92306091
92306201
92306210
92306215
92306225
92306229
92306232
92306238
92306243
92306389
92306402
92309057
92310168
92310184
92310200
92310298
92310317
92310502
92310576
92310582
92310597
92310613
92310631
92313201
92313203
92313220
92313237
92313279
92313466
92313614
92313639
92313656
92313672
92313674
92313692
92313694
92313712
92313730
92313751
92313907
92314080
92314126
92314146
92316669
92316687
92316705
92316706
92316707
92316717
92316739
92316754
92316806
92316996
92317110
92317128
92317130
92317146
92317147
92317163
92317179
92317197
92317212
92317213
92420002
92420003
92420005
92420124
92420136
92420144
92420145
92420146
92420316
92420379
92420420
92420442
92420517
92420518
92420593
92420601
92420661
92420669
92420670
92420731
92425899
92425900
92425903
92426027
92426028
92426089
92426272
92426275
92426393
92426570
92426571
92426688
92426745
92426862
92426863
92426976
92427098
92427099
92427173
92431691
92431752
92431758
92431763
92431767
92431892
92432008
92432069
92432187
92432316
92432440
92432561
92432658
92432671
92432742
92432779
92432959
92433085
92433152
92437939
92438062
92438194
92438323
92438448
92438655
92438784
92438797
92438807
92438820
92438888
92439015
92439016
92439019
92439140
92439266
92439329
92439448
92439650
92439787
92444564
92444616
92444631
92444645
92444660
92444661
92444835
92444841
92444843
92444844
92444855
92444985
92444986
92445004
92445050
92445051
92445052
92445119
92445120
92449700
92449881
92449885
92449890
92449951
92450014
92450079
92450197
92450309
92450315
92450377
92450378
92450379
92450439
92450508
92450509
92450510
92450573
92450746
92450870
92455018
92455020
92455140
92455202
92455265
92455269
92455275
92455391
92455513
92455514
92455635
92455644
92455708
92455709
92455710
92455711
92455832
92455840
92455902
92460290
92460291
92460408
92460547
92460754
92460755
92460878
92461000
92461058
92461119
92461125
92461187
92461312
92461436
92461553
92461677
92461678
92461799
92461806
92461807
92462411
92462414
92462416
92462538
92462603
92462722
92462900
92463019
92463146
92463204
92463259
92463322
92463344
92463381
92463441
92463561
92463738
92463858
92464077
92464084
92467741
92467752
92467763
92467765
92467774
92467782
92467789
92467791
92467799
92467808
92467916
92467920
92467926
92467927
92467981
92467983
92467992
92468000
92468009
92468017
92468700
92468706
92468740
92468744
92468751
92468759
92468764
92468770
92468776
92468784
92468791
92468800
92468828
92468829
92468835
92468844
92468855
92468961
92468969
92468971
92469337
92469579
92469584
92469588
92469593
92469596
92469603
92469612
92469613
92469616
92469621
92469624
92469628
92469633
92469634
92469636
92469645
92469652
92469657
92469661
92469662
92471759
92471770
92471786
92471814
92471879
92471926
92472035
92472054
92472056
92472126
92472254
92472387
92472533
92472659
92472735
92472875
92472896
92472932
92473065
92473200
92477063
92477105
92477122
92477125
92477252
92477381
92477396
92477411
92477542
92477675
92477798
92477867
92478054
92478184
92478202
92478204
92478205
92478221
92478237
92478312
92483267
92485458
92485459
92485480
92485502
92485527
92485548
92485572
92485596
92485617
92485620
92485641
92485667
92485668
92485691
92485713
92485735
92485753
92485776
92485794
92485796
92628002
92628123
92628413
92628580
92628649
92628661
92628663
92628671
92628672
92628677
92628683
92628691
92628696
92628761
92629054
92629263
92629354
92629355
92629366
92629367
92633011
92633116
92633406
92633593
92633642
92633652
92633653
92633657
92633664
92633685
92633690
92633726
92634008
92634234
92634338
92634363
92634365
92634370
92634371
92634379
92638213
92638287
92638581
92638588
92638794
92638803
92638909
92638920
92638931
92638940
92638951
92638952
92638961
92638991
92638999
92639254
92639490
92639672
92639723
92643433
92643449
92643465
92643476
92643477
92643491
92643603
92643880
92644070
92644142
92644158
92644168
92644268
92644285
92644286
92644293
92644339
92644351
92644627
92644842
92648589
92648747
92648893
92648902
92648916
92648933
92648936
92648953
92648971
92648974
92649113
92649129
92649420
92649579
92649585
92649592
92649631
92649636
92649639
92649640
92653695
92653830
92653833
92653850
92653860
92653868
92653869
92653880
92653881
92653882
92653884
92653913
92653962
92654137
92654151
92654451
92654463
92654588
92654597
92654625
92658178
92658193
92658201
92658209
92658210
92658250
92658514
92658745
92658851
92658865
92658868
92658870
92658875
92658876
92658881
92658893
92658901
92659090
92659108
92659375
92662369
92662526
92662810
92662970
92662980
92663020
92663028
92663034
92663044
92663055
92663056
92663062
92663063
92663152
92663428
92663633
92663718
92663723
92663731
92663739
92667169
92667170
92667171
92667174
92667178
92667179
92667182
92667183
92667203
92667422
92667684
92667690
92667695
92667705
92667807
92667826
92667830
92667832
92667837
92667843
92669771
92669783
92669856
92669864
92669867
92669873
92669896
92670145
92670191
92670221
92670233
92670251
92670347
92670449
92670537
92670550
92670561
92670563
92670565
92670566
92674805
92674819
92674825
92674832
92674837
92674849
92674873
92675103
92675361
92675480
92675499
92675506
92675512
92675518
92675522
92675529
92675645
92675924
92676103
92676170
92679828
92679837
92679845
92679852
92679866
92679873
92680075
92680339
92680492
92680528
92680536
92680543
92680544
92680551
92680558
92680566
92680572
92680686
92680958
92680974
92681146
92685360
92685363
92685364
92685367
92685369
92685373
92685377
92685379
92685509
92685805
92685980
92686042
92686044
92686064
92686070
92686075
92686082
92686086
92686142
92686738
92686743
92687409
92687414
92687610
92687878
92688027
92688062
92688069
92688073
92688074
92688076
92688085
92688091
92688096
92688206
92688224
92688521
92688688
92688753
92688754
92688758
92692192
92692372
92692638
92692781
92694902
92694905
92694910
92694919
92695026
92695296
92695477
92695559
92695563
92695567
92695580
92695589
92695590
92695595
92695596
92695597
92695611
92695617
92695694
92695970
92700772
92700821
92701074
92701273
92701403
92701425
92701428
92701429
92701433
92701434
92701438
92701445
92701461
92701650
92701917
92702061
92702099
92702105
92702109
92702116
92844586
92844597
92844608
92844613
92844615
92844623
92844637
92844830
92845116
92845265
92845313
92845314
92845326
92845335
92845341
92845345
92845400
92845544
92845562
92845849
92849380
92849390
92849392
92849491
92849775
92849972
92850062
92850184
92850209
92850218
92850229
92850240
92850272
92850510
92850766
92850898
92850937
92850956
92850967
92850975
92854478
92854713
92854842
92854877
92854881
92854883
92854884
92854891
92854895
92854900
92854942
92855185
92855454
92855616
92855695
92855702
92855708
92855709
92855712
92855718
92859396
92859420
92859448
92859470
92859477
92859482
92859561
92859851
92859868
92860056
92860164
92860172
92860180
92860186
92860191
92860199
92860200
92860236
92860246
92860257
92865647
92865824
92865943
92866033
92866396
92866815
92866998
92867135
92867136
92867138
92867313
92867440
92867445
92867451
92867458
92867750
92867764
92868105
92868428
92868663
92874480
92874599
92874608
92874656
92874662
92874664
92874665
92874669
92874674
92874810
92875025
92875289
92875439
92875446
92875480
92875604
92875612
92875616
92875617
92875624
92880800
92880816
92880887
92881154
92881381
92881482
92881485
92881495
92881499
92881503
92881507
92881508
92881509
92881512
92881539
92881786
92881812
92882064
92882188
92882191
92885236
92885247
92885296
92885558
92885763
92885889
92885898
92885958
92885969
92885977
92885984
92885985
92885993
92886003
92886207
92886225
92886245
92886541
92886704
92886716
92889956
92890168
92890417
92890565
92890570
92890638
92890661
92890662
92890677
92890679
92890680
92890690
92890695
92890696
92890698
92890707
92890915
92891198
92891357
92891365
92894529
92894955
92895140
92895223
92895234
92895235
92895245
92895253
92895254
92895263
92895268
92895332
92895658
92895669
92895869
92895881
92895895
92895982
92895993
92896000
92896012
92901082
92901089
92901211
92901514
92901679
92901683
92901789
92901805
92901810
92901811
92901814
92901820
92901826
92901827
92901903
92902191
92902397
92902403
92902415
92902506
92906195
92906210
92906215
92906221
92906229
92906234
92906375
92906387
92906597
92906770
92906882
92906925
92906943
92906946
92906951
92906955
92907013
92907023
92907289
92907493
93004192
93004199
93004206
93004212
93004219
93004223
93004230
93004236
93004237
93004240
93004255
93004489
93004510
93004529
93004548
93004729
93004791
93004800
93004806
93004812
93007556
93007557
93007572
93007578
93007583
93007584
93007585
93007590
93007596
93007726
93007744
93007993
93008111
93008125
93008168
93008179
93008189
93008200
93008211
93008265
93011050
93011051
93011083
93011087
93011311
93011588
93011787
93011914
93011980
93011981
93012048
93012119
93012185
93012250
93012514
93012526
93012755
93012864
93012874
93012883
93017076
93017110
93017119
93017120
93017122
93017127
93017132
93017135
93017136
93017160
93017377
93017391
93017588
93017639
93017640
93017644
93017651
93017674
93017690
93017708
93020475
93020481
93020488
93020491
93020581
93020827
93020969
93020991
93020992
93020997
93021002
93021007
93021011
93021012
93021015
93021044
93021277
93021289
93021463
93021511
93025371
93025505
93025514
93025521
93025522
93025524
93025528
93025535
93025539
93025545
93025626
93025640
93025884
93026030
93026053
93026059
93026065
93026071
93026072
93026078
93031076
93031077
93031078
93031081
93031082
93031085
93031092
93031093
93031100
93031101
93031106
93031107
93031176
93031421
93031588
93031607
93031608
93031610
93031614
93034358
93034365
93034375
93034376
93034501
93034748
93034875
93034893
93034899
93034905
93034909
93034910
93034919
93034928
93034981
93035224
93035238
93035393
93035447
93035457
93038540
93038548
93038553
93038554
93038631
93038877
93039037
93039059
93039060
93039069
93039075
93039081
93039086
93039091
93039092
93039121
93039342
93039542
93039599
93039605
93044018
93044019
93044034
93044043
93044052
93044060
93044072
93044080
93044088
93044166
93044414
93044576
93044597
93044611
93044617
93044630
93044639
93044645
93044668
93044902
93045118
93235206
93401965
93402210
93402405
93402415
93402485
93402490
93402525
93402630
93402667
93402669
93402691
93402699
93402709
93402882
93402902
93403118
93403124
93403136
93403208
93407765
93407914
93408171
93408374
93408421
93408428
93408432
93408440
93408447
93408448
93408453
93408454
93408516
93408744
93408913
93408966
93408976
93408983
93408988
93412430
93412622
93412685
93412695
93412696
93412701
93412706
93412711
93412813
93412814
93412815
93412816
93412822
93413002
93413213
93413410
93413411
93413514
93413539
93416420
93416655
93416790
93416852
93416859
93416860
93416864
93416865
93416889
93416914
93416938
93417082
93417100
93417342
93417359
93417492
93417519
93417534
93417550
93423178
93423273
93423283
93423284
93423285
93423292
93423296
93423398
93423401
93423405
93423491
93423505
93423747
93423894
93423941
93423976
93423999
93424022
93427054
93427120
93427231
93427232
93427234
93427255
93427257
93427284
93427306
93427307
93427309
93427319
93427321
93427322
93427323
93427377
93427609
93427802
93427875
93431203
93431209
93431215
93431226
93431227
93431234
93431335
93431621
93431801
93431851
93431870
93431896
93431898
93431922
93431950
93431977
93432013
93432217
93432464
93436670
93436686
93437048
93437296
93437479
93437480
93437537
93437538
93437540
93437547
93437549
93437558
93437565
93437691
93438088
93438453
93438459
93438467
93438500
93438556
93441181
93441205
93441215
93441236
93441294
93441304
93441533
93441546
93441714
93441764
93441765
93441766
93441771
93441778
93441783
93441788
93441790
93441791
93446327
93446433
93446439
93446469
93446478
93446482
93446490
93446499
93446506
93446569
93446785
93446796
93446966
93447029
93447030
93447046
93447071
93447073
93447085
93448705
93448711
93448712
93448714
93448721
93448725
93448728
93448735
93448740
93448741
93448744
93448748
93448753
93448756
93448759
93448780
93448806
93448809
93448830
93449309
93449315
93449322
93449324
93449325
93449330
93449351
93449377
93449380
93449404
93449406
93449441
93449465
93449490
93449509
93449516
93449517
93449525
93449533
93450092
93450113
93450124
93450130
93450143
93450149
93450157
93450163
93450170
93450176
93450184
93450189
93450196
93450204
93450210
93450217
93450222
