127136858
127159868
127194853
127223679
127251606
127277299
127304569
127330065
127357205
127383359
127410808
127435969
127461951
127476382
127485339
127489985
127516357
127541782
127569352
127597961
127625314
127651282
127651806
127676771
127702119
127727175
127742668
127746621
127767383
127793770
127819599
127848786
127874269
127902792
127933223
127933765
127961421
127987878
128013487
128037709
128038118
128062851
128078968
128079001
128102343
128127184
128153597
128154073
128179480
128205067
128233837
128259786
128284398
128310944
128336415
128361085
128380969
128403036
128431623
128458793
128487686
128513960
128542258
128568560
128597161
128623357
128645741
128651269
128676912
128706002
128734567
128761453
128789085
128816664
128847963
128876217
128904879
128934901
128941240
128962934
128990311
129017928
129043323
129069091
129095210
129123417
129151665
129152167
129181406
129207531
129232164
129242580
129269355
129298465
129298964
129325908
129353520
