19.234
18.373
20.723
18.243
18.636
18.901
20.244
18.723
19.611
20.739
19.967
18.076
17.987
18.246
18.957
17.913
17.879
17.836
17.366
19.243
18.575
19.609
17.363
17.372
18.622
17.840
18.804
17.406
17.722
17.200
18.064
17.474
19.498
18.950
17.421
17.074
26.660
27.126
24.472
28.842
27.339
25.640
25.154
22.995
27.694
26.369
16.719
26.081
19.966
18.469
19.323
20.992
23.222
17.660
18.006
17.495
20.611
28.855
20.305
18.896
17.262
19.049
19.888
24.895
17.433
19.980
20.589
19.279
18.182
18.837
17.603
18.109
19.639
18.850
17.060
18.391
17.729
18.033
18.315
22.725
19.260
17.404
17.757
17.931
21.083
22.422
18.307
18.524
18.812
17.201
17.026
18.431
18.360
19.322
17.649
17.960
18.166
