16.125
14.224
15.507
14.263
15.213
17.383
15.718
16.702
15.005
31.666
16.038
16.241
18.278
17.019
16.436
14.921
16.074
17.848
15.487
15.568
14.468
15.997
16.345
18.134
14.856
14.837
15.563
15.353
11.850
10.890
12.817
11.318
11.449
12.082
15.593
15.263
12.402
10.766
22.963
23.354
20.372
23.633
22.053
23.213
21.209
17.011
13.244
21.784
13.647
16.674
17.315
16.787
13.802
12.815
15.037
16.009
17.002
13.930
17.224
12.545
12.778
14.463
15.443
13.419
13.500
12.201
12.617
14.218
13.806
12.843
12.627
12.180
12.517
11.467
11.282
12.257
11.963
15.759
13.684
12.636
13.676
12.979
12.075
14.909
16.765
13.056
18.824
14.611
11.410
11.441
12.402
12.437
11.863
12.472
12.395
12.264
