53.044
48.092
54.055
54.399
49.109
55.145
57.685
53.631
55.494
50.387
45.822
55.156
55.214
53.915
50.862
46.922
50.718
54.100
48.973
49.670
49.748
53.901
50.813
53.964
50.419
48.836
47.979
51.377
55.952
49.568
49.219
46.990
49.048
56.684
51.197
50.012
51.496
59.466
56.383
57.097
57.488
56.147
59.653
56.938
51.230
54.015
50.094
53.984
47.944
51.075
49.055
51.428
48.585
51.101
49.176
54.399
48.876
51.219
49.993
47.674
47.993
48.819
53.883
48.456
49.908
51.632
50.303
52.148
53.362
49.986
52.176
50.040
51.527
48.678
46.826
43.543
41.745
47.818
47.969
50.263
50.810
50.745
49.208
49.016
54.047
51.242
47.998
51.224
46.254
47.457
47.311
47.746
45.879
49.311
45.200
45.447
