18.916
18.259
21.162
19.242
18.942
18.045
19.052
18.660
21.029
20.077
19.175
17.852
19.775
19.655
18.901
21.111
19.854
19.772
16.623
20.413
20.519
18.169
17.764
17.554
18.426
21.230
21.442
21.529
20.587
18.822
18.614
18.739
19.613
20.884
19.548
20.110
21.634
20.699
19.749
19.699
20.341
18.959
18.567
20.442
21.561
20.737
24.240
18.084
19.015
16.609
18.724
19.747
18.384
17.717
19.908
18.315
18.871
21.054
20.985
20.386
17.326
19.605
20.445
18.995
18.743
19.755
18.499
17.908
20.450
20.256
18.738
18.955
20.750
20.841
21.940
19.119
18.524
18.182
19.744
19.662
20.454
18.090
21.004
19.074
18.955
20.410
18.565
19.422
17.385
18.807
17.917
18.529
16.152
