68.202
69.679
68.544
73.387
61.869
64.607
65.464
66.021
65.916
70.967
67.691
67.335
58.280
61.467
60.340
59.629
66.042
59.696
72.520
71.883
72.501
72.730
79.025
72.594
72.385
73.624
72.657
76.567
79.182
71.712
71.561
73.375
72.187
77.478
83.194
77.059
59.847
60.142
74.651
61.772
65.655
63.376
63.287
61.992
63.671
61.597
62.561
60.874
64.262
62.546
43.332
64.790
59.727
61.771
65.130
61.414
60.679
59.574
67.179
66.689
70.840
62.531
60.796
62.541
69.324
66.544
69.350
61.488
63.523
62.280
63.696
61.135
65.642
63.629
61.185
63.615
68.267
64.551
83.690
77.011
74.384
75.381
75.532
81.015
78.932
81.397
75.983
74.749
73.798
77.272
84.789
83.507
75.601
73.399
