13.700
13.678
14.659
14.698
15.180
12.157
12.959
12.341
12.813
12.495
13.103
12.372
12.956
14.412
13.282
13.186
18.459
24.339
12.638
13.304
12.961
15.230
12.372
13.423
12.517
13.262
14.382
13.609
17.965
15.748
14.647
14.882
12.809
13.052
14.538
13.147
14.654
13.150
11.901
15.035
13.740
16.734
16.135
15.500
13.689
14.936
15.940
20.867
14.776
15.800
13.493
14.660
14.118
13.048
12.631
13.257
13.636
14.648
15.408
13.686
13.176
12.197
12.273
14.178
15.862
13.999
14.422
14.733
14.350
13.982
14.062
14.447
16.636
14.120
15.527
14.118
13.743
13.257
13.643
14.310
13.515
13.140
13.093
13.922
14.590
13.765
13.314
13.220
14.328
13.700
13.812
13.470
12.115
