132821016
132821018
132821020
132821024
132821026
132821029
132821031
132821033
132821035
132821038
132821664
132821667
132821670
132821672
132821681
132821685
132821687
132821691
132821695
132821698
132821785
132821787
132821794
132821801
132821807
132821811
132821817
132821824
132821830
132822435
132822436
132822437
132822438
132822441
132822442
132822443
132822444
132822445
132822452
132822467
132822473
132822479
132822517
132822529
132822538
132823093
132823098
132823102
132823106
132823113
132823121
132823125
132823625
132823650
132823675
132823820
132823828
132824168
132824175
132824185
132824196
132824203
132824211
132824216
132824226
132824234
132824834
132824845
132824895
132824901
132824907
132824914
132824922
132824926
132824929
132824937
132825074
132825076
132825078
132825081
132825083
132825085
132825087
132825088
132825089
132825098
132825100
132825106
132825108
132825110
132825112
132825865
132825867
132825883
132825886
132825888
132825890
132825893
132825897
132825899
132825906
132826048
132826057
132826067
132826076
132826674
132826675
132826677
132826678
132827092
132827099
132827107
132827293
132827301
132827303
132827304
132827306
132827308
132827361
132827364
132827368
132827374
132827380
132827422
132827859
132827866
132827871
132828146
132828148
132828151
132828152
132828153
132828154
132828156
132828162
132828163
132828541
132828548
132828601
132828641
132828646
132828652
132828658
132828789
132828796
132828799
132828802
132828804
132828805
132828806
132828807
132828808
132829233
132829238
132829245
132829252
132829298
132829305
132829313
132829320
132829327
132829457
132829459
132829653
132829667
132829679
132829690
132829697
132829712
132829724
132829733
132829743
132830119
132830121
132830122
132830125
132830132
132830138
132830139
132830141
132830143
132830146
132830506
132830516
132830527
132830535
132830589
132830600
132831795
132831800
132831804
132831810
132831816
132831823
133147122
133147141
133147156
133147178
133147192
133147212
133147229
133147240
133147248
133147263
133156507
133156577
133161780
133161807
133163563
133164315
133164467
133165437
133165439
133166039
133166105
133169426
133169427
133195233
133195244
133195289
133195811
133196439
133196443
133448906
133448908
133448912
133448916
133448921
133448925
133448930
133448938
133448944
133448950
133534261
133573989
134778054
134778109
134778344
134778606
134779018
134785346
134993540
134993541
134993542
134993543
134993544
134993545
134993546
134993547
134993548
134993549
134993550
134993551
134993552
134993553
134993554
135007329
135020736
