132820959
132820968
132820969
132820971
132820972
132820975
132820976
132820977
132820978
132820979
132820981
132820983
132820991
132820992
132820994
132820997
132821002
132821766
132821768
132821770
132821772
132821774
132821776
132822378
132822380
132822381
132822382
132822387
132822389
132822390
132822396
132822398
132822406
132822408
132822415
132822416
132822417
132822418
132822423
132822425
132822433
132823013
132823030
132823031
132823032
132823034
132823042
132823044
132823417
132823446
132823451
132823495
132824380
132824388
132824395
132824396
132824397
132824399
132824400
132825004
132825006
132825009
132825011
132825014
132825017
132825019
132825071
132825828
132825830
132825839
132825841
132825845
132825859
132825861
132825965
132825968
132825976
132825983
132825991
132825996
132826003
132826007
132826013
132826021
132826030
132826039
132826663
132826665
132826668
132826671
132826673
132826690
132826692
132826693
132826694
132826695
132826702
132826704
132827276
132827278
132827281
132827290
132827291
132827292
132827704
132827708
132827713
132827746
132827747
132827749
132827753
132827760
132827767
132827810
132827815
132827824
132827833
132827840
132827849
132828115
132828117
132828118
132828119
132828121
132828123
132828125
132828127
132828129
132828133
132828847
132828850
132828852
132828853
132828854
132829215
132829222
132829394
132829397
132829398
132829407
132829409
132829411
132829413
132829416
132829432
132829433
132829434
132829436
132829437
132829439
132829447
132829449
132829451
132829455
132829509
132829511
132829539
132829593
132829608
132830165
132830166
132830168
132830752
132830755
132830759
132830765
132830820
132830822
132830824
132830826
132830828
132830830
132831434
132831436
132831437
132831438
132831439
132831450
132831452
132831454
132831455
132831456
132831457
132831458
132831459
132831461
132831791
133156614
133156629
133168085
133169406
133287511
133534262
133556284
133573937
133626112
134014808
134667125
134778055
134778113
134778346
134778607
134779021
134785347
134993557
134993558
134993559
134993560
134993561
134993562
134993563
134993564
134993565
134993566
134993567
134993568
134993569
134993570
134993571
134993994
134993995
134993996
134993997
134993998
134993999
134994000
134994001
134994003
134994004
134994006
134994007
134994008
134994009
134994010
135007332
135020738
