132820868
132820874
132820876
132820882
132820885
132820891
132820892
132820894
132820895
132820896
132820900
132820904
132820905
132820906
132820907
132820908
132820909
132820912
132820913
132820914
132820916
132820917
132820918
132820919
132820921
132821544
132821548
132821563
132821567
132821573
132821576
132822574
132822585
132822659
132822737
132822746
132822758
132822768
132822776
132822784
132822797
132822812
132822820
132822836
132822844
132822851
132822861
132822892
132822921
132823070
132823072
132823678
132823683
132823687
132823693
132823698
132823701
132823704
132823711
132823714
132823719
132823738
132823739
132823765
132823768
132823775
132823777
132823781
132823837
132823841
132823846
132823851
132823857
132823862
132823870
132823880
132824414
132824416
132824418
132824420
132824422
132824424
132824426
132824428
132824433
132824434
132824435
132824436
132825037
132825040
132825041
132825044
132825046
132825115
132825117
132825119
132825121
132825122
132825133
132825135
132825137
132825141
132825173
132825184
132825192
132825200
132825208
132825283
132825296
132825358
132825367
132825928
132825931
132825933
132825935
132825937
132825939
132825941
132827161
132827166
132827176
132827182
132827190
132827195
132827201
132827206
132827214
132827331
132827333
132827336
132827339
132827341
132827343
132827433
132827937
132827964
132827968
132827973
132827978
132827981
132827984
132827989
132827992
132827998
132828002
132828004
132828007
132828009
132828021
132828023
132828738
132828741
132828757
132828760
132828812
132828814
132828819
132828865
132828869
132828883
132828890
132828894
132829351
132829353
132829472
132829474
132829475
132829476
132829478
132829481
132829482
132829483
132829484
132829487
132829490
132829493
132830039
132830046
132830051
132830065
132830068
132830073
132830078
132830609
132830616
132830627
132830847
132830850
132830853
132830855
132830857
132830859
132830869
132830871
132830878
132831222
132831237
132831287
132831295
132831300
132831303
132831309
132831337
132831349
132831355
132831357
132831371
