132820929
132820930
132820936
132820937
132820938
132820939
132820940
132820941
132820943
132820944
132820945
132820949
132820950
132820951
132820953
132820954
132820955
132820956
132821585
132821588
132821594
132821599
132821602
132821606
132821608
132821610
132821615
132821620
132821732
132821734
132821735
132821736
132821737
132821739
132821742
132821743
132821745
132821747
132821749
132821750
132821755
132821758
132821760
132821762
132821764
132822929
132822933
132822935
132822943
132822952
132822957
132822970
132822976
132822983
132822987
132822988
132822990
132822993
132822999
132823002
132823004
132823007
132823011
132823074
132823082
132823084
132823406
132823410
132823413
132823783
132823784
132823786
132823789
132823791
132824440
132824441
132824442
132824444
132824446
132824452
132824453
132824462
132824463
132824464
132824466
132824470
132824471
132824472
132824473
132824475
132824998
132825000
132825002
132825049
132825051
132825054
132825055
132825057
132825059
132825061
132825063
132825666
132825674
132825679
132825684
132825688
132825691
132825695
132825699
132825731
132825760
132825765
132825768
132825771
132825777
132825950
132825952
132825954
132825957
132826314
132826323
132826343
132826352
132826359
132826372
132826416
132826421
132826432
132826442
132826448
132826470
132826480
132826723
132826725
132826752
132826757
132826766
132826776
132826788
132827345
132828025
132828027
132828043
132828044
132828052
132828055
132828058
132828061
132828063
132828066
132828087
132828089
132828096
132828100
132828105
132828108
132828110
132828113
132828176
132828178
132828214
132828219
132828229
132828238
132828253
132828261
132828344
132828354
132828368
132828381
132828393
132828761
132828763
132828830
132828832
132828834
132828836
132828837
132828839
132828841
132828843
132828845
132829375
132829377
132829379
132829381
132829383
132829386
132829391
132829494
132829496
132829498
132830080
132830081
132830086
132830089
132830092
132830158
132830160
132830161
132830162
132830163
132830164
132830177
132830181
132830187
132830190
132830197
132830202
132830244
132830251
132830258
132830269
132830283
132830297
132830308
132830323
132830335
132830348
132830885
132830892
132830898
132830903
132831392
132831394
132831397
132831401
132831402
132831406
132831413
132831416
132831417
132831418
132831420
132831421
132831422
132831424
132831425
132831468
132831470
132831501
132831508
132831568
132831583
132831595
132831608
132831619
134223306
134993573
134993574
134993575
134993576
134993577
134993578
134993579
134993580
134993581
134993582
134993583
134993584
134993585
134993586
134993587
