97602353
97602429
97602487
97602524
97602542
97602547
97602550
97602552
97602555
97602557
97603139
97603177
97603241
97603421
97603488
97603552
97604209
97604210
97604214
97604215
97604218
97604219
97604221
97604222
97604375
97604545
97604692
97604721
97604726
97604729
97604730
97604732
97604736
97604738
97604739
97604741
97604743
97604747
97604748
97604749
97604752
97604806
97604880
97605054
97605133
97605191
97608974
97608991
97609007
97609023
97609041
97609092
97609108
97609125
97609158
97609190
97609222
97617154
97617250
97642694
97642788
97660780
97669896
97669996
97690450
97690451
97690453
97690454
97698726
97726574
97728625
97733676
97733677
97733682
97754123
97754212
97754320
97754321
97754322
97754323
97756447
97756456
97779778
97779886
97788753
97801814
97806059
97806149
97807381
97807916
97833520
97833627
97834438
97852055
97864075
97896445
97913817
97923177
97929922
97929988
97961158
97961214
97986927
97987010
97989756
97990864
98006158
98007916
98011279
98012211
98012964
98039402
98039500
98042357
98051989
98071309
98104016
98104017
98104018
98104019
98133401
98133550
98167347
98195261
98195402
98257298
98257449
98320117
98392971
98462581
98462712
98522572
98522614
98522761
98522930
98523030
98523126
98523225
98523284
98523376
98523477
98523570
98523605
98523698
98523825
98523911
98523985
98524054
98524126
98524190
98524256
98524262
98524321
98524383
98524387
98524395
98532463
98532597
98534693
98534755
98534821
98534873
98534891
98534950
98534956
98534963
98534969
98534974
98534978
98534986
98535007
98535100
98535231
98535376
98535467
98535624
98535721
98535852
98535870
98538851
98538927
98538978
98539017
98539085
98539148
98539205
98539208
98539216
98539220
98539225
98539232
98539239
98539243
98539250
98539254
98539455
98539551
98539706
98539927
98540010
98540091
98540196
98540279
98540355
98540496
98547322
98547548
98547638
98547674
98549615
98549622
98549627
98549632
98549640
98549645
98549653
98549664
98549671
98549772
98549867
98553371
98553471
98553757
98553764
98553768
98553832
98553890
98553949
98554011
98554140
98554144
98554148
98554153
98554166
98554466
98554560
98554613
98554831
98554931
98555042
98561960
98562034
98562043
98562111
98562171
98562228
98562230
98562290
98562353
98562355
98564339
98564452
98564552
98564663
98564731
98564780
98566473
98566477
98566479
98566481
98566482
98566485
98566883
98566953
98567268
98567374
98567500
98567613
98567676
98567730
98567789
98567791
98567793
98567795
98567797
98567798
98567799
98567800
98567808
98567866
98568226
98568296
98568418
98568523
98568636
98568704
98568778
98578411
98578486
98578510
98578573
98578590
98578751
98578828
98578845
98578876
98578909
98579072
98597840
98597991
98657927
98658079
98687200
98687268
98703191
98703271
98731993
98754385
98754388
98766775
98791095
98791183
98812333
98812862
98817318
98844490
98844566
98845752
98861837
98877455
98877539
98917798
98957816
98984079
98984093
98984118
98984199
98986663
98986841
98986921
99000259
99000336
99029124
99033318
99033394
99035279
99062514
99062607
99072533
99082412
99093495
99093589
99125788
99125859
99164411
99164528
99183248
99189683
99198938
99198975
99199040
99199144
99199255
99199308
99199353
99199402
99199436
99199463
99199492
99199509
99199526
99199550
99199560
99199569
99199580
99199600
99199611
99199621
99199631
99199638
99199641
99199645
99199651
99203339
99203414
99204386
99204394
99204399
99204405
99204407
99204413
99204417
99204421
99204426
99204431
99204435
99204450
99204493
99204565
99204662
99204750
99204785
99204881
99204919
99204989
99205008
99206324
99206355
99206381
99206402
99206421
99206434
99206440
99206447
99206453
99206457
99206461
99206467
99206471
99206476
99206481
99206485
99206500
99206537
99206606
99206788
99206832
99206875
99206916
99206950
99206987
99207071
99211673
99211764
99211806
99211843
99212696
99212700
99212704
99212712
99212715
99212719
99212725
99212732
99212737
99212748
99212791
99214389
99214435
99214619
99214634
99214640
99214643
99214647
99214650
99214656
99214664
99214667
99214669
99214672
99214682
99214731
99214799
99214890
99215029
99215087
99215180
99219131
99219159
99219176
99219180
99219185
99219191
99219195
99219199
99219202
99219206
99220183
99220255
99220311
99220402
99220444
99220475
99221997
99222050
99222103
99222107
99222161
99222191
99222539
99222684
99223074
99223229
99223431
99223491
99223498
99223501
99223505
99223508
99223512
99223514
99223517
99223520
99223525
99223527
99223532
99223550
99223880
99224140
99224244
99224427
99224563
99224635
99229571
99229586
99229601
99229618
99229634
99229681
99229697
99229714
99229745
99229802
99229972
99239306
99239389
99274966
99275048
99282924
99290776
99291090
99291577
99292346
99292432
99292619
99294793
99294827
99295271
99295368
99297518
99310849
99310850
99310851
99310852
99322757
99333057
99333144
99333222
99344018
99344119
99372677
99388214
99388286
99418063
99429089
99429164
99466081
99466150
99491418
99505126
99505200
99536053
99536133
99549055
99559320
99559329
99566990
99567078
99595367
99595400
99603025
99603026
99603027
99609137
99609139
99609141
99610079
99610081
99610082
99610100
99610397
99610599
99610602
99620895
99620974
99638869
99651799
99651865
99664050
99681001
99681058
99698424
99698455
99711647
99711740
99711879
99733425
99733436
99740651
99740652
99740653
99742331
99742399
99771466
99771547
99799550
99799618
99827875
99827935
99855678
99855736
99883491
99883552
99911229
99911311
99917913
99917916
99917917
99939041
99939096
99950696
99950706
99950707
99951272
99963309
99963347
99963416
99963503
99963598
99963676
99963738
99963788
99963821
99963841
99963843
99963845
99963846
99963848
99963849
99963850
99963852
99963854
99963855
99963857
99963858
99963859
99963860
99963862
99963867
99967422
99967494
99968183
99968185
99968188
99968192
99968193
99968196
99968201
99968203
99968206
99968208
99968210
99968212
99968215
99968247
99968310
99968395
99968485
99968634
99968675
99968724
99968729
99969868
99969888
99969893
99969895
99969896
99969899
99969901
99969905
99969906
99969908
99969911
99969912
99969915
99969917
99969918
99969923
99969925
99969928
99969968
99970117
99970203
99970285
99970351
99970435
99970454
99973199
99973287
99973375
99973508
99974195
99974205
99974215
99974226
99974234
99974236
99974241
99974246
99974248
99974255
99974259
99975465
99975467
99975661
99975760
99975837
99975896
99975936
99975962
99975974
99975976
99975977
99975979
99975980
99975981
99975983
99975984
99975985
99975986
99975987
99976055
99979372
99979374
99979410
99979479
99979567
99979666
99979750
99979824
99979874
99979908
99980546
99980550
99980551
99980554
99980556
99980580
99981723
99981725
99981726
99981727
99981729
99981731
99981736
99981737
99981739
99981740
99981843
99982036
99982187
99982238
99982272
99982296
99982308
99982320
99982328
99982336
99982337
99982338
99982340
99982367
99986019
99986043
99986056
99986057
99986061
99986062
99987039
99987084
99987109
99987113
99987125
99987151
99987160
99987171
99987190
99987207
99987218
99995760
99995821
100023415
100023486
100050970
100051036
100073298
100079607
100079695
100103665
100105389
100105398
100105407
100107628
100107701
100136923
100136981
100147709
100165350
100165421
100182607
100193867
100193941
100225264
100225333
100253575
100253641
100274053
100274056
100279182
100279237
100296271
100306172
100306236
100334690
100334750
100349746
100356830
100356832
100362796
100362853
100394527
100394592
100409383
100409384
100409385
100423245
100423315
100450519
100451089
100451589
100451649
100451718
100453497
100457725
100457727
100457729
100462355
100462443
100463017
100463020
100475454
100475489
100475553
100475661
100475767
100475841
100475855
100475902
100475938
100475974
100475991
100476004
100476013
100476023
100476044
100476053
100476061
100476070
100476081
100476083
100476085
100476087
100476089
100476090
100476093
100477232
100477258
100477292
100479629
100479693
100480337
100480338
100480342
100480345
100480347
100480352
100480355
100480356
100480359
100480361
100480362
100480364
100480367
100480381
100480421
100480495
100480583
100480670
100480804
100480843
100480892
100480907
100481350
100482114
100482131
100482143
100482145
100482147
100482149
100482152
100482155
100482157
100482158
100482162
100482163
100482164
100482167
100482168
100482170
100482172
100482174
100482177
100482231
100482388
100482477
100482558
100482622
100482707
100485274
100485415
100485512
100485595
100485705
100485814
100485846
100486380
100486390
100486401
100486414
100486423
100486432
100486437
100486443
100486446
100486450
100486453
100487643
100487645
100487647
100487730
100487839
100487930
100488007
100488084
100488129
100488165
100488190
100488209
100488210
100488211
100488212
100488213
100488214
100488217
100488218
100488220
100488222
100488223
100488288
100488744
100491641
100491644
100491665
100491713
100491790
100491877
100491963
100492036
100492089
100492134
100492819
100492821
100492823
100492826
100492828
100492831
100493961
100493972
100493981
100493988
100493996
100494005
100494032
100494034
100494038
100494039
100494075
100494227
100494412
100494476
100494522
100494551
100494570
100494579
100494587
100494592
100494594
100494600
100494602
100494604
100494605
100498335
100498336
100498338
100498340
100498341
100498343
100499077
100499167
100499253
100499332
100499386
100499458
100499468
100499471
100499476
100499478
100499481
100508525
100508588
100523161
100535115
100538695
100538758
100563718
100572156
100572240
100598197
100599239
100600260
100600540
100601123
100601203
100614633
100614715
100649623
100649729
100687815
100687888
