17.208
15.827
16.973
16.523
18.936
18.117
17.234
17.991
16.133
18.242
16.757
16.933
15.183
15.845
17.348
16.111
18.100
16.327
14.249
15.634
15.297
17.219
15.915
15.447
16.123
17.325
15.366
14.676
16.210
13.850
15.581
16.861
17.422
19.075
16.989
16.384
17.168
16.731
18.892
17.090
16.598
16.170
27.781
15.888
16.303
16.915
17.207
19.305
16.304
60.212
23.238
32.214
22.214
17.220
15.815
15.453
21.268
15.654
26.239
24.187
18.306
20.615
18.808
17.840
17.778
17.092
15.974
16.266
16.512
15.525
18.310
17.375
45.565
4.531
17.471
18.010
16.839
16.149
15.975
15.311
17.205
16.710
17.318
15.871
18.875
18.444
14.073
17.757
16.187
15.103
16.040
16.503
15.973
14.160
14.526
14.315
15.823
15.834
16.074
16.252
19.666
17.389
17.619
16.416
15.900
16.474
16.261
15.796
15.671
15.711
16.709
17.178
16.380
17.863
13.968
16.796
16.418
16.462
16.156
15.702
15.543
16.040
16.608
19.296
19.990
15.985
15.773
17.497
16.867
15.365
15.710
15.291
14.659
15.337
15.613
15.881
15.891
17.540
16.507
14.584
16.126
15.689
15.684
15.575
15.645
16.034
15.211
15.247
14.729
27.715
18.171
16.956
16.198
17.225
15.522
15.222
15.131
2.360
15.528
15.402
15.298
15.594
16.471
17.331
17.595
17.601
18.379
18.081
17.934
15.846
15.196
15.713
16.229
15.376
17.296
14.805
27.139
27.092
17.299
17.335
18.087
22.394
21.429
15.925
16.196
17.136
15.571
