13.890
13.338
13.788
14.271
15.917
15.023
14.867
13.276
12.881
12.373
12.342
13.055
13.630
14.200
13.202
12.420
15.479
13.609
13.139
13.738
12.306
12.441
13.371
12.566
12.894
12.913
15.778
12.419
11.763
11.929
12.760
12.854
14.008
76.549
13.196
31.089
15.051
13.788
12.563
14.298
13.529
15.203
13.476
12.993
12.074
11.970
12.145
13.756
12.392
14.082
12.616
19.976
13.076
13.039
13.006
12.294
13.518
12.034
11.437
12.129
14.731
14.095
13.782
13.404
13.182
13.027
13.175
12.357
12.337
12.614
12.436
14.438
13.092
12.233
14.843
14.571
14.121
13.411
12.944
12.751
12.616
12.664
12.575
9.589
12.751
12.394
15.057
14.028
11.355
11.907
12.373
12.348
12.582
12.633
13.340
11.716
11.772
11.409
12.742
13.317
13.080
12.440
15.612
12.606
12.679
11.977
13.216
12.782
12.684
12.488
13.717
12.224
14.562
14.941
13.566
13.158
13.447
13.330
12.991
12.947
13.060
12.815
12.598
12.647
13.414
13.353
13.647
13.033
12.939
12.501
12.633
12.792
12.681
11.858
12.534
12.469
13.266
12.437
12.725
13.318
14.366
12.312
12.709
12.428
12.194
13.177
12.810
13.255
12.151
12.444
11.971
13.357
13.242
13.593
13.230
13.367
13.000
12.452
13.365
12.766
12.963
12.716
13.378
13.226
12.480
13.541
14.320
15.140
13.860
13.579
15.169
16.178
12.336
12.171
13.110
12.728
12.150
13.050
12.415
13.227
12.943
14.957
16.795
19.496
13.546
13.370
12.843
13.052
