18.218
17.284
17.941
17.457
18.584
17.855
17.822
19.751
15.773
17.176
18.028
17.190
16.173
18.292
20.653
19.657
17.678
18.716
17.995
17.781
18.136
16.357
15.380
16.078
16.252
17.380
17.135
16.727
16.994
17.848
19.385
16.647
17.769
18.070
16.627
16.427
17.587
16.738
17.999
19.061
16.947
16.408
15.307
15.651
15.220
18.125
16.053
16.186
15.834
23.980
20.889
18.870
18.051
16.140
15.088
15.237
18.862
20.034
20.501
19.305
18.736
17.903
18.258
17.098
16.432
16.201
16.021
16.831
17.187
14.448
18.784
18.475
17.407
17.282
16.034
16.704
15.239
21.440
16.757
15.697
15.983
15.706
17.546
17.783
15.827
16.422
16.850
15.509
15.744
16.491
16.756
15.548
15.049
14.974
17.128
17.661
17.477
17.837
19.564
17.937
18.160
23.432
24.941
17.143
16.445
15.693
16.363
15.694
19.814
20.746
18.588
18.704
19.024
18.428
18.719
16.700
16.785
15.886
16.108
16.250
16.259
17.552
17.281
17.108
17.535
16.575
17.006
15.989
15.708
25.298
25.086
15.363
15.695
16.024
16.264
17.958
17.914
16.518
17.314
17.491
20.202
15.871
16.094
15.825
16.215
15.868
17.053
19.448
19.126
18.319
17.692
16.848
16.467
16.234
16.613
15.761
15.842
15.124
15.439
15.940
19.114
20.320
17.609
17.203
17.186
16.818
15.985
16.685
15.963
16.111
16.495
16.562
15.689
16.394
16.486
20.033
17.535
18.252
20.023
19.306
16.457
16.475
18.420
16.062
