82.684
83.282
84.533
84.661
94.592
85.700
89.221
246.373
85.891
86.003
85.280
83.137
83.931
86.697
85.123
95.956
83.796
81.309
85.568
80.562
83.613
85.409
80.022
78.887
77.792
81.277
79.081
83.543
84.173
79.457
78.983
77.880
82.502
82.830
79.892
78.288
80.371
81.363
77.654
78.844
80.830
84.741
89.924
88.547
85.623
85.930
85.259
80.172
83.304
87.650
86.001
84.291
82.680
33.716
59.904
83.475
85.403
81.388
79.649
77.704
80.592
79.376
75.535
83.057
89.971
77.757
75.460
84.383
83.632
83.380
82.384
85.897
85.390
78.351
81.336
79.829
76.131
81.246
82.450
83.836
82.438
80.151
79.588
80.122
79.755
69.067
69.749
84.303
82.978
81.622
82.753
82.385
81.883
80.505
81.550
80.745
75.098
77.970
78.889
67.021
67.349
87.772
84.460
85.753
83.492
84.590
80.955
82.310
79.067
79.934
77.365
84.881
84.619
82.817
81.388
86.219
82.482
84.196
81.215
80.639
81.793
81.717
81.927
83.587
86.181
87.497
84.573
88.312
87.819
86.258
83.712
83.714
81.595
81.955
81.541
82.093
81.918
83.897
89.865
89.174
99.645
88.708
87.766
87.593
82.617
81.619
78.480
79.005
79.850
75.893
56.506
81.654
81.250
83.602
82.925
80.064
78.209
76.800
76.206
79.910
79.142
81.253
80.401
79.263
79.778
83.477
89.942
88.767
85.349
84.523
81.906
81.946
80.933
80.189
77.162
77.327
73.325
81.941
83.109
89.252
78.559
79.379
88.808
72.397
73.735
73.706
74.620
73.112
