17.766
20.573
22.596
17.501
18.776
17.552
18.514
18.050
20.877
19.104
18.720
17.645
18.656
18.463
20.778
19.720
18.964
17.488
19.423
19.397
18.803
20.909
19.734
19.606
16.541
20.237
20.338
19.513
17.723
17.431
18.349
21.022
21.259
21.312
20.454
18.679
18.470
18.583
19.308
20.637
19.488
19.869
21.378
20.505
19.539
19.510
20.270
18.929
18.383
20.227
21.347
20.629
23.890
17.903
18.727
16.403
18.455
19.440
18.113
17.469
19.595
17.980
18.420
20.858
20.796
20.206
17.269
19.497
20.326
18.978
18.731
19.629
18.248
17.718
20.083
19.889
18.405
18.542
20.370
20.420
21.529
18.768
18.199
17.861
19.407
19.314
20.071
17.763
20.635
18.690
18.642
20.049
18.185
