96205835
96206379
96206626
96206860
96208589
96210048
96210568
96210891
96217783
96217880
96220764
96245119
96245229
96279341
96279440
96308278
96308388
96326799
96327892
96334885
96365553
96365556
96365557
96365560
96365584
96365636
96365715
96365810
96365892
96365965
96366023
96366056
96366080
96366088
96366095
96366100
96366103
96366112
96366114
96366117
96366121
96366124
96366127
96366130
96366133
96366158
96366196
96366272
96366358
96368149
96368265
96369613
96369617
96369619
96369626
96369629
96369631
96369636
96369639
96369649
96369652
96369655
96369657
96369659
96369717
96369793
96369967
96370043
96371331
96371333
96371336
96371338
96371340
96371350
96371351
96371352
96371378
96371428
96371501
96371595
96371683
96371763
96371837
96371877
96371907
96371913
96371927
96371945
96371949
96371953
96371956
96371960
96371968
96371997
96373583
96374321
96374326
96374329
96374939
96374958
96375002
96375072
96375168
96375266
96375358
96375456
96375484
96375492
96375502
96377118
96377120
96377124
96377130
96377131
96377133
96377134
96377136
96377138
96377143
96377145
96377146
96377179
96377403
96377631
96377645
96377647
96377659
96377660
96377661
96380630
96380633
96380636
96380644
96380649
96380653
96380656
96380657
96380659
96380661
96381696
96381723
96381746
96381757
96381760
96381771
96383607
96383634
96383651
96383653
96383655
96383662
96383670
96383672
96383679
96383680
96383686
96383694
96383750
96383826
96383913
96384012
96384090
96384144
96384188
96384205
96384215
96384218
96384221
96384222
96384228
96387283
96387320
96387337
96387341
96387346
96388276
96388307
96388369
96388454
96388559
96388783
96388823
96388847
96388857
96388873
96388877
96397138
96399066
96399070
96405112
96425961
96426059
96445325
96445336
96450038
96454387
96454486
96482879
96482966
96508348
96510397
96510487
96510698
96511181
96540055
96540141
96548625
96553551
96571834
96571930
96594593
96602087
96602183
96632153
96662303
96662396
96697458
96711801
96742146
96742183
96777187
96777284
96807705
96807755
96810637
96810648
96830283
96837375
96837467
96852086
96885466
96885467
96892987
96905327
96919785
96919892
96945547
96966174
96970845
96970940
96997386
96997505
97023752
97023869
97050224
97074336
97074337
97074342
97074345
97074362
97074406
97074481
97074579
97074669
97074741
97074812
97074854
97074875
97074881
97074885
97074889
97074894
97074901
97074903
97074906
97074912
97074914
97074918
97074921
97074926
97074967
97075030
97075116
97075211
97077026
97077111
97078376
97078379
97078382
97078385
97078388
97078391
97078392
97078398
97078400
97078402
97078404
97078407
97078409
97078428
97078472
97078641
97078727
97080054
97080059
97080061
97080064
97080069
97080070
97080071
97080074
97080077
97080095
97080136
97080204
97080294
97080403
97080490
97080558
97080621
97080637
97080639
97080642
97080649
97080654
97080660
97080663
97080672
97083000
97083007
97083010
97083013
97083613
97083615
97083618
97083621
97083657
97083735
97083837
97084002
97084076
97084142
97084152
97085774
97085784
97085790
97085791
97085793
97085795
97085797
97085799
97085800
97085802
97085803
97085805
97085806
97085833
97086136
97086206
97086259
97086296
97086298
97086302
97088988
97088991
97088993
97088994
97088996
97088999
97089002
97089003
97089005
97089007
97089775
97089867
97089947
97090047
97090078
97090093
97091316
97091399
97091491
97091563
97091632
97091676
97091730
97091742
97091746
97091748
97091751
97091752
97091754
97091755
97091756
97091757
97091774
97091822
97091901
97091992
97092079
97092148
97092232
97092250
97092256
97094979
97095059
97095137
97095144
97095148
97095868
97095886
97095902
97095922
97095944
97096006
97096065
97096152
97096336
97096526
97104017
97109585
97114840
97126083
97129841
97129941
97157317
97157424
97184217
97184315
97211978
97242822
97242923
97272547
97272647
97299652
97299787
97301122
97316981
97319650
97320249
97328115
97328215
97331004
97358903
97360192
97360302
97387092
97402240
97402248
97402259
97402279
97402408
97412750
97412848
97417257
97417401
97417514
97417604
97417672
97417675
97422347
97441044
97451627
97469029
97469136
97470838
97488131
97489381
97491755
97497492
97497614
97498361
97505506
97529772
97529844
97565196
97565277
97588227
97588228
97588230
97588233
97588246
97588287
97588359
97588454
97588540
97588617
97588674
97588718
97588741
97588753
97588758
97588762
97588765
97588771
97588773
97588780
97588783
97588785
97588788
97588791
97588796
97588840
97588905
97588991
97589085
97590823
97590924
97592163
97592167
97592170
97592171
97592173
97592177
97592178
97592182
97592183
97592184
97592188
97592189
97592192
97592239
97592311
97592488
97592565
97593809
97593812
97593814
97593816
97593820
97593823
97593824
97593828
97593855
97593915
97594019
97594109
97594188
97594265
97594314
97594347
97594361
97594364
97594366
97594371
97594373
97594378
97594380
97594385
97594386
97594421
97596109
97596602
97596604
97596607
97596616
97596618
97597198
97597241
97597319
97597424
97597518
97597589
97597656
97597723
97597732
97597738
97597741
97597769
97599318
97599319
97599323
97599324
97599326
97599327
97599330
97599331
97599332
97599334
97599335
97599348
97599392
97599640
97599817
97599821
97599823
97599827
97599828
97599831
97602559
97602561
97602564
97602567
97602569
97602571
97602574
97602576
97602578
97602580
97603625
97603644
97603647
97603649
97603653
97603657
97605220
97605240
97605246
97605247
97605248
97605250
97605252
97605254
97605256
97605258
97605261
97605263
97605356
97605442
97605533
97605612
97605681
97605720
97605747
97605757
97605760
97605762
97605763
97605764
97605768
97608428
97608448
97608455
97608457
97608460
97609255
97609281
97609339
97609427
97609517
97609738
97609776
97609805
97609813
97609819
97609822
97617155
97617249
97642688
97642781
97645639
97660781
97669889
97670002
97673099
97673100
97673101
97673105
97673107
97698724
97698787
97728624
97728701
97733688
97733689
97733692
97743708
97754120
97754208
97779781
97779882
97788761
97803183
97806057
97806147
97807390
97807397
97807551
97807903
97807907
97833516
97833626
97834442
97849502
97852594
97863973
97864078
97896447
97915889
97915965
97923914
97929912
97929985
97961154
97961213
97976044
97977685
97986920
97987013
97989767
97990319
98012292
98012966
98039400
98039498
98071138
98071312
98133399
98133546
98195258
98195401
98257301
98257452
98320111
98327031
98374716
98392848
98392970
98420045
98420056
98462715
98525646
98525652
98525658
98525664
98525681
98525784
98525915
98526035
98526156
98526257
98526381
98526492
98526532
98526693
98526783
98526804
98526881
98527033
98527052
98527116
98527184
98527246
98527300
98527306
98527320
98527379
98527505
98527656
98527757
98527864
98532466
98532594
98536099
98536152
98536212
98536272
98536331
98536339
98536347
98536353
98536360
98536363
98536369
98536379
98536468
98536526
98536767
98536890
98540756
98540762
98540768
98540774
98540777
98540854
98540897
98541034
98541147
98541293
98541335
98541450
98541499
98541596
98541682
98541710
98541792
98541853
98541910
98541978
98542033
98542097
98542158
98542166
98542227
98542380
98542469
98542608
98548098
98548167
98550005
98550158
98550274
98550367
98550412
98550506
98550589
98550651
98550721
98550867
98550925
98555155
98555159
98555175
98555182
98555186
98555191
98555196
98555204
98555223
98555349
98555435
98555518
98555565
98555687
98555800
98555816
98555831
98555850
98555854
98555862
98562357
98562359
98562361
98562364
98562366
98562368
98562371
98562373
98562378
98562474
98564841
98564900
98564961
98565020
98565080
98565088
98568849
98568856
98568911
98568966
98569021
98569077
98569135
98569136
98569137
98569139
98569422
98569710
98569879
98569910
98569987
98570050
98570111
98570112
98570171
98570232
98570233
98570279
98570353
98570411
98570472
98570491
98570536
98576849
98576920
98576979
98577066
98579349
98579422
98579480
98579588
98579688
98579855
98579913
98579981
98580005
98580082
98580208
98597839
98597992
98657922
98658073
98703192
98703266
98731912
98731994
98742616
98761603
98761692
98791097
98791180
98796826
98817319
98844499
98844567
98845756
98877458
98877531
98917804
98917886
98957736
98957818
99000255
99000329
99033321
99033395
99035280
99062511
99062600
99082685
99093490
99125785
99125862
99164412
99164517
99197727
99199633
99200234
99200237
99200240
99200245
99200270
99200323
99200407
99200497
99200573
99200634
99200688
99200730
99200771
99200822
99200835
99200846
99200857
99200881
99200891
99200894
99200900
99200905
99200909
99200915
99200922
99200949
99200998
99201077
99201179
99201273
99203334
99203420
99205063
99205073
99205089
99205102
99205105
99205113
99205116
99205120
99205126
99205131
99205137
99205144
99205191
99205264
99205451
99205482
99207114
99207119
99207123
99207128
99207133
99207138
99207142
99207169
99207226
99207315
99207428
99207493
99207535
99207578
99207619
99207655
99207712
99207742
99207760
99207784
99207798
99207810
99207820
99207832
99207845
99208151
99208258
99211052
99211956
99211982
