12.867
11.862
14.267
13.864
15.132
16.094
13.215
13.180
12.892
13.446
13.373
12.663
14.831
14.452
12.997
13.907
15.324
13.903
14.164
16.956
13.747
13.429
15.497
13.253
13.661
13.732
13.883
14.991
50.292
13.969
12.294
12.453
12.621
13.558
12.752
14.087
13.581
12.296
13.693
12.987
13.183
12.944
13.610
13.559
13.724
13.574
13.265
13.764
14.698
12.819
13.353
13.236
13.187
13.051
13.049
12.106
12.619
12.731
12.517
12.593
13.385
12.816
31.093
13.707
12.719
13.196
12.791
13.620
13.423
13.897
13.665
12.664
17.005
13.791
13.310
12.796
13.652
13.343
13.216
10.625
14.587
13.962
14.770
13.459
13.226
13.868
13.226
12.239
15.774
14.114
12.850
13.832
13.293
13.734
14.203
15.803
15.082
14.919
13.209
12.817
12.304
12.280
12.991
13.568
14.110
13.145
12.334
15.386
13.529
13.221
13.840
12.427
12.376
13.305
12.644
12.979
12.992
15.802
12.507
11.809
11.977
12.874
13.046
13.981
76.072
13.175
30.938
14.953
13.720
12.550
14.275
13.511
15.172
13.667
13.117
12.566
12.272
12.060
12.236
13.836
12.471
14.063
12.673
19.786
13.086
13.199
13.167
12.526
13.726
12.236
11.670
12.307
14.779
14.155
13.901
13.453
13.229
13.077
12.434
12.397
12.535
16.871
14.344
12.163
15.121
14.421
13.511
12.888
12.789
12.728
12.652
9.589
