15.096
17.001
18.091
18.789
18.961
38.968
16.775
17.203
16.976
16.886
21.108
19.431
15.935
17.160
17.450
18.144
16.767
15.995
18.113
16.000
15.774
17.291
16.826
16.605
17.595
55.347
58.665
15.597
15.843
15.792
18.399
16.890
19.108
17.148
17.810
19.983
18.901
17.861
18.592
18.341
16.783
16.858
16.917
16.711
17.238
17.414
17.873
17.778
17.856
25.049
15.494
15.887
16.525
16.688
16.615
16.229
16.670
16.646
16.922
16.335
17.242
16.633
16.524
18.002
16.652
17.191
16.320
17.734
17.180
20.943
19.042
17.638
16.506
16.763
16.260
17.879
16.655
16.813
17.215
15.463
23.197
20.817
16.396
16.456
17.163
16.645
18.131
17.221
17.874
17.375
18.446
17.863
17.847
19.618
15.701
17.086
17.917
17.103
16.095
18.160
20.521
19.536
17.644
18.673
17.878
17.681
18.038
16.352
15.412
16.076
16.256
17.378
17.134
16.669
16.925
17.911
19.125
16.612
17.726
17.937
16.514
16.392
17.543
16.721
17.974
19.134
17.006
16.470
15.479
15.767
16.262
18.166
16.140
16.109
15.767
23.681
20.852
18.890
18.192
16.292
15.264
15.362
18.809
19.979
20.253
19.303
18.742
17.879
18.262
17.083
16.442
16.231
16.079
20.454
19.603
17.845
18.848
18.548
17.504
17.423
16.416
17.033
15.458
21.439
16.855
15.841
