74.356
75.081
81.088
80.219
63.294
57.878
73.589
75.706
87.183
78.133
74.678
75.385
75.621
74.611
75.159
73.432
65.594
77.301
79.270
75.764
76.552
77.662
78.084
79.827
75.976
76.246
79.095
80.262
76.024
76.420
123.122
82.684
79.943
83.340
89.519
84.650
82.247
80.095
81.752
92.987
89.339
82.052
82.166
85.932
85.967
82.494
83.415
77.961
78.549
83.437
79.359
79.890
80.948
81.164
82.350
79.570
78.675
77.867
81.072
80.650
80.477
75.714
78.355
80.312
79.165
79.607
82.642
81.958
79.327
81.771
77.999
76.288
84.890
75.549
81.680
83.178
82.299
80.784
80.954
81.604
80.447
81.999
76.221
75.367
84.028
83.166
87.047
82.462
85.147
83.910
82.523
83.118
84.457
84.582
94.230
85.117
88.569
246.373
87.096
87.196
86.483
84.418
85.210
87.820
86.255
95.587
84.986
82.544
86.328
81.433
85.356
86.715
80.889
79.789
78.717
82.155
79.962
84.115
84.606
80.516
80.049
79.147
83.874
84.205
81.280
79.702
81.560
82.542
79.073
80.243
82.251
91.005
89.553
86.071
86.330
85.704
83.561
87.839
86.236
84.489
82.911
33.716
59.904
83.738
85.912
82.290
80.564
78.667
80.964
79.780
76.488
83.866
89.971
78.278
76.021
85.187
84.450
83.685
82.715
86.102
87.594
77.201
81.499
80.069
76.594
81.348
82.491
83.723
82.398
80.326
79.776
