16.436
16.296
18.017
18.336
22.476
22.003
20.233
18.361
16.063
16.455
16.428
15.869
16.349
19.902
18.463
14.374
17.933
17.781
19.523
18.979
17.504
17.364
15.934
18.128
15.784
15.898
18.198
18.293
18.531
17.985
59.824
20.409
14.932
15.685
15.411
15.262
17.187
16.781
17.067
15.432
18.729
17.522
19.800
17.883
18.523
16.856
15.328
15.984
16.122
16.787
15.991
15.296
16.589
15.908
17.012
18.819
17.533
16.490
15.021
16.909
14.726
17.430
16.324
16.743
15.677
16.120
33.721
16.000
14.740
15.476
15.312
16.727
15.340
17.332
16.466
16.265
19.160
17.187
21.467
18.589
16.102
15.465
16.091
13.504
16.710
15.983
18.711
17.342
16.399
22.521
17.871
22.245
16.231
16.339
17.117
15.764
16.909
16.457
18.775
18.160
17.304
17.845
16.009
18.086
16.636
16.796
15.075
15.667
17.204
15.996
18.120
16.355
14.392
15.522
15.344
17.219
16.025
15.545
16.208
17.371
15.400
14.719
16.327
13.666
15.541
16.811
17.371
18.919
16.857
16.345
17.123
16.710
18.855
18.029
16.643
16.489
27.866
15.926
16.317
17.013
17.288
19.219
16.311
60.212
23.238
31.704
21.989
17.269
15.900
15.535
21.268
15.748
26.052
24.043
18.082
20.608
18.860
17.845
17.789
17.065
16.003
18.652
18.885
19.863
18.423
17.505
45.565
4.531
17.370
17.888
16.743
16.093
15.912
15.259
17.110
16.629
