129232165
129242571
129251607
129264340
129269350
129298453
129298474
129298824
129298875
129325910
129353526
129378577
129403652
129404110
129428541
129457165
129486439
129511124
129511183
129511206
129511229
129511243
129511269
129511291
129511341
129511425
129511500
129511552
129511582
129511673
129511708
129511739
129511766
129511803
129511815
129511826
129511834
129511838
129511842
129511848
129511862
129511903
129512310
129512339
129512353
129512365
129512370
129512374
129512379
129512383
129512388
129512394
129512433
129512489
129512552
129512607
129512679
129512766
129512837
129512856
129512880
129512888
129515315
129515384
129515385
129516909
129516933
129516945
129516964
129516986
129516998
129517001
129517003
129517007
129517008
129517010
129517014
129517016
129517017
129517018
129517023
129517037
129517084
129517230
129517276
129517328
129517389
129517436
129517472
129517509
129517513
129517517
129517519
129517523
129519203
129519841
129519846
129519850
129519851
129519852
129519863
129519882
129519885
129519886
129519887
129519888
129521424
129521425
129521427
129521428
129521451
129521516
129521590
129521723
129521789
129521808
129521823
129521832
129521838
129521843
129521847
129521849
129521850
129521854
129521855
129521858
129524483
129524484
129524487
129524488
129524506
129524555
129524624
129524694
129524755
129524805
129525412
129525425
129525441
129525469
129525478
129525492
129527043
129527055
129527060
129527064
129527065
129527066
129527067
129527068
129527069
129527078
129527244
129527355
129527506
129527534
129527538
129527539
129527541
129527542
129527543
129527544
129527545
129527546
129527547
129527548
129527550
129527553
129527556
129527592
129527667
129527745
129527835
129527886
129527937
129534588
129537149
129555457
129570877
129580937
129606719
129633461
129667874
129695888
129722896
129723442
129726145
129749810
129750883
129778534
129790680
129797722
129804618
129809550
129818849
129829925
129838014
129843895
129854530
129868213
129870690
129883185
129911003
129924051
129934898
129934900
129934902
129934914
129934965
129935042
129935130
129935196
129935242
129935299
129935359
129935411
129935452
129935492
129935522
129935529
129935535
129935553
129935557
129935563
129935566
129935569
129935573
129935574
129935579
129935605
129935649
129935726
129935954
129936005
129936038
129936063
129936078
129936089
129936094
129936101
129936107
129936113
129936115
129936124
129936128
129937415
129938570
129938571
129938576
129938615
129938684
129938764
129940190
129940191
129940193
129940194
129940197
129940211
129940267
129940350
129940443
129940515
129940582
129940624
129940648
129940661
129940664
129940668
129940669
129940670
129940672
129940673
129940674
129940676
129940677
129940681
129940682
129940691
129940735
129940798
129940964
129943533
129943560
129943618
129943710
129943801
129943862
129943910
129943980
129943997
129944002
129944004
129945712
129945741
129945874
129945966
129946039
129946104
129946158
129946213
129946214
129946215
129946218
129946223
129946226
129946228
129946229
129946230
129946231
129946233
129946234
129946256
129949515
129949517
129949519
129949522
129949547
129949615
129949696
129949787
129949828
129949873
129950663
129950664
129950665
129950670
129950671
129950672
129952372
129952373
129952374
129952375
129952376
129952377
129952380
129952381
129952382
129952383
129952533
129952700
129952838
129952852
129952854
129952855
129952856
129952857
129952859
129952860
129952862
129952863
129952864
129952866
129952867
129952869
129952871
129952913
129952991
129953137
129953168
129953211
129964268
129978069
129991499
130018116
130032010
130037595
130044539
130070904
130071828
130099071
130126516
130142128
130143249
130144632
130144949
130144951
130145070
130145216
130145253
130147852
130148030
130150690
130163198
130170961
130190916
130210777
130217406
130218138
130246017
130276705
130286858
130300226
130313364
130347070
130373477
130400103
130403290
130426836
130444141
130444413
130444415
130446193
130448159
130448173
130449823
130449824
130449827
130449831
130449834
130449837
130449839
130449842
130449844
130449846
130449849
130449853
130449855
130449883
130449894
130449896
130449899
130449909
130449911
130449915
130449917
130449921
130449923
130449925
130449929
130449939
130449943
130449950
130449954
130449959
130449961
130449964
130449967
130449970
130449973
130449977
130449980
130449984
130449987
130449995
130449998
130450226
130450330
130450336
130450337
130450338
130450342
130450344
130450481
130450483
130450486
130450490
130450491
130450492
130450496
130450497
130450503
130450505
130450506
130450507
130450508
130450509
130450510
130450512
130450515
130450516
130450517
130450519
130450520
130450523
130450525
130450526
130450535
130450536
130450539
130450541
130450544
130450792
130450795
130450799
130450801
130450805
130450806
130450812
130450816
130450817
130450822
130450824
130451006
130451007
130451011
130451012
130451017
130451018
130451021
130451024
130451034
130451036
130451037
130451039
130451043
130451045
130451048
130451049
130451050
130451051
130451053
130451055
130451309
130451310
130451313
130451314
130451317
130451319
130451322
130451323
130451328
130451332
130451415
130451420
130451423
130451427
130451428
130451432
130451568
130451570
130451571
130451573
130451577
130451578
130451581
130451583
130451584
130451585
130451589
130451590
130451594
130451598
130451600
130451601
130451604
130451606
130451607
130451608
130451611
130451612
130451614
130451617
130451620
130451623
130451624
130451625
130451630
130451634
130451637
130451639
130452935
130454410
130454414
130454424
130454425
130454428
130454430
130454432
130454449
130454450
130454452
130455018
130457195
130459190
130461258
130462102
130462108
130462117
130462118
130462121
130462123
130462127
130462140
130462141
130462143
130462248
130462249
130462255
130462256
130462258
130462259
130462260
130462267
130462268
130462269
130462343
130462345
130462347
130462351
130462352
130462353
130462357
130462366
130462367
130462368
130463104
130463129
130463131
130463132
130463133
130463135
130463145
130463147
130463149
130463170
130463171
130463172
130463173
130463175
130463248
130463249
130463251
130465204
130465389
130465390
130465391
130465392
130465393
130465412
130465414
130465415
130465425
130465426
130465428
130465429
130465430
130465441
130465443
130465445
130465606
130465608
130465650
130465654
130465672
130465675
130465682
130465688
130465694
130465699
130467530
130469657
130471005
130471536
130482214
130484362
130486367
130488649
130490458
130492559
130492597
130493970
130494057
130494063
130494066
130494784
130509277
130514175
130527891
130530059
130534197
130534202
130534204
130534207
130534224
130534281
130534366
130534460
130534520
130534598
130534642
130534684
130534711
130534739
130534778
130534783
130534797
130534805
130534808
130534810
130534813
130534816
130534818
130534820
130534823
130534835
130534858
130534919
130534998
130535166
130535228
130535271
130535300
130535327
130535332
130535335
130535340
130535345
130535348
130535356
130535359
130536614
130537795
130537797
130537804
130537843
130537904
130537977
130539463
130539465
130539466
130539468
130539509
130539579
130539664
130539744
130539797
130539856
130539892
130539922
130539938
130539945
130539947
130539948
130539949
130539950
130539952
130539953
130539954
130539955
130539957
130539959
130539993
130540055
130540126
130540279
130543093
130543172
130543252
130543306
130543359
130543409
130543459
130543487
130543489
130543494
130543498
130545149
130545150
130545151
130545152
130545153
130545155
130545156
130545157
130545167
130545215
130545292
130545387
130545506
130545554
130545631
130545632
130545636
130545639
130545642
130545644
130547313
130547323
130548533
130548663
130548665
130548667
130548670
130548671
130548673
130548698
130548756
130548829
130548917
130549810
130549821
130549826
130549837
130549844
130549845
130551548
130551563
130551570
130551581
130551588
130551595
130551602
130551604
130551608
130551654
130551869
130551970
130552096
130552126
130552172
130552174
130552177
130552178
130552180
130552183
130552184
130552186
130552187
130552189
130552190
130552263
130552355
130552439
130552503
130552582
130552610
130552632
130564345
130577921
130592716
130622828
130624436
130642285
130647285
130654901
130655748
130680552
130685113
130685209
130712324
130729354
130745065
130776061
130804052
130807745
130816668
130830177
130841341
130841735
130842638
130843687
130845403
130847243
130847245
130848666
130849314
130850841
130851824
130854079
130855039
130860428
130862060
130863873
130891714
130908156
130908204
130908227
130918379
130918459
130921153
