12.305
12.464
11.818
12.192
12.289
12.280
11.874
12.222
12.802
14.481
13.576
11.717
12.147
12.024
15.509
15.804
12.611
12.361
13.485
12.392
13.220
12.559
12.815
12.589
12.026
15.507
14.631
12.180
12.200
12.660
12.015
11.415
13.408
13.082
8.796
3.444
12.861
12.653
12.185
11.627
14.197
12.660
12.500
11.903
11.543
12.324
14.841
11.756
16.300
12.612
12.034
12.337
14.345
12.595
15.184
13.067
12.342
12.573
14.081
13.485
13.666
14.257
11.883
12.241
12.333
14.641
14.636
13.183
12.319
13.131
13.682
14.690
12.826
13.124
12.668
13.643
13.895
13.422
14.319
13.233
13.188
13.278
14.642
12.669
12.118
12.994
14.176
13.845
12.875
14.244
14.967
14.076
14.618
13.106
12.270
