87400773
87400884
87401042
87401089
87401179
87401269
87401306
87401407
87401517
87401618
87401747
87401825
87401883
87402042
87402125
87402186
87402336
87402385
87402430
87402556
87402696
87402697
87402699
87402700
87402702
87402704
87402706
87402708
87402709
87402711
87402712
87402714
87402718
87402720
87402721
87402723
87402724
87402725
87402726
87402729
87406217
87406218
87406220
87406221
87406280
87406589
87406605
87406723
87406725
87406773
87406775
87406777
87406935
87406936
87406996
87406997
87406999
87407000
87407003
87407004
87410110
87410267
87410361
87410425
87410426
87410570
87410616
87410623
87410661
87410668
87410670
87410819
87411025
87411087
87411272
87411363
87411433
87411434
87411617
87411732
87412280
87412366
87412544
87412629
87412710
87412895
87412997
87413045
87413186
87413244
87413366
87413520
87413589
87413638
87413796
87413864
87413931
87414130
87414227
87414320
87415653
87415654
87415660
87415662
87415663
87415665
87415667
87415669
87415672
87415675
87415678
87415679
87415681
87415684
87415687
87415688
87415689
87415690
87415692
87415694
87415826
87415841
87415859
87415876
87415965
87415966
87415967
87415968
87415970
87415974
87415977
87415978
87415979
87415980
87415981
87415986
87415987
87415989
87415990
87415992
87415993
87415999
87416000
87416002
87419167
87419168
87419170
87419171
87419174
87419175
87419176
87419178
87419179
87419180
87419181
87419188
87419202
87419203
87419205
87419206
87419207
87419209
87419212
87419214
87419300
87419303
87419304
87419310
87420707
87420791
87420835
87420971
87421011
87421063
87421252
87421341
87421431
87421636
87421724
87421783
87421941
87421987
87422013
87422135
87422162
87422206
87422408
87422514
87423386
87423389
87423394
87423395
87423398
87423401
87423403
87423406
87423410
87423412
87423414
87423416
87423418
87423421
87423425
87423427
87423429
87423432
87423433
87423436
87425425
87425489
87425549
87425702
87425766
87425832
87425994
87426023
87426075
87426209
87426264
87426350
87426499
87426547
87426633
87426692
87426719
87426811
87426890
87426917
87430129
87430130
87430131
87430132
87430137
87430139
87430141
87430144
87430146
87430147
87430148
87430151
87430153
87430154
87430155
87430156
87430157
87430158
87430159
87430160
87430265
87430266
87430269
87430270
87430272
87430274
87430275
87430277
87430278
87436738
87436744
87436753
87436821
87436827
87436834
87437004
87437008
87437012
87437102
87437103
87437106
87437165
87437170
87437174
87437301
87437304
87437309
87437341
87437344
87437359
87437426
87437429
87437433
87437568
87437572
87437579
87437654
87437658
87437661
87437696
87437699
87437708
87437870
87437878
87437886
87437891
87437945
87437951
87437960
87437968
87438026
87438029
87438033
87438040
87438190
87438191
87438201
87438226
87438388
87438400
87438411
87438421
87438445
87438464
87438468
87438474
87438481
87438487
87438605
87438617
87438624
87438632
87438638
87438642
87438657
87438674
87438678
87438706
87438711
87438721
87438739
87438754
87438757
87438765
87438775
87438781
87438892
87438977
87438992
87439023
87439076
87439083
87439105
87439131
87439141
87439255
87439302
87439309
87439323
87439339
87439343
87439366
87439394
87439396
87439500
87439558
87439563
87439587
87439616
87439620
87439634
87439684
87439689
87439799
87439838
87439843
87439862
87439894
87439901
87439921
87439961
87440074
87440131
87440150
87440202
87440225
87440263
87440369
87440396
87444863
87444866
87444929
87444943
87445034
87445068
87445224
87445235
87445314
87445317
87445445
87445507
87445644
87445654
87445710
87445716
87445867
87445950
87446034
87446046
87446164
87446173
87446357
87446439
87446479
87446532
87446537
87446544
87446587
87446591
87446596
87446738
87446804
87446827
87446848
87446853
87446860
87446883
87446904
87446907
87446911
87446915
87446964
87447069
87447108
87447135
87447139
87447179
87447197
87447202
87447212
87447226
87447235
87447248
87447251
87447258
87447264
87447318
87447470
87447475
87447486
87447507
87447513
87447532
87447560
87447567
87447588
87447712
87447715
87447764
87447798
87447803
87447822
87447847
87447851
87447870
87447994
87447999
87448018
87448044
87448052
87448066
87448087
87448090
87448100
87448222
87448225
87448278
87448311
87448317
87448340
87448374
87448403
87448540
87448561
87448604
87448632
87448681
87448704
87448829
87451570
87451572
87451573
87451574
87451575
87451576
87451579
87451580
87451584
87451585
87451588
87451589
87451592
87451593
87451654
87451656
87451660
87451661
87451664
87451666
87451668
87451669
87451675
87451677
87453526
87453527
87453529
87453531
87453532
87453534
87453535
87453537
87453539
87453541
87453543
87453550
87453687
87453691
87453693
87453698
87453704
87453721
87453725
87453727
87453728
87453730
87453731
87453743
87453745
87453757
87453761
87453769
87453770
87453908
87454032
87454035
87454210
87454231
87454233
87454235
87454236
87454242
87454306
87454393
87454574
87454678
87454731
87454879
87454924
87454962
87455082
87455100
87455181
87455211
87455254
87455276
87455417
87455442
87455500
87455529
87455583
87455604
87455745
87455765
87455818
87455821
87455829
87455876
87455885
87455890
87455891
87455892
87455893
87455894
87455895
87455896
87455897
87455898
87455899
87455900
87455901
87455905
87455909
87455910
87455911
87455912
87455913
87455914
87455915
87455916
87456069
87456070
87456072
87456073
87456077
87456141
87456151
87456152
87456153
87456154
87456157
87456159
87456161
87456163
87456165
87456167
87456169
87456171
87456174
87456175
87456176
87456177
87456178
87456179
87456208
87456209
87456212
87456214
87456216
87456582
87456583
87456585
87456586
87456588
87456589
87456590
87456596
87456598
87456601
87456602
87456607
87456779
87456782
87456784
87456789
87456790
87456793
87456796
87456798
87458433
87458460
87458478
87458587
87458647
87458703
87458834
87458871
87458919
87459066
87459130
87459165
87459280
87459298
87459316
87459433
87459489
87459519
87459556
87459668
87459687
87459699
87459703
87459724
87459742
87459764
87459876
87459926
87459941
87459958
87459967
87459975
87460078
87460083
87460089
87460099
87460101
87460107
87460116
87460213
87460217
87460347
87460350
87460356
87460390
87460396
87460413
87460433
87460535
87460547
87460601
87460666
87460809
87460905
87460912
87460930
87460982
87461074
87461085
87461137
87461142
87461153
87461171
87461176
87461180
87461230
87461293
87461300
87461311
87461313
87461320
87461331
87461335
87461440
87461538
87461618
87461793
87461830
87461904
87462044
87464578
87464581
87464582
87464584
87464587
87464588
87464590
87464592
87464593
87464596
87464599
87464600
87464646
87464649
87464651
87464658
87464659
87464661
87464662
87464665
87465196
87465202
87465208
87465210
87465212
87465213
87465216
87465218
87465219
87465220
87465221
87465227
87465229
87465242
87465341
87465359
87465384
87465402
87465414
87465418
87465420
87465421
87465422
87465424
87465425
87465433
87465536
87465556
87465613
87465627
87465749
87465758
87465788
87465795
87465841
87465868
87465985
87466021
87466042
87466046
87466063
87466111
87466185
87466189
87466233
87466250
87466299
87466300
87466377
87466512
87466547
87466551
87466569
87466604
87466665
87466673
87466674
87466682
87466689
87466737
87466741
87466742
87466744
87466832
87466868
87466873
87466875
87466877
87466881
87466888
87466911
87466915
87466918
87466919
87466921
87466926
87466962
87466966
87466970
87466971
87466974
87467076
87467107
87467114
87467124
87467130
87467150
87467157
87467210
87467215
87467221
87467222
87467225
87467287
87467293
87467301
87467316
87467446
87467448
87467450
87467455
87467458
87467501
87467503
87467505
87467508
87467513
87467547
87467548
87467549
87467555
87467590
87467699
87467704
87467705
87467716
87467743
87467799
87467804
87467807
87467813
87467819
87467873
87467878
87467880
87467891
87467944
87468052
87468054
87468059
87468066
87468070
87468118
87468120
87468122
87468131
87468136
87468200
87468202
87468205
87468229
87468420
87468423
87468428
87468516
87468519
87468573
87468576
87468701
87468703
87468747
87468749
87468814
87468815
87468981
87468982
87469045
87469046
87469116
87469117
87469229
87469289
87469290
87469319
87469322
87469324
87469325
87469328
87469329
87469331
87469332
87469333
87469334
87469337
87469338
87469341
87469342
87469386
87469387
87469401
87469402
87469405
87469406
87469408
87469409
87469427
87469553
87469652
87469653
87469717
87469718
87469870
87469871
87469920
87469921
87469988
87469989
87470143
87470144
87470232
87470233
87470294
87470295
87470503
87470506
87470596
87470600
87470658
87470662
87470810
87470814
87470926
87470929
87470981
87470984
87471150
87471244
87471433
87471606
87471607
87471689
87471690
87471755
87471756
87471963
87472044
87472140
87472335
87472338
87472435
87472437
87472480
87472483
87472601
87472603
87472635
87472636
87472731
87472732
87472906
87472910
87472993
87472994
87473076
87473077
87473270
87473273
87473371
87473375
87473454
87473456
87473626
87473628
87473730
87473731
87473793
87473910
87473954
87473966
87473970
87474092
87474097
87474156
87474161
87474200
87474347
87474389
87474462
87474645
87474676
87474706
87474830
87474857
87474872
87475016
87475054
87475103
87475248
87475296
87475345
87475512
87476340
87476341
87476343
87476417
87476480
87476541
87476739
87476876
87477810
87477904
87478073
87478191
87478252
87478407
87478483
87478557
87478750
87478821
87478985
87479213
87479265
87479336
87479484
87479564
87479654
87479874
87479944
87480021
87490882
87490924
87490942
87491003
87491004
87491059
87491061
87491118
87491120
87491122
87491123
87491124
87491125
87491128
87491131
87491132
87491135
87491136
87491138
87491140
87491318
87491321
87491322
87491325
87491326
87491328
87491330
87491331
87491332
87491334
87491336
87491338
87491340
87491341
87491343
87491344
87491350
87796234
87796385
87796405
87796412
87796432
87796499
87796569
87796630
87796693
87796756
87797350
87797376
87797443
87797510
87797780
87797785
87797848
87798002
87798093
87798099
87798214
87798223
87798229
87798259
87798264
87798328
87798393
87798461
87798526
87798533
87798646
87798652
87798718
87802024
87809406
87810200
87811013
87811034
87812037
87812896
87812974
87813168
87813474
87813806
87813893
87813898
87814533
88026067
88026075
88026080
88026086
88026090
88026093
88026098
88026102
88026106
88026111
88026115
88026120
88026121
88026128
88026131
88026133
88026136
88026140
88026142
88026145
88274360
88274416
88274484
88274543
88274658
88275493
88275634
88285949
88285951
88286006
88286066
88286124
88286188
88286196
88286248
88286300
88286361
88286420
88286479
88286549
88487055
88487112
88487174
88487231
88487291
88487348
88487404
88487406
88487469
88487531
88487587
88487596
88487649
88487709
88487712
88487714
88487718
88487720
88487725
88487728
88704979
88705045
88705101
88705162
88705167
88705172
88705182
88705186
88705248
88705304
88705332
88705403
88705415
88705554
88705566
88705588
88705667
88705739
88705807
88743795
88929288
88929309
88929367
88929426
88929428
88929484
88929544
88929547
88929610
88929671
88929729
88929732
88929795
88929798
88929801
88929831
88929832
88929834
89140843
89141313
89141648
89142416
89142494
89142914
89143275
89143535
89143830
89144146
89144697
89145436
89145497
89146130
89146444
89146760
89146831
89147439
89382207
89382713
89382964
89383667
89383724
89401786
89404107
89404520
89404788
89632426
89633160
89633295
89633936
89634008
89634650
89634760
89650592
89650650
89650664
89650706
89650710
89650828
89650829
89650892
89650896
89650897
89650899
89650900
89650904
89650966
89651029
89651085
89651086
89651088
89651089
89651149
89651206
89651207
89651208
89651209
89652655
89652657
89652658
89652660
89652779
89652781
89652785
89652906
89652909
89653131
89653147
89653177
89653316
89653318
89653386
89653388
89653413
89653540
89653733
89653859
89653990
89654112
89654488
89654623
89654626
89654803
89654902
89655075
89655258
89655389
89655528
89656386
89656392
89656518
89656648
89657158
89657342
89657468
89657599
89657723
89657898
89658021
89658023
89682967
89683027
89683101
89683161
89683222
89683344
89683467
89683468
89683691
89683698
89683820
89683831
89683837
89683916
89683918
89683920
89683994
89684117
89684244
89684365
89836800
89836809
89836819
89836826
89836830
89836888
89836926
89836954
89836955
89836960
89836965
89836966
89836975
89836984
89836985
89836993
89837004
89837046
89837054
89837091
89840458
89840598
89840613
89840663
89840722
89840730
89840735
89840745
89840751
89840875
89840877
89841060
89841188
89841311
89841441
89841443
89841641
89841643
89841767
89841829
89845983
89845992
89846005
89846006
89846008
89846012
89846022
89846023
89846091
89846092
89846215
89846388
89846515
89846636
89846637
89846819
89846940
89847063
89847069
89847074
89851760
89851940
89852051
89852056
89852063
89852065
89852189
89852363
89852481
89852593
89852657
89852664
89852669
89852670
89852675
89852680
89852800
89852801
89852802
89852924
89857091
89857212
89857213
89857316
89857325
89857331
89857334
89857346
89857350
89857351
89857352
89857358
89857363
89857366
89857373
89857383
89857388
89857389
89857392
89857395
89858071
89858149
89858157
89858162
89858167
89858173
89858181
89858189
89858190
89858192
89858200
89858273
89858453
89858576
89858578
89858579
89858580
89858668
89858830
89858961
89865058
89865059
89865177
89865297
89865474
89865600
89865717
89865836
89865956
89866078
89866200
89866324
89866438
89866557
89866785
89866902
89866961
89866963
89867030
89867032
89872778
89872919
89873024
89873146
89873149
89873274
89873455
89873576
89873642
89873763
89873764
89873765
89873766
89873775
89873993
89874183
89874261
89874262
89874389
89874408
89879743
89879744
89879810
89879929
89879933
89880056
89880183
89880309
89880497
89880559
89880561
89880678
89880741
89880865
89880988
89881100
89881225
89881447
89881448
89881560
89885145
89885158
89885160
89885173
89885188
89885202
89885212
89885221
89885239
89885242
89885259
89885267
89885281
89885292
89885306
89885307
89885318
89885327
89885328
89885329
89886224
89886238
89886253
89886267
89886285
89886307
89886326
89886346
89886367
89886383
89886398
89886413
89886428
89886448
89886470
89886484
89886517
89886554
89886571
89886586
89887177
89887184
89887185
89887191
89887197
89887201
89887208
89887218
89887227
89887261
89887263
89887271
89887272
89887281
89887286
89887292
89887296
89887305
89887306
89887319
89889387
89889391
89889393
89889394
89889399
89889402
89889466
89889588
89889589
89889745
89889832
89889836
89889837
89889951
89890073
89890134
89890176
89890196
89890321
89890323
89894618
89894750
89894813
89894817
89894821
89894825
89894834
89894962
89895094
89895146
89895273
89895397
89895522
89895705
89895707
89895830
89895834
89895835
89895836
89895903
90070270
90070271
90070400
90070408
90070417
90070418
90070426
90070552
90070727
90070848
90070968
90071085
90071087
90071207
90071208
90071212
90071216
90071222
90071341
90071473
90074356
90074357
90074481
90074482
90074603
90074610
90074617
90074626
90074694
90074695
90074767
90074896
90075013
90075014
90075140
90075141
90075290
90075292
90075468
90075579
90079798
90079805
90079810
90079815
90079822
90079823
90079824
90079825
90079954
90080079
90080200
90080315
90080429
90080551
90080667
90080780
90080782
90080788
90080855
90081027
90084664
90084670
90084672
90084704
90084709
90084828
90084954
90085090
90085215
90085360
90085487
90085488
90085665
90085782
90085783
90085787
90085856
90085972
90085974
90086099
90090261
90090416
90090417
90090419
90090420
90090421
90090611
90090613
90090614
90090753
90090885
90091069
90091189
90091313
90091427
90091565
90091726
90091854
90091857
90092003
