17.174
16.163
18.292
20.613
19.625
17.631
18.663
17.995
17.759
18.111
16.325
15.355
16.047
16.220
17.362
17.118
16.688
16.952
17.922
19.329
16.695
17.808
18.112
16.669
16.484
17.642
16.814
18.078
19.159
16.931
16.395
15.381
15.728
15.296
18.199
16.129
16.259
15.913
24.053
20.964
18.943
18.229
16.290
15.228
15.324
18.912
20.083
20.587
19.394
18.824
17.976
18.335
16.064
16.504
16.252
16.073
20.561
19.691
17.909
18.862
18.551
17.480
17.363
16.102
16.768
15.313
21.514
16.828
15.766
16.057
15.780
17.636
17.873
15.827
16.478
16.914
15.572
15.809
16.551
16.816
15.613
15.112
15.049
17.219
17.750
17.528
17.892
19.732
17.895
18.113
23.348
24.847
17.104
16.413
15.664
16.329
15.694
19.759
20.684
18.686
18.800
19.024
18.471
18.766
16.666
16.718
15.876
16.154
16.188
16.199
17.400
17.166
16.943
17.381
16.496
17.725
15.893
15.610
25.255
25.043
15.288
15.631
15.977
16.217
17.801
17.771
16.649
16.929
17.262
20.182
15.821
16.048
15.777
16.205
15.860
17.053
19.494
19.088
18.310
17.684
16.963
16.584
16.397
16.774
15.919
16.002
15.267
15.586
16.055
19.306
20.542
17.655
17.238
17.157
16.778
16.139
16.845
16.118
16.263
16.654
16.725
15.814
16.553
16.647
20.033
17.705
18.442
20.237
19.498
16.416
16.320
18.440
16.029
16.791
17.185
16.637
19.207
18.106
16.380
17.286
16.931
22.859
15.719
