14.170
13.180
12.398
15.442
13.585
13.119
13.714
12.284
12.425
13.349
12.550
12.874
12.894
15.743
12.407
11.753
11.916
12.813
12.854
14.055
76.598
13.250
31.143
15.086
13.829
12.621
14.348
13.579
15.259
13.605
12.979
12.433
12.128
12.026
12.201
13.812
12.449
14.144
12.677
20.033
13.132
13.149
13.110
12.464
13.692
12.146
11.546
12.189
14.793
14.149
13.782
13.461
13.235
13.084
13.231
12.415
12.393
12.665
12.495
16.951
14.348
12.341
14.923
14.650
14.180
13.455
12.982
12.807
12.675
12.722
12.629
9.589
12.806
12.449
15.114
14.081
11.355
11.959
12.430
12.400
12.631
12.690
13.397
11.770
11.824
11.396
12.796
13.365
13.134
12.495
15.554
12.590
12.660
11.963
13.195
12.766
12.666
12.473
13.691
12.224
14.531
14.906
13.637
13.222
13.447
13.368
13.022
13.018
13.113
12.853
12.635
12.642
13.415
13.344
13.671
13.002
12.870
12.461
13.472
12.784
13.454
11.832
12.509
12.491
13.288
12.434
12.718
13.255
14.304
12.288
12.647
12.370
12.189
13.188
12.825
13.270
12.134
12.435
12.047
13.365
13.232
13.593
13.218
13.356
13.050
12.507
13.500
12.888
13.093
12.840
13.513
13.363
12.590
13.685
14.476
15.140
13.961
13.680
15.216
16.243
12.458
12.291
13.243
12.856
12.268
13.169
12.610
13.350
13.074
14.957
14.165
13.696
16.976
19.717
13.566
13.418
12.889
13.104
13.560
13.102
13.760
14.628
14.807
13.905
12.412
12.661
19.604
12.559
