16.881
15.143
15.782
17.296
16.067
18.041
16.283
14.249
15.593
15.258
17.219
15.871
15.406
16.110
17.302
15.326
14.639
16.260
13.808
15.625
16.911
17.471
19.121
17.031
16.438
17.226
16.806
18.966
17.955
16.579
16.327
27.937
15.959
16.374
17.063
17.351
19.452
16.454
60.212
23.238
32.298
22.297
17.352
15.973
15.602
21.268
15.796
26.291
24.238
18.377
20.784
18.978
17.911
17.853
17.146
16.021
18.754
18.997
20.016
18.383
17.450
45.565
4.531
17.547
18.082
16.904
16.206
16.045
15.380
17.277
16.781
17.400
16.679
18.923
18.494
14.073
17.803
16.236
15.152
16.081
16.548
16.023
14.214
14.581
14.277
15.876
15.877
16.123
16.299
19.666
17.343
17.571
16.378
15.864
16.433
16.222
15.760
15.635
15.711
16.668
17.131
16.459
17.961
13.968
16.843
16.462
16.552
16.203
15.769
15.609
16.057
16.622
19.335
20.054
15.995
15.753
17.486
16.844
15.407
15.747
15.320
14.687
15.360
15.652
16.306
16.361
17.478
16.450
14.699
16.152
15.653
15.710
15.596
15.668
16.064
15.225
15.281
14.848
25.646
18.229
16.990
16.230
18.090
15.583
15.374
15.284
2.360
15.679
15.558
15.452
15.752
16.614
17.503
17.781
17.760
18.559
18.175
18.040
16.010
15.346
15.869
16.389
15.527
17.474
14.918
27.446
27.406
17.445
17.512
18.283
22.643
21.658
15.996
16.264
17.295
15.700
15.709
16.332
14.704
17.444
17.731
17.582
17.491
16.114
18.385
15.490
