88.048
86.477
95.956
85.151
82.678
86.898
81.939
85.621
86.846
81.393
80.309
79.225
82.691
80.500
84.947
85.569
81.425
80.929
80.816
84.443
84.796
81.843
80.261
82.310
83.287
79.628
80.798
82.837
86.700
91.937
90.522
86.973
87.276
87.153
82.085
85.203
89.633
87.970
86.222
84.617
33.716
59.904
85.425
87.256
83.849
82.097
80.163
82.540
81.319
77.399
84.960
89.971
79.620
77.321
86.235
85.500
85.216
84.217
87.753
89.249
78.351
83.225
81.701
78.004
83.092
84.326
85.751
84.352
81.984
81.408
81.966
81.593
70.208
70.117
85.182
84.932
83.585
84.661
84.298
83.781
82.398
83.443
82.617
78.014
79.924
80.830
67.174
67.600
87.772
85.766
87.058
84.795
85.894
82.274
83.615
80.387
81.247
77.365
86.164
85.911
83.375
81.932
86.219
84.751
86.343
81.985
81.173
82.629
82.367
81.938
83.555
86.319
87.700
87.018
86.507
89.413
86.916
83.815
84.165
81.266
81.613
81.427
82.083
82.127
83.990
89.533
88.796
99.645
88.752
87.735
87.383
82.544
81.819
78.603
78.929
80.240
75.154
56.506
80.480
79.417
83.453
82.939
81.923
80.083
77.791
77.194
80.942
80.180
82.305
81.446
80.049
80.809
84.569
89.964
88.059
84.375
83.490
82.970
83.002
81.970
81.214
78.146
78.311
73.325
82.990
84.187
90.153
79.571
80.381
89.944
73.322
72.846
72.396
73.609
72.322
73.294
72.428
85.969
78.733
78.497
74.601
73.778
78.312
76.011
75.418
