21.268
15.600
26.023
23.718
18.457
20.261
18.431
17.438
17.772
17.057
15.916
18.687
18.935
19.943
17.904
17.137
45.565
4.531
17.452
17.767
16.604
16.003
15.965
15.289
17.212
16.708
17.336
16.604
18.947
18.512
14.073
16.996
15.888
15.068
16.012
16.526
15.993
14.157
14.529
14.255
15.825
15.824
15.999
16.179
14.994
17.032
17.238
16.332
15.813
16.379
16.166
15.671
15.578
15.628
16.567
17.050
16.260
17.784
13.948
16.724
16.240
16.436
16.083
15.644
15.481
15.965
16.539
19.246
19.972
15.755
15.503
17.344
16.639
15.250
15.601
15.118
14.470
15.243
15.550
16.327
16.383
17.189
16.171
14.715
16.131
15.635
15.573
15.468
15.469
15.873
14.986
15.043
14.602
25.400
18.182
16.772
16.051
17.886
15.333
15.058
14.997
2.360
15.400
15.281
15.186
15.505
16.259
17.308
17.464
17.508
18.172
18.125
17.993
15.905
15.227
15.837
16.365
15.473
17.458
14.784
27.621
27.585
16.746
17.223
17.889
21.675
20.787
15.756
16.021
17.103
15.459
15.464
16.106
14.358
16.772
17.341
17.575
17.149
15.995
18.318
15.277
15.047
14.584
15.866
16.747
17.367
15.676
15.117
16.678
16.269
15.873
18.239
21.015
15.708
15.721
16.831
15.656
15.225
15.674
13.908
19.442
18.394
17.010
16.235
15.282
16.053
15.456
14.954
17.686
15.512
15.904
16.895
18.349
15.626
15.903
15.457
