15.110
18.476
19.428
19.630
18.546
18.204
17.670
17.858
15.947
16.390
16.152
15.957
20.515
19.639
17.720
18.381
18.238
17.003
17.230
15.948
16.583
15.183
21.474
16.724
15.658
15.957
15.673
17.568
17.807
16.023
16.566
17.030
15.701
15.942
16.647
16.916
15.696
15.186
15.152
17.313
17.856
17.676
18.042
15.205
17.749
17.871
23.583
25.100
17.240
16.540
15.723
16.398
15.564
19.819
20.760
18.505
18.527
19.024
18.325
18.535
16.514
16.564
15.712
15.995
16.028
16.042
17.253
17.014
16.799
17.248
16.237
17.316
15.762
15.478
24.764
24.310
15.134
15.489
15.987
16.234
17.505
17.519
16.606
16.859
17.206
20.123
15.683
16.006
15.726
16.159
15.802
17.224
19.232
18.832
18.329
17.727
16.926
16.569
16.355
16.758
15.893
15.984
15.226
15.554
16.010
19.092
20.416
17.678
17.085
17.235
16.909
16.244
16.946
16.224
16.371
16.771
16.838
15.932
16.669
16.761
19.902
17.673
18.414
19.792
18.904
16.414
16.312
18.493
16.019
16.797
17.199
16.448
18.802
17.944
16.529
17.195
17.097
23.119
15.681
15.826
15.966
17.604
17.499
15.261
16.664
17.267
16.025
16.308
16.560
17.295
17.122
16.237
17.013
16.636
16.420
16.759
14.733
18.763
17.298
15.968
16.563
15.886
15.700
16.099
15.636
18.952
17.489
17.846
17.869
16.093
16.485
16.304
16.615
