80.094
78.866
74.894
83.331
88.243
76.644
75.858
83.940
83.174
82.972
81.964
85.473
87.019
74.672
80.882
79.940
76.028
80.487
81.630
83.076
82.086
79.500
78.914
79.473
79.099
68.890
68.815
84.295
83.805
82.646
84.094
83.726
83.228
81.827
82.866
82.032
76.997
79.287
80.210
66.284
66.719
82.948
84.727
85.879
84.202
85.328
81.702
83.065
79.755
80.631
78.142
85.332
85.134
81.436
79.579
84.824
82.184
83.829
79.372
79.051
80.182
79.916
79.449
81.085
83.812
85.179
84.533
84.020
86.857
84.141
81.470
81.831
78.701
79.063
78.952
79.646
80.933
82.827
87.893
87.233
97.964
87.401
87.045
85.056
80.114
79.857
77.093
76.940
78.284
73.341
56.506
78.502
77.380
81.444
81.283
79.687
78.306
75.791
75.065
78.839
78.039
80.258
79.372
78.800
78.521
82.946
87.788
85.562
83.438
82.574
82.315
82.337
81.342
80.572
77.424
77.588
73.099
82.367
83.581
89.280
77.350
78.108
87.463
70.238
70.386
69.927
71.189
69.883
70.950
70.052
84.314
76.954
77.208
73.609
70.704
77.285
75.184
73.330
71.861
68.551
83.507
73.018
75.724
71.834
71.198
70.398
71.591
68.493
72.598
73.484
64.192
77.980
73.701
72.994
71.998
69.899
82.792
79.053
74.029
78.037
74.976
73.808
76.531
75.269
79.117
77.394
78.471
82.840
78.842
78.404
