12.078
14.512
13.701
13.096
12.845
12.674
12.980
13.129
12.298
12.276
12.555
12.382
16.905
14.266
12.170
14.848
14.574
14.095
13.343
12.864
12.675
12.540
12.617
12.520
9.589
12.702
12.341
15.137
14.097
11.434
12.017
12.500
12.462
12.700
12.760
13.479
11.824
11.881
11.392
12.866
13.443
13.206
12.557
10.976
12.658
12.713
12.020
13.269
12.834
12.736
12.538
13.773
12.318
14.622
14.981
13.474
13.090
13.218
13.261
12.913
12.916
13.010
12.723
12.510
12.538
13.318
13.238
13.571
12.837
12.704
12.287
13.308
12.615
13.296
11.633
12.327
12.257
13.080
12.418
12.707
13.252
14.316
12.253
12.628
12.348
12.047
13.069
12.759
13.216
12.053
12.356
11.914
13.319
13.167
13.593
13.126
13.309
12.949
12.378
13.406
12.784
12.981
12.728
13.476
13.316
12.464
13.684
14.437
15.140
13.925
13.633
15.337
16.381
12.523
12.336
13.326
12.930
12.331
13.243
12.698
13.428
13.147
14.814
14.056
13.574
16.883
19.681
13.399
13.250
12.778
13.002
13.416
12.941
13.642
14.695
14.888
13.968
12.213
12.700
19.785
12.486
13.460
11.807
13.218
13.575
12.905
12.918
13.180
12.952
13.078
12.756
13.878
12.845
13.858
13.245
8.479
12.626
13.512
12.965
12.953
14.682
13.393
11.995
12.647
12.851
12.813
13.770
12.870
12.305
13.558
14.026
12.777
13.406
12.726
13.056
