122592982
122593068
122593124
122593177
122593222
122593259
122593288
122593307
122593314
122593319
122593892
122593896
122593898
122593925
122593979
122594060
122594889
122594893
122594895
122594897
122594899
122594903
122594906
122594908
122594910
122594915
122594921
122594923
122595066
122595223
122595331
122595363
122595387
122595398
122595401
122595404
122595407
122595409
122595412
122595414
122595416
122595419
122595424
122595427
122595429
122595432
122595433
122595449
122660957
122660985
122662069
122662241
122778391
122790151
122846499
122850687
122883008
122883598
122883628
122921839
123039085
123049599
123057074
123062350
123128979
123144157
123144196
123144264
123144343
123144440
123144501
123144556
123144598
123144636
123144648
123144655
123144657
123144661
123144666
123144670
123144672
123144676
123144685
123144706
123144729
123144747
123144769
123144788
123144807
123145229
123145270
123145304
123145329
123145343
123145350
123145355
123145362
123145366
123145369
123145370
123145374
123145377
123145380
123145381
123149406
123149413
123149426
123149441
123149465
123149488
123149512
123150440
123150538
123150638
123150720
123150787
123150831
123150852
123150855
123150858
123150860
123150865
123150866
123150867
123150868
123150869
123150872
123150874
123150875
123150877
123150878
123150880
123150882
123150884
123150886
123150907
123151257
123151330
123151360
123151425
123154250
123154317
123154930
123154937
123154960
123154994
123155055
123155144
123155246
123155425
123155502
123155597
123155627
123157991
123158054
123158086
123158091
123158104
123158113
123158121
123158132
123158135
123158143
123158149
123158151
123158197
123158259
123158588
123158655
123158713
123158824
123158862
123158918
123165282
123165321
123165396
123165447
123165516
123165546
123165594
123165633
123165646
123165666
123166762
123166799
123166932
123167149
123167279
123167376
123168905
123168926
123168944
123168948
123168951
123168996
123169057
123169093
123169126
123169145
123169285
123169478
123169785
123169883
123169901
123169923
123169928
123169931
123169972
123169986
123169992
123170018
123170025
123170049
123170076
123170141
123170157
123170170
123170192
123170302
123170391
123170501
123175305
123188973
123258134
123294933
123319386
123327438
123327797
123475368
123551767
123572246
123642230
123648483
123678691
123699683
123700224
123815695
123837545
123897581
123898293
123898294
123899853
123949585
123949586
123949595
123949629
123949686
123949773
123949854
123949919
123949976
123950019
123950051
123950064
123950069
123950072
123950073
123950076
123950079
123950080
123950082
123950083
123950084
123950085
123950088
123950090
123950091
123950098
123950133
123950474
123950508
123950534
123950555
123950571
123950574
123950577
123950580
123950582
123950584
123950587
123950590
123950592
123950594
123950596
123953762
123953796
123953810
123953818
123953821
123953824
123954437
123954518
123954600
123954661
123954718
123954788
123954800
123954805
123954809
123954811
123954812
123954815
123954818
123954820
123954822
123954828
123954829
123954831
123954833
123954834
123954836
123954837
123954838
123954840
123955015
123955204
123955253
123955293
123955351
123957483
123957975
123957977
123957978
123957980
123957984
123958001
123958046
123958199
123958276
123958378
123958416
123959703
123959763
123959791
123959795
123959798
123959817
123959822
123959847
123959879
123959885
123959891
123959895
123959912
123959941
123960239
123960297
123960344
123960427
123960480
123960533
123964680
123964720
123964764
123964805
123964829
123964844
123964858
123964871
123964884
123964891
123965833
123965869
123965946
123966122
123966186
123966265
123967304
123967313
123967328
123967340
123967351
123967357
123967371
123967380
123967386
123967393
123967419
123967562
123967791
123967885
123967931
123967948
123967972
123967986
123967992
123967996
123968001
123968004
123968006
123968010
123968017
123968028
123968040
123968044
123968058
123968078
123968166
123968261
123968350
123989496
124073036
124123171
124187659
124194995
124210702
124226591
124241682
124257250
124273067
124288601
124303854
124320881
124337370
124353326
124369535
124387148
124395899
124402659
124418150
124435362
124448270
124452203
124453606
124464678
124468759
124483592
124488557
124498776
124510162
124510193
124510257
124510334
124510411
124510462
124510499
124510542
124510580
124510604
124510620
124510627
124510634
124510640
124510642
124510644
124510648
124510690
124510710
124510731
124510755
124510775
124510795
124510815
124511187
124511234
124511268
124511293
124511315
124511327
124511337
124511344
124511354
124511358
124511368
124511370
124511372
124511375
124511377
124514028
124515232
124515261
124515298
124515334
124515363
124515389
124515415
124516192
124516260
124516344
124516427
124516493
124516576
124516598
124516605
124516607
124516609
124516610
124516611
124516614
124516615
124516616
124516621
124516622
124516624
124516625
124516627
124516628
124516629
124516630
124516631
124516770
124517078
124517148
124517222
124517325
124520115
124520713
124520715
124520718
124520720
124520723
124520734
124520775
124520920
124520998
124521116
124521147
124522411
124522431
124522432
124522433
124522435
124522437
124522438
124522442
124522447
124522449
124522451
124522452
124522453
124522462
124522774
124522837
124522901
124522996
124523021
124523067
124526476
124526531
124526565
124526612
124526651
124526687
124526715
124526735
124526747
124526763
124527573
124527578
124527581
124527635
124527698
124527785
124528778
124528779
124528781
124528784
124528786
124528787
124528797
124528799
124528803
124528805
124528826
124529021
124529165
124529261
124529300
124529327
124529349
124529373
124529397
124529414
124529415
124529418
124529419
124529423
124529425
124529429
124529433
124529434
124529435
124529438
124529444
124529458
124529502
124531160
124531229
124531290
124531295
124531309
124531324
124532998
124533015
124533020
124533080
124544939
124545425
124556394
124560220
124575137
124578370
124579063
124580463
124584439
124586974
124588424
124591140
124606572
124622287
124630680
124639747
124649698
124656495
124673579
124688898
124702231
124702247
124702251
124702694
124704329
124719067
124723372
124734519
124750009
124765569
124780791
124791312
124795302
124797857
124816385
124832974
124849920
124866177
124881967
124898079
124903163
124913553
124930312
124947312
124971126
124991860
124995025
125011154
125011156
125019811
125039923
125066367
125082973
125089365
125095878
125095939
125096690
125097262
125101272
125118448
125129901
125144182
125152109
125159933
125176423
125176721
125189070
125201235
125213756
125214219
125227928
125237984
125239033
125239775
125239776
125239777
125239783
125239800
125240585
125240598
125250781
125254912
125254915
125254931
125254941
125260060
125260094
125260162
125260248
125260323
125260382
125260437
125260477
125260510
125260527
125260533
125260539
125260542
125260544
125260545
125260546
125260550
125260554
125260555
125260558
125260560
125260562
125260564
125260567
125260570
125260903
125260936
125260983
125261029
125261064
125261091
125261111
125261129
125261141
125261147
125261157
125261168
125261172
125261179
125261180
125263406
125264436
125264454
125264476
125264489
125264503
125264519
125265153
125265238
125265317
125265380
125265440
125265498
125265508
125265513
125265514
125265516
125265517
125265521
125265522
125265523
125265525
125265528
125265530
125265533
125265534
125265535
125265536
125265538
125265539
125265552
125265742
125265966
125265992
125266016
125266031
125268206
125268709
125268711
125268714
125268717
125268723
125268761
125268825
125268983
125269051
125269146
125269175
125270196
125270207
125270212
125270214
125270217
125270218
125270220
125270224
125270226
125270228
125270229
125270230
125270235
125270269
125270533
125270575
125270616
125270690
125270722
125270759
125273592
125273637
125273678
125273713
125273745
125273767
125273791
125273810
125273827
125273839
125274427
125274430
125274446
125274564
125274650
125274724
125275416
125275420
125275425
125275426
125275429
125275431
125275435
125275438
125275441
125275443
125275450
125275504
125275732
125275854
125275913
125275924
125275925
125275929
125275932
125275934
125275936
125275941
125275943
125275951
125275954
125275955
125275961
125275963
125275964
125275966
125275975
125275987
125276026
125276094
125289468
125304869
125305489
125308853
125309284
125309364
125310123
125320593
125337001
125354058
125367379
125384347
125384815
125400533
125418067
125422530
125422592
125433819
125449421
