122723933
122962527
122995861
123062348
123278046
123337710
123399626
123448769
123449103
123524993
123566040
123809670
123898348
124134963
124187812
124194999
124210699
124226586
124241680
124257247
124273066
124288603
124303857
124320884
124337364
124353321
124369539
124387151
124397889
124402660
124418158
124435361
124452205
124452851
124468754
124483593
124498777
124514026
124529448
124544938
124560219
124575138
124591138
124606566
124622286
124639743
124656505
124673570
124688899
124704314
124719069
124734515
124750018
124765568
124780793
124797858
124816384
124832969
124849918
124866170
124881965
124898075
124913557
124930310
124947307
124971129
124995020
125019809
125039931
125048739
125066371
125082975
125089367
125101274
125118456
125129898
125144180
125159934
125176418
125189067
125201229
125213762
125227925
125237978
125238009
125239026
125240584
125250777
125263400
125275973
125289460
125304870
125320598
125337004
125354068
125367380
125384348
125400535
125418069
125433816
125449424
