15.633
15.339
15.163
16.937
15.963
17.240
16.717
16.303
16.747
18.540
18.261
18.317
19.781
27.573
25.662
16.566
15.919
16.541
16.750
15.851
25.399
17.576
16.833
17.909
18.070
17.095
17.373
16.934
18.523
16.741
16.560
16.376
16.157
16.593
15.926
16.937
19.815
18.090
22.100
16.300
21.306
18.782
16.994
17.526
16.513
16.207
15.376
17.303
18.344
18.415
17.895
17.993
18.963
19.325
18.496
16.699
16.299
17.952
17.307
17.364
18.502
17.714
19.746
19.349
20.478
19.760
20.131
16.558
19.165
19.892
16.769
16.362
16.268
18.824
17.074
18.936
19.092
19.011
18.662
17.723
16.310
16.566
16.125
17.506
17.280
19.082
17.314
19.399
17.963
22.522
17.818
17.058
16.369
17.558
16.565
16.760
