51.673
52.396
53.871
3.505
5.720
6.121
26.314
53.746
55.063
44.006
48.230
52.583
59.781
59.680
66.625
69.352
63.810
63.743
73.971
56.977
58.626
54.499
53.288
54.038
55.154
59.852
56.921
58.749
58.434
56.228
55.665
55.223
59.764
54.735
55.821
54.628
54.443
54.029
53.955
56.581
54.009
56.094
50.508
53.441
51.913
51.762
49.742
50.996
52.113
50.234
50.020
55.989
55.702
54.781
54.809
53.846
56.808
54.106
54.772
55.665
54.520
55.892
59.952
55.431
53.893
54.915
51.078
56.641
55.747
54.115
51.705
53.733
54.966
51.589
50.604
53.573
47.986
52.143
54.078
50.824
52.915
54.266
55.637
55.619
53.286
58.950
57.970
60.976
60.531
53.822
54.742
49.422
52.326
56.547
