97272544
97272649
97299649
97299785
97301652
97327691
97327708
97327751
97327752
97327753
97327754
97327755
97328120
97328225
97331003
97347730
97358031
97358034
97358035
97358036
97358039
97360193
97360296
97369071
97369099
97369103
97369107
97369154
97386977
97387093
97388771
97388772
97388773
97388775
97401972
97401973
97402023
97402026
97412756
97412855
97441045
97451624
97456083
97456084
97456085
97456086
97456087
97456088
97456089
97469032
97469140
97473448
97497501
97497610
97498360
97529778
97529849
97534593
97534612
97565283
97587145
97587180
97587246
97587348
97587451
97587504
97587548
97587587
97587618
97587643
97587669
97587684
97587688
97587696
97587697
97587699
97587701
97587702
97587707
97587710
97587712
97587713
97587714
97587716
97587718
97590828
97590920
97591602
97591608
97591610
97591618
97591624
97591626
97591628
97591632
97591633
97591636
97591640
97591643
97591666
97591712
97591789
97591880
97591965
97592090
97592125
97592148
97592155
97593232
97593234
97593237
97593239
97593242
97593244
97593245
97593250
97593253
97593255
97593257
97593261
97593262
97593266
97593268
97593269
97593273
97593279
97593316
97593469
97593560
97593631
97593697
97593733
97593769
97596150
97596318
97596470
97596525
97596555
97597161
97597163
97597170
97597171
97597174
97597178
97597180
97597184
97597187
97597192
97597194
97598425
97598512
97598775
97598802
97598810
97598812
97598813
97598815
97598817
97598819
97598821
97598823
97598826
97598827
97598829
97598830
97598856
97598992
97599083
97599238
97602353
97602429
97602487
97602524
97602542
97602547
97602550
97602552
97602555
97602557
97603139
97603177
97603241
97603421
97603488
97603552
97604209
97604210
97604214
97604215
97604218
97604219
97604221
97604222
97604375
97604545
97604692
97604721
97604726
97604729
97604730
97604732
97604736
97604738
97604739
97604741
97604743
97604747
97604748
97604749
97604752
97604806
97604880
97605054
97605133
97605191
97608974
97608991
97609007
97609023
97609041
97609092
97609108
97609125
97609158
97609190
97609222
97617154
97617250
97642694
97642788
97660780
97669896
97669996
97690450
97690451
97690453
97690454
97698726
97726574
97728625
97733676
97733677
97733682
97754123
97754212
97754320
97754321
97754322
97754323
97756447
97756456
97779778
97779886
97788753
97801814
97806059
97806149
97807381
97807916
97833520
97833627
97834438
97852055
97864075
97896445
97913817
97923177
97929922
97929988
97961158
97961214
97986927
97987010
97989756
97990864
98006158
98007916
98011279
98012211
98012964
98039402
98039500
98042357
98051989
98071309
98104016
98104017
98104018
98104019
98133401
98133550
98167347
98195261
98195402
98257298
98257449
98320117
98392971
98462581
98462712
98522572
98522614
98522761
98522930
98523030
98523126
98523225
98523284
98523376
98523477
98523570
98523605
98523698
98523825
98523911
98523985
98524054
98524126
98524190
98524256
98524262
98524321
98524383
98524387
98524395
98532463
98532597
98534693
98534755
98534821
98534873
98534891
98534950
98534956
98534963
98534969
98534974
98534978
98534986
98535007
98535100
98535231
98535376
98535467
98535624
98535721
98535852
98535870
98538851
98538927
98538978
98539017
98539085
98539148
98539205
98539208
98539216
98539220
98539225
98539232
98539239
98539243
98539250
98539254
98539455
98539551
98539706
98539927
98540010
98540091
98540196
98540279
98540355
98540496
98547322
98547548
98547638
98547674
98549615
98549622
98549627
98549632
98549640
98549645
98549653
98549664
98549671
98549772
98549867
98553371
98553471
98553757
98553764
98553768
98553832
98553890
98553949
98554011
98554140
98554144
98554148
98554153
98554166
98554466
98554560
98554613
98554831
98554931
98555042
98561960
98562034
98562043
98562111
98562171
98562228
98562230
98562290
98562353
98562355
98564339
98564452
98564552
98564663
98564731
98564780
98566473
98566477
98566479
98566481
98566482
98566485
98566883
98566953
98567268
98567374
98567500
98567613
98567676
98567730
98567789
98567791
98567793
98567795
98567797
98567798
98567799
98567800
98567808
98567866
98568226
98568296
98568418
98568523
98568636
98568704
98568778
98578411
98578486
98578510
98578573
98578590
98578751
98578828
98578845
98578876
98578909
98579072
98597840
98597991
98657927
98658079
98687200
98687268
98703191
98703271
98731993
98754385
98754388
98766775
98791095
98791183
98812333
98812862
98817318
98844490
98844566
98845752
98861837
98877455
98877539
98917798
98957816
98984079
98984093
98984118
98984199
98986663
98986841
98986921
99000259
99000336
99029124
99033318
99033394
99035279
99062514
99062607
99072533
99082412
99093495
99093589
99125788
99125859
99164411
99164528
99183248
99189683
99198938
99198975
99199040
99199144
99199255
99199308
99199353
99199402
99199436
99199463
99199492
99199509
99199526
99199550
99199560
99199569
99199580
99199600
99199611
99199621
99199631
99199638
99199641
99199645
99199651
99203339
99203414
99204386
99204394
99204399
99204405
99204407
99204413
99204417
99204421
99204426
99204431
99204435
99204450
99204493
99204565
99204662
99204750
99204785
99204881
99204919
99204989
99205008
99206324
99206355
99206381
99206402
99206421
99206434
99206440
99206447
99206453
99206457
99206461
99206467
99206471
99206476
99206481
99206485
99206500
99206537
99206606
99206788
99206832
99206875
99206916
99206950
99206987
99207071
99211673
99211764
99211806
99211843
99212696
99212700
99212704
99212712
99212715
99212719
99212725
99212732
99212737
99212748
99212791
99214389
99214435
99214619
99214634
99214640
99214643
99214647
99214650
99214656
99214664
99214667
99214669
99214672
99214682
99214731
99214799
99214890
99215029
99215087
99215180
99219131
99219159
99219176
99219180
99219185
99219191
99219195
99219199
99219202
99219206
99220183
99220255
99220311
99220402
99220444
99220475
99221997
99222050
99222103
99222107
99222161
99222191
99222539
99222684
99223074
99223229
99223431
99223491
99223498
99223501
99223505
99223508
99223512
99223514
99223517
99223520
99223525
99223527
99223532
99223550
99223880
99224140
99224244
99224427
99224563
99224635
99229571
99229586
99229601
99229618
99229634
99229681
99229697
99229714
99229745
99229802
99229972
99239306
99239389
99274966
99275048
99282924
99290776
99291090
99291577
99292346
99292432
99292619
99294793
99294827
99295271
99295368
99297518
99310849
99310850
99310851
99310852
99322757
99333057
99333144
99333222
99344018
99344119
99372677
99388214
99388286
99418063
99429089
99429164
99466081
99466150
99491418
99505126
99505200
99536053
99536133
99549055
99559320
99559329
99566990
99567078
99595367
99595400
99603025
99603026
99603027
99609137
99609139
99609141
99610079
99610081
99610082
99610100
99610397
99610599
99610602
99620895
99620974
99638869
99651799
99651865
99664050
99681001
99681058
99698424
99698455
99711647
99711740
99711879
99733425
99733436
99740651
99740652
99740653
99742331
99742399
99771466
99771547
99799550
99799618
99827875
99827935
99855678
99855736
99883491
99883552
99911229
99911311
99917913
99917916
99917917
99939041
99939096
99950696
99950706
99950707
99951272
99963309
99963347
99963416
99963503
99963598
99963676
99963738
99963788
99963821
99963841
99963843
99963845
99963846
99963848
99963849
99963850
99963852
99963854
99963855
99963857
99963858
99963859
99963860
99963862
99963867
99967422
99967494
99968183
99968185
99968188
99968192
99968193
99968196
99968201
99968203
99968206
99968208
99968210
99968212
99968215
99968247
99968310
99968395
99968485
99968634
99968675
99968724
99968729
99969868
99969888
99969893
99969895
99969896
99969899
99969901
99969905
99969906
99969908
99969911
99969912
99969915
99969917
99969918
99969923
99969925
99969928
99969968
99970117
99970203
99970285
99970351
99970435
99970454
99973199
99973287
99973375
99973508
99974195
99974205
99974215
99974226
99974234
99974236
99974241
99974246
99974248
99974255
99974259
99975465
99975467
99975661
99975760
99975837
99975896
99975936
99975962
99975974
99975976
99975977
99975979
99975980
99975981
99975983
99975984
99975985
99975986
99975987
99976055
99979372
99979374
99979410
99979479
99979567
99979666
99979750
99979824
99979874
99979908
99980546
99980550
99980551
99980554
99980556
99980580
99981723
99981725
99981726
99981727
99981729
99981731
99981736
99981737
99981739
99981740
99981843
99982036
99982187
99982238
99982272
99982296
99982308
99982320
99982328
99982336
99982337
99982338
99982340
99982367
99986019
99986043
99986056
99986057
99986061
99986062
99987039
99987084
99987109
99987113
99987125
99987151
99987160
99987171
99987190
99987207
99987218
99995760
99995821
100023415
100023486
100050970
100051036
100073298
100079607
100079695
100103665
100105389
100105398
100105407
100107628
100107701
100136923
100136981
100147709
100165350
100165421
100182607
100193867
100193941
100225264
100225333
100253575
100253641
100274053
100274056
100279182
100279237
100296271
100306172
100306236
