13.188
12.744
13.552
13.344
13.777
13.524
12.677
17.005
13.765
13.240
12.667
13.596
13.254
13.164
10.560
14.448
13.808
14.695
13.326
13.082
13.985
13.332
12.305
14.928
14.217
12.927
13.915
13.369
13.824
14.294
15.270
14.589
14.427
12.989
12.341
12.386
12.351
13.080
13.667
14.247
13.236
12.496
15.479
13.642
13.160
13.731
12.331
12.459
13.389
12.584
12.822
12.842
15.747
12.334
11.668
11.825
12.790
12.931
14.061
77.520
13.236
31.396
15.105
13.822
12.579
14.339
13.557
15.254
13.499
12.994
12.436
12.082
11.976
12.153
13.782
12.401
14.119
12.633
20.099
13.084
13.057
13.012
12.304
13.573
12.043
11.439
12.133
14.768
14.132
13.870
13.426
13.206
12.920
13.103
12.374
12.356
12.631
12.451
14.475
13.111
12.240
14.890
14.616
14.069
13.426
12.940
12.769
12.635
12.676
12.588
9.589
12.767
12.404
15.072
14.065
11.409
11.928
12.383
12.379
12.615
12.664
13.376
11.737
11.797
11.436
12.772
13.302
12.991
12.344
15.719
12.580
12.727
11.904
13.160
12.812
12.715
12.519
13.761
12.263
14.616
14.995
13.593
13.184
13.487
13.305
12.976
12.895
13.012
12.758
12.541
12.611
13.391
13.308
13.625
12.971
12.828
12.425
12.516
12.753
12.615
11.793
12.453
13.272
12.403
12.702
13.305
14.377
12.391
12.603
12.337
12.156
13.170
12.796
13.251
12.049
12.351
12.042
13.324
13.217
13.593
13.090
13.230
12.871
12.322
13.338
12.737
12.963
12.716
