16.533
18.017
16.614
17.144
16.230
17.790
17.206
21.170
19.197
17.721
16.532
16.802
16.304
17.882
16.633
16.851
17.293
15.715
23.556
21.121
16.552
16.616
17.321
16.794
18.308
17.363
18.030
17.527
17.977
17.489
17.410
19.518
15.830
17.253
18.123
17.270
16.241
18.428
20.727
19.767
17.747
18.780
18.120
17.863
18.232
16.424
15.431
16.045
16.222
17.370
17.119
16.703
16.962
17.935
19.568
16.729
17.869
18.159
16.696
16.491
17.671
16.807
18.086
19.151
17.010
16.457
15.350
15.690
15.268
18.212
16.116
16.249
15.891
24.146
21.013
18.954
18.138
16.203
15.131
15.286
18.940
20.150
20.681
19.404
18.810
17.853
18.243
17.166
16.490
16.256
16.070
16.900
17.262
14.508
18.875
18.565
17.397
17.274
16.086
16.751
15.286
21.576
16.822
15.748
16.040
15.758
17.603
17.863
15.925
16.485
16.919
15.580
15.815
16.576
16.843
15.616
15.111
15.078
17.221
17.755
17.476
17.821
19.717
17.970
18.253
23.042
24.705
17.228
16.519
15.761
16.442
15.800
19.937
20.878
18.685
18.801
19.024
18.475
18.785
16.611
16.692
15.777
16.051
16.181
16.186
17.431
17.188
16.969
17.390
16.487
16.815
15.829
15.530
24.708
24.669
15.271
15.628
15.948
16.192
17.890
17.860
16.622
16.945
17.284
20.214
15.792
15.950
15.753
16.109
15.761
17.182
19.486
19.159
18.234
17.597
16.747
16.370
16.223
16.605
15.761
15.842
