79.024
81.184
77.632
75.848
84.851
76.063
81.405
82.964
82.369
80.631
80.833
81.390
80.280
80.367
75.853
74.975
83.481
82.570
85.367
81.436
85.708
84.452
83.032
83.638
84.843
84.952
94.807
85.613
89.159
246.373
85.723
86.412
85.675
83.422
84.227
87.071
85.475
96.606
84.113
81.640
85.955
80.878
84.159
85.791
80.286
78.930
77.828
81.477
79.250
83.628
84.267
79.760
79.282
78.318
82.813
80.128
78.499
80.597
81.605
77.731
79.104
85.004
85.966
86.290
85.631
80.367
83.543
87.916
86.242
84.652
83.017
33.716
59.904
83.824
85.708
81.692
79.922
77.953
80.889
79.653
75.746
83.397
90.579
78.020
75.630
84.638
83.843
83.726
82.716
86.248
85.725
78.706
81.615
80.082
76.219
81.550
82.769
84.154
82.736
80.234
79.664
80.304
79.930
68.996
69.700
84.348
83.243
81.860
82.919
82.546
82.032
80.635
81.770
80.953
75.045
78.186
79.106
66.814
67.132
87.677
84.709
85.795
83.627
84.747
81.176
82.550
79.249
80.126
77.271
85.181
84.920
82.996
81.556
86.631
82.654
84.388
79.622
78.841
80.370
80.102
80.208
81.838
84.636
86.004
85.415
84.896
87.763
85.237
82.330
82.673
79.506
79.862
79.786
80.449
80.512
82.417
88.569
87.837
99.901
87.213
86.171
85.848
80.940
80.184
76.873
77.202
78.519
73.061
56.506
80.141
79.410
81.691
81.178
80.088
78.215
76.904
76.305
79.910
79.142
