15.474
15.317
16.796
15.349
17.488
16.575
16.249
19.311
17.235
21.754
17.932
16.236
15.411
16.160
13.613
16.737
15.981
18.912
17.433
16.353
22.883
18.126
22.633
16.394
16.495
17.303
15.903
17.060
16.575
18.352
17.730
16.834
17.567
16.209
18.353
16.841
17.022
15.246
15.800
17.389
16.187
18.196
16.379
14.312
15.706
15.362
17.219
15.890
15.421
16.072
17.292
15.327
14.626
16.293
13.919
15.663
16.959
17.529
19.188
17.077
16.463
17.251
16.811
19.009
17.180
16.677
16.246
28.024
15.958
16.378
16.999
17.296
19.425
16.373
60.212
23.238
32.516
22.354
17.291
15.888
15.519
21.268
15.725
26.447
24.377
18.462
20.728
18.892
17.844
17.872
17.176
16.039
16.341
16.575
15.620
18.411
17.463
45.565
17.472
18.020
16.911
16.197
16.041
15.371
17.291
16.787
17.403
15.938
18.954
18.548
14.047
17.869
16.257
15.177
16.123
16.595
16.060
14.218
14.591
14.428
15.905
15.859
16.030
16.214
19.829
17.447
17.716
16.409
15.885
16.561
16.342
15.875
15.747
15.831
16.798
17.272
16.455
17.956
13.968
16.829
16.463
16.482
16.166
15.692
15.532
16.077
16.646
19.394
20.120
15.996
15.734
17.506
16.867
15.400
15.756
15.332
14.680
15.371
15.660
15.917
15.927
17.611
16.559
14.654
16.141
15.670
15.720
15.607
15.668
16.065
15.157
15.205
14.791
25.676
18.263
16.911
16.126
17.116
15.406
15.203
15.111
2.360
15.528
15.402
