126193498
126193500
126193502
126193510
126193513
126193514
126193515
126193798
126193809
126193817
126193828
126193838
126193844
126193852
126193862
126194114
126194115
126194118
126194121
126194123
126194128
126194130
126194133
126194704
126194706
126194711
126194715
126194722
126194726
126194729
126195139
126195143
126195145
126195147
126195148
126195149
126195150
126195152
126195153
126195156
126195160
126195169
126195171
126195173
126195191
126195196
126195205
126195212
126195755
126195757
126195842
126195848
126195854
126195860
126195865
126195870
126195915
126195925
126195933
126195940
126195950
126195964
126195974
126195983
126195989
126195998
126196005
126196296
126196299
126196304
126196463
126196467
126196471
126196473
126196476
126197045
126197054
126197060
126197064
126197070
126197075
126197080
126197082
126197103
126197135
126197139
126197141
126197145
126197148
126197468
126197477
126197684
126197703
126197704
126197707
126197712
126197715
126197718
126197719
126197720
126197721
126197723
126197726
126197729
126197807
126197809
126197810
126197811
126197813
126197815
126198226
126198253
126198260
126198264
126198491
126198493
126198495
126198497
126198499
126198502
126198505
126198506
126198511
126198534
126198539
126198543
126198551
126198594
126198601
126198643
126198648
126198656
126199008
126199011
126199096
126199102
126199110
126199113
126199120
126199123
126199128
126199134
126199184
126199192
126199199
126199688
126199690
126199691
126199692
126199693
126199695
126199697
126199704
126199705
126199713
126199714
126199721
126199724
126199726
126199731
126199733
126199734
126199735
126200140
126200144
126200145
126200148
126200159
126200165
126200168
126200174
126200176
126200193
126200213
126200217
126200219
126200221
126200240
126200258
126200260
126200275
126200640
126200650
126200659
126200667
126200670
126200721
126200731
126200773
126200806
126200811
126200816
126200818
126200821
126200824
126200837
126200847
126200852
126200857
126200934
126200935
126200936
126200937
126200939
126200940
126200941
126201298
126201308
126201310
126201316
126201322
126201353
126201356
126201359
126201360
126201362
126201366
126201372
126201384
126201389
126201391
126201399
126201427
126201428
126201430
126201431
126201432
126201433
126201434
126201435
126201436
126201437
126201438
126201439
126201776
126201780
126201785
126201823
126201827
126201831
126201835
126201842
126201847
126201851
126201879
126201883
126201889
126201891
126201915
126201917
126201921
126201932
126202071
126202076
126202078
126202082
126202083
126202084
126202085
126202086
126202087
126202088
126202089
126202388
126203620
126203621
126203622
126203623
126203624
126203626
126203627
126203628
126203629
126203630
126203631
126203632
126203633
126203634
126203635
126203754
126203755
126203756
126203757
126203758
126203759
126203760
126203761
126203762
126203763
126203764
126203765
126203766
126203767
126203768
126588783
126588787
126588788
126588790
126588791
126588792
126588795
126588796
126588797
126588798
126588800
126588801
126588803
126588804
126588807
126588808
126588809
126588810
126588811
126589332
126589333
126589334
126589336
126589337
126589338
126589339
126589340
126589341
126589342
126589345
126589346
126589347
126589348
126589349
126589350
126589351
126589352
126589354
126589391
126589392
126589393
126589394
126589395
126589396
126589397
126589398
126589399
126589400
126589401
126589403
126589404
126589405
126589781
126589790
126589798
126589807
126589815
126589826
126589831
126589838
126589845
126589851
126589857
126589864
126589870
126589877
126589880
126589885
126589892
126589894
126589898
126589970
126589971
126589972
126589973
126589977
126589978
126590167
126590177
126590189
126590203
126590273
126590287
126590295
126590302
126590304
126590329
126590331
126590561
126590563
126590564
126590568
126590572
126590588
126590591
126590594
126590595
126590598
126590601
126590604
126590605
126590612
126590613
126590614
126590617
126590619
126590620
126591010
126591015
126591022
126591215
126591216
126591219
126591220
126591221
126591222
126591223
126591224
126591225
126591226
126591227
126591231
126591232
126591233
126591234
126591237
126591238
126591239
126591240
126591354
126591368
126591379
126591392
126591405
126591418
126591431
126591508
126591574
126591581
126591593
126591601
126591610
126591619
126591632
126591637
126591687
126591725
126591727
126591813
126591814
126591815
126591816
126591817
126591820
126591821
126591822
126591823
126591824
126591825
126591836
126591841
126591845
126591890
126591897
126591906
126591915
126591927
126592325
126592327
126592341
126592368
126592370
126592371
126592372
126592373
126592375
126592376
126592377
126592378
126592379
126592380
126592381
126592382
126592383
126592384
126592385
126592388
126592390
126592391
126592465
126592529
126592540
126592550
126592562
126592576
126592585
126592595
126592609
126592617
126592635
126592649
126592659
126592671
126592947
126592948
126592949
126592950
126592951
126592953
126592954
126592957
126592958
126592959
126592960
126592962
126592963
126592964
126592965
126592966
126592967
126592969
126592971
126592980
126592981
126592983
126592984
126592987
126592988
126592989
126592990
126592991
126592992
126592993
126592994
126592995
126592996
126592997
126592998
126593000
126593001
126593002
126593546
126593549
126593551
126593554
126593555
126593557
126593563
126593564
126593566
126593568
126593569
126593570
126593632
126593634
126593635
126593937
126593941
126593952
126593955
126593964
126593967
126593973
126593977
126593982
126593986
126593991
126593995
126594000
126594006
126594012
126594017
126594023
126594028
126594034
126594296
126594298
126594301
126594302
126594305
126594308
126594310
126594312
126594314
126594315
126594319
126594321
126594866
126594868
126594870
126594871
126594898
126594902
126594903
126594904
126594905
126594906
126594907
126594910
126594911
126594912
126594914
126594917
126594918
126594919
126594920
126594975
126594979
126594983
126595021
126595080
126595095
126595111
126595128
126595200
126595274
126595279
126595293
126595300
126595312
126595317
126595324
126595335
126595344
126595352
126595530
126595531
126595532
126595536
126595538
126595541
126595542
126595543
126595545
126595550
126595552
126595553
126595566
126595567
126595574
126595575
126595576
126595584
126595591
126596185
126596186
126596189
126596190
126596191
126596192
126596193
126596195
126596196
126596197
126596198
126596199
126596200
126596201
126596203
126596204
126596207
126596208
126596209
126596565
126596579
126596589
126596596
126596604
126596611
126596624
126596636
126596644
126596656
126596668
126596676
126596684
126596696
126596706
126596713
126596722
126596729
126596736
126596866
126596867
126596868
126596869
126596870
126596874
126596875
126596876
126596877
126596878
126596880
126596881
126596884
126596885
126596886
126596887
126596888
126596890
126596891
126597405
126597407
126597409
126597410
126597411
126597414
126597415
126597417
126597418
126597419
126597420
126597421
126597422
126597423
126597425
126597427
126597429
126597430
126597431
126597509
126597510
126597511
126597512
126597514
126597538
126597542
126597549
126597558
126597565
126597572
126598211
126598212
126598214
126598215
126598216
126598217
126598218
126598220
126598222
126598223
126598225
126598228
126598234
126598238
126598241
126598249
126598255
126598256
126598259
126598705
126598715
126598717
126598723
126598729
126598737
126598743
126598748
126598762
126598766
126598769
126598773
126598777
126598778
126598781
126598821
126598822
126598823
126598824
126598826
126598827
126598829
126598830
126598831
126598832
126598833
126599266
126599272
126599295
126599302
126599308
126599312
126599315
126599319
126599349
126599354
126599364
126599367
126599368
126599370
126599373
126599377
126599378
126599379
126599381
126785855
126785862
126785875
126786056
126786065
126786097
126786107
126786115
126786590
126786591
126786594
126786596
126786598
126786602
126786605
126786608
126787026
126787036
126787044
126787100
126787133
126787139
126787144
126787147
126787151
126787153
126787273
126787275
126787276
126787277
126787579
126787582
126787848
126787876
126787880
126787891
126787897
126787924
126787925
126787930
126787934
126787938
126787943
126787967
126788698
126788701
126788702
126788704
126788712
126788714
126788717
126788725
126788727
126788729
126788731
126788733
126788736
126789654
126789658
126789666
126789672
126789680
126789689
126789695
126789701
126789712
126789718
126789729
126789773
126789778
126789786
126789792
126789797
126789804
126789812
126789816
126789975
126789977
126789982
126789989
126789994
126790000
126790006
126790014
126790020
126790027
126790528
126790531
126790534
126790547
126790552
126790554
126790558
126790561
126790563
126790571
126790573
126790578
126790985
126790993
126791001
126791005
126791014
126791022
126791028
126791032
126791079
126791084
126791109
126791120
126791217
126791219
126791221
126791224
126791735
126791741
126791746
126791753
126791756
126791761
126791764
126791768
126791770
126791791
126791794
126791820
126791841
126791843
126791844
126792061
126792129
126792205
126792276
126792287
126792298
126792307
126792312
126792318
126792325
126792335
126792344
126792355
126792367
126792420
126792429
126792437
126792443
126792452
126792632
126792639
126792643
126792650
126792654
126792660
126792666
126792675
126792684
126792760
126792771
126792783
126792799
126792809
126792821
126793162
126793164
126793165
126793168
126793169
126793172
126793174
126793176
126793178
126793180
126793182
126793184
126793186
126793187
126793188
126793191
126793192
126793249
126793251
126793257
126793262
126793266
126793271
126793850
126793856
126793857
126793858
126793859
126793862
126793864
126793866
126793870
126793872
126793874
126793876
126793878
126793884
126793885
126793886
126793888
126793894
126793896
126793908
126793914
126793920
126793925
126794336
126794342
126794349
126794467
126794469
126794470
126794471
126794472
126794477
126794478
126794479
126794480
126794481
126794482
126794989
126794991
126794994
126795012
126795014
126795016
126795018
126795020
126795023
126795025
126795033
126795035
126795037
126795039
126910854
126910855
126910856
126910857
126910858
126910859
126910861
126910862
126910863
126910864
126910865
126910866
126910867
126910868
126910869
126910870
126910873
126910874
126910876
126911473
126911476
126911481
126911488
126911492
126911551
126911552
126911553
126911555
126911558
126911560
126911562
126911564
126911625
126911631
126911636
126911640
126912176
126912186
126912189
126912191
126912193
126912195
126912197
126912204
126912206
126912207
126912210
126912213
126912782
126912783
126912789
126912796
126912804
126912810
126912818
126912824
126912878
126912889
126912897
126912911
126912923
126912940
126912949
126913338
126913340
126913342
126913345
126913348
126913909
126913917
126913919
126913922
126913924
126913926
126913931
126913933
126913935
126913938
126913940
126913943
126913944
126913945
126913947
126913948
126913950
126913951
126913953
126914077
126914079
126914081
126914572
126914574
126914578
126914634
126914643
126914645
126914647
126914649
126914651
126914653
126914656
126915335
126915337
126915339
126915982
126915984
126915987
126915989
126915991
126915993
126915995
126915998
126916000
126916321
126916328
126916340
126916351
126916370
126916378
126916397
126916407
126916419
126916428
126916440
126916452
126916465
126916476
126916487
126916496
126916558
126916563
126916571
126917349
126917350
126917353
126917356
126917358
126917360
126917362
126917364
126917366
126917369
126917371
126917375
126917377
126917380
126917382
126917383
126917385
126917389
126918168
126918287
126918290
126918298
126918306
126918313
126918319
126918331
126918338
126918347
126918421
126918432
126918444
126918458
126918470
126918483
126918495
126918564
126918573
126918582
126918772
126918773
126918774
126918776
126918777
126918778
126918779
126918781
126918783
126918785
126918789
126918791
126919156
126919163
126919168
126919174
126919177
126919182
126919222
126919230
126919541
126919568
126919573
126919966
126919972
126919977
126919981
126919989
126919994
126920001
126920005
126920013
126920101
126920102
126920104
127039270
127588194
127588776
127588784
127588796
127588851
127588863
127588883
127588911
127588940
127589022
127589060
127589079
127589127
127589146
127589395
127589396
127589398
127589399
127589401
127589402
127589410
127589411
127589416
127590009
127590015
127590018
127590021
127590024
127590030
127590048
127590054
127590609
127590614
127590618
127590623
127590624
127590625
127590629
127590630
127590631
127590635
127590639
127590642
127590647
127590656
127590657
127590661
127590817
127590846
127591026
127591042
127591066
127591075
127592014
127592015
127592016
127592018
127592020
127592023
127592025
127592036
127592055
127592095
127592112
127592142
127592170
127592210
127592255
127592278
127592300
127592357
127592394
127592653
127592671
127592701
127592740
127592764
127593885
127593887
127593888
127593892
127593893
127593895
127593897
127593899
127593901
127593902
127593908
127593911
127593914
127593916
127594479
127594480
127594486
127594491
127594492
127594510
127594513
127595181
127595188
127595515
127595577
127595652
127595665
127595704
127595762
127595784
127595805
127595816
127595837
127595843
127595846
127595855
127595856
127595862
127595977
127595982
127596001
127596023
127596037
127596053
127596076
127596140
127596166
127596216
127596255
127596387
127596411
127596637
127596658
127596674
127596685
127596710
127597273
127597275
127597277
127597281
127597283
127597292
127597293
127597297
127597298
127597321
127597342
127597358
127597424
127597498
127597521
127597537
127597951
127597970
127597981
127597996
127598013
127598046
127598108
127598123
127598136
127598149
127598229
127598273
127598285
127598345
127598349
127598404
127598439
127598452
127598455
127741417
127741418
127741420
127741422
127741423
127741425
127741427
127741429
127741431
127741434
127741436
127741437
127741440
127741445
127741447
127741450
127741452
127741457
127741458
127741525
127741530
127741534
127741537
127741541
127741545
127741547
127741548
127741550
127741553
127741648
127741649
127741650
127741653
127741655
127741656
127741660
127741663
127741664
127741779
127741781
127741783
127741785
127741856
127741858
127741861
127741864
127741865
127741866
127741870
127741872
127741873
127741874
127741877
127741878
127741880
127741881
127741883
127741884
127741886
127741906
127741907
127741908
127741909
127741911
127741912
127741913
127741914
127741916
127741917
127741918
127741920
127741921
127741922
127741924
127741927
127741928
127741929
127741930
127742103
127742105
127742107
127742110
127742111
127742120
127742122
127742124
127742126
127742129
127742131
127742133
127742137
127742139
127742140
127742141
127742145
127742147
127742149
127742215
127742217
127742219
127742413
127742414
127742416
127742473
127742501
127742502
127742507
127742547
127742560
127742604
127742610
127742617
127742619
127742624
127742627
127742629
127742632
127742633
127742635
127742636
127742638
127742639
127742645
127742646
127742648
127742650
127742653
127742661
127742863
127742909
127742910
127742911
127742917
127742925
127742947
127742955
127742957
127742958
127742962
127742963
127742967
127742969
127743055
127743058
127743106
127743107
127743110
127743112
127743114
127743116
127743117
127743119
127743123
127743125
127743126
127743128
127743132
127743134
127743135
127743139
127743144
127743149
127743151
127743215
127743219
127743221
127743292
127743296
127743346
127743352
127743356
127743360
127743443
127743445
127743448
127743451
127743453
127743456
127743458
127743460
127743463
127743521
127743523
127743526
127743528
127743530
127743621
127743625
127743629
127743634
127743709
127743717
127743721
127743723
127743728
127743731
127743736
127743738
127743739
127743740
127743744
127743747
127743749
127743754
127743758
127743759
127743762
127743766
127743768
127743919
127743925
127743930
127743932
127743934
127743936
127743939
127743941
127743946
127743948
127743950
127743952
127743953
127743956
127743958
127743962
127743964
127743970
127743971
127744128
127744132
127744134
127744135
127744136
127744138
127744141
127744143
127744147
127744148
127744149
127744156
127744161
127744162
127744166
127744169
127744172
127744174
127744176
127744339
127744346
127744349
127744351
127744354
127744356
127744358
127744359
127744360
127744361
127744365
127744367
127744369
127744371
127744374
127744379
127744380
127744439
127744442
127744445
127744447
127744451
127744563
127744566
127744569
127744571
127744576
127744578
127744582
127744584
127744644
127744647
127744652
127744686
127744690
127744717
127744722
127744724
127744751
127744753
127744754
127744755
127744758
127744759
127744760
127744762
127744844
127744866
127744872
127744877
127744917
127744984
127744987
127745148
127745162
127745198
127745207
127745218
127745280
127745287
127745351
127745352
127745354
127745355
127745358
127745359
127745362
127745363
127745365
127745366
127745367
127745368
127745370
127745372
127745373
127745375
127745376
127745378
128066722
128066726
128066733
128066755
128066775
128066790
128066808
128066813
128066835
128066859
128066900
128066908
128066942
128066995
128066999
128067003
128067034
128067046
128067205
128067221
128067229
128067297
128067317
128067332
128067339
128067350
128067359
128067369
128067708
128067726
128068006
128068021
128068026
128068030
128068036
128068060
128068067
128068074
128068089
128068104
128068119
128068125
128068130
128068133
128068144
128068147
128068153
128068159
128068452
128068751
128068757
128068760
128068761
128068770
128068773
128068775
128068777
128068778
128068780
128068785
128068788
128068791
128068792
128068798
128068807
128069364
128069379
128069401
128069419
128069428
128069433
128069444
128069458
128069483
128069495
128069500
128069503
128069533
128069536
128069545
128069549
128069558
128069574
128069576
128070023
128070027
128070030
128070040
128070056
128070064
128070068
128070114
128070123
128070378
128070387
128070392
128070396
128070407
128070420
128070450
128070456
128070484
128070492
128070495
128070499
128070502
128070508
128070771
128070772
128070775
128070777
128070778
128070780
128070782
128071196
128071204
128071216
128071226
128071233
128071251
128071256
128071262
128071482
128071491
128071507
128071514
128071523
128071526
128071543
128071560
128071566
128071570
128071590
128071905
128071925
128071931
128071935
128071944
128071962
128072052
128072061
128072075
128072098
128072315
128072322
128072337
128072338
128072349
128072700
128072716
128072721
128072737
128072744
128072758
128072759
128072766
128073127
128073156
128073164
128073170
128073182
128073187
128073237
128073253
128073315
128073335
128073352
128073360
128073369
128073374
128073384
128073393
128073413
128073419
128073541
128073544
128073557
128073560
128073589
128073593
128073598
128073601
128073605
128073661
128073667
128073712
128073735
128074063
128074068
128074072
128074073
128074079
128074080
128074082
128074086
