15.959
16.614
55.321
19.140
17.715
18.756
21.729
16.221
48.663
33.189
17.662
16.276
16.128
17.545
18.771
48.765
38.681
18.819
16.489
48.510
16.810
48.750
24.170
16.793
16.589
16.497
16.560
17.357
18.203
16.404
41.945
75.059
15.273
17.202
79.908
18.617
17.775
3.196
15.441
16.067
18.663
15.942
42.006
34.059
20.566
17.509
17.456
17.377
17.938
16.719
16.759
16.174
17.540
17.531
21.091
16.988
32.319
16.699
18.501
18.070
42.128
18.120
46.605
19.119
16.878
16.742
42.043
19.473
17.836
17.294
19.029
42.155
44.493
27.544
34.563
34.721
12.584
9.353
18.217
17.311
18.900
18.204
18.477
16.348
16.845
18.958
20.871
23.133
19.707
20.261
19.169
19.723
20.011
16.919
16.849
17.310
17.690
17.541
17.802
17.266
19.711
20.808
23.019
21.896
25.759
17.736
18.469
16.672
17.341
18.065
16.865
18.498
19.614
20.078
18.163
16.923
16.752
16.769
17.633
17.005
16.305
22.445
5.117
9.945
36.898
10.046
17.208
16.501
20.928
20.720
17.221
16.927
16.956
18.950
18.170
19.047
16.035
16.275
16.497
16.923
17.783
17.252
19.777
19.842
17.805
17.515
16.586
16.662
16.331
16.176
15.958
16.807
19.649
18.005
19.030
18.102
18.975
20.134
14.975
14.370
18.482
19.013
17.603
18.115
