13.060
13.813
16.449
11.924
13.683
15.503
14.420
13.927
13.494
14.091
15.424
15.448
14.166
14.909
14.255
13.714
14.000
14.174
14.176
14.351
14.176
69.153
14.029
15.189
14.078
3.416
13.259
14.491
16.524
13.444
21.781
13.725
13.298
14.102
13.821
13.691
13.853
14.235
27.735
13.641
14.288
14.425
13.488
13.322
13.267
17.907
13.774
13.807
13.579
13.755
12.726
13.355
14.107
12.996
15.506
1.543
16.348
12.839
15.020
14.993
14.245
13.218
13.762
14.702
14.702
13.820
13.810
12.995
15.304
12.809
12.916
12.809
12.605
12.113
12.375
13.527
12.902
13.737
12.387
14.124
13.053
13.496
13.439
13.902
12.487
13.110
12.171
13.978
13.136
13.273
13.658
12.915
14.267
15.035
16.241
12.696
12.393
12.684
13.252
12.134
12.109
13.247
14.362
13.661
15.066
13.914
12.536
12.456
14.453
12.749
11.808
18.215
7.949
8.187
41.582
10.453
12.406
13.366
17.930
15.445
13.566
13.156
13.613
14.195
13.299
12.980
12.394
12.022
12.072
11.922
13.152
13.054
13.762
14.979
15.438
14.371
13.340
12.970
12.443
12.616
12.994
12.255
14.098
13.914
13.639
13.820
13.134
12.869
30.800
17.183
13.095
13.380
13.112
13.848
