65.214
70.833
72.770
72.738
72.850
77.753
65.405
65.797
63.511
67.346
68.034
72.929
74.755
85.021
66.728
68.140
67.943
65.366
69.188
80.946
67.216
72.780
72.372
75.947
73.442
74.657
79.922
81.411
87.546
77.710
71.647
69.497
70.384
75.514
77.732
71.877
73.702
70.382
71.024
73.198
69.201
75.066
84.283
71.721
72.406
70.300
73.110
191.458
81.536
72.971
68.111
71.566
70.272
71.216
71.810
69.274
73.736
77.304
69.942
70.118
69.202
67.622
69.162
67.266
70.375
67.591
65.351
66.588
68.156
68.865
65.549
65.841
67.067
66.802
77.922
226.243
65.250
65.728
67.902
67.637
70.306
68.164
68.783
69.760
76.607
74.902
79.453
78.042
73.814
72.840
67.376
69.248
68.659
70.732
70.039
71.778
82.509
85.166
76.619
76.517
56.442
67.441
70.298
73.067
47.341
89.176
9.105
37.385
42.881
68.863
67.760
72.848
72.337
69.297
66.948
73.366
70.462
64.084
64.159
65.771
63.055
67.690
71.300
66.769
64.594
67.348
65.838
71.390
71.884
64.696
65.383
67.323
67.086
65.539
69.838
66.330
64.796
68.059
67.497
72.314
70.742
50.365
45.428
68.022
69.196
65.860
65.817
