27.707
28.932
35.459
36.805
34.661
34.766
32.410
30.255
30.310
32.042
33.676
32.959
29.672
29.139
30.845
28.565
28.376
30.114
34.848
29.658
28.927
27.756
29.708
27.513
31.270
29.124
29.975
30.116
30.247
28.289
27.972
27.657
32.074
31.011
32.463
32.069
29.837
29.891
30.468
31.516
38.136
34.907
31.051
30.238
29.895
32.804
30.894
32.438
31.574
32.208
30.016
32.234
30.990
33.442
32.401
33.862
31.653
32.689
32.920
33.088
33.056
29.587
29.045
29.491
29.532
30.516
29.741
30.981
29.745
31.659
30.974
29.630
30.302
29.729
30.983
32.419
29.339
29.210
28.855
30.777
30.168
30.170
29.169
31.994
32.691
34.378
34.223
31.187
29.390
28.738
30.359
35.015
26.191
31.844
32.162
29.696
28.143
29.305
28.633
26.679
28.257
26.939
27.630
30.263
30.582
29.611
28.550
28.687
28.712
27.201
26.608
27.193
26.760
25.518
25.870
27.567
26.437
28.735
30.356
28.491
28.078
27.776
29.132
26.881
26.871
28.772
29.610
28.653
27.977
29.797
28.821
30.421
29.819
28.466
28.998
28.742
27.134
