96430816
96430826
96430841
96430863
96430871
96430879
96430951
96431198
96431367
96431501
96431515
96431516
96431528
96431541
96431553
96431561
96431562
96431586
96431794
96432012
96435264
96435270
96435448
96435462
96435692
96435767
96435768
96435775
96435777
96435780
96435781
96435787
96435791
96435794
96435797
96435936
96436182
96436339
96436393
96438823
96438936
96439176
96439192
96439210
96439218
96439324
96439334
96439341
96439342
96439343
96439351
96439356
96439362
96439369
96439449
96439698
96439708
96439717
96442272
96442276
96442281
96442285
96442290
96442393
96442394
96442397
96442400
96442520
96442760
96442773
96442892
96442905
96442909
96442912
96442914
96442917
96442920
96442927
96446013
96446026
96446030
96446229
96446453
96446529
96446545
96446546
96446551
96446557
96446561
96446562
96446563
96446571
96446578
96446718
96446980
96447089
96447099
96450086
96450094
96450097
96450102
96450103
96450107
96450118
96450296
96450531
96450611
96450612
96450623
96450628
96450631
96450632
96450636
96450641
96450642
96450643
96450646
96453945
96454017
96454028
96454029
96454037
96454049
96454051
96454061
96454068
96454069
96454081
96454090
96454094
96454325
96454557
96454632
96454646
96454659
96454661
96457501
96457511
96457521
96457551
96457765
96458002
96458062
96458068
96458079
96458080
96458081
96458086
96458093
96458098
96458111
96458264
96458280
96458297
96458311
96458545
96461727
96461728
96461740
96461762
96461840
96461851
96461856
96461857
96461862
96461906
96461918
96462152
96462166
96462325
96462374
96462375
96462376
96462384
96462389
96462392
96465089
96465256
96465264
96465299
96465300
96465304
96465307
96465310
96465311
96465314
96465317
96465318
96465343
96465563
96465769
96465772
96465780
96465788
96465832
96465835
96468436
96468677
96468878
96468937
96468941
96468951
96468957
96468967
96468974
96468978
96469104
96469341
96469467
96469597
96469598
96469608
96469613
96469616
96469620
96469621
96472590
96472596
96472605
96472620
96472805
96473024
96473116
96473119
96473126
96473133
96473134
96473174
96473249
96473256
96473261
96473365
96473381
96473396
96473647
96473769
96476949
96476954
96476955
96476956
96476964
96476971
96476972
96476977
96476990
96477172
96477405
96477471
96477472
96477473
96477474
96477478
96477480
96477483
96477484
97126568
97126576
97126643
97126644
97126655
97126656
97126659
97126667
97126668
97126679
97126680
97126681
97126692
97126710
97126765
97127007
97127025
97127203
97127238
97127245
97128249
97128266
97128276
97128359
97128368
97128373
97128380
97128381
97128386
97128394
97128395
97128402
97128500
97128754
97128894
97128897
97128901
97128913
97128930
97128936
97130087
97130099
97130106
97130116
97130117
97130118
97130127
97130128
97130129
97130255
97130502
97130622
97130643
97130653
97130661
97130668
97130674
97130675
97130682
97130738
97131809
97131810
97131816
97131954
97132198
97132214
97132220
97132330
97132343
97132344
97132352
97132358
97132359
97132360
97132362
97132369
97132371
97132378
97132389
97132516
97133558
97133571
97133583
97133624
97133854
97134052
97134108
97134121
97134132
97134134
97134142
97134151
97134159
97134170
97134331
97134585
97134600
97134702
97134715
97134728
97135906
97135919
97135927
97135939
97136056
97136317
97136330
97136448
97136462
97136476
97136485
97136492
97136500
97136510
97136555
97136836
97137035
97137080
97137091
97137100
97138203
97138207
97138210
97138215
97138223
97138225
97138226
97138232
97138269
97138496
97138688
97138740
97138749
97138755
97138767
97138770
97138775
97138778
97138936
97139172
97140321
97140332
97140335
97140392
97140400
97140407
97140411
97140415
97140416
97140421
97140427
97140579
97140595
97140614
97140836
97140929
97140937
97140944
97140945
97140950
97141666
97141921
97141931
97142050
97142061
97142068
97142070
97142075
97142082
97142083
97142091
97142099
97142167
97142178
97142429
97142589
97142610
97142613
97142614
97142623
97143753
97143761
97143768
97143774
97143780
97143786
97143793
97143896
97144152
97144299
97144311
97144319
97144320
97144326
97144327
97144330
97144335
97145412
97145416
97145421
97145510
97145765
97145909
97145921
97145928
97145932
97145936
97145940
97145941
97145946
97145947
97145990
97146228
97146245
97146259
97146431
97146460
97147064
97147239
97147482
97147577
97147584
97147591
97147598
97147603
97147610
97147614
97147615
97147697
97147944
97148094
97148127
97148137
97148147
97148148
97148156
97148162
97149250
97149262
97149274
97149275
97149282
97149283
97149288
97149309
97149315
97149317
97149321
97149329
97149524
97149752
97149826
97149834
97149842
97149851
97149861
97149867
97150944
97150983
97150996
97151007
97151016
97151017
97151025
97151031
97151055
97151259
97151479
97151553
97151554
97151577
97151585
97151596
97151598
97151610
97151621
97152757
97152764
97152773
97152785
97152793
97152803
97152854
97153091
97153268
97153310
97153316
97153320
97153324
97153330
97153331
97153336
97153352
97153358
97153364
97153586
97154515
97154526
97154633
97154887
97155042
97155069
97155084
97155085
97155102
97155113
97155114
97155118
97155119
97155136
97155148
97155215
97155465
97155634
97155645
97155674
97156345
97156348
97156351
97156362
97156406
97156417
97156657
97156668
97156846
97156852
97156902
97156904
97156917
97156931
97156933
97156948
97156960
97156965
97156966
97156998
97158174
97158255
97158514
97158680
97158709
97158710
97158720
97158730
97158731
97158732
97158739
97158747
97158756
97158794
97158804
97159041
97159229
97159277
97159288
97159290
97160433
97160448
97160456
97160463
97160472
97160479
97160488
97160489
97160549
97160816
97160996
97161038
97161047
97161059
97161071
97161079
97161088
97161100
97161106
97161114
97162229
97162230
97162241
97162250
97162251
97162263
97162275
97162283
97162418
97162669
97162796
97162815
97162825
97162827
97162837
97162849
97162860
97162869
97162870
97162937
97164071
97164072
97164234
97164494
97164605
97164618
97164619
97164625
97164631
97164632
97164633
97164634
97164643
97164644
97164645
97164653
97164655
97164665
97164666
97165731
97165732
97165734
97165735
97165741
97165746
97165750
97165816
97166064
97166234
97166262
97166263
97166266
97166269
97166274
97166278
97166279
97166288
97166312
97167363
97167370
97167376
97167380
97167489
97167749
97167761
97167895
97167919
97167921
97167930
97167937
97167942
97167948
97167956
97168004
97168242
97168424
97168469
97168476
97169452
97169570
97169573
97169575
97169584
97169591
97169593
97169599
97169600
97169608
97169609
97169610
97169620
97169622
97169623
97169629
97169774
97170015
97170134
97170147
97171221
97171234
97171284
97171290
97171297
97171299
97171310
97171318
97171325
97171333
97171497
97171730
97171837
97171845
97171851
97171858
97171862
97171870
97171876
97173040
97173296
97173308
97173437
97173441
97173443
97173453
97173455
97173458
97173462
97173469
97173473
97173479
97173480
97173552
97173559
97173806
97173958
97173984
97173993
97175080
97175087
97175093
97175101
97175107
97175113
97175119
97175121
97175123
97175125
97175226
97175486
97175502
97175633
97175645
97175654
97175661
97175669
97175680
97175688
97176798
97176810
97176825
97176827
97176945
97177206
97177338
97177353
97177354
97177366
97177372
97177374
97177384
97177393
97177405
97177455
97177723
97177739
97177907
97177940
97178961
97179058
97179060
97179066
97179070
97179074
97179080
97179092
97179097
97179173
97179416
97179581
97179584
97179589
97179595
97179609
97179610
97179613
97180477
97330957
97330970
97330971
97330979
97330992
97330996
97331008
97331009
97331017
97331018
97331029
97331239
97331476
97331488
97331497
97331568
97331580
97331590
97331598
97331600
97332803
97332835
97332838
97332856
97332871
97332873
97332881
97332892
97332893
97332906
97332907
97332985
97333232
97333395
97333443
97333458
97333461
97333474
97333487
97333499
97334659
97334670
97334678
97334686
97334687
97334696
97334698
97334716
97334719
97334740
97334918
97334938
97334970
97335390
97335475
97335484
97335490
97335500
97335509
97336716
97336721
97336743
97336768
97336777
97336791
97336795
97336802
97336803
97336804
97336846
97337088
97337104
97337118
97337282
97337330
97337346
97337366
97337448
97337515
97338843
97338845
97338847
97338854
97338860
97338867
97338876
97338877
97338889
97338890
97339016
97339038
97339272
97339283
97339384
97339391
97339400
97339406
97339432
97339442
97340217
97340333
97340348
97340365
97340620
97340726
97340735
97340745
97340752
97340762
97340770
97340778
97340781
97340845
97340858
97340866
97341117
97341266
97341441
97341482
97342316
97342334
97342354
97342367
97342384
97342572
97342632
97342635
97342643
97342645
97342655
97342779
97342796
97342805
97342861
97342863
97342865
97342895
97343130
97343147
97344285
97344538
97344701
97344729
97344738
97344748
97344749
97344758
97344764
97344771
97344792
97344987
97345070
97345080
97345289
97345296
97345300
97345306
97345377
97345385
97347234
97347455
97347482
97347697
97347745
97347751
97347774
97347787
97347804
97347820
97347911
97348193
97348359
97348398
97348399
97348419
97348432
97348449
97348467
97348469
97349884
97349885
97349907
97349909
97349927
97349947
97349964
97349983
97349985
97350007
97350196
97350452
97350461
97350473
97350548
97350700
97350719
97350741
97350764
97350784
97352030
97352058
97352081
97352102
97352197
97352274
97352293
97352340
97352600
97352809
97352818
97352830
97352839
97352887
97352928
97352957
97352989
97353020
97354448
97354450
97354471
97354473
97354492
97354494
97354510
97354513
97354531
97354550
97354569
97354754
97354771
97354988
97355059
97355066
97355072
97355073
97355084
97355190
97472774
97472786
97472789
97472798
97472809
97472819
97473035
97473278
97473289
97473301
97473420
97473432
97473441
97473442
97473451
97473462
97473472
97474693
97474703
97474720
97474730
97474741
97474752
97474753
97474767
97474955
97474971
97475206
97475285
97475299
97475310
97475322
97475323
97475325
97475335
97475351
97476644
97476646
97476659
97476672
97476684
97476719
97476935
97476950
97477145
97477302
97477311
97477319
97477328
97477336
97477343
97477344
97477351
97477352
97477517
97478224
97478250
97478418
97478522
97478531
97478538
97478583
97478584
97478586
97478593
97478599
97478600
97478601
97478605
97478616
97478617
97478624
97478647
97478850
97479731
97479737
97479745
97479754
97479761
97479866
97480120
97480129
97480143
97480259
97480274
97480275
97480285
97480286
97480294
97480299
97480300
97481365
97481405
97481406
97481407
97481418
97481420
97481426
97481434
97481444
97481452
97481480
97481488
97481702
97481912
97481978
97482000
97482007
97482008
97482021
97482626
97482628
97482803
97483059
97483175
97483184
97483186
97483195
97483196
97483208
97483220
97483238
97483254
97483336
97483587
97483748
97483789
97483797
97483810
97484690
97484706
97484944
97485019
97485033
97485049
97485066
97485067
97485076
97485086
97485101
97485102
97485105
97485245
97485507
97485621
97485636
97485646
97485651
97486857
97486912
97486925
97486928
97486929
97486937
97486946
97486955
97486962
97486972
97487146
97487402
97487510
97487529
97487544
97487545
97487546
97487548
97488271
97488283
97488529
97488689
97488724
97488740
97488752
97488764
97488765
97488774
97488781
97488808
97489025
97489235
97489305
97489313
97489327
97489328
97489341
97490545
97490561
97490577
97490598
97490620
97490811
97491053
97491155
97491171
97491178
97491186
97491199
97491210
97491211
97491224
97491324
97491575
97491720
97491740
97492370
97492559
97492789
97492870
97492877
97492878
97492887
97492896
97492905
97492913
97492915
97492924
97493050
97493065
97493317
97493436
97493449
97493458
97494111
97494149
97494378
97494574
97494632
97494640
97494651
97494663
97494683
97494695
97494697
97494716
97494876
97495121
97495130
97495232
97495252
97495264
97496199
97496387
97496436
97496437
97496439
97496440
97496456
97496457
97496470
97496478
97496480
97496489
97496490
97496505
97496554
97496791
97496973
97496981
97497057
97497777
97497908
97498153
97498164
97498293
97498313
97498327
97498328
97498338
97498348
97498367
97498374
97498376
97498449
97498458
97498715
97498876
97498908
97498919
97499546
97499570
97499576
97499786
97500006
97500073
97500075
97500084
97500092
97500103
97500117
97500130
97500131
97500139
97500291
97500534
97500546
97500650
97500662
97501860
97501873
97501883
97501899
97501910
97501921
97501929
97501930
97502086
97502335
97502347
97502449
97502468
97502482
97502483
97502486
97502494
97502507
97502518
97503682
97503683
97503695
97503706
97503725
97503738
97503742
97503774
97503991
97504207
97504279
97504290
97504304
97504317
97504328
97504340
97504341
97504353
97504509
97505510
97505517
97505526
97505546
97505554
97505763
97505977
97506037
97506049
97506057
97506064
97506074
97506082
97506083
97506090
97506228
97506473
97506585
97506588
97507213
97507427
97507635
97507696
97507704
97507715
97507722
97507731
97507740
97507747
97507904
97508148
97508269
97508272
97508289
97508295
97508303
97508309
97508315
97509450
97509453
97509462
97509477
97509478
97509487
97509488
97509489
97509500
97509523
97509529
97509539
97509547
97509778
97509975
97510034
97510045
97510054
97510065
97510682
97510846
97510862
97511085
97511196
97511201
97511206
97511218
97511231
97511233
97511234
97511242
97511250
97511257
97511266
97511386
97511666
97511798
97511803
97512399
97512405
97512413
97512419
97512508
97512523
97512538
97512785
97512915
97512933
97512935
97512942
97512948
97512954
97512963
97512966
97512974
97513027
97513269
97514071
97514073
97514080
97514087
97514232
97514244
97514486
97514586
97514596
97514603
97514609
97514610
97514616
97514622
97514630
97514707
97514964
97515145
97515174
97515911
97515912
97515913
97515927
97516107
97516349
97516355
97516365
97516461
97516496
97516533
97516561
97516606
97516647
97516682
97516807
97517027
97517174
97518209
97518215
97518276
97518530
97518758
97518859
97518893
97518945
97518982
97519017
97519019
97519063
97519110
97519300
97519594
97519609
97519727
97519771
97519820
97520976
97521258
97521458
97521520
97521555
97521562
97521597
97521643
97521674
97521721
97521768
97522005
97522263
97522274
97522280
97522394
97522439
97522442
97522480
97523672
97523688
97523701
97523977
97649645
97649651
97649677
97649889
97650094
97650151
97650155
97650162
97650171
97650180
97650188
97650196
97650203
97650209
97650378
97650614
97650707
97650711
97650721
97651753
97651759
97651807
97651812
97651821
97651822
97651823
97651829
97651840
97651856
97651870
97652046
97652289
97652369
97652376
97652377
97652381
97652385
97652966
97652970
97652971
97652976
97653091
97653340
97653471
97653488
97653496
97653498
97653505
97653509
97653517
97653518
97653525
97653579
97653823
97654005
97654645
97654654
97654772
97654787
97655031
97655155
97655157
97655161
97655170
97655180
97655199
97655206
97655213
97655214
97655220
97655300
97655306
97655320
97655574
97656372
97656374
97656548
97656800
97656882
97656886
97656893
97656900
97656906
97656910
97656914
97656984
97657228
97657238
97657395
97657416
97657421
97657427
97657432
97658478
97658484
97658487
97658494
97658495
97658503
97658508
97658571
97658820
97658985
97658993
97659015
97659016
97659017
97659019
97659021
97659025
97659031
97659038
97660098
97660171
97660173
97660174
97660184
97660185
97660194
97660201
97660206
97660210
97660216
97660388
97660638
97660722
97660729
97660731
97660732
97660740
97660742
97661437
97661691
97661860
97661889
97661903
97661911
97661920
97661921
97661932
97661942
97661971
97662181
97662395
97662458
97662459
97662474
97662481
97662490
97662502
97663608
97663666
97663670
97663691
97663692
97663693
97663700
97663701
97663702
97663707
97663713
97663715
97663716
97663721
97663836
97663850
97663867
97664106
97664217
97664790
97664791
97664801
97664808
97664812
97664818
97664823
97664927
97664947
97665186
97665200
97665317
97665331
97665340
97665347
97665348
97665353
97665359
97665368
97666495
97666502
97666508
97666516
97666522
97666523
97666525
97666702
97666942
97667029
97667030
97667038
97667053
97667062
97667065
97667073
97667080
97667093
97667206
97668275
97668291
97668293
97668307
97668342
97668561
97668778
97668847
97668848
97668857
97668858
97668870
97668871
97668873
97668875
97668886
97668887
97668895
97668910
97669786
97670021
97670028
97670035
97670040
97670092
97670105
97670118
97670132
97670145
97670157
97670159
97670160
97670184
97670378
97670395
97670413
97670570
97670704
97671477
97671714
97671860
97671886
97671892
97671899
97671906
97671912
97671914
97671922
97671924
97671967
97672200
97672220
97672237
97672249
97672415
97672456
97672466
97673252
97673513
97673632
97673669
97673680
97673689
97673714
97673723
97673724
97673759
97673831
97674082
97674245
97674305
97674315
97674317
97674330
97674343
97674356
97675417
97675497
97675508
97675517
97675528
97675538
97675554
97675569
97675570
97675679
97675937
97675953
97676082
97676117
97676132
97676142
97676143
97676152
97676167
97677342
97677344
97677352
97677360
97677370
97677371
97677382
97677394
97677548
97677789
97677907
97677909
97677911
97677920
97677926
97677931
97677937
97677939
97677945
97679108
97679118
97679125
97679130
97679132
97679143
97679339
97679565
97679576
97679686
97679711
97679734
97679752
97679760
97679768
97679769
97679775
97679776
97679889
97680950
97680955
97680985
97681211
97681411
97681468
97681470
97681472
97681473
97681474
97681475
97681486
97681492
97681501
97681510
97681525
97681543
97681741
97681975
97682680
97682681
97682697
97682699
97682768
97682778
97682791
97683037
97683191
97683228
97683239
97683248
97683259
97683261
97683262
97683272
97683279
97683318
97683551
97684448
97684458
97684466
97684475
97684620
97684637
97684652
97684877
97684996
97685007
97685014
97685015
97685016
97685017
97685024
97685030
97685036
97685043
97685158
97686166
97686171
97686340
97686569
97686671
97686680
97686687
97686689
97686698
97686703
97686708
97686717
97686798
97686957
97687079
97687096
97687223
97687225
97687322
97688754
97688790
97688995
97689207
97689272
97689281
97689290
97689299
97689302
97689304
97689314
97689319
97689328
97689474
97689721
97689732
97689830
97689842
97690726
97690935
97690992
97691003
97691014
97691024
97691036
97691049
97691050
97691055
97691058
97691060
97691072
97691260
97691503
97691511
97691582
97691584
97692272
97692343
97692598
97692766
97692802
97692813
97692815
97692825
97692836
97692846
97692852
97692872
97693071
97693297
97693370
97693377
97693383
97693384
97694546
97694561
97694571
97694583
97694585
97694593
97694595
97694596
97694629
97694849
