100751832
100751839
100751880
100751886
100751919
100751930
100751942
100751952
100751959
100751960
100751985
100751991
100752208
100752421
100752535
100752582
100752597
100752608
100752615
100753800
100753804
100753832
100753861
100753870
100753876
100753901
100754106
100754339
100754430
100754433
100754435
100754458
100754465
100754470
100754474
100754478
100754486
100754487
100755715
100755716
100755724
100755726
100755733
100755738
100755812
100756076
100756261
100756316
100756343
100756344
100756352
100756361
100756368
100756369
100756378
100756410
100756414
100757664
100757672
100757759
100757771
100758025
100758168
100758187
100758215
100758224
100758243
100758349
100758599
100758804
100758899
100758921
100758923
100758930
100758942
100758944
100759707
100759879
100760099
100760209
100760223
100760234
100760240
100760259
100760286
100760289
100760313
100760418
100760680
100760841
100760844
100760848
100760876
100760885
100760889
100762114
100762115
100762134
100762160
100762188
100762216
100762318
100762586
100762764
100762791
100762800
100762802
100762807
100762814
100762821
100762825
100762826
100762855
100763091
100764164
100764169
100764171
100764272
100764525
100764669
100764685
100764692
100764699
100764702
100764704
100764705
100764732
100764734
100764773
100764775
100764810
100764906
100765168
100766110
100766115
100766262
100766281
100766519
100766616
100766657
100766692
100766724
100766756
100766775
100766776
100766782
100766785
100766786
100766883
100767128
100767267
100767272
100768010
100768011
100768012
100768015
100768016
100768025
100768027
100768059
100768154
100768426
100768601
100768608
100768638
100768645
100768651
100768654
100768658
100768663
100768685
100769966
100769971
100770033
100770277
100770438
100770477
100770478
100770484
100770487
100770511
100770543
100770572
100770614
100770830
100770849
100771075
100771145
100771146
100771148
100771838
100771843
100771962
100772216
100772235
100772381
100772427
100772471
100772508
100772532
100772535
100772542
100772550
100772603
100772842
100772858
100773019
100773061
100773073
100774063
100774323
100774334
100774345
100774456
100774472
100774484
100774496
100774497
100774504
100774506
100774513
100774514
100774518
100774639
100774942
100775098
100775151
100775188
100925087
100925089
100925111
100925115
100925134
100925164
100925378
100925635
100925744
100925747
100925779
100925814
100925848
100925850
100925882
100925917
100925952
100926117
100926372
100927336
100927357
100927404
100927649
100927860
100927914
100927937
100927958
100927960
100927979
100927999
100928018
100928021
100928041
100928225
100928478
100928493
100928501
100928595
100929568
100929580
100929591
100929870
100930045
100930091
100930114
100930136
100930138
100930160
100930186
100930207
100930248
100930256
100930268
100930518
100930713
100930770
100930773
100932078
100932230
100932260
100932262
100932282
100932310
100932330
100932335
100932353
100932355
100932434
100932446
100932570
100932832
100932845
100933022
100933030
100933070
100933097
100933965
100934170
100934438
100934557
100934613
100934667
100934702
100934739
100934774
100934810
100934933
100934948
100935218
100935228
100935375
100935419
100935475
100935532
100935588
100937608
100937613
100937668
100937724
100937784
100937926
100938227
100938436
100938521
100938588
100938657
100938719
100938787
100938855
100938951
100938962
100939233
100939483
100939593
100941747
100941814
100941821
100941884
100941949
100942013
100942077
100942158
100942412
100942689
100942700
100942818
100942884
100942947
100943009
100943069
100943127
100943188
100943192
100945323
100945391
100945632
100945653
100945933
100946062
100946069
100946129
100946193
100946255
100946320
100946378
100946440
100946616
100946946
100946963
100947132
100947198
100947261
100949512
100949574
100949579
100949584
100949588
100949592
100949653
100949711
100949715
100949777
100949974
100950257
100950416
100950481
100950537
100950594
100950651
100950711
100950765
100952686
100952757
100952823
100952887
100952892
100952948
100953159
100953431
100953591
100953599
100953679
100953736
100953741
100953797
100953856
100953921
100953924
100953982
100953987
100955991
100955995
100956002
100956068
100956135
100956233
100956243
100956532
100956795
100956804
100956921
100956994
100957063
100957137
100957211
100957278
100957341
100957564
100957584
100959170
100959241
100959308
100959372
100959376
100959441
100959502
100959663
100959981
100960182
100960188
100960193
100960199
100960264
100960320
100960323
100960377
100960434
100960439
100962649
100962724
100962729
100962733
100962795
100962860
100963089
100963117
100963386
100963397
100963527
100963532
100963536
100963541
100963602
100963669
100963733
100963809
100963870
100965538
100965557
100965571
100965711
100965773
100965838
100965908
100965965
100966033
100966102
100966258
100966579
100966794
100966801
100966882
100966888
100966953
100967020
100967089
100969030
100969097
100969103
100969169
100969230
100969292
100969349
100969410
100969640
100969918
100969925
100969938
100970069
100970132
100970193
100970199
100970262
100970336
100970410
100972497
100972564
100972567
100972572
100972637
100972698
100972785
100972795
100973110
100973335
100973437
100973502
100973558
100973617
100973678
100973737
100973797
100974005
100974283
100976243
100976499
100976617
100976622
100976627
100976685
100976744
100976804
100976861
100976921
100976984
100977182
100977476
100977649
100977717
100977771
100977832
100977895
100977955
100979864
100979932
100979995
100980056
100980119
100980181
100980244
100980465
100980761
100980909
100980981
100980984
100980988
100980991
100981054
100981058
100981121
100981183
100981187
100982963
100982966
100982993
100982994
100982996
100983022
100983046
100983070
100983146
100983408
100983591
100983599
100983662
100983689
100983717
100983748
100983752
100983790
100983830
100985279
100985302
100985324
100985346
100985373
100985467
100985481
100985735
100985892
100985949
100985975
100985978
100985981
100985982
100985985
100986010
100986037
100986065
100986066
100987476
100987496
100987516
100987537
100987557
100987729
100987969
100987980
100988107
100988139
100988163
100988165
100988188
100988189
100988215
100988239
100988241
100988264
100988387
100989681
100989706
100989708
100989751
100989759
100989989
100990007
100990024
100990230
100990302
100990317
100990332
100990346
100990348
100990349
100990350
100990352
100990363
100990379
100990971
100990983
100991027
100991265
100991455
100991466
100991506
100991516
100991519
100991520
100991531
100991540
100991552
100991561
100991576
100991585
100991795
100992015
100992094
100993004
100993287
100993454
100993503
100993517
100993531
100993547
100993561
100993574
100993576
100993579
100993608
100993826
100993842
100994035
100994128
100994159
100994175
100994190
100995289
100995327
100995329
100995356
100995379
100995402
100995429
100995455
100995505
100995752
100995962
100996034
100996048
100996049
100996051
100996066
100996084
100996098
100996099
101330742
101330754
101330856
101330872
101331114
101331130
101331251
101331271
101331277
101331284
101331291
101331297
101331298
101331304
101331371
101331640
101331810
101331852
101331864
101333189
101333193
101333205
101333206
101333209
101333223
101333231
101333241
101333250
101333260
101333261
101333263
101333366
101333378
101333625
101333770
101333792
101333805
101333815
101335000
101335020
101335043
101335068
101335090
101335091
101335115
101335231
101335496
101335667
101335700
101335702
101335710
101335711
101335721
101335729
101335730
101335742
101335743
101336879
101336880
101336881
101336887
101336894
101337018
101337256
101337386
101337421
101337426
101337433
101337438
101337446
101337451
101337452
101337500
101337740
101337754
101337935
101338647
101338653
101338796
101338811
101339058
101339069
101339192
101339202
101339209
101339210
101339220
101339226
101339239
101339240
101339246
101339247
101339248
101339372
101339387
101340462
101340487
101340679
101340900
101340991
101341004
101341013
101341014
101341044
101341083
101341084
101341093
101341102
101341230
101341245
101341491
101341616
101341632
101341640
101342300
101342559
101342580
101342784
101342847
101342870
101342892
101342893
101342915
101342938
101342940
101342942
101342962
101342983
101343180
101343369
101343472
101343528
101343530
101344598
101344635
101344641
101344645
101344655
101344661
101344667
101344680
101344858
101345135
101345272
101345313
101345353
101345393
101345414
101345416
101345430
101345436
101345514
101346654
101346678
101346680
101346708
101346712
101346910
101347166
101347278
101347291
101347301
101347309
101347321
101347328
101347329
101347343
101347437
101347453
101347726
101347742
101348749
101348789
101348982
101349000
101349018
101349235
101349299
101349306
101349315
101349323
101349335
101349353
101349355
101349388
101349548
101349804
101349946
101349953
101349999
101350787
101350790
101350794
101350865
101351120
101351281
101351287
101351388
101351422
101351444
101351446
101351464
101351475
101351477
101351479
101351481
101351510
101351512
101351575
101352795
101352799
101352886
101352902
101353151
101353165
101353292
101353306
101353307
101353308
101353319
101353337
101353345
101353363
101353364
101353385
101353456
101353731
101353926
101354814
101354943
101355182
101355199
101355312
101355329
101355335
101355341
101355347
101355367
101355395
101355468
101355728
101355938
101355990
101356000
101356007
101356021
101356042
101357321
101357335
101357345
101357374
101357408
101357438
101357461
101357537
101357804
101357988
101358025
101358037
101358044
101358052
101358063
101358073
101358084
101358091
101358296
101359622
101359849
101360051
101360106
101360114
101360123
101360124
101360129
101360138
101360145
101360174
101360337
101360603
101360742
101360770
101360774
101360780
101360784
101360790
101362096
101362100
101362106
101362132
101362158
101362183
101362209
101362378
101362674
101362789
101362800
101362812
101362818
101362819
101362823
101362824
101362832
101362838
101362909
101364106
101364135
101364152
101364159
101364170
101364179
101364217
101364225
101364462
101364476
101364699
101364768
101364770
101364784
101364802
101364821
101364850
101364893
101364895
101366014
101366147
101366153
101366175
101366176
101366185
101366194
101366196
101366208
101366233
101366258
101366379
101366657
101366829
101366846
101366848
101366854
101366891
101366892
101368229
101368231
101368258
101368284
101368313
101368315
101368433
101368684
101368832
101368857
101368874
101368898
101368910
101368923
101368926
101368938
101368997
101369006
101369264
101370313
101370351
101370373
101370375
101370526
101370544
101370560
101370577
101370811
101370904
101370916
101370917
101370924
101370931
101370952
101370978
101371036
101371039
101371043
101372304
101372306
101372314
101372326
101372346
101372543
101372778
101372883
101372932
101372981
101373027
101373032
101373073
101373094
101373119
101373234
101373253
101373501
101373636
101374445
101374453
101374463
101374471
101374483
101374741
101374951
101375013
101375022
101375031
101375033
101375068
101375078
101375079
101375090
101375103
101375289
101375544
101375652
101376495
101376748
101376956
101377003
101377010
101377018
101377040
101377073
101377105
101377122
101377270
101377510
101377614
101377653
101377656
101377658
101377678
101377683
101377688
101378370
101378371
101378483
101378761
101378775
101378966
101378975
101378983
101379030
101379050
101379069
101379086
101379112
101379143
101379199
101379211
101379453
101379625
101379659
101380455
101380592
101380841
101380962
101380982
101381017
101381035
101381042
101381049
101381050
101381060
101381062
101381168
101381461
101381640
101381653
101381697
101381717
101381738
101382419
101382422
101382461
101382495
101382532
101382764
101382967
101383020
101383044
101383049
101383050
101383057
101383058
101383069
101383092
101383123
101383309
101383561
101383568
101384454
101384468
101384493
101384505
101384570
101384580
101384830
101385000
101385009
101385018
101385060
101385094
101385137
101385148
101385165
101385175
101385176
101385177
101385227
101386427
101386439
101386485
101386505
101386634
101386647
101386934
101387082
101387133
101387181
101387185
101387219
101387228
101387240
101387247
101387248
101387321
101387585
101387752
101389017
101389132
101389136
101389151
101389162
101389172
101389198
101389200
101389239
101389249
101389326
101389576
101389743
101389792
101389794
101389827
101389861
101389879
101389899
101391228
101391229
101391240
101391266
101391298
101391301
101391315
101391323
101391329
101391330
101391448
101391716
101391733
101391747
101391876
101391908
101391918
101391923
101391928
101393117
101393205
101393208
101393226
101393233
101393235
101393239
101393240
101393241
101393259
101393289
101393320
101393328
101393533
101393757
101393827
101393834
101393836
101393838
101394644
101394655
101394901
101394913
101395084
101395115
101395141
101395179
101395217
101395239
101395241
101395262
101395308
101395556
101395799
101395871
101395890
101395891
101395892
101397048
101397211
101397248
101397260
101397270
101397282
101397284
101397304
101397336
101397385
101397621
101397813
101397876
101397906
101397949
101397990
101398016
101398040
101398065
101399361
101399386
101399398
101399408
101399415
101399434
101399497
101399755
101399962
101400027
101400036
101400037
101400042
101400043
101400051
101400052
101400075
101400076
101400083
101401435
101401464
101401466
101401496
101401561
101401805
101401965
101402012
101402031
101402035
101402036
101402044
101402049
101537565
101537854
101538069
101538158
101538191
101538219
101538223
101538263
101538288
101538289
101538306
101538325
101538332
101538526
101538543
101538796
101538907
101538951
101538955
101539728
101539773
101539777
101539831
101539835
101539881
101539943
101540198
101541546
101541550
101541571
101541572
101541575
101541578
101541581
101541583
101541586
101541622
101541630
101541637
101541647
101541895
101542113
101542198
101542270
101542272
101542309
101543330
101543608
101543748
101543802
101543851
101543891
101543895
101543897
101543942
101543995
101544000
101544067
101544208
101544504
101544689
101544727
101544748
101544769
101544788
101545871
101546116
101546231
101546234
101546238
101546282
101546302
101546325
101546327
101546329
101546330
101546332
101546353
101546387
101546432
101546649
101546913
101546928
101547019
101548256
101548534
101548759
101548814
101548841
101548885
101548890
101548964
101549048
101549097
101549122
101549318
101549569
101549581
101549597
101549687
101549706
101549728
101549730
101550641
101550786
101550808
101551102
101551274
101551284
101551355
101551398
101551439
101551479
101551534
101551539
101551543
101551597
101551599
101551692
101551705
101551966
101552119
101553151
101553193
101553399
101553645
101553745
101553772
101553815
101553844
101553846
101553869
101553889
101553915
101554043
101554338
101554358
101554558
101554567
101554639
101554682
101556136
101556146
101556245
101556268
101556289
101556329
101556331
101556378
101556380
101556383
101556426
101556445
101556594
101556847
101556862
101556986
101556989
101556993
101556996
101558223
101558491
101558689
101558762
101558764
101558803
101558821
101558838
101558854
101558857
101558879
101558930
101558939
101559168
101559383
101559462
101559464
101559499
101559501
101561113
101561157
101561163
101561168
101561230
101561232
101561268
101561297
101561324
101561424
101561712
101561724
101561913
101561984
101562022
101562023
101562040
101562043
101562060
101563461
101563488
101563510
101563534
101563581
101563628
101563633
101563661
101563805
101563822
101564085
101564205
101564248
101564284
101564304
101564331
101564361
101564402
101564405
101566121
101566148
101566294
101566587
101566744
101566776
101566800
101566803
101566846
101566887
101566890
101566939
101566942
101566947
101566976
101567065
101567078
101567334
101567490
101568680
101568701
101568891
101569150
101569259
101569305
101569342
101569343
101569362
101569381
101569401
101569431
101569546
101569823
101569982
101569987
101570022
101570025
101570045
101774046
101774193
101774215
101774290
101774620
101774833
101774930
101775006
101775065
101775125
101775181
101775243
101775368
101775383
101775406
101775423
101775774
101775955
101776042
101778360
101778539
101778650
101778753
101778839
101778935
101778940
101779007
101779113
101779392
101779416
101779439
101779749
101779912
101779993
101780055
101780086
101780110
101780116
101781399
101781540
101781566
101781591
101781633
101781686
101781745
101781749
101781807
101781913
101782190
101782237
101782409
101782466
101782517
101782565
101782612
101782672
101782676
101784369
101784425
101784468
101784495
101784514
101784533
101784580
101784804
101784818
101785035
101785102
101785140
101785188
101785242
101785297
101785360
101785405
101785567
101785839
101787247
101787316
101787575
101787782
101787859
101787901
101787952
101787986
101788004
101788021
101788022
101788066
101788278
101788294
101788506
101788608
101788657
101788659
101788690
101789832
101790106
101790410
101790547
101790622
101790666
101790700
101790747
101790751
101790788
101790825
101790840
101790848
101791086
101791111
101791336
101791425
101791475
101791521
101793043
101793053
101793099
101793142
101793196
101793251
101793308
101793313
101793381
101793504
101793853
101794095
101794107
101794215
101794258
101794293
101794322
101794355
101794386
101795835
101795877
101795916
101795955
101795959
101795999
101796115
101796372
101796542
101796550
101796591
101796633
101796636
101796667
101796669
101796698
101796734
101796788
101796866
101798597
101798622
101798640
101798641
101798657
101798819
101799084
101799230
101799296
101799298
101799346
101799401
101799439
101799442
101799488
101799517
101799519
101799618
101799878
101801327
101801392
101801602
101801894
101801908
101802047
101802096
101802121
101802123
101802143
101802145
101802147
101802167
101802189
101802211
101802338
101802607
101802622
101802638
101803663
101803692
101803752
101804035
101804056
101804077
101804265
101804348
101804394
101804397
101804438
101804481
101804523
101804570
101804572
101804617
101804840
101804857
101804879
101806025
101806027
101806028
101806030
101806032
101806052
101806068
101806087
101806089
101806090
101806092
101806095
101806134
101806353
101806573
101806585
101806594
101806599
101806609
101807511
101807560
101807614
101807665
101807720
101807948
101808197
101808213
101808307
101808347
101808376
101808406
101808434
101808460
101808479
101808598
101808893
101809046
101809076
101810091
101810337
101810346
101810450
101810454
101810496
101810500
101810504
101810550
101810592
101810635
101810682
101810744
101810756
101810976
101810998
101811254
101811378
101811380
101812424
101812435
101812702
101812884
101812932
101812955
101812982
101813006
101813036
101813057
101813090
101813329
101813347
101813365
101813604
101813613
101813700
101813734
101813775
101815435
101815477
101815478
101815496
101815499
101815515
101815534
101815551
101815573
101815620
101815853
101816069
101816138
101816162
101816165
101816184
101816205
101816226
101816247
101817832
101817886
101817891
101817895
101817945
101817979
101928255
101986349
101986360
101986378
101986576
101986590
101986829
101986901
101986925
101986968
101986972
101986976
101986980
101986984
101987029
101987081
101987130
101987175
101987343
101987581
101988563
101988785
101988980
101989054
101989056
101989059
101989061
101989073
101989089
101989122
101989153
101989156
101989191
101989246
101989504
101989735
101989803
101989829
101989832
101990644
101990653
101990798
101990812
101991066
101991193
101991234
101991276
101991314
101991351
101991354
101991363
101991365
101991366
101991379
101991481
101991734
101991750
101991877
101992754
101992776
101992816
101992860
101992862
101992941
101993201
101993410
101993468
101993469
101993480
101993495
101993503
101993513
101993521
101993534
101993545
101993559
101993790
101994830
101994862
101994879
101994887
101995050
101995065
101995312
101995404
101995417
101995423
101995430
101995462
101995501
101995541
101995648
101995915
101996089
101996129
101996132
101997486
101997523
101997527
101997560
101997589
101997598
101997605
101997612
101997614
101997692
101997943
101998111
101998140
101998143
101998175
101998207
101998210
101998241
101998244
101998944
101999012
101999268
101999288
101999497
101999541
101999575
101999584
101999593
101999604
101999614
101999625
101999630
101999835
102000110
102000216
102000257
102000286
102000301
102001519
102001565
102001570
102001580
102001587
102001601
102001634
102001667
102001851
102001870
102002129
102002208
102002229
102002234
102002242
102002243
102002250
102002251
102002257
102003531
102003564
102003588
102003598
102003599
102003618
102003806
102004033
102004111
102004122
102004128
102004155
102004188
102004222
102004225
102004254
102004371
102004653
102004796
102005556
102005558
102005576
102005577
102005578
102005579
102005627
102005880
102006098
102006162
102006201
102006215
102006228
102006236
102006237
102006243
102006249
102006254
102006433
102007596
102007600
102007655
102007891
102008070
102008138
102008149
102008163
102008170
102008180
102008211
102008214
102008248
102008461
102008731
102008837
102008839
102008853
102008863
102009908
102009921
102010103
102010159
102010191
102010222
102010245
102010251
102010258
102010265
102010441
102010672
102010762
102010763
102010772
102010795
102010827
102010858
102010896
102012111
102012116
102012122
102012128
102012133
102012162
102012172
102012412
102012435
102012687
102012773
102012798
102012807
102012819
102012820
102012832
102012833
102012834
102012835
102014078
102014113
102014148
102014185
102014217
102014263
102014272
102014512
102014695
102014738
102014744
102014753
102014763
102014792
102014825
102014858
102015063
102015329
102015441
102016265
102016276
102016518
102016731
102016794
102016835
102016868
102016871
102016908
102016925
102016933
102016946
102017131
102017356
102017367
102017379
102017393
102017474
102017505
102018414
102018692
102018858
102018878
102018885
102018887
102018893
102018906
102018919
102018932
102018933
102018973
102019219
102019240
102019470
102019554
102019596
102019599
102019609
102155932
102155941
102155942
102155987
102155997
102156250
102156443
102156537
102156584
102156588
102156598
102156600
102156608
102156711
102156716
102156750
102156788
102156978
102157205
102158187
102158199
102158213
102158485
102158746
102158758
102158800
102158801
102158803
102158811
102158812
102158830
102158857
102158870
102158872
102158882
102158883
102158962
102159204
102160150
102160312
102160315
102160355
102160420
102160656
102160870
102160941
102160944
102160969
102160993
102161000
102161017
102161022
102161039
102161216
102161235
102161493
102161605
102162600
102162839
102162855
102163021
102163056
102163082
102163100
102163119
102163138
102163165
102163222
102163470
102163486
102163697
102163807
102163813
102163834
102163835
102163843
102164865
102165104
102165222
102165238
102165249
102165260
102165264
102165276
102165306
102165334
102165433
102165744
102166005
102166038
102166039
102166050
102166055
102166061
102166078
102167366
102167372
102167375
102167380
102167422
102167456
102167482
102167508
102167678
102167936
102167946
102168039
102168049
102168052
102168057
102168073
102168074
102168078
102168084
102169419
102169448
102169484
102169527
102169535
102169544
102169771
102170028
102170106
102170108
102170119
102170130
102170132
102170133
102170141
102170143
102170168
102170178
102170188
102171393
102171402
102171428
102171456
102171487
102171490
102171582
102171595
102171872
102171885
102172028
102172034
102172059
102172079
102172103
102172141
102172162
102172178
102172229
102173524
102173552
102173669
102173918
102174063
102174069
102174087
102174099
102174125
102174142
102174144
102174150
102174158
102174204
102174448
102174647
102174720
102174756
102174792
102176074
102176089
102176097
102176115
102176118
102176125
102176131
102176134
102176139
102176216
102176233
102176530
102176703
102176743
102176768
102176789
102176791
102176798
102176804
102178086
102178123
102178128
102178163
102178193
102178196
102178217
102178220
102178240
102178423
102178680
102178809
102178848
102178851
102178853
102178879
102178890
102178907
102178919
102179649
102179801
102180043
102180050
102180178
102180209
102180221
102180223
102180237
102180238
102180249
102180272
102180295
102180410
102180716
102180887
102180933
102180957
102180978
102182239
102182248
102182299
102182317
102182318
102182326
102182355
102182388
102182391
102182393
102182395
102182428
102182464
102182472
102182672
102182896
102182958
102182961
102182976
102183816
102183950
102184202
102184212
102184326
102184353
102184381
102184410
102184438
102184459
102184460
102184465
102184540
102184553
102184575
102184594
102184866
102185017
102185038
102185780
102185826
102186065
102186293
102186374
102186419
102186461
102186488
102186508
102186528
102186542
102186704
102186946
102187057
102187068
102187086
102187116
102187144
102187146
102188436
102188445
102188454
102188455
102188465
102188479
102188481
102188502
102188510
102188517
102188755
102188995
102189072
102189114
102189154
102189193
102189235
102189238
102189271
102190456
102190458
102190477
102190484
102190488
102190519
102190746
102190958
102190964
102191032
102191057
102191069
102191075
102191084
102191089
102191111
102191295
102191540
102191637
102191851
102192338
102192364
102192365
102192381
102192399
102192402
102192417
102192447
102192503
102192771
102192986
102193046
102193059
102193069
102193079
102194285
102194302
102194310
102194321
102194351
102194382
102194422
102194501
102194517
102194775
102194975
102195025
102195045
102195063
102195092
102195114
102195123
102195124
102195136
102196351
102196378
102196381
102196383
102196413
102196442
102196474
102196476
102196491
102196642
102196662
102196674
102196693
102196929
102197024
102197035
102197042
102197052
102197066
102198418
102198447
102198449
102198474
102198494
102198495
102198496
102198504
102198505
102198506
102198508
102198510
102198517
102198575
102198815
102198981
102198989
102198996
102199014
102199714
102199716
102199756
102199810
102199820
102200061
102200079
102200298
102200369
102200384
102200386
102200403
102200415
102200420
102200426
102200433
102200632
102200820
102200850
102201736
102201762
102201764
102201856
102202120
102202279
102202302
102202318
102202319
102202332
102202333
102202343
102202357
102202367
102202426
102202676
102202840
102203034
102203108
102204495
102204518
102204536
102204550
102204561
102204572
102204573
102204590
102204646
102204660
102204942
102205150
102205157
102205165
102205231
102205233
102205236
102205263
102205273
102206601
102206615
102206621
102206634
102206659
102206683
102206684
102206784
102206796
102207047
102207053
102207209
102207352
102207382
102207389
102207398
102207407
102207414
102207443
102209028
102209050
102209067
102357693
102357921
102358107
102358147
102358155
102358161
102358162
102358181
102358212
102358249
102358251
102358253
102358304
102358516
102358765
102358851
102358875
102358892
102358911
102359703
102359965
102359982
102360115
102360160
102360161
102360169
102360174
102360202
102360229
102360232
102360260
102360310
102360554
102360569
102360753
102360818
102360827
102360838
102361804
102362052
102362183
102362219
102362254
102362284
102362320
102362322
102362324
102362342
102362343
102362345
102362359
102362360
102362452
102362703
102362858
102362882
102362897
102364249
102364282
102364298
102364310
102364319
102364321
102364324
102364325
102364345
102364364
102364368
102364480
102364497
102364741
102364755
102364899
102364981
102365039
102365042
102366019
102366239
102366296
102366305
102366311
102366312
102366313
102366319
102366328
102366334
102366355
102366522
102366536
102366550
102366812
102366922
102366949
102366950
102366951
102367857
102367867
102367876
102368131
102368311
102368338
102368346
102368358
102368394
102368426
102368428
102368430
102368462
102368517
102368750
102368958
102369027
102369035
102369045
102369914
102370179
102370342
102370346
102370395
102370434
102370437
102370439
102370472
102370503
102370520
102370531
102370576
102370804
102370821
102370996
102371040
102371041
102371052
102371968
102372239
102372253
102372367
102372401
102372415
102372434
102372452
102372474
102372492
102372564
102372819
102372989
102373092
102373142
102373167
102373170
102373197
102373198
102374370
102374378
102374385
102374395
102374407
102374414
102374426
102374527
102374543
102374810
102374827
102374976
102375009
102375020
102375021
102375026
102375030
102375037
102375054
102376274
102376280
102376334
102376335
102376341
102376342
102376353
102376377
102376402
102376427
102376463
102376472
102376673
102376894
102376966
102376976
102376977
102376995
102377003
102378177
102378231
102378236
102378281
102378321
102378363
102378395
102378398
102378419
102378463
102378680
102378921
102378932
102378978
102378987
102378994
102379011
102379013
102379015
102380171
102380305
102380308
102380352
102380355
102380359
102380386
102380421
102380435
102380443
102380451
102380453
102380454
102380469
102380577
102380818
102380941
102381035
102381039
102381951
102382200
102382222
102382427
102382436
102382503
102382531
102382553
102382560
102382572
102382579
102382594
102382772
102383009
102383018
102383086
102383087
102383089
102383093
102383985
102384276
102384503
102384520
102384540
102384641
102384661
102384689
102384691
102384708
102384710
102384740
102384765
102384835
102385083
102385300
102385377
102385404
102385440
102386891
102386907
102386914
102386938
102386966
102387012
102387219
102387473
102387573
102387605
102387633
102387637
102387665
102387667
102387669
102387697
102387718
102387745
102387910
102389058
102389085
102389088
102389129
102389167
102389198
102389235
102389237
102389327
102389566
102389724
102389730
102389776
102389807
102389824
102389833
102389845
102389847
102389848
102391176
102391202
102391219
102391228
102391306
102391322
102391577
102391717
102391723
102391725
102391747
102391755
102391776
102391808
102391811
102391843
102391869
102391872
102391954
102570192
102570215
102570425
102570450
102570466
102570727
102570813
102570815
102570817
102570828
102570844
102570849
102570855
102570884
102570916
102571037
102571269
102571396
102571449
102572200
102572232
102572288
102572515
102572716
102572723
102572772
102572776
102572778
102572779
102572781
102572797
102572799
102572830
102572833
102572859
102572860
102572873
102572875
102573657
102573661
102573664
102573787
102573802
102573817
102574081
102574224
102574228
102574246
102574249
102574258
102574278
102574310
102574337
102574367
102574417
102574428
102574690
102575854
102575873
102575886
102576073
102576084
102576094
102576103
102576270
102576279
102576336
102576385
102576390
102576427
102576431
102576469
102576486
102576490
102576509
102576512
102577715
102577740
102577766
102577772
102577852
102578093
102578241
102578313
102578359
102578388
102578396
102578402
102578429
102578696
102578709
102578949
102579020
102579043
102579060
102579855
102580077
102580098
102580114
102580324
102580424
102580450
102580459
102580467
102580479
102580480
102580504
102580532
102580699
102580945
102581048
102581049
102581067
102581102
102582467
102582486
102582516
102582559
102582582
102582604
102582741
102582765
102582784
102583033
102583168
102583201
102583230
102583241
102583251
102583258
102583358
102583691
102583705
102584533
102584537
102584538
102584539
102584560
102584562
102584675
102584951
102584968
102584986
102585127
102585155
102585174
102585195
102585230
102585233
102585237
102585239
102585280
102586460
102586467
102586490
102586516
102586542
102586700
102586949
102586961
102587075
102587093
102587120
102587147
102587154
102587162
102587174
102587250
102587262
102587276
102587554
102588519
102588538
102588547
102588548
102588556
102588579
102588791
102589029
102589041
102589046
102589126
102589138
102589148
102589161
102589162
102589163
102589174
102589202
102589231
102590585
102590612
102590615
102590669
102590888
102591128
102591133
102591183
102591209
102591214
102591249
102591252
102591280
102591301
102591302
102591309
102591310
102591311
102591339
102592646
102592650
102592663
102592676
102592756
102593026
102593044
102593063
102593077
102593229
102593258
102593265
102593279
102593284
102593286
102593326
102593361
102593365
102593449
102594649
102594659
102594685
102594715
102594717
102594910
102595154
102595263
102595279
102595298
102595299
102595330
102595332
102595352
102595362
102595374
102595375
102595465
102595728
102596737
102596741
102596901
102597150
102597273
102597299
102597324
102597329
102597333
102597339
102597351
102597434
102597704
102597896
102597902
102597944
102597960
102597966
102597974
102599347
102599382
102599389
102599390
102599396
102599403
102599404
102599416
102599516
102599529
102599545
102599561
102599575
102599594
102599608
102599846
102599946
102600000
102600018
102600056
102601198
102601204
102601210
102601248
102601253
102601256
102601265
102601293
102601319
102601332
102601502
102601736
102601830
102601858
102601884
102601886
102601913
102601915
102601917
102769470
102769525
102769767
102769787
102769805
102769823
102770001
102770012
102770016
102770048
102770050
102770051
102770059
102770066
102770067
102770078
102770079
102770090
102770095
102771416
102771430
102771438
102771439
102771446
102771564
102771812
102771947
102771961
102771975
102771979
102771982
102772013
102772016
102772020
102772050
102772052
102772083
102772086
102773375
102773384
102773393
102773394
102773402
102773407
102773430
102773630
102773870
102773958
102773961
102773964
102773967
102774001
102774032
102774043
102774051
102774057
102774064
102775226
102775228
102775234
102775256
102775284
102775315
102775385
102775627
102775801
102775846
102775849
102775851
102775852
102775854
102775855
102775864
102775870
102775876
102775881
102776815
102777023
102777097
102777125
102777128
102777154
102777189
102777191
102777222
102777224
102777240
102777241
102777250
102777430
102777446
102777462
102777685
102777750
102777751
102778961
102779150
102779232
102779263
102779289
102779317
102779346
102779377
102779417
102779630
102779882
102779989
102780030
102780064
102780100
102780137
102780173
102780208
102780315
102781604
102781644
102781672
102781697
102781705
102781715
102781723
102781766
102782005
102782231
102782310
102782326
102782333
102782334
102782340
102782341
102782356
102782384
102782412
102783445
102783459
102783466
102783557
102783579
102783584
102783585
102783586
102783592
102783594
102783603
102783632
102783664
102783831
102784089
102784201
102784204
102784220
102784227
102910268
102910269
102910276
102910281
102910291
102910314
102910583
102910809
102910876
102910889
102910890
102910892
102910899
102910900
102910912
102910919
102910925
102910931
102911090
102912046
102912052
102912061
102912067
102912078
102912129
102912374
102912545
102912551
102912601
102912615
102912625
102912695
102912703
102912708
102912715
102912889
102913156
102913244
102913885
102913930
102913941
102914186
102914364
102914407
102914418
102914426
102914427
102914428
102914438
102914450
102914458
102914541
102914743
102914969
102915032
102915033
102915035
102915683
102915781
102916098
102916240
102916254
102916257
102916261
102916265
102916272
102916276
102916350
102916352
102916396
102916411
102916649
102916844
102916897
102916905
102916914
102917497
102917661
102917907
102918006
102918007
102918009
102918017
102918028
102918031
102918040
102918050
102918051
102918052
102918063
102918073
102918210
102918227
102918476
102918580
102919742
102919756
102919767
102919777
102919779
102919780
102919795
102919812
102919819
102919935
102920214
102920348
102920369
102920370
102920379
102920387
102920396
102920403
102920409
102921568
102921574
102921578
102921586
102921694
102921709
102921956
102922083
102922099
102922100
102922111
102922122
102922128
102922134
102922135
102922144
102922145
102922219
102922229
102923233
102923235
102923241
102923260
102923261
102923262
102923269
102923278
102923330
102923581
102923598
102923768
102923837
102923857
102923866
102923875
102923882
102923883
102923891
102925032
102925044
102925045
102925056
102925069
102925084
102925167
102925415
102925579
102925617
102925629
102925640
102925651
102925664
102925665
102925667
102925668
102925677
102925722
102926849
102926875
102926876
102926879
102926895
102926909
102926917
102926918
102926926
102926958
102927198
102927417
102927424
102927493
102927510
102927511
102927521
102927536
102927537
102928632
102928741
102928758
102928760
102928768
102928778
102928788
102928798
102928800
102928808
102928889
102929140
102929290
102929318
102929320
102929327
102929344
102929361
102929373
102930518
102930520
102930527
102930538
102930540
102930550
102930659
102930804
102931065
102931177
102931218
102931235
102931247
102931307
102931317
102931326
102931376
102931617
102931801
103110834
103110984
103111238
103111375
103111388
103111397
103111403
103111410
103111428
103111472
103111586
103112043
103112239
103112324
103112378
103112416
103112451
103112455
103112486
103113969
103114048
103114057
103114262
103114318
103114322
103114327
103114374
103114377
103114413
103114417
103114453
103114599
103114884
103115044
103115084
103115089
103115092
103115123
103116378
103116646
103116743
103116797
103116837
103116885
103116912
103116914
103116951
103116982
103117165
103117178
103117193
103117454
103117465
103117593
103117649
103117700
103117703
103119145
103119220
103119222
103119226
103119292
103119317
103119343
103119345
103119378
103119415
103119489
103119495
103119780
103120023
103120030
103120114
103120158
103120337
103120435
103121561
103121715
103121990
103122129
103122161
103122208
103122258
103122297
103122318
103122339
103122401
103122667
103122923
103123151
103123184
103123205
103123208
103123209
103123245
103124936
103124957
103124959
103124997
103125000
103125004
103125008
103125047
103125071
103125171
103125187
103125446
103125601
103125657
103125696
103125716
103125732
103125750
103125752
103127204
103127304
103127340
103127357
103127377
103127379
103127410
103127460
103127462
103127465
103127528
103127540
103127876
103128091
103128182
103128186
103128188
103128235
103128291
103129330
103129499
103129755
103129771
103129872
103129920
103129965
103130004
103130024
103130026
103130027
103130046
103130065
103130187
103130205
103130492
103130512
103130659
103130695
103131957
103132200
103132218
103132474
103132555
103132579
103132581
103132605
103132643
103132647
103132694
103132723
103132744
103132919
103133151
103133166
103133177
103133319
103133328
103134891
103134907
103135132
103135210
103135250
103135272
103135295
103135296
103135299
103135301
103135321
103135322
103135360
103135427
103135434
103135445
103135701
103135911
103135979
103383823
103383839
103384073
103384078
103384084
103384093
103384155
103384204
103384240
103384242
103384244
103384276
103384278
103384281
103384309
103384348
103384574
103384884
103384903
103386300
103386352
103386391
103386458
103386552
103386565
103386577
103386871
103387057
103387068
103387141
103387295
103387331
103387381
103387382
103387401
103387403
103387441
103387446
103389200
103389223
103389289
103389318
103389367
103389415
103389474
103389482
103389736
103389753
103390057
103390075
103390267
103390277
103390373
103390423
103390554
103390593
103390665
103392609
103392651
103392733
103392740
103392812
103393043
103393301
103393310
103393385
103393440
103393463
103393493
103393539
103393684
103393689
103393718
103393870
103394184
103394364
103395727
103395770
103395773
103395876
103396150
103396167
103396183
103396194
103396371
103396404
103396432
103396435
103396453
103396455
103396458
103396497
103396555
103563896
103564000
103564074
103564133
103564205
103564207
103564245
103564294
103564514
103564819
103564938
103564942
103564983
103565033
103565036
103565039
103565075
103565161
103565234
103567243
103567288
103567338
103567401
103567472
103567546
103567558
103567821
103568044
103568055
103568161
103568226
103568286
103568374
103568432
103568482
103568486
103568534
103568768
103570720
103571008
103571287
103571383
103571449
103571509
103571512
103571547
103571613
103571651
103571697
103571907
103572187
103572337
103572380
103572384
103572467
103572527
103572531
103574154
103574169
103574366
103574378
103574468
103574524
103574578
103574641
103574719
103574804
103574886
103575183
103575453
103575466
103575580
103575589
103575646
103575706
103575779
103577682
103577754
103577793
103577797
103577848
103577854
103577916
103577974
103577980
103578160
103578465
103578683
103578739
103578792
103578850
103578925
103578935
103579030
103579109
103581284
103581288
103581347
103581514
103581842
103582035
103582079
103582082
103582084
103582127
103582184
103582254
103582302
103582341
103582450
103582733
103582751
103582972
103583057
103584446
103584454
103584532
103584580
103584803
103585057
103585201
103585264
103585302
103585305
103585339
103585342
103585380
103585384
103585440
103585501
103585730
103586058
103586200
103587456
103587464
103587572
103587586
103587869
103588051
103588061
103588071
103588082
103588146
103588205
103588263
103588273
103588371
103588377
103588382
103588453
103588456
103588496
103590162
103590194
103590197
103590199
103590202
103590436
103590455
103590726
103590735
103590869
103590877
103590949
103590953
103591031
103591073
103591074
103591089
103591147
103591183
103592915
103592966
103592970
103593049
103593088
103593169
103593441
103593462
103593700
103593785
103593860
103593905
103593929
103593978
103594035
103594040
103594080
103594273
103594527
103595725
103595827
103596109
103596313
103596322
103596327
103596336
103596379
103596418
103596449
103596452
103596498
103596530
103596533
103596537
103596574
103596664
103596953
103596971
103598092
103598141
103598183
103598226
103598288
103598294
103598305
103598556
103598771
103598846
103598848
103598851
103598882
103598885
103598895
103598897
103598920
103598921
103598944
103600554
103600615
103600669
103600672
103600722
103600768
103600796
103600801
103600804
103600964
103601239
103601386
103601438
103601442
103601445
103601483
103601485
103601521
103601555
103603115
103603126
103603134
103603139
103603145
103603205
103603258
103603301
103603347
103603393
103603446
103603528
103603541
103603556
103603835
103603851
103604050
103604057
103604132
103605807
103605824
103605957
103605991
103605996
103606036
103606040
103606042
103606045
103606087
103606135
103606137
103606178
103606218
103606384
103606672
103606829
103606894
103606950
103608234
103608504
103608713
103608724
103608798
103608836
103608838
103608891
103608897
103608900
103608934
103608973
103609012
103609073
103609335
103609588
103609708
103609771
103609779
103610893
103611106
103611378
103611497
103611551
103611596
103611640
103611687
103611737
103611742
103611746
103611806
103612008
103612317
103612484
103612530
103612570
103612616
103612665
103614482
103614485
103614526
103614530
103614533
103614535
103614539
103614575
103614620
103614702
103614981
103615223
103615236
103615334
103615380
103615426
103615477
103615542
103615606
103617361
103617395
103617440
103617495
103617498
103617555
103617687
103617990
103618180
103618230
103618273
103618315
103618377
103618421
103618424
103618427
103618471
103618474
103618477
103620389
103620447
103620503
103620541
103620731
103621024
103621161
103621165
103621170
103621223
103621226
103621267
103621310
103621353
103621399
103621456
103621620
103621641
103621935
103623068
103623074
103623131
103623137
103623198
103623253
103623258
103623309
103623357
103623529
103623858
103624028
103624089
103624093
103624149
103624152
103624207
103624210
103624215
103625560
103625580
103625874
103626015
103626079
103626129
103626170
103626210
103626213
103626255
103626308
103626456
103626735
103626905
103626913
103626962
103626964
103627012
103627065
103628937
103629002
103629007
103629012
103629070
103629074
103629077
103629123
103629179
103629423
103629692
103629811
103629868
103629872
103629930
103629934
103629937
103629979
103630011
103631725
103631776
103631809
103631843
103631877
103631978
103631991
103632287
103632509
103632599
103632650
103632694
103632742
103632786
103632848
103632911
103633158
103633408
103633513
103634626
103634629
103634631
103634665
103634717
103634926
103635219
103635236
103635370
103635440
103635477
103635511
103635514
103635547
103635592
103635650
103635653
103635833
103636101
103637526
103637563
103637566
103637671
103637689
103637990
103638189
103638280
103638322
103638327
103638366
103638369
103638407
103638443
103638497
103638502
103638593
103638862
103638881
103640118
103640151
103640191
103640238
103640298
103640396
103640671
103640935
103641034
103641091
103641095
103641142
103641146
103641206
103641275
103641343
103641393
103641400
103641600
103643063
103643097
103643144
103643197
103643341
103643640
103643831
103643837
103643887
103643921
103643956
103643990
103644046
103644079
103644154
103644428
103644452
103644678
103644774
103646073
103646085
103646364
103646379
103646572
103647326
103647591
103647607
103647617
103647637
103647650
103647677
103647683
103647902
103648129
103648140
103648150
103648155
103648167
103649087
103649132
103649139
103649354
103649578
103649674
103649724
103649729
103649757
103649758
103649768
103649779
103649793
103649818
103649989
103650257
103650383
103650394
103650404
103651618
103651638
103651675
103651715
103651752
103651795
103651940
103652200
103652220
103652340
103652362
103652403
103652426
103652431
103652436
