100752627
100752634
100752636
100752774
100753019
100753141
100753178
100753198
100753203
100753204
100753210
100753217
100753230
100753292
100753529
100753696
100753700
100753764
100753798
100754654
100754891
100755007
100755040
100755043
100755073
100755075
100755099
100755104
100755113
100755114
100755120
100755247
100755505
100755682
100755685
100755698
100755708
100755709
100756638
100756836
100756910
100756948
100756963
100756971
100756980
100756990
100757000
100757135
100757150
100757166
100757379
100757491
100757502
100757555
100757583
100757612
100757641
100758950
100758952
100758958
100758960
100758974
100758981
100759183
100759440
100759451
100759548
100759552
100759556
100759594
100759620
100759623
100759652
100759654
100759685
100759700
100760899
100760903
100760910
100760942
100761186
100761408
100761479
100761505
100761532
100761561
100761563
100761588
100761592
100761596
100761748
100761987
100762090
100762105
100762107
100763108
100763339
100763348
100763419
100763449
100763472
100763492
100763499
100763500
100763504
100763514
100763698
100763933
100764011
100764035
100764066
100764099
100764131
100764163
100765355
100765395
100765407
100765415
100765416
100765422
100765432
100765439
100765457
100765680
100765919
100765928
100765935
100766032
100766068
100766089
100766091
100766096
100766102
100767318
100767327
100767328
100767330
100767345
100767377
100767380
100767410
100767413
100767416
100767419
100767450
100767549
100767787
100767934
100767941
100767987
100767990
100768003
100768908
100769140
100769238
100769271
100769305
100769324
100769328
100769332
100769336
100769337
100769466
100769703
100769718
100769731
100769828
100769841
100769876
100769909
100769938
100771149
100771157
100771162
100771163
100771170
100771174
100771185
100771216
100771220
100771417
100771434
100771691
100771705
100771800
100771815
100771822
100771826
100771828
100771834
100773077
100773080
100773116
100773119
100773156
100773192
100773226
100773264
100773480
100773689
100773759
100773769
100773779
100773788
100773791
100773802
100773838
100773871
100774048
100775209
100775218
100775219
100775228
100775235
100775236
100775293
100775304
100775549
100775709
100775761
100775800
100775805
100775835
100775838
100775841
100775874
100926525
100926562
100926589
100926611
100926612
100926614
100926638
100926660
100926680
100926766
100927035
100927216
100927222
100927254
100927272
100927274
100927293
100927296
100927316
100928629
100928661
100928690
100928693
100928723
100928753
100928784
100928919
100929197
100929347
100929374
100929397
100929417
100929438
100929458
100929482
100929484
100929544
100929556
100930793
100930816
100930836
100930852
100930870
100930891
100930898
100931097
100931346
100931354
100931453
100931490
100931523
100931570
100931572
100931606
100931641
100931674
100931802
100933124
100933147
100933171
100933198
100933200
100933245
100933251
100933265
100933519
100933714
100933797
100933826
100933852
100933878
100933902
100933904
100933906
100933930
100933933
100935642
100935694
100935780
100936058
100936078
100936312
100936405
100936410
100936467
100936531
100936589
100936653
100936713
100936780
100937012
100937297
100937433
100937494
100937547
100939651
100939713
100939772
100939833
100939894
100939957
100940154
100940450
100940611
100940616
100940710
100940775
100940835
100940899
100940963
100941018
100941138
100941448
100941648
100943391
100943692
100943880
100943948
100944028
100944093
100944161
100944237
100944303
100944405
100944693
100944918
100945013
100945018
100945073
100945135
100945138
100945199
100945260
100947324
100947384
100947447
100947507
100947623
100947928
100947947
100948167
100948289
100948366
100948435
100948510
100948582
100948655
100948722
100948955
100949231
100949385
100949450
100950770
100950888
100951188
100951201
100951407
100951486
100951491
100951546
100951610
100951666
100951721
100951780
100951868
100951879
100952168
100952422
100952433
100952549
100952619
100954157
100954453
100954628
100954715
100954780
100954840
100954846
100954906
100954966
100955030
100955134
100955428
100955668
100955676
100955688
100955781
100955787
100955856
100955923
100957863
100958008
100958013
100958073
100958077
100958137
100958141
100958145
100958203
100958266
100958271
100958278
100958342
100958408
100958628
100958913
100959079
100959162
100959167
100960498
100960562
100960694
100960988
100961183
100961306
100961385
100961455
100961518
100961523
100961526
100961590
100961660
100961755
100962040
100962305
100962437
100962509
100962578
100963873
100963878
100963883
100963962
100963973
100963982
100963990
100964262
100964512
100964631
100964702
100964769
100964829
100964834
100964895
100964958
100965034
100965236
100965523
100967151
100967205
100967322
100967338
100967354
100967376
100967678
100967693
100967710
100967889
100967970
100968032
100968097
100968160
100968224
100968286
100968388
100968678
100968914
100970485
100970678
100970989
100971188
100971275
100971281
100971356
100971431
100971497
100971561
100971628
100971632
100971750
100972050
100972274
100972281
100972371
100972429
100972434
100974298
100974464
100974534
100974593
100974650
100974719
100974790
100974856
100974987
100975297
100975311
100975526
100975614
100975682
100975755
100975811
100975868
100975923
100975994
100978014
100978123
100978137
100978439
100978645
100978745
100978800
100978804
100978810
100978872
100978938
100979009
100979081
100979086
100979175
100979474
100979498
100979739
100979753
100981190
100981244
100981308
100981515
100981795
100981953
100982030
100982098
100982160
100982215
100982219
100982280
100982339
100982456
100982714
100982890
100982895
100982903
100982942
100983877
100984108
100984331
100984450
100984495
100984498
100984526
100984530
100984555
100984579
100984605
100984627
100984780
100984802
100985070
100985077
100985207
100985254
100985277
100986090
100986173
100986432
100986441
100986605
100986654
100986678
100986711
100986742
100986773
100986776
100986807
100986810
100986814
100986879
100987135
100987342
100987433
100987455
100988648
100988814
100988848
100988871
100988893
100988896
100988917
100988938
100988940
100988941
100988964
100989035
100989318
100989501
100989561
100989592
100989622
100989654
100989655
100990407
100990411
100990418
100990423
100990654
100990670
100990853
100990865
100990918
100990919
100990920
100990921
100990933
100990934
100990936
100990937
100990949
100990958
100990959
100992118
100992139
100992175
100992179
100992206
100992229
100992256
100992399
100992667
100992683
100992815
100992820
100992837
100992838
100992855
100992870
100992887
100992916
100992930
100994207
100994208
100994222
100994233
100994234
100994391
100994634
100994739
100994748
100994749
100994755
100994756
100994760
100994767
100994775
100994776
100994782
100994870
100995125
100996116
100996132
100996309
100996330
100996350
100996369
101331923
101331929
101331930
101331939
101331948
101331966
101332167
101332181
101332398
101332515
101332550
101332579
101332597
101332616
101332633
101332635
101332652
101332795
101333056
101333828
101333841
101333843
101333854
101333856
101333908
101334153
101334336
101334381
101334392
101334402
101334412
101334422
101334436
101334446
101334623
101334857
101334960
101334998
101335751
101335808
101335818
101336062
101336207
101336279
101336304
101336313
101336319
101336326
101336332
101336347
101336536
101336770
101336847
101336858
101336865
101336871
101336878
101337980
101337998
101338018
101338037
101338054
101338074
101338096
101338103
101338108
101338319
101338539
101338611
101338618
101338624
101338629
101338630
101338631
101338632
101338637
101339622
101339750
101339767
101339768
101339779
101339785
101339792
101339800
101339810
101339865
101340114
101340129
101340302
101340354
101340377
101340398
101340417
101340419
101340440
101341648
101341649
101341658
101341671
101341673
101341684
101341687
101341690
101341776
101342029
101342182
101342218
101342227
101342236
101342246
101342248
101342256
101342257
101342264
101343548
101343557
101343567
101343572
101343583
101343684
101343928
101344072
101344076
101344084
101344088
101344096
101344101
101344108
101344113
101344119
101344124
101344173
101344412
101345764
101345911
101345940
101345941
101345954
101345980
101346007
101346033
101346070
101346073
101346107
101346112
101346335
101346521
101346626
101346634
101346641
101346648
101346653
101347912
101347960
101348000
101348003
101348043
101348083
101348087
101348098
101348107
101348156
101348167
101348414
101348584
101348625
101348627
101348636
101348657
101348684
101348717
101350001
101350022
101350030
101350037
101350040
101350041
101350049
101350059
101350144
101350388
101350580
101350625
101350652
101350656
101350657
101350684
101350712
101350714
101350748
101351587
101351857
101352053
101352058
101352102
101352109
101352114
101352122
101352132
101352138
101352139
101352152
101352341
101352585
101352685
101352712
101352737
101352766
101352789
101353937
101354007
101354049
101354069
101354079
101354085
101354089
101354113
101354300
101354563
101354650
101354672
101354700
101354703
101354734
101354737
101354739
101354765
101354791
101356063
101356081
101356252
101356519
101356531
101356546
101356661
101356704
101356708
101356744
101356774
101356798
101356800
101356801
101356809
101356810
101356818
101356962
101357208
101358588
101358686
101358717
101358747
101358784
101358787
101358807
101358828
101358849
101358958
101358976
101359246
101359396
101359427
101359452
101359478
101359510
101359543
101359571
101360791
101360793
101360795
101360803
101360812
101360899
101361152
101361312
101361361
101361392
101361433
101361437
101361479
101361518
101361538
101361581
101361815
101362026
101362032
101362921
101362935
101363208
101363225
101363382
101363432
101363458
101363461
101363490
101363494
101363523
101363525
101363528
101363557
101363582
101363643
101363904
101363915
101364074
101364899
101364922
101365112
101365366
101365461
101365488
101365490
101365492
101365518
101365551
101365573
101365581
101365582
101365583
101365593
101365717
101365735
101365747
101366000
101366906
101366922
101366931
101366972
101367206
101367410
101367485
101367524
101367560
101367598
101367624
101367626
101367644
101367662
101367849
101368106
101368193
101368203
101368210
101369470
101369542
101369544
101369569
101369587
101369596
101369605
101369612
101369613
101369637
101369826
101370053
101370149
101370180
101370221
101370224
101370267
101370269
101370312
101371179
101371447
101371579
101371602
101371604
101371608
101371618
101371634
101371642
101371649
101371651
101371658
101371719
101371991
101372190
101372258
101372284
101372292
101372301
101373651
101373661
101373688
101373690
101373694
101373728
101373762
101373797
101373800
101373802
101373901
101374155
101374318
101374345
101374353
101374363
101374372
101374381
101374402
101375685
101375722
101375736
101375744
101375750
101375751
101375756
101375840
101376101
101376116
101376269
101376300
101376303
101376348
101376389
101376392
101376416
101376432
101376457
101377690
101377691
101377693
101377698
101377730
101377870
101378140
101378154
101378282
101378286
101378299
101378312
101378326
101378329
101378331
101378353
101378360
101378362
101378365
101379696
101379698
101379731
101379761
101379766
101379768
101379779
101379798
101380008
101380253
101380260
101380268
101380321
101380329
101380337
101380356
101380392
101380394
101380424
101381783
101381803
101381812
101381814
101381815
101381816
101381852
101381861
101381874
101381885
101382145
101382303
101382311
101382315
101382325
101382359
101382367
101382383
101382417
101383685
101383686
101383693
101383699
101383728
101383735
101383742
101383744
101383761
101383763
101383766
101383908
101384199
101384365
101384370
101384409
101384411
101384433
101384452
101385475
101385659
101385664
101385716
101385729
101385757
101385772
101385782
101385783
101385784
101385790
101385792
101385817
101385826
101386065
101386304
101386397
101386409
101386420
101387802
101387810
101387825
101387860
101387901
101387925
101387936
101388131
101388368
101388471
101388502
101388514
101388523
101388534
101388543
101388573
101388669
101388682
101388698
101389922
101389925
101389963
101389969
101390227
101390245
101390464
101390534
101390553
101390569
101390571
101390572
101390575
101390601
101390628
101390659
101390697
101390884
101391117
101391936
101391966
101392033
101392269
101392286
101392452
101392486
101392503
101392505
101392531
101392533
101392570
101392596
101392598
101392599
101392601
101392618
101392658
101392893
101393866
101393891
101393898
101393906
101393912
101394032
101394050
101394318
101394336
101394344
101394477
101394491
101394492
101394498
101394505
101394510
101394534
101394560
101394563
101395893
101395905
101395921
101395952
101395981
101396017
101396200
101396440
101396455
101396531
101396557
101396590
101396612
101396620
101396621
101396623
101396636
101396648
101396775
101398227
101398504
101398513
101398645
101398669
101398673
101398683
101398695
101398717
101398721
101398751
101398754
101398783
101398882
101399141
101399154
101399168
101399341
101399360
101400084
101400107
101400316
101400534
101400621
101400658
101400705
101400735
101400753
101400772
101400788
101400935
101401192
101401328
101401348
101401364
101401366
101401401
101401432
101538997
101539001
101539044
101539063
101539066
101539084
101539110
101539260
101539523
101539540
101539664
101539669
101540212
101540398
101540407
101540477
101540534
101540579
101540584
101540590
101540630
101540670
101540722
101540728
101540814
101541085
101541338
101541428
101541460
101541482
101541506
101542331
101542350
101542352
101542353
101542355
101542373
101542416
101542647
101542877
101542958
101542960
101542980
101543016
101543058
101543100
101543145
101543147
101543166
101543168
101544808
101544809
101544812
101544830
101544889
101545149
101545363
101545369
101545437
101545459
101545461
101545497
101545503
101545505
101545553
101545601
101545607
101545632
101545664
101547062
101547099
101547132
101547174
101547177
101547193
101547208
101547210
101547339
101547613
101547798
101547803
101547895
101547898
101547962
101548004
101548054
101548096
101548154
101549732
101549750
101549752
101549790
101549794
101549853
101549904
101550100
101550116
101550370
101550385
101550474
101550475
101550504
101550549
101550569
101550589
101550591
101550615
101552197
101552271
101552307
101552345
101552365
101552388
101552391
101552392
101552435
101552679
101552915
101552925
101552994
101553014
101553016
101553034
101553057
101553059
101553106
101554684
101554729
101554730
101554773
101554776
101554841
101554873
101554955
101555223
101555236
101555409
101555480
101555530
101555579
101555602
101555622
101555642
101555668
101555891
101557037
101557057
101557059
101557061
101557080
101557101
101557131
101557183
101557382
101557673
101557825
101557915
101557966
101558016
101558075
101558078
101558111
101558140
101558142
101559544
101559585
101559623
101559642
101559666
101559841
101560097
101560233
101560261
101560283
101560300
101560333
101560388
101560394
101560399
101560455
101560625
101560900
101561063
101562084
101562121
101562164
101562409
101562608
101562619
101562690
101562734
101562778
101562814
101562831
101562849
101562869
101562873
101562883
101562889
101563116
101563137
101563373
101564521
101564829
101565041
101565120
101565167
101565211
101565264
101565321
101565367
101565394
101565598
101565845
101565954
101566002
101566005
101566052
101566071
101566097
101566099
101567569
101567636
101567658
101567687
101567719
101567761
101567840
101568101
101568366
101568371
101568382
101568471
101568513
101568554
101568558
101568607
101568653
101568676
101568678
101570080
101570122
101570169
101570193
101570238
101570478
101570494
101570511
101570703
101570778
101570780
101570784
101570812
101570833
101570864
101570892
101570945
101570951
101776126
101776210
101776305
101776368
101776426
101776562
101776873
101777098
101777204
101777229
101777233
101777295
101777299
101777382
101777482
101777592
101777710
101777723
101777980
101780156
101780209
101780226
101780238
101780530
101780557
101780572
101780739
101780793
101780837
101780840
101780847
101780897
101780936
101780939
101780941
101780968
101780991
101781138
101782755
101782872
101783192
101783463
101783580
101783616
101783627
101783655
101783658
101783662
101783688
101783690
101783710
101783711
101783730
101783802
101784065
101784271
101784366
101785982
101786027
101786076
101786080
101786121
101786129
101786191
101786197
101786272
101786348
101786545
101786870
101787062
101787068
101787131
101787161
101787200
101787217
101787236
101788734
101788736
101788742
101788782
101788784
101788832
101788901
101789146
101789358
101789368
101789453
101789460
101789498
101789547
101789606
101789610
101789673
101789678
101789740
101791579
101791621
101791651
101791681
101791843
101791855
101792118
101792240
101792265
101792293
101792314
101792317
101792366
101792369
101792415
101792470
101792473
101792600
101792874
101794388
101794392
101794436
101794667
101794684
101794926
101795030
101795034
101795076
101795118
101795169
101795206
101795225
101795243
101795398
101795663
101795794
101795813
101795833
101797136
101797395
101797509
101797550
101797556
101797565
101797617
101797669
101797727
101797733
101797738
101797788
101797856
101798092
101798358
101798478
101798524
101798564
101798567
101799889
101800052
101800104
101800138
101800180
101800184
101800226
101800279
101800334
101800417
101800698
101800949
101801043
101801047
101801105
101801162
101801217
101801221
101801273
101802789
101802815
101802833
101802835
101802854
101802875
101802877
101802899
101802920
101802922
101803024
101803282
101803456
101803463
101803526
101803562
101803594
101803597
101803630
101805105
101805215
101805259
101805264
101805312
101805317
101805355
101805384
101805386
101805417
101805418
101805446
101805629
101805648
101805893
101805980
101805998
101806001
101806023
101806657
101806659
101806681
101806684
101806700
101806718
101806721
101806724
101806726
101806744
101806761
101806812
101807064
101807286
101807295
101807304
101807398
101807403
101807455
101809095
101809113
101809115
101809131
101809135
101809152
101809170
101809238
101809249
101809263
101809515
101809698
101809741
101809761
101809779
101809802
101809820
101809843
101809876
101811432
101811474
101811476
101811521
101811572
101811611
101811613
101811614
101811634
101811790
101812052
101812194
101812195
101812220
101812242
101812272
101812295
101812320
101812345
101813778
101813780
101813811
101813813
101813847
101813887
101813932
101814142
101814162
101814424
101814573
101814643
101814698
101814752
101814810
101814853
101814884
101814986
101815259
101816279
101816282
101816287
101816501
101816756
101816769
101816873
101816904
101816908
101816940
101816975
101816978
101817010
101817057
101817105
101817256
101817537
101817716
101817782
101987686
101987689
101987703
101987709
101987718
101987725
101987736
101987768
101987885
101988193
101988386
101988396
101988443
101988463
101988480
101988500
101988518
101988528
101988529
101989854
101989876
101989896
101989898
101989921
101989953
101989956
101990146
101990413
101990429
101990542
101990548
101990586
101990599
101990610
101990611
101990625
101990638
101990640
101991931
101991934
101991937
101991953
101991955
101991986
101991989
101992028
101992030
101992066
101992097
101992101
101992206
101992489
101992501
101992519
101992672
101992710
101992734
101994018
101994098
101994136
101994175
101994176
101994178
101994189
101994197
101994205
101994214
101994221
101994405
101994427
101994660
101994673
101994731
101994761
101994791
101994828
101996152
101996170
101996189
101996208
101996229
101996232
101996288
101996295
101996540
101996804
101996875
101996887
101996896
101996906
101996921
101996928
101996935
101997078
101997350
101998247
101998280
101998293
101998294
101998337
101998573
101998590
101998765
101998777
101998783
101998791
101998826
101998837
101998846
101998866
101998899
101998931
101998935
101998940
102000302
102000303
102000318
102000329
102000330
102000338
102000448
102000728
102000865
102000906
102000908
102000938
102000965
102000968
102000988
102001017
102001054
102001101
102001337
102002265
102002388
102002652
102002668
102002823
102002866
102002902
102002905
102002917
102002923
102002925
102002932
102002937
102002990
102003232
102003410
102003460
102003492
102003527
102004822
102004823
102004824
102004834
102004844
102004852
102004853
102004856
102004857
102004867
102004869
102004902
102005010
102005277
102005472
102005516
102005526
102005533
102005543
102006669
102006679
102006768
102006804
102006838
102006871
102006903
102006915
102006926
102007011
102007262
102007425
102007452
102007463
102007487
102007491
102007528
102007560
102007563
102008878
102008879
102008894
102008896
102008897
102008906
102008910
102009041
102009294
102009460
102009555
102009589
102009601
102009602
102009607
102009613
102009614
102009621
102009671
102010912
102010913
102011017
102011270
102011407
102011411
102011426
102011437
102011444
102011451
102011486
102011522
102011524
102011613
102011866
102012052
102012059
102012103
102012104
102012845
102012846
102012856
102013039
102013277
102013394
102013431
102013471
102013505
102013526
102013537
102013545
102013631
102013888
102013905
102013915
102013930
102014056
102014067
102015458
102015470
102015484
102015486
102015496
102015505
102015514
102015606
102015889
102016073
102016130
102016132
102016134
102016167
102016179
102016194
102016195
102016208
102016218
102017507
102017535
102017568
102017603
102017639
102017642
102017662
102017805
102017817
102017833
102017849
102018090
102018173
102018181
102018191
102018200
102018216
102018271
102018304
102019611
102019620
102019631
102019641
102019651
102019657
102019840
102020075
102020089
102020184
102020216
102020252
102020285
102020303
102020309
102020310
102157278
102157291
102157318
102157342
102157381
102157384
102157418
102157449
102157574
102157826
102157979
102158017
102158019
102158039
102158051
102158056
102158076
102158105
102158178
102159388
102159430
102159455
102159482
102159484
102159490
102159506
102159513
102159517
102159567
102159849
102159872
102160058
102160067
102160094
102160105
102160115
102160145
102160148
102161638
102161658
102161660
102161661
102161674
102161687
102161688
102161695
102161696
102161723
102161891
102162186
102162400
102162415
102162422
102162449
102162478
102162505
102162535
102163849
102163980
102163983
102164009
102164019
102164217
102164462
102164553
102164587
102164590
102164616
102164647
102164677
102164679
102164702
102164703
102164708
102164833
102164849
102166086
102166113
102166122
102166347
102166366
102166382
102166575
102166585
102166639
102166676
102166716
102166755
102166784
102166799
102166827
102166838
102166846
102167070
102167297
102168089
102168191
102168473
102168642
102168685
102168711
102168740
102168766
102168769
102168799
102168808
102168809
102168854
102169095
102169276
102169352
102169357
102169380
102169400
102170358
102170605
102170716
102170747
102170776
102170808
102170825
102170827
102170834
102170842
102170843
102170942
102170957
102170974
102170990
102171259
102171373
102171374
102171386
102172500
102172519
102172726
102172735
102172792
102172820
102172851
102172857
102172864
102172871
102172887
102173088
102173321
102173414
102173438
102173451
102173471
102173495
102173497
102174830
102174869
102174872
102174890
102174914
102175103
102175125
102175363
102175373
102175447
102175455
102175464
102175472
102175474
102175494
102175519
102175547
102175706
102175965
102176818
102176819
102176865
102176877
102176889
102177131
102177146
102177316
102177342
102177356
102177387
102177418
102177448
102177476
102177518
102177526
102177741
102177980
102178059
102178921
102178941
102179063
102179318
102179458
102179463
102179466
102179468
102179470
102179490
102179519
102179557
102179591
102179630
102179633
102179642
102179643
102179645
102179647
102180982
102181015
102181057
102181083
102181133
102181367
102181384
102181564
102181643
102181680
102181707
102181725
102181742
102181745
102181747
102181749
102181756
102181786
102182018
102183001
102183009
102183017
102183022
102183023
102183046
102183049
102183053
102183256
102183517
102183643
102183680
102183700
102183717
102183720
102183739
102183742
102183788
102183791
102185039
102185040
102185046
102185054
102185056
102185063
102185066
102185094
102185123
102185222
102185495
102185513
102185522
102185680
102185708
102185715
102185732
102185752
102185772
102187149
102187151
102187153
102187182
102187213
102187323
102187335
102187588
102187718
102187740
102187768
102187778
102187787
102187797
102187815
102187876
102188126
102188335
102188406
102189272
102189277
102189413
102189650
102189663
102189671
102189792
102189798
102189820
102189831
102189840
102189849
102189876
102189900
102190007
102190278
102190418
102190439
102190445
102191648
102191675
102191700
102191702
102191726
102191728
102191758
102193080
102193102
102193121
102193127
102193135
102193309
102193548
102193633
102193637
102193666
102193669
102193705
102193735
102193761
102193765
102193772
102193886
102194151
102194166
102195143
102195150
102195157
102195389
102195618
102195695
102195728
102195756
102195758
102195759
102195767
102195770
102195779
102195787
102195801
102195979
102196200
102196305
102196347
102197101
102197139
102197245
102197508
102197683
102197762
102197765
102197767
102197769
102197800
102197820
102197834
102197841
102197848
102197883
102198129
102198342
102198349
102198416
102199025
102199051
102199078
102199080
102199107
102199133
102199175
102199180
102199390
102199411
102199431
102199618
102199659
102199661
102199669
102199672
102199678
102199680
102199693
102200978
102201008
102201039
102201075
102201093
102201101
102201114
102201208
102201225
102201474
102201495
102201504
102201613
102201633
102201643
102201645
102201647
102201680
102201709
102203141
102203177
102203202
102203221
102203242
102203244
102203422
102203684
102203796
102203828
102203830
102203850
102203883
102203918
102203949
102203979
102204084
102204097
102204352
102205280
102205281
102205293
102205300
102205334
102205341
102205566
102205587
102205771
102205842
102205870
102205899
102205937
102205987
102206027
102206047
102206216
102206452
102206572
102207450
102207677
102207838
102208031
102208118
102208176
102208218
102208249
102208279
102208282
102208283
102208310
102208488
102208662
102208834
102208848
102208939
102208944
102209001
102358912
102358931
102358939
102358944
102359070
102359089
102359102
102359119
102359336
102359502
102359572
102359573
102359581
102359590
102359595
102359603
102359604
102359616
102359690
102360841
102360848
102360855
102360857
102360873
102360923
102360932
102360942
102361187
102361448
102361536
102361581
102361603
102361628
102361644
102361657
102361658
102361660
102361670
102362913
102362915
102362945
102362977
102363008
102363061
102363297
102363480
102363565
102363585
102363601
102363609
102363620
102363627
102363647
102363651
102363820
102364085
102364097
102365083
102365085
102365115
102365131
102365137
102365194
102365203
102365214
102365454
102365464
102365623
102365644
102365653
102365654
102365665
102365692
102365722
102365750
102365798
102366961
102366962
102366973
102366975
102366997
102367028
102367029
102367050
102367194
102367209
102367220
102367483
102367613
102367664
102367708
102367739
102367770
102367786
102367795
102369046
102369048
102369056
102369068
102369069
102369078
102369097
102369286
102369302
102369562
102369671
102369703
102369705
102369719
102369740
102369761
102369785
102369803
102369900
102371053
102371064
102371092
102371124
102371154
102371156
102371159
102371205
102371433
102371639
102371700
102371709
102371717
102371718
102371720
102371731
102371738
102371745
102371779
102373206
102373207
102373214
102373248
102373258
102373489
102373671
102373680
102373717
102373723
102373724
102373747
102373774
102373799
102373831
102373859
102374052
102374284
102374369
102375103
102375333
102375514
102375523
102375575
102375608
102375611
102375650
102375654
102375691
102375719
102375721
102375723
102375724
102375740
102375742
102375787
102376042
102376065
102377013
102377014
102377020
102377036
102377038
102377040
102377208
102377459
102377600
102377635
102377637
102377647
102377662
102377669
102377689
102377698
102377759
102378001
102378015
102379045
102379072
102379074
102379078
102379111
102379317
102379546
102379639
102379643
102379659
102379669
102379687
102379689
102379696
102379699
102379707
102379724
102379857
102379872
102381042
102381080
102381128
102381165
102381211
102381248
102381325
102381341
102381610
102381631
102381792
102381834
102381839
102381852
102381859
102381876
102381877
102381883
102381940
102383099
102383127
102383162
102383187
102383217
102383243
102383258
102383394
102383643
102383756
102383775
102383780
102383781
102383793
102383806
102383808
102383845
102383846
102383881
102385455
102385469
102385475
102385489
102385639
102385886
102385991
102386013
102386016
102386042
102386078
102386103
102386283
102386328
102386408
102386664
102386833
102386839
102386882
102387922
102387939
102388206
102388339
102388341
102388392
102388431
102388470
102388485
102388499
102388501
102388503
102388512
102388635
102388655
102388913
102389036
102389038
102389055
102389867
102389916
102389926
102389936
102390197
102390407
102390481
102390521
102390538
102390551
102390568
102390585
102390588
102390603
102390780
102391015
102391095
102391126
102391150
102392203
102392382
102392431
102392453
102392477
102392479
102392497
102392503
102571493
102571497
102571500
102571528
102571549
102571555
102571561
102571562
102571627
102571637
102571649
102571909
102572096
102572129
102572144
102572145
102572160
102572170
102572171
102572883
102572939
102573189
102573203
102573217
102573234
102573433
102573501
102573525
102573528
102573551
102573554
102573555
102573557
102573559
102573583
102573585
102573612
102573616
102574877
102574924
102574957
102574984
102574994
102575003
102575010
102575018
102575202
102575415
102575554
102575627
102575652
102575655
102575666
102575675
102575677
102575695
102575715
102576520
102576527
102576533
102576737
102576752
102576768
102576983
102577054
102577074
102577082
102577087
102577093
102577111
102577141
102577332
102577595
102577682
102577693
102577705
102579083
102579123
102579159
102579196
102579199
102579354
102579578
102579589
102579602
102579615
102579718
102579742
102579749
102579783
102579788
102579809
102579817
102579823
102579849
102581133
102581164
102581184
102581191
102581266
102581516
102581529
102581708
102581763
102581774
102581784
102581793
102581803
102581835
102581881
102582105
102582365
102582444
102582446
102583797
102583803
102583809
102583848
102583867
102583890
102583892
102583920
102583945
102583950
102583952
102584072
102584091
102584331
102584459
102584493
102584520
102584526
102584531
102585281
102585296
102585356
102585595
102585757
102585820
102585822
102585848
102585873
102585884
102585889
102585895
102585909
102586139
102586367
102586440
102586442
102586443
102586451
102587741
102587793
102587816
102587835
102587836
102587857
102587858
102587860
102587899
102587903
102587905
102587907
102587935
102588001
102588013
102588261
102588422
102588459
102588493
102589409
102589659
102589672
102589759
102589774
102589792
102589821
102589823
102589841
102589855
102589875
102589969
102590239
102590417
102590501
102590524
102590541
102590564
102590567
102591546
102591564
102591792
102591890
102591925
102591942
102591953
102591954
102591981
102592008
102592012
102592014
102592049
102592212
102592468
102592562
102592582
102592584
102592611
102593461
102593726
102593903
102593912
102593946
102593978
102594020
102594048
102594055
102594056
102594058
102594062
102594087
102594308
102594544
102594625
102594635
102594644
102594646
102595742
102595754
102595905
102595954
102595972
102595977
102595983
102596007
102596045
102596047
102596122
102596364
102596564
102596620
102596644
102596681
102596712
102596730
102596736
102597996
102598021
102598043
102598246
102598261
102598481
102598490
102598542
102598571
102598602
102598634
102598674
102598702
102598705
102598724
102598882
102599164
102599301
102599303
102600031
102600035
102600062
102600067
102600087
102600093
102600094
102600193
102600446
102600595
102600628
102600659
102600685
102600693
102600694
102600699
102600703
102600735
102600975
102601920
102601937
102601953
102601975
102602120
102602402
102602560
102602587
102602596
102602598
102602601
102617009
102770160
102770425
102770643
102770713
102770717
102770737
102770748
102770755
102770768
102770779
102770792
102770964
102771207
102771310
102771314
102771316
102771321
102771352
102771384
102772118
102772121
102772244
102772494
102772621
102772628
102772659
102772671
102772679
102772685
102772700
102772702
102772734
102772805
102773097
102773114
102773312
102773365
102773366
102774065
102774219
102774462
102774561
102774578
102774607
102774610
102774640
102774643
102774675
102774677
102774704
102774709
102774711
102774818
102774833
102775077
102775203
102775218
102775890
102775937
102776174
102776194
102776419
102776487
102776489
102776491
102776520
102776521
102776529
102776530
102776535
102776536
102776537
102776541
102776543
102776548
102776577
102777763
102777771
102777784
102777813
102777845
102777847
102777875
102778026
102778040
102778306
102778445
102778473
102778501
102778504
102778531
102778561
102778588
102778615
102778700
102780331
102780348
102780365
102780381
102780658
102780797
102780833
102780867
102780869
102780906
102780939
102780941
102780975
102781007
102781099
102781391
102781581
102781588
102781597
102782418
102782424
102782432
102782629
102782852
102782918
102782929
102782957
102782960
102782987
102783014
102783020
102783021
102783022
102783023
102783029
102783179
102783193
102783433
102784228
102784253
102784281
102784299
102784307
102784381
102784629
102784803
102784809
102784852
102784878
102784883
102784894
102784900
102911336
102911350
102911359
102911366
102911441
102911455
102911466
102911476
102911477
102911487
102911495
102911506
102911507
102911508
102911633
102911880
102912013
102912029
102912030
102913256
102913265
102913266
102913274
102913284
102913290
102913297
102913298
102913390
102913401
102913642
102913778
102913824
102913853
102913866
102913867
102913869
102913875
102913880
102915042
102915046
102915047
102915054
102915060
102915065
102915069
102915217
102915462
102915477
102915569
102915570
102915580
102915655
102915662
102915666
102915669
102915677
102915678
102916920
102916928
102916934
102916935
102916937
102916953
102916957
102917153
102917373
102917446
102917449
102917451
102917460
102917462
102917471
102917477
102917483
102917488
102917489
102918595
102918597
102918605
102918615
102918622
102918632
102918641
102918711
102918965
102919129
102919165
102919176
102919188
102919200
102919210
102919219
102919239
102919429
102919669
102920454
102920464
102920701
102920869
102920943
102920978
102920980
102921004
102921015
102921021
102921026
102921042
102921223
102921445
102921539
102921542
102921555
102921561
102921562
102922483
102922496
102922639
102922662
102922663
102922669
102922673
102922681
102922687
102922696
102922698
102922699
102922760
102922771
102923018
102923181
102923185
102923192
102923222
102923892
102923914
102924122
102924340
102924414
102924415
102924417
102924431
102924438
102924450
102924458
102924459
102924467
102924474
102924629
102924879
102924996
102925012
102925014
102925736
102925985
102926166
102926175
102926205
102926227
102926239
102926240
102926243
102926244
102926253
102926270
102926286
102926290
102926341
102926353
102926599
102926764
102926844
102927538
102927550
102927551
102927562
102927591
102927785
102927994
102928100
102928153
102928178
102928193
102928194
102928195
102928203
102928205
102928214
102928225
102928367
102928385
102929383
102929416
102929645
102929661
102929855
102929912
102929914
102929926
102929936
102929944
102929952
102929962
102929963
102929964
102929984
102930176
102930415
102930489
102930508
102931839
102931841
102931849
102931857
102931867
102931876
102931882
102931903
102932143
102932382
102932392
102932465
102932586
103112508
103112509
103112535
103112736
103113036
103113315
103113320
103113353
103113372
103113373
103113380
103113381
103113389
103113406
103113435
103113578
103113594
103113848
103113866
103115158
103115205
103115249
103115291
103115383
103115658
103115845
103115850
103115860
103115900
103115904
103115920
103115923
103115950
103115970
103115997
103116002
103116032
103116097
103117750
103117775
103117799
103117822
103117944
103118216
103118230
103118376
103118411
103118458
103118504
103118546
103118549
103118553
103118599
103118602
103118635
103118705
103118959
103120479
103120523
103120551
103120554
103120557
103120563
103120765
103121045
103121168
103121171
103121176
103121213
103121233
103121236
103121238
103121257
103121390
103121518
103121521
103123299
103123350
103123392
103123399
103123629
103123875
103123984
103124052
103124056
103124108
103124144
103124175
103124207
103124239
103124426
103124445
103124748
103124892
103124915
103125781
103125784
103125866
103125878
103126138
103126335
103126345
103126421
103126455
103126505
103126557
103126598
103126600
103126629
103126631
103126675
103126683
103126913
103126935
103128331
103128361
103128389
103128421
103128632
103128649
103128927
103129033
103129034
103129108
103129110
103129136
103129159
103129185
103129254
103129296
103129299
103129303
103129307
103130727
103130769
103130772
103130907
103130968
103130973
103131009
103131094
103131369
103131585
103131589
103131689
103131738
103131765
103131825
103131852
103131883
103131886
103131947
103133427
103133472
103133494
103133513
103133516
103133535
103133570
103133711
103133728
103134006
103134151
103134182
103134284
103134429
103134484
103134530
103134557
103134559
103134633
103136008
103136009
103136058
103136108
103136111
103136137
103136158
103136179
103136184
103136387
103136657
103136666
103136677
103136776
103136779
103136814
103136831
103136849
103136864
103384919
103385047
103385114
103385142
103385188
103385193
103385221
103385355
103385400
103385547
103385567
103385851
103386024
103386034
103386140
103386199
103386284
103386290
103386295
103387453
103387554
103387566
103387876
103388088
103388149
103388152
103388202
103388205
103388241
103388294
103388345
103388405
103388532
103388563
103388605
103388913
103388931
103389132
103390714
103390866
103391155
103391175
103391323
103391373
103391426
103391432
103391439
103391521
103391576
103391634
103391676
103391762
103392067
103392334
103392444
103392535
103392578
103394433
103394439
103394445
103394520
103394574
103394575
103394630
103394673
103394705
103394808
103395107
103395117
103395319
103395400
103395575
103395619
103395622
103395626
103395670
103565305
103565526
103565538
103565831
103565846
103565991
103566042
103566133
103566207
103566258
103566262
103566324
103566328
103566378
103566551
103566862
103566880
103567054
103567179
103569053
103569173
103569212
103569260
103569321
103569385
103569448
103569535
103569687
103569998
103570193
103570265
103570271
103570277
103570353
103570419
103570485
103570536
103570613
103572595
103572603
103572671
103572710
103572877
103573161
103573180
103573339
103573386
103573389
103573392
103573457
103573514
103573517
103573558
103573642
103573708
103573711
103573849
103575822
103575878
103575931
103576150
103576462
103576475
103576585
103576588
103576656
103576721
103576724
103576786
103576858
103576921
103577000
103577161
103577177
103577475
103577610
103579221
103579529
103579795
103579936
103580010
103580088
103580154
103580192
103580196
103580270
103580314
103580535
103580842
103580956
103581019
103581073
103581080
103581145
103581222
103583060
103583064
103583068
103583072
103583170
103583242
103583288
103583337
103583341
103583390
103583521
103583816
103583833
103583848
103584066
103584138
103584197
103584269
103584345
103586244
103586286
103586347
103586352
103586419
103586458
103586493
103586592
103586882
103586901
103586923
103587125
103587132
103587227
103587309
103587311
103587336
103587360
103587389
103588577
103588841
103589063
103589120
103589141
103589163
103589165
103589182
103589213
103589256
103589357
103589620
103589886
103589984
103590013
103590060
103590102
103590135
103590160
103591351
103591620
103591762
103591845
103591906
103591957
103591962
103592017
103592065
103592116
103592123
103592231
103592528
103592750
103592789
103592792
103592796
103592872
103592878
103594635
103594676
103594720
103594723
103594760
103594821
103594904
103594937
103595064
103595088
103595369
103595382
103595524
103595549
103595575
103595597
103595598
103595632
103595674
103597170
103597246
103597291
103597330
103597350
103597352
103597354
103597375
103597396
103597456
103597706
103597729
103597933
103597941
103598007
103598009
103598010
103598013
103598047
103598966
103599019
103599260
103599273
103599291
103599537
103599632
103599691
103599729
103599769
103599772
103599810
103599857
103599862
103599893
103600086
103600105
103600368
103600491
103601559
103601605
103601661
103601664
103601810
103602104
103602277
103602326
103602328
103602365
103602405
103602449
103602482
103602520
103602576
103602590
103602867
103603099
103603109
103604202
103604261
103604329
103604388
103604436
103604485
103604711
103604964
103605072
103605075
103605108
103605139
103605167
103605204
103605253
103605305
103605481
103605781
103605790
103606956
103606959
103607020
103607075
103607124
103607170
103607278
103607570
103607591
103607804
103607816
103607867
103607906
103607945
103607996
103608065
103608069
103608073
103608142
103609824
103609858
103609891
103609921
103609925
103609986
103609997
103610225
103610242
103610263
103610493
103610583
103610630
103610635
103610639
103610695
103610746
103610796
103610845
103612736
103612806
103612810
103612928
103613210
103613383
103613467
103613528
103613580
103613637
103613692
103613745
103613802
103614042
103614270
103614375
103614429
103614433
103614436
103615657
103615876
103616155
103616174
103616309
103616384
103616445
103616512
103616517
103616560
103616562
103616600
103616643
103616802
103617096
103617272
103617279
103617319
103617322
103618573
103618584
103618877
103619104
103619191
103619266
103619323
103619326
103619329
103619386
103619441
103619497
103619595
103619849
103619869
103620109
103620181
103620242
103620317
103621957
103622122
103622168
103622170
103622213
103622216
103622255
103622295
103622300
103622307
103622363
103622365
103622367
103622370
103622406
103622588
103622861
103623002
103623008
103624219
103624285
103624364
103624370
103624376
103624382
103624388
103624470
103624713
103624969
103625076
103625124
103625180
103625239
103625243
103625282
103625323
103625327
103625366
103627071
103627129
103627200
103627238
103627333
103627607
103627816
103627904
103627947
103627950
103627992
103628031
103628064
103628129
103628207
103628466
103628736
103628835
103628889
103630047
103630092
103630301
103630318
103630598
103630714
103630753
103630795
103630839
103630898
103630956
103631012
103631017
103631179
103631202
103631487
103631635
103631647
103631684
103633517
103633524
103633530
103633597
103633649
103633701
103633758
103633812
103633852
103634047
103634069
103634328
103634341
103634445
103634495
103634499
103634545
103634590
103634625
103636266
103636324
103636370
103636434
103636498
103636561
103636626
103636631
103636734
103637021
103637038
103637063
103637249
103637307
103637375
103637442
103637485
103637488
103637522
103639084
103639156
103639191
103639241
103639295
103639347
103639353
103639394
103639398
103639400
103639456
103639465
103639479
103639740
103639958
103639965
103639978
103640067
103640071
103641871
103641889
103641993
103642055
103642060
103642125
103642191
103642239
103642280
103642282
103642316
103642320
103642483
103642777
103642812
103642943
103642990
103643024
103643026
103644849
103644910
103644980
103645044
103645101
103645148
103645157
103645167
103645175
103645425
103645660
103645752
103645785
103645821
103645858
103645897
103645900
103645955
103645959
103648170
103648224
103648253
103648282
103648284
103648302
103648316
103648317
103648328
103648366
103648376
103648629
103648834
103648895
103648931
103648938
103648961
103649002
103649040
103650409
103650416
103650445
103650452
103650519
103650768
103650935
103650978
103651003
103651025
103651048
103651055
103651062
103651075
103651082
103651288
103651523
103651601
103651616
