87363793
87363802
87363811
87364487
87364496
87364505
87365324
87365330
87365505
87365511
87365517
87365683
87365693
87365700
87365749
87365833
87365839
87365889
87365895
87365901
87366050
87366059
87366068
87366103
87366112
87366122
87366153
87366162
87366171
87366295
87366304
87366313
87366462
87366471
87366480
87366521
87366531
87366540
87366669
87366678
87366687
87367021
87367035
87367049
87367109
87367119
87367128
87367271
87367286
87367301
87367345
87367354
87367363
87367382
87367391
87367400
87367535
87367544
87367603
87367612
87367618
87367642
87367652
87367661
87367818
87367827
87367836
87367932
87367941
87367950
87367984
87367993
87368002
87368137
87368146
87368155
87368201
87368211
87368220
87368241
87368243
87368244
87368256
87368261
87368278
87368284
87368294
87368342
87368417
87368423
87368490
87368493
87368496
87368499
87368500
87368506
87368516
87368526
87368545
87368547
87368580
87368587
87368597
87368604
87368607
87368613
87368638
87368646
87368669
87368674
87368676
87368687
87368690
87368692
87368729
87368748
87368833
87368835
87368837
87368870
87368879
87368921
87368930
87368939
87369070
87369079
87369088
87369159
87369168
87369177
87369225
87369234
87369245
87369395
87369405
87369414
87369466
87369476
87369486
87369536
87369545
87369555
87369712
87369721
87369731
87369782
87369798
87369806
87369815
87369825
87369855
87369864
87369984
87369993
87370002
87370021
87370031
87370040
87370063
87370072
87370081
87370196
87370205
87370215
87370265
87370274
87370283
87370314
87370323
87370332
87370476
87370485
87370494
87370535
87370544
87370553
87370594
87370604
87370613
87370751
87370760
87370769
87370832
87370843
87370852
87370875
87370884
87370893
87371040
87371049
87371059
87371118
87371127
87371136
87371177
87371186
87371197
87371343
87371352
87371361
87371391
87371400
87371410
87371473
87371483
87371492
87371658
87371667
87371677
87371745
87371754
87371763
87371831
87371840
87371850
87372035
87372044
87372053
87372127
87372136
87372142
87372190
87372199
87372208
87372353
87372362
87372371
87372394
87372403
87372412
87372445
87372462
87372479
87372605
87372614
87372655
87372664
87372674
87372788
87372806
87372864
87372873
87372882
87372923
87372932
87373072
87373081
87373091
87373149
87373171
87373180
87373232
87373242
87373251
87373389
87373398
87373436
87373445
87373455
87373486
87373495
87373504
87373636
87373645
87373811
87373820
87373831
87373892
87373902
87374070
87374079
87374089
87374150
87374159
87374237
87374246
87374256
87374400
87374412
87374421
87374508
87374518
87374566
87374575
87374584
87374695
87374704
87374713
87374730
87374739
87374748
87374777
87374786
87374906
87374915
87374924
87374983
87374992
87375001
87375034
87375043
87375052
87375201
87375210
87375219
87375257
87375266
87375275
87375324
87375333
87375342
87375505
87375515
87375556
87375565
87375574
87375597
87375606
87375729
87375738
87375748
87375769
87375778
87375787
87375810
87375819
87375829
87375970
87375979
87375989
87376022
87376031
87376067
87376076
87376219
87376228
87376272
87376281
87376290
87376351
87376368
87376457
87376504
87376514
87376523
87376551
87376560
87376682
87376696
87376726
87376735
87376744
87376764
87376773
87376911
87376920
87376930
87376995
87377004
87377049
87377058
87377219
87377229
87377238
87377297
87377306
87377363
87377373
87377383
87377395
87377424
87377438
87377514
87377548
87377549
87377552
87377555
87377567
87377576
87377580
87377590
87377595
87377609
87377613
87377676
87377727
87377736
87377745
87377878
87377887
87377940
87377949
87377958
87377990
87378000
87378133
87378143
87378153
87378223
87378232
87378283
87378292
87378303
87378450
87378459
87378524
87378533
87378603
87378614
87378624
87378785
87378796
87378860
87378870
87378879
87378905
87378914
87378923
87379045
87379054
87379078
87379087
87379096
87379117
87379126
87379135
87379281
87379290
87379300
87379329
87379338
87379368
87379377
87379513
87379524
87379572
87379581
87379626
87379635
87379644
87379808
87379816
87379826
87379877
87379886
87379917
87379927
87380053
87380062
87380086
87380095
87380107
87380134
87380151
87380282
87380291
87380326
87380336
87380456
87380474
87380520
87380529
87380539
87380583
87380595
87380783
87380793
87380896
87380905
87380951
87380960
87381081
87381090
87381123
87381133
87381158
87381167
87381176
87381292
87381301
87381364
87381374
87381411
87381420
87381430
87381564
87381573
87381617
87381626
87381675
87381684
87381831
87381841
87381915
87381924
87381963
87381972
87382106
87382116
87382159
87382168
87382207
87382217
87382349
87382358
87382435
87382444
87382504
87382513
87382671
87382681
87382727
87382737
87382803
87382812
87383009
87383018
87383027
87383106
87383115
87383175
87383184
87383322
87383331
87383355
87383357
87383358
87383363
87383372
87383380
87383381
87383382
87383384
87383385
87383386
87383387
87383388
87383429
87383586
87383595
87383637
87383646
87383686
87383695
87383836
87383845
87383903
87383912
87383957
87383975
87384136
87384145
87384186
87384196
87384301
87384319
87384390
87384399
87384439
87384448
87384569
87384578
87384643
87384652
87384692
87384702
87384857
87384867
87384930
87384939
87385024
87385033
87385181
87385190
87385259
87385268
87385307
87385316
87385319
87385320
87385326
87385331
87385333
87385341
87385342
87385344
87385350
87385356
87385369
87385441
87385463
87385471
87385499
87385500
87385509
87385517
87385528
87385536
87385537
87385538
87385540
87385541
87385546
87385547
87385552
87385560
87385610
87385622
87385623
87385625
87385628
87385629
87385632
87385642
87385647
87385651
87385652
87385808
87385817
87385893
87385902
87385950
87385959
87385968
87386114
87386123
87386177
87386186
87386195
87386233
87386242
87386251
87386387
87386396
87386405
87386443
87386483
87386492
87386501
87386510
87386519
87386522
87386532
87386534
87386542
87386543
87386548
87386551
87386566
87386569
87386581
87386610
87386622
87386639
87386647
87386800
87386808
87386817
87386827
87386837
87386838
87386839
87386845
87386849
87386852
87386891
87386892
87386904
87386921
87386931
87386932
87386936
87386937
87386978
87386980
87386990
87387000
87387009
87387023
87387028
87387030
87387032
87387209
87387223
87387249
87387252
87387267
87387271
87387309
87387314
87387327
87387337
87387346
87387352
87387354
87387368
87387427
87387428
87387440
87387620
87387629
87387640
87387699
87387708
87387717
87387784
87387794
87387803
87387966
87387980
87388061
87388070
87388079
87388115
87388124
87388133
87388251
87388260
87388269
87388296
87388303
87388305
87388314
87388324
87388328
87388332
87388333
87388340
87388343
87388351
87388364
87388367
87388371
87388377
87388380
87388384
87388387
87388415
87388524
87388554
87388592
87388601
87388608
87388618
87388627
87388637
87388642
87388646
87388647
87388679
87388685
87388687
87388690
87388703
87388723
87388728
87388729
87388770
87388773
87388774
87388974
87389037
87389067
87389984
87389993
87390002
87390692
87390701
87390738
87391267
87391276
87391285
87391845
87391970
87392036
87392479
87392489
87392496
87392848
87392857
87392866
87392870
87392881
87392889
87392898
87392907
87392921
87392925
87392928
87392934
87392936
87392939
87392940
87392946
87392951
87392964
87392971
87392977
87393004
87393005
87393007
87393010
87393012
87393015
87393078
87393123
87393146
87393156
87393167
87393213
87393214
87393228
87393232
87393233
87393235
87393240
87393257
87393274
87393279
87393282
87393291
87393305
87393306
87393325
87393326
87393332
87393338
87393341
87393347
87393348
87393350
87393403
87393405
87393530
87393539
87393932
87393942
87393951
87394843
87394852
87394860
87394862
87394869
87394870
87394872
87395404
87395414
87395446
87395495
87395505
87395514
87395545
87395554
87395563
87395680
87395689
87395698
87395719
87395728
87395737
87395750
87395755
87395762
87395763
87395764
87395766
87395776
87395781
87395801
87395803
87395808
87395812
87395813
87395818
87395924
87395932
87395935
87395942
87395943
87395944
87395960
87395962
87395972
87395984
87395986
87395988
87395989
87396076
87396093
87396100
87396106
87396112
87396126
87396134
87396135
87396252
87396259
87396269
87396283
87396294
87396298
87396299
87396475
87396486
87396492
87396502
87396505
87396507
87396511
87396513
87396563
87396572
87396638
87396641
87396645
87396652
87396661
87396667
87396672
87396678
87396679
87396681
87396682
87396684
87396843
87396859
87396861
87396863
87396931
87396942
87396951
87396957
87396958
87396961
87396963
87396964
87396968
87396970
87397008
87397017
87397028
87397030
87397150
87397164
87397173
87397182
87397187
87397191
87397192
87397194
87397198
87397199
87397253
87397262
87397275
87397276
87397328
87397335
87397337
87397340
87397342
87397346
87397350
87397357
87397366
87397378
87397396
87397476
87397568
87397574
87397575
87397576
87397580
87397581
87397582
87397584
87397701
87397707
87397714
87397717
87397721
87397727
87397731
87397737
87397746
87397758
87397760
87397761
87397825
87397830
87397836
87397846
87397847
87397863
87397868
87397951
87398064
87398074
87398084
87398137
87430929
87430941
87430955
87430964
87430967
87430969
87430987
87430998
87431007
87431011
87431015
87431022
87431131
87431133
87431153
87431329
87431641
87434467
87434501
87434507
87434515
87434517
87434524
87434526
87434624
87434625
87434641
87434651
87434653
87434656
87434657
87434659
87434671
87434672
87434679
87434685
87434695
87434696
87434700
87434704
87434715
87434716
87434718
87434724
87434740
87434741
87434745
87434747
87434749
87434753
87434760
87434772
87434775
87434776
87434781
87434785
87434793
87434799
87434834
87434892
87434911
87434925
87434926
87434927
87434928
87434931
87434935
87434943
87434949
87435020
87435482
87435488
87435491
87435492
87435493
87435494
87435507
87435508
87435515
87435522
87435524
87435640
87435650
87435677
87435682
87435683
87435693
87435697
87435698
87435710
87435724
87435732
87435736
87435740
87435743
87435745
87435753
87435763
87435772
87435774
87435775
87435791
87435793
87435794
87435809
87435815
87435822
87435829
87435838
87435930
87435941
87435946
87435957
87435966
87436019
87436020
87436021
87436023
87436024
87436026
87436042
87436528
87436529
87436543
87436548
87436551
87436552
87436659
87436661
87436663
87436671
87436675
87436687
87436698
87436705
87436709
87436710
87436713
87436725
87436726
87436776
87436786
87436804
87436810
87436817
87436822
87436832
87436842
87436855
87436868
87436872
87436955
87436994
87436998
87437001
87437015
87437026
87437037
87437070
87437071
87437090
87437092
87437109
87437118
87437121
87437127
87437136
87437142
87437143
87437598
87437689
87437700
87437702
87437704
87437714
87437730
87437824
87437826
87437848
87437858
87437873
87437876
87437877
87437885
87437889
87437900
87437902
87437913
87437914
87437919
87437937
87437941
87437954
87437973
87437980
87437987
87437988
87437991
87437998
87437999
87438002
87438022
87438035
87438047
87438049
87438053
87438166
87438177
87438188
87438224
87438229
87438307
87438310
87438343
87438391
87438402
87438403
87438408
87438735
87441201
87442841
87442848
87442864
87444833
87445323
87445324
87445349
87445358
87445374
87445375
87445419
87445535
87445588
87448277
87448280
87448393
87448397
87448398
87448399
87448404
87448871
87448896
87448902
87448912
87448915
87448947
87448955
87448957
87448962
87448969
87448982
87448998
87448999
87449110
87449111
87449117
87449132
87449136
87449140
87449144
87449156
87449161
87449162
87449177
87449179
87449180
87449184
87449189
87449191
87449195
87449196
87449201
87449205
87449211
87449228
87449237
87449241
87449247
87449257
87449259
87449263
87449274
87449285
87449294
87449295
87449297
87449302
87449309
87449426
87449761
87450056
87450063
87450068
87450070
87450072
87450079
87450084
87450085
87450095
87450097
87450107
87450109
87450119
87450124
87450131
87450241
87450262
87450270
87450273
87450279
87450282
87450295
87450305
87450316
87450323
87450334
87450338
87450352
87450359
87450360
87450361
87450367
87450376
87450388
87450395
87450396
87450413
87450416
87450422
87450423
87450442
87450449
87450458
87450462
87450474
87450476
87450487
87450490
87450495
87450498
87450510
87451460
87451494
87451509
87451510
87451890
87451967
87451972
87451977
87452088
87452093
87452099
87452100
87452101
87452109
87452122
87452147
87452148
87452149
87452162
87452168
87452176
87452198
87452200
87452229
87452231
87452246
87452265
87452273
87452275
87452281
87452283
87452306
87452319
87452389
87452628
87452629
87452635
87452713
87452739
87452759
87452772
87452773
87452780
87452795
87452806
87452814
87452828
87452837
87452844
87452852
87452869
87452887
87452896
87452911
87452926
87452930
87452937
87452938
87452942
87452948
87452962
87453004
87453009
87453082
87453099
87453103
87453107
87453108
87453132
87453138
87453173
87453178
87453182
87453185
87453202
87453203
87453221
87453241
87453262
87453263
87453269
87453271
87453283
87453284
87453285
87453715
87453742
87453797
87453825
87453828
87453853
87453864
87453869
87453871
87453882
87453899
87453900
87453913
87453961
87453967
87453970
87453973
87453979
87454015
87454021
87454037
87454039
87454053
87454108
87454146
87454180
87454181
87454197
87454199
87454215
87454219
87454220
87454238
87454262
87454275
87454286
87454291
87454293
87454311
87454321
87454345
87454352
87454356
87454377
87454379
87454380
87454388
87455102
87455115
87455122
87455133
87455151
87455153
87455163
87455167
87455179
87455187
87455202
87455214
87455216
87455225
87455236
87455240
87455245
87455264
87455265
87455266
87455279
87455281
87455282
87455336
87455404
87455411
87455413
87455449
87455453
87455458
87455468
87455471
87455472
87455485
87455490
87455499
87455509
87455512
87455514
87455516
87455525
87455548
87455549
87455558
87455559
87455566
87455581
87455597
87455598
87455635
87456381
87456404
87456406
87456437
87456445
87456446
87456447
87456461
87456473
87456475
87456481
87456488
87456496
87456505
87456515
87456537
87456540
87456546
87456549
87456553
87456615
87456623
87456630
87456631
87456638
87456694
87456744
87456756
87456762
87456765
87456783
87456801
87456803
87456806
87456826
87456833
87456834
87456845
87456852
87456855
87456865
87456881
87456882
87456883
87456887
87456904
87456917
87456934
87456967
87456983
87457135
87457530
87457570
87457589
87457598
87457603
87457605
87457615
87457629
87457630
87457631
87457647
87459904
87462853
87463963
87463967
87463981
87463987
87463988
87463994
87463995
87464003
87464026
87464033
87464035
87464045
87464054
87464055
87464056
87464070
87464071
87464077
87464079
87464095
87464106
87464107
87464215
87464216
87464217
87464227
87464234
87464235
87464241
87464280
87464282
87464286
87464298
87464300
87464307
87464313
87464314
87464315
87464316
87464332
87464343
87464350
87464362
87464363
87464372
87464380
87464383
87464389
87464400
87464410
87464430
87465117
87465128
87465138
87465139
87465146
87465157
87465158
87465166
87465167
87465170
87465203
87465209
87465214
87465217
87465230
87465370
87465371
87465429
87465442
87465456
87465474
87465485
87465486
87465503
87465504
87465516
87465541
87465542
87465552
87465553
87465590
87465604
87465607
87465615
87465623
87465970
87466198
87466199
87466204
87466205
87466206
87466216
87466229
87466238
87466244
87466245
87466248
87466253
87466254
87466256
87466257
87466287
87466290
87466304
87466310
87466385
87466461
87466463
87466546
87466549
87466588
87466592
87466617
87466619
87466626
87466628
87466629
87466631
87466636
87466659
87466664
87466668
87466679
87466681
87466692
87466700
87467166
87467188
87467191
87467193
87467194
87467199
87467213
87467237
87467238
87467240
87467246
87467251
87467259
87467269
87467285
87467290
87467296
87467300
87467409
87467410
87467413
87467421
87467429
87467444
87467452
87467464
87467465
87467479
87467480
87467481
87467483
87467489
87467493
87467499
87467509
87467518
87467519
87467520
87467522
87467534
87467535
87467539
87467588
87467634
87467659
87467674
87467685
87467688
87467694
87467696
87467697
87467698
87467703
87467756
87467771
87467774
87467778
87467780
87467790
87467796
87467798
87467801
87467806
87467815
87467824
87467830
87467834
87467847
87467850
87467869
87467872
87467876
87467882
87467883
87467884
87467890
87467999
87468007
87468026
87468035
87468036
87468048
87468053
87468062
87468067
87468074
87468075
87468076
87468084
87468088
87468109
87468124
87468125
87468127
87468144
87468148
87468151
87468169
87468172
87468183
87468186
87468198
87468199
87468209
87468321
87468329
87468332
87468339
87468340
87468352
87468368
87468378
87468422
87468431
87468446
87468452
87468457
87468462
87468465
87468478
87468522
87468523
87468537
87468548
87468549
87468564
87468704
87468715
87468723
87468727
87468729
87468735
87468738
87468743
87468751
87468756
87468764
87468769
87468778
87468784
87468785
87468786
87468790
87468808
87468818
87468820
87468823
87468889
87468935
87468941
87468942
87468978
87468993
87469001
87469003
87469005
87469012
87469020
87469026
87469027
87469040
87469041
87469056
87469069
87469073
87469085
87469086
87469090
87469109
87469110
87469199
87469235
87469248
87469267
87469282
87469291
87469296
87469297
87469359
87469370
87469372
87469373
87469383
87469558
87469563
87469567
87469569
87469570
87469611
87469613
87469628
87469644
87469650
87469679
87469680
87469682
87469683
87469688
87469695
87469697
87469699
87469701
87469714
87469725
87469729
87469730
87469732
87469742
87469750
87469852
87469856
87469858
87469863
87469869
87469877
87469889
87469891
87469898
87469902
87469912
87469927
87469929
87469930
87469941
87469943
87469951
87469958
87469961
87469962
87469970
87469977
87469979
87469996
87470019
87470025
87470140
87470141
87470150
87470153
87470205
87470213
87470214
87470217
87470222
87470230
87470240
87470241
87470261
87470263
87470267
87470268
87470289
87470300
87470328
87470329
87470332
87470335
87470345
87470403
87470469
87470480
87470500
87470508
87470512
87470516
87470528
87470539
87470540
87470545
87470555
87470560
87470643
87470797
87470805
87470820
87470823
87470841
87470870
87470874
87470901
87470909
87470912
87470921
87470925
87470937
87470955
87513370
87513374
87513406
87513408
87513410
87513417
87513421
87513423
87513438
87513461
87513475
87513478
87513479
87513482
87513486
87513504
87513506
87513514
87513524
87513528
87513531
87513532
87513549
87513583
87513669
87513672
87513674
87513675
87513678
87513688
87513690
87513696
87513707
87513721
87513729
87513730
87513749
87513750
87513753
87513763
87513768
87513780
87513783
87513837
87513851
87513855
87513857
87513858
87513863
87513890
87513900
87514011
87514027
87514028
87514038
87514042
87514049
87514056
87514086
87514111
87514116
87514126
87514135
87514136
87514140
87514163
87514170
87514176
87514178
87514183
87514189
87514203
87514205
87514208
87514210
87514229
87514332
87514338
87514339
87514344
87514354
87514355
87514812
87514813
87514814
87514872
87515283
87515341
87515975
87515976
87515978
87515992
87515995
87516000
87516002
87516009
87516019
87516021
87516023
87516029
87516030
87516738
87517355
87517465
87517527
87517758
87517891
87517903
87517923
87517932
87517933
87517947
87518436
87518676
87518738
87518739
87518840
87518863
87519102
87519517
87519523
87519526
87519527
87519529
87519543
87519559
87519590
87519626
87519647
87519659
87519684
87519704
87519764
87520232
87520233
87520513
87520579
87520802
87521203
87521238
87521243
87521672
87521883
87521885
87521963
87521973
87521982
87521991
87522003
87522016
87522021
87522033
87522039
87522415
87522473
87522714
87522717
87522720
87522940
87522995
87523113
87523287
87523532
87523769
87523778
87523785
87523828
87524202
87524206
87525092
87525430
87525431
87525500
87525502
87525505
87525508
87525613
87525619
87525627
87525755
87525815
87525989
87526026
87526348
87526468
87526699
87526756
87526774
87526816
87526874
87527240
87527247
87527248
87527250
87527261
87527267
87527269
87527682
87527686
87527688
87527690
87527697
87527699
87527830
87527831
87527835
87527844
87527845
87527851
87527856
87527868
87527886
87527890
87527894
87528021
87528022
87528023
87528031
87528058
87528102
87528103
87528106
87528127
87528130
87528133
87528137
87528156
87528165
87528166
87528194
87528324
87528328
87528329
87528347
87528360
87528367
87528368
87528411
87528425
87528438
87528440
87528451
87528466
87528467
87528486
87528489
87528499
87528504
87528579
87528587
87528660
87528699
87528713
87528720
87528723
87528731
87528747
87528748
87528752
87528755
87528757
87528765
87528773
87528774
87528779
87528786
87528805
87528806
87528811
87528812
87528819
87528828
87528843
87528874
87528880
87528952
87528954
87529051
87529052
87529053
87529091
87529102
87529253
87529265
87529267
87529269
87529283
87529288
87529289
87529294
87529297
87529326
87529328
87529329
87529334
87529374
87529381
87529384
87529386
87529388
87529389
87529477
87529557
87529561
87529564
87529569
87529570
87529576
87529577
87529581
87529582
87529583
87529598
87529638
87529643
87529649
87529655
87529667
87529678
87529680
87529690
87529691
87529722
87529730
87529732
87529789
87529800
87529840
87529842
87529848
87529858
87529859
87529863
87529873
87529875
87529879
87529880
87529883
87529896
87529898
87529906
87529907
87529960
87529961
87529966
87529973
87529997
87529999
87530003
87530102
87530116
87530126
87530161
87530198
87530210
87530223
87530225
87530228
87530235
87530240
87530398
87530406
87530413
87530435
87530465
87530481
87530626
87530628
87530637
87530656
87530659
87530661
87530662
87530694
87530697
87530700
87530705
87530706
87530720
87530722
87530724
87530757
87530807
87531161
87531207
87531344
87531348
87531733
87531801
87531871
87531901
87531968
87531979
87532070
87532073
87532187
87532255
87532259
87532313
87532349
87532508
87532510
87532770
87532774
87532812
87532904
87532907
87532909
87532963
87532998
87533085
87533086
87533089
87533106
87533107
87533113
87533137
87533169
87533255
87533304
87533308
87533309
87533329
87533331
87533337
87533342
87533345
87533346
87533349
87533352
87533360
87533381
87533386
87533398
87533400
87533405
87533409
87533530
87533551
87533583
87533584
87533618
87533622
87533624
87533625
87533630
87533638
87533639
87533641
87533661
87533684
87533689
87533732
87533738
87533802
87533808
87533820
87533826
87533830
87533833
87533850
87533851
87533852
87533859
87533869
87533892
87533931
87533933
87533947
87533957
87533958
87533966
87533974
87533975
87534041
87534042
87534131
87534526
87534866
87535224
87535226
87535352
87535655
87535838
87535896
87535958
87536418
87536419
87536420
87536421
87536790
87536850
87537143
87537255
87537256
87537265
87537272
87537519
87537520
87537705
87537857
87537866
87537966
87538169
87538171
87538179
87538186
87538188
87538253
87538320
87538377
87538616
87538738
87538802
87538860
87539042
87539043
87539048
87539053
87539092
87539577
87539765
87539821
87539823
87540190
87540489
87540494
87540580
87540830
87540833
87540836
87540852
87541165
87541281
87541604
87541639
87541644
87541840
87541965
87542083
87542123
87542158
87542205
87542323
87542442
87542503
87542513
87542514
87542519
87542522
87542536
87542537
87543227
87543297
87543417
87543418
87543482
87543602
87543841
87543971
87544041
87544402
87546366
87546369
87546371
87546387
87546819
87547999
87548057
87548059
87548118
87548122
87548127
87548131
87548209
87548210
87548377
87548462
87548466
87548478
87548563
87548624
87548838
87548839
87548966
87549032
87549100
87549102
87549270
87549878
87549884
87549954
87549955
87549956
87550016
87550082
87550083
87550792
87550793
87550794
87550806
87551524
87551594
87551595
87551597
87553536
87553542
87553653
87553713
87553716
87553988
87554047
87554050
87554175
87554243
87554247
87554428
87554431
87554494
87554681
87555045
87555050
87555121
87555123
87555637
87555870
87555871
87556293
87556574
87556633
87556689
87556760
87556897
87557171
87557233
87557290
87557474
87557477
87557480
87557660
87557725
87557786
87558344
87558463
87558474
87558528
87558982
87558983
87559044
87559102
87559104
87559179
87559180
87559183
87559186
87559187
87559251
87559567
87559627
87559628
87559694
87559756
87559758
87559873
87559874
87559875
87559876
87560420
87560493
87560708
87560749
87560972
87561505
87561688
87561696
87561868
87562345
87562346
87562531
87562537
87562729
87563926
87563985
87563987
87564124
87564179
87564301
87564309
87564316
87564317
87564556
87564796
87564800
87564972
87564973
87564975
87565161
87565166
87565168
87565292
87565293
87565532
87565533
87565810
87565931
87566057
87566183
87566529
87566590
87566655
87566841
87566842
87566897
87566900
87566965
87566969
87567023
87567206
87567267
87567588
87567652
87567714
87567782
87567787
87567846
87567847
87568022
87568023
87568411
87568476
87568477
87568599
87568657
87568659
87568780
87568781
87569171
87569173
87569174
87569232
87569409
87569413
87569415
87569455
87569464
87569585
87569737
87569859
87570399
87570842
87570972
87570990
87571221
87571284
87571285
87571385
87571561
87571871
87571933
87572300
87572488
87572492
87572555
87572617
87572621
87572750
87572811
87572875
87572877
87572940
87573004
87573012
87573078
87573137
87573201
87573273
87573274
87573276
87573375
87573637
87573674
87573730
87573735
87574047
87574048
87574184
87574245
87574320
87574446
87574568
87574631
87574641
87574815
87574817
87574998
87575000
87575120
87575296
87575298
87575362
87575425
87575539
87575725
87575788
87575847
87575971
87576086
87576089
87576270
87576327
87576328
87576329
87576517
87576712
87576770
87576830
87576831
87576832
87576892
87576894
87577076
87577077
87577197
87577198
87577320
87577379
87577446
87577448
87577516
87577581
87577691
87577693
87577694
87577754
87577758
87577875
87577876
87578181
87578182
87578363
87578425
87578493
87578552
87578667
87578668
87578794
87578857
87578915
87579161
87579227
87579357
87579420
87579543
87579667
87579668
87579726
87579729
87579730
87579856
87579984
87580104
87580105
87580284
87580344
87580468
87580527
87580529
87580589
87580712
87580842
87580844
87580845
87580961
87581086
87581271
87581272
87581273
87581393
87581509
87581513
87581627
87581640
87581821
87581822
87581823
87581885
87581946
87581949
87582011
87582041
87582489
87582553
87582703
87582766
87583581
87583582
87583584
87583768
87583839
87583956
87584016
87584147
87584227
87584306
87584482
87584539
87584542
87584603
87584794
87584795
87584854
87585102
87585103
87585164
87585166
87585343
87585593
87585719
87585720
87585781
87585842
87585846
87585971
87586262
87586386
87586574
87586575
87586581
87586582
87587046
87587172
87587289
87587290
87587467
87587470
87587587
87587590
87587646
87587650
87587651
87587667
87587712
87587769
87587771
87587897
87588019
87588080
87588149
87588208
87588210
87588211
87588526
87588527
87588769
87588945
87589002
87589004
87589005
87589068
87589194
87589392
87589454
87589516
87589581
87589643
87589712
87589839
87589989
87589990
87590011
87590069
87590194
87590261
87590262
87590283
87590582
87590636
87590705
87590769
87590852
87590911
87590913
87590971
87590977
87591106
87591168
87591360
87591420
87591422
87591608
87591670
87591740
87591742
87591805
87591863
87591866
87591868
87591903
87592062
87592066
87982425
87982481
87982535
87982550
87984599
88013679
88027121
88034756
88034935
88035054
88051619
88058409
88090494
88096037
88129512
88148557
88148911
88153666
88155919
88156036
88157640
88157647
88157827
88161052
88189913
88219376
88248632
88277813
88302596
88320580
88336857
88336971
88337033
88337398
88340158
88345238
88362911
88391714
88396361
88396423
88396484
88396508
88396573
88396625
88396681
88396682
88396743
88396802
88396863
88396864
88396922
88396990
88397049
88397050
88397052
88397055
88397056
88397058
88399465
88399527
88399537
88399585
88399643
88399700
88399762
88399765
88399769
88399771
88399774
88399778
88399781
88399847
88399849
88399912
88399975
88400038
88400103
88402316
88402373
88402439
88402440
88402503
88402561
88402613
88402672
88402674
88402732
88403734
88403788
88403847
88404610
88404668
88404725
88404785
88404787
88404790
88404791
88404793
88405648
88405707
88405759
88405765
88406572
88406634
88406691
88407126
88407191
88407786
88407849
88407908
88407966
88408009
88421048
88450463
88472442
88474155
88474157
88474212
88474213
88477405
88479250
88485668
88485671
88485673
88485730
88495722
88495724
88495728
88508807
88520196
88520197
88520198
88520256
88538379
88542723
88546059
88546061
88546064
88546122
88562944
88562955
88563004
88563062
88567361
88598825
88627538
88655990
88673589
88674040
88700670
88712529
88712532
88712534
88712539
88720991
88730456
88766773
88766898
88779844
88819708
88824273
88833202
88833264
88833319
88833320
88833739
88835238
88836147
88836156
88836165
88837071
88837080
88837109
88837761
88837770
88837779
88838674
88838683
88838693
88839678
88839687
88839696
88840640
88840649
88840658
88841740
88841749
88841799
88842712
88842721
88842787
88843762
88843822
88843836
88844878
88844888
88844954
88846051
88846060
88846070
88846982
88846991
88847001
88848026
88848035
88848045
88849120
88849129
88849139
88849696
88849705
88849714
88850788
88850797
88850806
88851447
88851456
88851525
88852536
88852545
88852554
88853157
88853166
88853206
88854160
88854169
88854235
88854823
88854836
88854904
88855909
88855975
88855984
88856495
88856559
88856568
88857698
88857707
88857723
88858250
88858298
88858325
88859417
88859427
88859436
88860062
88860071
88860103
88861153
88861210
88861228
88861458
88861943
88861953
88861962
88862890
88862899
88862908
88863557
88863566
88863575
88864470
88864479
88864548
88865368
88865377
88865386
88866179
88866188
88866197
88867096
88867105
88867114
88867853
88867862
88867871
88868938
88868957
88868966
88869634
88869643
88869653
88870608
88870617
88870626
88871366
88871375
88871385
88872351
88872360
88872369
88873006
88873015
88873024
88873950
88873960
88873969
88874617
88874626
88874638
88875564
88875573
88875582
88876247
88876266
88877222
88877232
88877255
88877959
88877968
88877989
88878923
88878932
88878968
88879597
88879663
88879672
88880684
88880693
88880702
88881432
88881489
88881504
88882309
88882375
88882384
88883237
88883246
88883256
88884120
88884130
88884167
88884967
88884977
88885043
88885868
88885877
88885890
88886896
88886907
88886916
88887749
88887759
88887823
88888613
88888622
88888631
88889456
88889528
88889541
88890643
88890652
88890662
88891537
88891580
88891590
88892339
88892348
88892357
88893232
88893241
88893307
88894015
88894024
88894033
88894944
88894953
88894962
88895678
88895687
88895696
88896558
88896567
88896576
88897419
88897430
88897497
88898227
88898236
88898245
88899161
88899170
88899180
88899846
88899855
88899864
88900814
88900823
88900832
88901516
88901525
88901534
88901727
88902494
88902503
88902512
88903249
88903258
88903267
88904194
88904203
88904212
88904859
88904869
88904878
88905808
88905817
88905826
88906478
88906488
88906497
88907492
88907501
88907511
88908184
88908194
88908204
88909189
88909199
88909228
88909888
88909897
88909906
88910989
88910998
88911008
88911705
88911714
88911748
88912742
88912752
88912780
88913487
88913496
88913505
88914456
88914465
88914504
88915184
88915195
88915258
88916150
88916204
88916213
88916881
88916890
88916954
88917865
88917875
88917885
88918614
88918623
88918632
88919576
88919642
88919651
88920312
88920322
88920382
88921343
88921412
88921421
88922101
88922110
88922175
88923181
88923190
88923199
88923818
88923885
88923894
88924838
88924847
88924856
88925546
88925555
88925564
88926462
88926472
88926482
88927293
88927302
88927311
88928103
88928112
88928121
88928982
88928991
88929000
88929806
88929816
88929825
88930678
88930741
88930748
88931470
88931479
88931488
88932418
88932427
88932436
88933171
88933180
88933189
88934122
88934131
88934140
88934808
88934817
88934827
88935717
88935727
88935736
88936450
88936459
88936469
88937336
88937345
88937354
88938151
88938161
88938172
88939012
88939021
88939030
88939785
88939795
88939804
88940700
88940709
88940772
88941567
88941611
88941620
88941693
88942439
88942449
88942458
88943286
88943297
88943306
88943959
88943971
88943984
88944027
88944036
88944046
88944103
88944112
88944121
88944236
88944249
88944260
88944346
88944356
88944365
88944424
88944440
88944464
88944657
88944664
88944670
88944737
88944743
88944750
88944839
88944947
88944956
88945024
88945036
88945045
88945099
88945152
88945161
88945170
88945198
88945207
88945217
88945233
88945242
88945251
88945308
88945317
88945329
88945404
88945414
88945423
88945492
88945502
88945512
88945622
88945632
88945641
88945689
88945698
88945707
88946447
88946456
88946465
88947576
88947586
88947595
88948445
88948516
88948526
88949364
88949373
88949382
88950319
88950328
88950397
88951222
88951231
88951241
88952056
88952065
88952074
88953102
88953111
88953120
88954134
88954143
88954152
88955130
88955139
88955148
88956096
88956106
88956115
88956935
88956945
88956954
88957974
88957983
88958054
88958863
88958872
88958938
88959954
88960021
88960030
88960731
88960740
88960749
88961854
88961863
88961872
88962644
88962653
88962662
88963644
88963653
88963663
88964663
88964675
88964740
88964926
88965764
88965775
88965807
88966660
88966726
88966736
88967837
88967848
88967911
88968752
88968761
88968770
88969454
88969708
88969718
88969728
88970233
88970246
88970744
88970754
88970763
88971495
88971559
88971569
88972459
88972469
88972478
88973169
88973179
88973245
88974215
88974224
88974233
88974920
88974929
88974938
88975909
88975918
88975927
88976611
88976621
88976690
88977598
88977607
88977617
88978369
88978429
88978438
88979295
88979305
88979314
88980385
88980394
88980403
88981062
88981071
88981080
88982022
88982091
88982100
88982720
88982729
88982738
88983813
88983822
88983831
88984373
88984383
88984392
88985455
88985465
88985474
88986084
88986112
88986158
88987000
88987009
88987018
88987819
88987829
88987866
88988929
88988940
88988950
88989624
88989633
88989642
88990674
88990741
88990750
88991301
88991367
88991376
88992348
88992395
88992426
88992930
88992939
88992949
88993926
88993936
88993954
88994654
88994723
88994732
88995645
88995655
88995718
88996441
88996473
88996482
88997365
88997374
88997384
88998284
88998294
88998304
88999194
88999203
88999212
89000096
89000105
89000115
89001022
89001031
89001041
89001770
89001779
89001788
89002687
89002696
89002705
89003395
89003404
89003413
89004325
89004334
89004343
89005183
89005193
89005253
89006065
89006074
89006083
89006924
89006933
89006942
89007696
89007705
89007715
89008721
89008738
89008748
89009615
89009624
89009633
89009776
89010577
89010588
89010597
89011492
89011553
89011562
89012388
89012397
89012406
89013342
89013351
89013360
89014330
89014339
89014349
89015177
89015203
89015238
89016159
89016183
89016237
89017152
89017163
89017172
89017901
89017925
89017975
89019033
89019057
89019066
89019731
89019775
89019800
89020910
89020921
89020923
89020934
89020942
89020943
89020971
89021110
89021178
89021514
89021536
89021604
89021619
89021627
89021695
89022234
89022356
89022417
89022704
89022705
89022769
89022774
89022779
89022854
89022855
89022992
89023118
89023296
89023356
89023357
89023358
89023430
89023664
89023785
89023898
89023958
89023959
89024081
89024150
89024388
89024447
89024619
89024620
89024685
89025355
89025365
89025428
89026439
89026448
89026459
89027173
89027182
89027210
89028148
89028158
89028169
89029042
89029051
89029064
89029817
89029827
89029836
89030707
89030774
89030783
89031537
89031552
89031554
89031566
89031575
89031584
89031589
89031592
89031600
89031854
89031868
89031901
89031965
89032197
89032375
89032438
89032593
89032645
89032646
89032647
89032908
89032978
89033034
89033036
89033290
89033291
89033303
89033305
89033309
89033321
89033357
89033631
89033651
89033731
89033732
89033914
89034032
89034226
89034228
89034405
89034424
89034427
89034433
89034503
89034627
89034688
89034810
89035001
89035005
89035012
89035018
89035025
89035029
89036122
89036131
89036140
89036737
89036748
89036757
89037242
89037841
89037850
89037859
89038434
89038443
89038454
89039518
89039527
89039540
89040104
89040113
89040123
89041303
89041335
89041344
89041762
89041774
89041791
89041805
89041810
89041816
89041878
89041879
89041928
89042026
89042030
89042089
89042208
89042808
89042809
89042941
89042999
89043059
89043065
89043078
89043150
89043513
89043516
89043522
89043711
89043720
89043729
89043734
89043736
89043738
89044274
89044330
89044638
89044702
89044814
89044819
89044957
89045191
89045196
89045200
89045204
89045464
89045473
89045536
89046610
89046619
89046628
89047224
89047235
89047244
89047953
89047954
89047955
89047960
89048022
89048080
89048139
89048206
89048324
89048585
89048589
89048599
89048606
89048669
89048733
89048907
89048970
89048971
89049017
89049043
89049173
89049417
89049765
89049766
89049889
89049891
89050015
89050134
89050196
89050469
89050471
89050488
89050604
89050848
89050911
89050920
89050929
89050995
89051118
89051287
89051289
89051466
89051525
89051528
89051813
89051939
89051941
89051982
89052005
89052767
89052833
89052842
89053909
89053918
89053927
89054486
89054559
89054568
89055575
89055584
89055595
89055596
89055601
89055607
89055609
89055610
89055611
89055679
89055787
89055900
89056274
89056306
89056908
89057212
89057213
89057214
89057288
89057290
89057299
89057335
89057355
89057361
89057425
89057734
89058163
89058462
89058526
89058595
89058659
89058664
89058801
89059103
89059173
89059185
89059198
89059204
89059205
89059509
89059629
89059930
89059992
89060409
89060474
89060594
89060656
89060658
89060711
89060955
89060957
89060968
89060973
89060975
89060980
89060992
89060997
89061004
89061069
89061191
89061355
89061465
89061548
89061550
89061665
89062145
89062529
89062531
89062661
89062739
89062740
89062747
89062753
89062782
89062784
89062858
89063033
89063046
89063106
89063226
89063286
89063408
89068255
89068945
89068946
89068947
89069021
89069203
89069332
89069391
89069457
89069513
89069575
89069704
89069884
89070063
89070064
89070309
89070311
89070491
89070497
89070617
89070678
89070923
89070985
89071112
89071173
89071290
89071291
89071351
89071781
89071899
89071967
89071979
89072089
89072209
89072320
89072386
89072503
89072507
89072635
89072739
89072856
89072888
89073127
89073284
89073358
89073435
89073505
89073565
89073933
89074055
89074109
89074189
89074228
89074407
89074466
89074525
89074693
89074694
89074695
89074696
89075046
89075047
89075277
89075643
89082317
89082319
89082321
89082498
89082557
89082866
89082983
89083047
89083164
89083288
89083292
89083293
89083357
89083487
89083545
89083678
89083679
89083680
89083738
89083990
89084111
89084112
89084230
89084232
89084522
89084721
89084724
89084725
89084781
89084782
89084905
89084971
89085149
89085151
89085218
89085408
89085529
89085835
89085889
89085892
89086011
89086013
89086139
89086261
89086419
89086421
89086424
89086508
89092924
89092926
89092927
89092986
89093044
89093099
89093109
89093176
89093195
89093262
89093264
89093319
89093374
89093433
89093434
89329963
89330299
89354890
89356599
89362926
89362931
89362932
89363127
89363208
89363212
89363473
89363613
89363626
89363670
89363681
89363687
89363704
89363721
89363739
89363757
89363776
89363851
89363861
89363865
89365088
89365090
89365377
89365460
89365529
89365593
89365653
89365666
89365684
89365701
89365706
89365725
89365769
89365928
89365930
89366518
89366721
89366786
89366856
89367078
89367098
89367170
89367445
89367656
89367675
89367693
89367713
89398829
89398830
89398950
89398956
89401046
89407357
89407435
89407507
89407509
89407578
89408103
89408104
89408238
89408243
89408264
89408277
89408282
89408417
89408425
89408643
89408647
89408774
89408842
89408843
89409063
89409368
89409469
89409553
89409570
89409642
89409651
89416789
89435159
89444906
89453673
89453742
89461976
89461977
89466746
89484203
89484446
89484447
89484564
89484566
89484625
89484749
89484816
89484942
89484943
89484955
89484959
89484961
89485085
89485322
89485512
89485516
89485577
89485697
89485699
89485769
89485782
89485786
89485963
89486081
89486203
89486395
89486518
89486519
89486578
89486580
89486648
89486653
89486654
89486656
89486665
89486666
89486669
89486913
89486914
89486973
89487390
89487453
89487461
89487462
89487468
89487471
89487537
89487658
89487660
89488028
89488338
89488343
89488345
89488350
89488354
89488355
89488497
89488614
89488673
89488944
89489160
89489161
89489162
89489163
89494535
89494536
89508058
89508160
89508191
89508194
89508381
89508608
89508610
89509662
89509730
89509732
89509849
89509855
89509860
89510175
89510176
89510354
89510481
89510542
89510543
89510601
89510607
89510618
89510627
89510753
89510758
89510762
89511060
89511411
89511525
89511527
89511544
89511678
89511735
89511795
89512157
89512219
89512220
89512286
89512292
89512305
89512306
89512421
89513090
89513150
89513153
89513218
89513224
89513614
89513678
89513800
89513998
89514002
89514005
89514088
89514350
89514365
89514542
89514604
89514781
89514981
89515107
89515110
89515352
89515540
89518143
89518259
89518265
89518268
89518331
89518508
89518509
89518510
89518747
89518808
89518810
89519050
89519051
89519061
89519067
89519190
89519193
89519341
89519465
89519527
89519707
89519894
89519955
89519962
89519965
89519970
89519976
89520222
89520283
89520521
89520522
89520641
89520645
89520705
89520762
89520767
89520771
89520772
89520775
89520777
89520974
89521160
89521277
89521342
89521345
89521469
89521535
89521652
89521653
89521655
89521664
89521665
89522508
89522513
89522516
89522522
89522585
89522651
89522829
89522898
89523019
89523020
89523022
89523141
89523263
89523320
89523334
89523351
89523548
89523663
89523665
89523778
89523839
89523956
89524018
89524313
89524317
89524379
89524380
89524385
89524604
89524609
89524654
89524791
89524792
89524793
89524857
89524988
89525043
89525044
89525255
89525263
89525265
89525336
89525461
89525462
89525521
89525762
89525771
89525772
89525812
89526183
89532952
89532954
89533050
89533084
89533142
89533327
89533442
89533569
89533631
89533746
89533817
89533932
89533940
89533951
89534011
89534082
89534143
89534209
89534272
89534332
89534574
89534693
89534752
89534760
89534764
89535234
89535301
89535361
89535428
89535486
89535629
89535724
89535727
89535733
89535741
89535744
89535745
89535805
89535876
89536125
89536184
89536185
89536308
89536369
89536433
89536498
89536505
89536507
89536522
89536595
89536622
89542998
89543095
89543420
89543423
89543610
89543669
89543670
89543732
89543793
89543806
89543822
89543939
89543944
89544005
89544007
89544071
89544132
89544194
89544375
89544439
89544566
89544572
89544575
89544581
89544587
89544596
89544749
89544873
89545055
89545112
89545169
89545229
89545289
89545404
89545468
89545471
89545538
89545657
89545658
89545661
89546004
89546005
89546007
89546008
89546126
89546194
89546204
89546206
89546211
89546214
89546274
89546275
89546339
89550424
89550425
89550481
89550483
89550662
89550783
89550909
89550968
89550971
89551038
89551043
89551047
89551104
89551346
89551399
89551458
89551485
89551521
89551767
89551768
89551890
89551898
89551908
89551909
89552102
89552274
89552333
89552867
89552868
89552869
89552931
89552984
89553149
89553172
89553523
89553524
89553530
89553532
89553533
89553536
89553842
89553866
89554043
89554101
89554345
89554351
89554356
89554357
89554362
89554366
89554370
89554371
89554584
89554708
89554891
89554892
89555073
89555191
89555193
89555254
89555258
89555268
89555269
89555271
89555274
89555275
89555278
89555386
89555461
89555583
89555704
89555769
89555943
89556073
89556076
89556080
89556084
89558468
89558469
89558597
89558712
89558713
89558966
89558968
89563036
89563071
89563253
89563257
89563380
89563442
89563447
89563527
89563630
89563643
89563722
89563837
89563961
89564144
89564329
89564393
89564451
89564459
89564466
89564467
89564473
89564475
89564478
89564750
89564754
89564760
89565129
89565190
89565191
89565192
89565253
89565378
89565379
89565532
89565600
89565712
89565835
89565897
89566018
89566203
89566208
89566209
89566222
89566421
89566422
89566654
89566719
89566724
89566837
89566900
89583931
89583934
89584927
89584929
89584931
89584933
89584935
89585069
89585071
89585073
89585075
89585077
89585704
89585706
89585708
89585710
89585712
89585716
89585972
89585974
89585976
89585978
89585980
89587452
89587456
89587477
89587478
89588347
89588349
89588353
89588372
89588407
89588553
89588555
89588557
89588567
89589454
89589534
89590468
89590470
89590472
89590499
89590532
89590829
89590830
89591804
89591809
89592517
89593681
89593683
89593684
89593687
89593688
89593689
89595753
89596015
89596016
89597962
89597968
89597973
89597994
89598589
89600079
89600801
89600802
89602513
89602557
89602646
89602650
89602772
89602943
89602945
89602946
89603194
89603253
89603978
89604039
89604250
89604437
89604500
89604537
89604582
89604655
89604718
89604782
89605028
89605123
89605150
89605151
89605210
89605212
89605584
89605704
89605706
89605779
89605783
89605786
89605788
89605791
89605796
89605799
89605810
89605812
89605997
89606116
89606172
89606230
89606450
89606455
89606675
89606806
89606865
89606866
89606867
89607178
89607181
89607238
89607296
89607298
89607422
89607481
89607485
89607501
89607513
89607522
89607637
89607640
89609790
89612723
89613025
89613082
89613085
89613264
89613268
89613518
89613663
89613908
89614036
89614039
89614045
89614052
89614056
89614063
89614131
89614152
89614255
89614289
89614478
89614904
89615093
89615275
89615277
89615400
89615523
89615739
89615742
89615747
89615748
89615757
89615758
89615831
89615832
89615834
89616024
89616082
89616328
89616384
89616447
89616448
89616513
89616701
89616820
89616885
89616886
89617071
89617074
89617140
89618975
89622797
89622799
89622980
89623212
89623268
89623271
89623272
89623399
89623645
89623766
89623769
89623770
89623784
89623788
89623793
89623796
89623801
89623888
89623988
89624261
89624262
89624324
89624386
89624388
89624573
89624636
89624699
89624756
89624757
89624759
89624877
89625066
89625182
89625364
89625487
89625492
89625493
89625500
89625502
89625513
89625754
89625817
89626288
89626637
89626642
89626759
89626883
89626948
89627058
89627115
89627116
89627127
89632892
89632906
89632973
89633042
89633235
89633236
89633362
89633364
89633557
89633560
89633561
89633621
89633939
89633940
89633960
89633964
89634000
89634017
89634087
89634242
89634450
89634579
89634646
89634768
89634831
89635207
89635388
89635448
89635628
89635738
89635741
89635833
89635836
89635843
89635847
89635882
89635884
89635891
89636125
89636153
89636155
89636220
89636331
89636658
89636728
89643666
89643667
89643668
89643792
89643857
89643859
89643861
89643933
89644062
89644125
89644372
89644457
89644459
89644461
89644494
89644514
89644518
89644523
89644586
89644645
89644854
89644974
89645154
89645272
89645333
89645452
89645634
89645640
89645886
89645889
89646039
89646167
89646286
89646291
89646295
89646296
89646301
89646302
89646308
89646314
89646432
89646434
89646624
89646645
89646728
89646731
89646813
89663372
89664120
89666869
89671023
89684485
89685673
89685683
89701861
89702293
89709258
89710687
89718644
89727114
89727117
89727388
89727501
89727763
89727775
89728890
89736980
89737115
89737241
89737361
89737420
89737484
89737529
89737704
89737765
89737773
89737781
89737782
89737789
89737792
89737801
89737930
89737932
89738000
89738002
89738116
89738196
89738389
89738513
89738700
89738764
89738892
89738956
89738960
89739027
89739340
89739343
89739406
89739466
89739543
89739676
89739677
89739682
89739749
89739750
89739752
89739936
89739998
89740255
89740316
89740379
89740561
89740637
89740645
89740655
89746810
89746812
89746927
89746991
89747229
89747295
89747354
89747660
89747841
89747927
89748187
89748188
89748211
89748306
89748425
89748427
89748460
89748485
89748489
89748576
89748920
89748988
89749111
89749231
89749359
89749485
89749487
89749489
89749494
89749579
89749738
89749825
89749886
89750066
89750190
89750195
89750261
89750262
89750269
89750309
89750376
89750683
89750687
89750808
89751101
89751167
89751169
89751237
89751240
89817376
89817382
89817384
89819781
89819797
89821506
89821680
89821740
89821856
89821975
89821978
89822036
89822514
89822570
89824254
89824255
89824505
89824507
89824751
89824776
89824835
89824897
89824956
89825019
89825081
89825596
89825597
89825600
89825655
89828142
89828202
89828203
89828214
89828231
89828233
89828291
89828534
89828742
89828752
89828828
89830120
89830124
89830525
89830528
89830711
89830834
89831255
89831828
89831830
89831928
89832051
89832056
89833351
89833414
89833416
89833436
89833438
89833467
89833469
89833470
89833481
89833553
89833568
89833569
89833577
89833655
89833695
89833731
89833740
89833758
89833801
89833805
89833811
89833814
89833830
89833842
89833879
89833882
89833883
89833889
89833895
89833896
89833904
89833905
89833910
89833961
89833965
89834158
89834331
89834357
89834359
89834372
89834525
89834527
89834528
89834535
89834580
89834581
89834656
89834668
89834751
89834756
89834761
89834919
89835035
89835087
89835090
89835096
89835100
89835108
89835113
89835115
89835145
89835157
89835170
89835179
89835180
89835183
89835185
89835186
89835193
89835217
89835219
89835235
89835239
89835261
89835321
89835322
89835331
89835363
89835377
89835379
89835407
89835409
89835421
89835495
89835608
89835708
89835892
89835909
89835912
89835917
89835936
89835945
89835983
89835984
89836023
89836031
89836056
89836059
89836197
89836198
89836221
89836227
89836228
89836230
89836250
89836251
89836305
89836306
89836324
89836390
89836392
89836434
89836435
89836466
89836814
89836850
89836851
89836990
89836999
89837002
89837007
89837169
89837173
89837174
89837188
89837200
89838843
89839633
89839811
89839991
89839993
89840001
89840159
89840193
89840247
89840815
89841376
89841835
89841836
89842895
89842897
89843081
89843215
89843340
89843521
89843523
89843673
89843674
89843861
89844400
89844403
89844726
89845276
89845279
89845346
89845351
89846033
89846212
89846235
89847674
89847965
89848145
89848147
89848148
89848993
89850386
89851342
89853512
89853514
89854008
89854346
89854347
89854356
89854357
89856375
89856378
89856565
89857359
89857404
89857407
89857590
89857644
89857651
89857652
89857655
89857694
89857695
89857747
89857749
89857768
89857769
89858000
89858203
89858204
89858893
89858896
89859091
89859093
89861049
89862724
89863968
89864228
89869616
89869620
89869622
89870574
89870580
89873333
89875198
89875208
89879092
89879093
89879217
89879218
89879219
89880558
89882092
89885045
89885056
89885067
89885082
89885136
89885151
89885313
89885836
89885838
89885841
89885853
89885859
89885898
89885945
89885976
89885981
89885994
89886149
89886187
89886545
89886763
89886764
89886767
89886899
89886942
89887050
89887054
89887058
89887061
89887062
89887090
89887100
89887119
89887133
89887347
89887350
89887354
89887355
89887362
89887443
89887447
89887455
89888972
89888974
89889036
89889038
89889127
89889189
89889373
89889829
89891815
89892237
89892243
89892253
89892527
89892734
89893070
89893890
89893891
89894687
89895207
89895208
89895583
89895584
89898011
89898072
89898076
89898214
89899053
89899699
89900096
89900099
89901027
89901149
89901151
89901579
89901620
89901644
89901710
89901722
89901728
89901846
89902104
89902524
89902528
89903446
89903449
89903453
89903828
89904370
89904372
89904373
89904433
89904505
89904516
89904534
89905294
89905679
89905680
89905681
89907128
89907131
89908426
89908610
89908798
89910582
89910827
89910893
89911317
89911436
89911556
89911692
89911693
89911757
89911880
89912198
89912205
89912249
89912310
89912313
89913376
89913378
89913380
89913382
89913384
89913386
89913565
89913594
89913596
89915820
89916344
89916583
89917200
89917241
89917243
89917245
89917247
89917249
89917280
89917286
89917294
89917298
89917299
89917302
89917307
89917368
89917434
89917495
89917979
89918329
89918945
89918946
89918953
89918962
89919090
89919744
89919810
89920288
89920345
89920406
89920596
89920610
89920611
89920612
89920618
89920629
89920658
89920659
89920668
89920773
89920855
89921172
89921173
89921175
89921296
89921594
89921720
89921722
89921730
89921732
89921982
89922237
89922250
89922354
89922355
89922370
89922371
89922374
89922579
89922581
89922648
89922768
89922770
89922802
89923372
89923443
89923571
89923818
89924125
89924131
89924134
89924397
89924398
89924399
89924954
89925063
89925314
89925319
89925380
89925767
89926679
89926681
89926811
89926819
89926829
89926837
89927090
89927397
89927542
89927561
89928352
89928354
89928475
89928534
89928542
89928544
89928552
89929112
89929113
89929174
89929377
89929378
89930091
89930150
89930151
89930154
89930288
89930589
89930785
89930816
89930954
89931269
89931271
89931392
89931455
89931753
89931893
89931894
89932521
89932523
89932533
89933226
89933594
89933654
89933655
89933659
89934209
89934210
89934218
89934222
89934235
89934238
89934432
89934561
89934680
89934921
89934983
89935287
89935415
89935598
89935873
89935930
89935948
89936373
89936615
89936677
89936969
89936971
89937442
89937500
89937558
89937562
89937567
89937568
89937575
89937745
89937860
89938153
89938212
89938275
89938332
89938453
89938455
89938510
89938512
89938572
89938574
89938575
89938930
89939154
89939155
89939164
89939399
89939519
89939521
89939639
89939756
89939757
89939817
89940172
89940311
89940441
89940673
89940794
89940797
89940798
89940803
89940804
89940808
89940809
89940813
89940824
89940825
89941063
89941416
89941417
89941657
89941773
89941835
89942391
89942450
89942461
89942468
89943481
89943484
89943613
89943615
89943790
89943792
89943967
89944104
89944115
89944228
89944461
89944524
89944652
89944665
89944769
89944859
89944952
89945217
89945261
89945759
89945761
89945765
89945774
89945786
89945799
89945860
89945991
89946088
89946312
89946618
89946913
89946915
89947035
89947039
89947471
89947472
89947493
89947510
89948479
89948849
89949082
89949085
89949113
89949545
89949855
89950035
89950259
89950261
89950588
89951024
89951889
89952088
89952158
89952281
89952346
89952408
89952555
89953014
89953015
89953741
89954128
89954130
89954198
89954215
89954431
89954676
89955159
89955172
89955353
89955734
89956004
89956006
89956445
89956506
89956571
89956572
89956989
89956990
89956991
89957108
89957422
89957664
89957673
89957683
89957896
89957990
89958395
89958623
89958800
89958802
89959161
89959227
89959300
89959306
89959308
89959313
89959315
89959378
89959379
89960433
89960837
89960839
89960917
89961103
89961222
89961401
89961647
89961649
89962599
89962601
89962617
89964524
89965341
89965997
89966122
89966124
89967024
89967031
89967462
89967586
89967589
89967594
89967596
89967911
89968743
89968745
89968748
89969284
89969286
89969288
89969293
89969298
89969302
89970205
89970713
89972345
89972346
89972347
89972471
89972472
89973245
89973247
89973364
89973426
89978003
89978642
89978645
89979261
89980292
89980351
89980352
89980412
89980473
89980529
89980564
89980624
89980680
89980682
89980745
89980799
89980862
89980924
89980926
89980928
89980930
89980932
89980934
89980936
89980937
89980938
89980939
89980942
89983717
89984158
89984281
89984284
89984301
89984311
89984312
89984323
89984324
89984465
89984482
89985265
89985392
89985453
89985456
89985466
89985481
89985541
89986109
89986249
89986330
89986379
89986382
89986634
89986707
89986760
89986830
89986831
89986890
89986893
89986954
89986958
89987020
89987082
89987139
89987168
89987201
89987205
89987206
89987244
89987274
89987281
89987339
89988005
89988006
89988067
89988070
89988131
89988193
89988196
89988258
89988266
89988325
89988326
89988334
89988390
89988410
89988461
89988519
89988578
89988579
89988580
89988582
89989013
89989123
89989144
89989145
