13.143
17.221
13.208
13.665
13.553
13.716
13.633
2.331
13.244
13.525
13.417
14.099
1.480
15.564
14.175
13.680
13.477
13.942
13.720
14.186
13.823
59.342
12.734
13.235
14.854
14.478
14.218
13.709
13.850
13.856
2.465
13.745
14.153
13.122
14.109
14.009
13.730
15.255
13.417
13.730
13.140
13.892
16.399
11.924
13.696
15.471
14.406
14.190
13.899
13.483
14.061
15.421
15.493
14.191
14.869
14.227
13.714
13.996
14.166
14.195
14.368
14.255
69.153
14.097
15.227
14.232
3.416
13.412
14.649
16.679
13.445
21.781
13.809
13.351
14.143
13.866
13.707
13.868
14.253
27.735
13.643
14.307
14.453
13.497
13.368
13.339
17.853
13.768
14.010
13.734
14.024
12.900
13.496
14.272
13.321
15.734
1.543
16.520
12.981
15.165
15.114
14.553
13.471
13.803
14.772
14.711
13.975
13.983
13.212
15.479
12.952
13.049
12.631
12.419
12.431
12.613
13.650
13.046
13.855
12.538
14.284
13.246
13.703
13.643
14.134
12.743
13.203
12.293
