67.001
70.959
67.359
71.509
76.596
77.890
68.776
67.965
65.914
69.079
68.568
73.942
65.716
67.502
66.886
72.595
77.578
69.180
72.562
69.636
73.798
73.892
73.657
73.844
82.241
68.622
66.128
68.979
74.051
72.440
72.315
67.759
79.839
69.230
69.983
68.373
73.998
75.501
75.545
75.415
80.259
68.153
68.530
66.695
70.000
71.410
75.895
78.092
86.337
68.469
71.387
71.243
68.652
72.678
84.099
69.902
75.803
74.047
79.470
76.909
78.155
82.330
83.207
88.715
77.867
73.145
70.622
71.848
76.060
79.117
73.196
75.104
71.511
72.397
74.559
69.932
76.083
84.468
72.440
73.380
70.840
74.378
192.583
81.832
73.157
67.151
70.378
69.584
71.839
72.520
70.105
75.351
78.372
70.830
70.508
70.539
68.224
71.742
70.629
73.029
70.315
68.552
69.762
71.064
72.202
68.109
68.358
69.630
69.399
80.943
226.105
67.328
67.147
69.139
68.923
