131723283
131753500
131759215
131775646
131787192
131812576
131826030
131826040
131839932
131864066
131864067
131867626
131895250
131923924
131949465
131950297
131976918
131987829
131989317
131992330
131992334
131992337
131992342
131992346
131992348
131992349
131992358
131992362
131992364
131992365
131992366
131992375
131992376
131992377
131992381
131992389
131992391
131992394
131992396
131992406
131992407
131992409
131992415
131992416
131992432
131992434
131992436
131992446
131992448
131992450
131992454
131992456
131992466
131992471
131992472
131992474
131992485
131992492
131992494
131992507
131992509
131993002
131993144
131993145
131993153
131993154
131993158
131993273
131993282
131993283
131993284
131993285
131993295
131993296
131993297
131993301
131993303
131993306
131993313
131993316
131993317
131993318
131993328
131993330
131993331
131993332
131993340
131993341
131993342
131993343
131993350
131993352
131993360
131993361
131993362
131993365
131993855
131993857
131993862
131993864
131993865
131993874
131993879
131993892
131993895
131993897
131993899
131994068
131994079
131994085
131994089
131994090
131994093
131994094
131994103
131994104
131994112
131994113
131994125
131994143
131994153
131994154
131994155
131994162
131994163
131994164
131994780
131994781
131994790
131994792
131994795
131994802
131994807
131994808
131994810
131994819
131994946
131994954
131994955
131994957
131994958
131994965
131994967
131995102
131995103
131995104
131995113
131995114
131995116
131995143
131995147
131995150
131995151
131995162
131995165
131995172
131995173
131995174
131995184
131995185
131995186
131995188
131995197
131995200
131995201
131995202
131995205
131995212
131995214
131995223
131995224
131995227
131995237
131995238
131996956
132002972
132010180
132017126
132017192
132020401
132023631
132024669
132026642
132027295
132049239
132072882
132081556
132110998
132114866
132125231
132140630
132168057
132183004
132225028
132258514
132277012
132277103
132277239
132301434
132335493
132366276
132392841
132392892
132392957
132393041
132393122
132393174
132393216
132393270
132393304
132393334
132393363
132393373
132393400
132393429
132393439
132393444
132393449
132393462
132393465
132393467
132393469
132393470
132393481
132393482
132393484
132393797
132393843
132393898
132393953
132393994
132394017
132394048
132394079
132394106
132394130
132394155
132394199
132394218
132394244
132394256
132397530
132398692
132398722
132398746
132398792
132398818
132398845
132398859
132399804
132399865
132399950
132400031
132400105
132400219
132400246
132400260
132400267
132400276
132400278
132400289
132400291
132400293
132400299
132400318
132400319
132400321
132400332
132400342
132400344
132400347
132400354
132400450
132400612
132400705
132400739
132400769
132400848
132404233
132404265
132404269
132404272
132404274
132404284
132404286
132404287
132404291
132404329
132404466
132404546
132406006
132406106
132406112
132406115
132406125
132406128
132406131
132406142
132406145
132406146
132406156
132406158
132406185
132406241
132406321
132406411
132406440
132406529
132410162
132410202
132410224
132410262
132410310
132410379
132410427
132410465
132410488
132410514
132411500
132411502
132411504
132411508
132411547
132411611
132411690
132412613
132412648
132412668
132412694
132412716
132412727
132412766
132412779
132412787
132412794
132412828
132412834
132412908
132413063
132413174
132413225
132413312
132413337
132413357
132413368
132413383
132413391
132413400
132413409
132413414
132413447
132413455
132413462
132413476
132413485
132413492
132413494
132428815
132446960
132454038
132467866
132483269
132511842
132526034
132555967
132584834
132617738
132678982
132692529
132713315
132723073
132748251
132754158
132767270
132776427
132784276
132812804
132840327
132846399
132860717
132876905
132880175
132890186
132908850
132938393
132950178
132961208
132969624
132975220
132991041
132991083
132991151
132991231
132991314
132991378
132991434
132991475
132991511
132991532
132991540
132991546
132991549
132991558
132991563
132991574
132991576
132991579
132991584
132991586
132991592
132991593
132991594
132991598
132991600
132991927
132991963
132992019
132992086
132992135
132992166
132992192
132992213
132992238
132992259
132992285
132992305
132992319
132992326
132992342
132995027
132996093
132996121
132996130
132996154
132996178
132996214
132996235
132996256
132996946
132996988
132997056
132997144
132997229
132997353
132997394
132997417
132997423
132997427
132997436
132997439
132997441
132997444
132997446
132997455
132997458
132997460
132997464
132997473
132997476
132997477
132997478
132997532
132997674
132997826
132997866
132997938
133000486
133000963
133000973
133000975
133000977
133000982
133000985
133000987
133001024
133001076
133001238
133001304
133002685
133002734
133002736
133002737
133002741
133002743
133002752
133002754
133002760
133002768
133002769
133002771
133002772
133002880
133002966
133003031
133003090
133003135
133003244
133006537
133006585
133006612
133006645
133006686
133006744
133006800
133006841
133006864
133006895
133007725
133007728
133007730
133007740
133007780
133007845
133007930
133008850
133008867
133008882
133008900
133008915
133008936
133008941
133008945
133008949
133008963
133008969
133008973
133009056
133009214
133009336
133009382
133009439
133009457
133009476
133009485
133009492
133009498
133009504
133009515
133009519
133009524
133009536
133009538
133009540
133009544
133009554
133009997
133024483
133054773
133084849
133093779
133111903
133143132
133169458
133191829
133191837
133191930
133200932
133230207
133254827
133276090
133283128
133305297
133333546
133363160
133392262
133420964
133434487
133449697
133471830
133471868
133471933
133471997
133472039
133472102
133472148
133472192
133472242
133472272
133472299
133472307
133472317
133472339
133472347
133472360
133472362
133472365
133472366
133472368
133472374
133472375
133472376
133472378
133472381
133472583
133472618
133472658
133472694
133472716
133472748
133472772
133472794
133472803
133472831
133472855
133472896
133472903
133472933
133472951
133475529
133476377
133476395
133476410
133476428
133476448
133476463
133476486
133477179
133477230
133477290
133477352
133477418
133477500
133477550
133477587
133477614
133477634
133477640
133477642
133477643
133477645
133477653
133477655
133477656
133477657
133477664
133477665
133477666
133477667
133477669
133477748
133477827
133477858
133477890
133477938
133477989
133481093
133481104
133481117
133481126
133481133
133481139
133481142
133481153
133481185
133481271
133481300
133482541
133482701
133482727
133482738
133482744
133482760
133482775
133482787
133482792
133482795
133482805
133482807
133482808
133482850
133482903
133482954
133483012
133483033
133483071
133486135
133486156
133486181
133486195
133486231
133486281
133486298
133486312
133486333
133486345
133487198
133487200
133487201
133487208
133487222
133487263
133487331
133488109
133488127
133488151
133488170
133488187
133488207
133488254
133488267
133488284
133488298
133488356
133488375
133488418
133488500
133488568
133488606
133488666
133488706
133488749
133488786
133488808
133488829
133488846
133488873
133488890
133488920
133488927
133488943
133488951
133488963
133488969
133488971
133501901
133519383
133549568
133579032
133589288
133603581
133633581
133657798
133657799
133657808
133663298
133689237
133719313
133749289
133774632
133791940
133792082
133803620
133804517
133832753
133856903
133861144
133891776
133892982
133914840
133936675
133957935
