18.783
18.440
21.003
20.082
19.157
17.633
19.649
19.518
18.770
20.919
19.709
19.582
16.418
20.237
20.350
19.443
17.588
17.307
18.349
21.012
21.266
21.303
20.414
18.581
18.354
18.468
19.140
20.358
19.151
19.540
21.081
20.285
19.282
19.273
20.057
18.641
18.200
20.126
21.267
20.265
23.856
17.601
18.548
16.117
18.274
19.308
17.927
17.290
19.478
17.831
18.409
20.614
20.668
20.034
16.961
19.299
20.174
18.772
18.489
19.393
18.152
17.533
19.970
19.611
18.216
18.569
20.234
20.369
21.353
18.649
18.039
17.688
19.282
19.207
19.992
17.588
20.527
18.596
18.460
19.921
18.138
18.931
16.832
18.247
17.443
18.212
15.995
15.934
14.447
17.437
18.486
18.091
18.180
16.353
17.616
17.843
