12.650
11.939
12.618
12.338
12.931
12.020
12.524
13.997
12.894
12.773
17.668
24.339
12.203
12.933
12.556
14.805
11.970
13.060
12.141
12.995
13.994
13.348
16.961
15.357
14.214
14.587
12.478
12.739
13.922
12.566
14.102
12.659
11.320
14.445
13.154
16.269
15.629
15.053
13.190
14.463
15.370
20.437
14.269
15.271
12.904
14.129
13.560
12.449
12.048
12.689
13.098
14.145
14.951
13.206
12.683
11.680
11.779
13.693
15.495
13.612
13.803
14.296
13.894
13.468
13.564
13.951
16.076
13.557
14.848
13.564
13.164
12.686
13.076
13.749
12.910
12.604
12.512
13.347
13.995
13.170
12.735
12.667
13.647
13.050
13.259
13.222
11.548
13.023
14.442
11.996
12.095
13.700
13.340
13.124
