13.902
12.829
13.388
13.853
13.190
13.519
13.017
13.192
13.967
14.718
13.664
13.810
13.331
14.991
13.185
13.126
13.192
13.145
13.521
14.010
14.924
13.564
24.049
13.341
12.872
13.854
11.960
13.374
13.170
14.395
13.559
14.619
11.657
13.208
13.321
11.778
12.637
13.721
12.461
14.842
13.954
15.063
13.930
13.438
15.960
15.783
14.631
13.306
13.453
14.794
14.692
14.134
14.100
14.779
14.536
12.752
15.965
14.249
15.590
15.698
14.901
14.781
15.196
15.620
13.777
13.883
13.073
14.068
17.686
14.878
14.477
15.303
13.534
13.228
49.371
14.295
13.514
14.304
14.840
13.984
16.147
14.143
13.397
13.553
13.122
16.449
16.126
12.456
13.138
12.341
13.845
13.415
14.079
13.939
13.440
14.317
13.132
