65.535
65.597
65.364
70.353
67.132
67.447
57.593
60.821
59.659
58.900
65.198
59.025
72.223
71.548
72.226
72.408
78.777
72.260
72.598
73.301
72.873
77.223
78.964
71.379
71.726
73.575
72.405
75.684
80.710
75.369
58.171
57.991
72.611
59.556
62.993
61.386
61.708
60.302
62.040
59.787
60.473
58.910
62.018
60.404
41.580
61.807
57.442
59.421
63.132
59.210
58.523
57.445
62.948
62.140
66.847
60.441
59.154
60.880
65.612
62.382
63.985
59.543
61.847
60.627
61.614
59.235
62.000
61.529
59.010
61.325
64.310
61.062
80.434
75.465
72.766
73.769
73.934
76.912
75.246
76.288
74.177
73.128
72.079
74.690
79.882
79.885
74.086
72.041
73.700
78.500
75.156
80.662
77.198
75.870
