90547160
90547167
90547173
90547180
90547189
90547229
90547500
90547504
90547507
90550063
90550066
90550068
90550070
90550072
90550074
90552656
90552658
90552660
90552859
90552861
90552863
90552866
90552868
90552870
90554765
90554796
90554816
90554821
90554827
90554831
90557710
90557712
90557714
90557716
90557718
90557721
90560307
90560309
90560311
90560313
90560315
90560317
90562002
90562010
90562018
90562023
90562480
90562485
90562495
90562503
90562512
90562517
90565160
90565162
90565175
90565184
90565192
90565199
90566811
90566814
90566817
90568366
90568368
90568370
90568372
90568374
90568376
90569887
90569889
90569891
90569893
90569895
90569897
90573124
90573127
90573131
90573137
90573139
90573155
90573376
90573379
90573381
90573384
90576995
90576997
90577176
90577179
90577181
90577183
90577185
90577187
90578885
90578892
90578900
90578906
90579130
90579137
90579142
90581751
90581755
90581759
90581762
90581767
90581770
90581960
90581962
90582075
90582077
90582079
90582081
90582115
90584562
90584564
90584566
90584568
90584999
90585084
90587578
90587584
90587589
90587598
90587604
90587609
90587943
90587947
90587951
90587954
90587960
90587965
90590695
90590698
90590845
90590847
90590849
90590851
90590870
90590905
90593296
90593298
90593300
90593302
90593304
90593306
90594568
90594570
90594572
90594574
90594576
90594578
90595581
90595588
90595601
90595605
90595609
90596687
90596689
90598354
90598369
90598371
90598374
90598376
90598378
90600000
90600002
90600004
90600006
90600008
90600010
90601101
90601103
90601105
90601107
90602782
90602787
90602795
90602799
90602805
90602828
90605585
90605588
90605592
90605594
90605597
90605599
90605770
90605772
90609212
90609220
90609223
90609225
90609227
90609229
90609423
90611181
90612927
90612932
90612938
90612943
90612946
90612951
90615750
90615754
90615757
90615966
90615969
90615973
90615976
90615980
90615983
90618689
90618691
90618694
90618696
90618698
90618700
90618870
90618872
90618874
90620647
90620652
90620659
90620664
90621013
90621018
90621023
90621027
90621032
90621035
90623536
90623538
90623657
90623667
90623707
90623717
90623719
90623721
90626210
90626212
90626214
90626216
90626218
90626220
90627277
90627279
90627281
90627283
90627285
90627287
90628405
90628411
90628416
90628420
90628424
90628428
90630990
90630992
90630994
90630996
90630998
90631000
90632010
90632012
90632014
90632017
90632020
90633327
90633329
90633332
90633334
90633336
90633338
90634778
90634780
90634782
90634784
90634786
90634788
90637850
90637852
90637854
90637858
90637863
90637981
90637983
90641462
90641464
90641466
90641468
90641470
90641473
90641656
90641658
90641660
90641662
90643511
90643548
90643589
90643596
90643601
90643608
90643846
90643851
90643856
90644778
90644800
90646399
90646401
90646403
90646599
90646602
90646604
90646606
90646608
90646610
90649228
90649231
90649233
90649236
90649238
90649255
90649410
90649412
90651170
90651177
90651181
90651189
90651192
90651199
90654092
90654095
90654099
90654102
90654105
90654108
90655734
90655736
90655738
90655740
90655742
90655744
90658452
90658454
90658456
90658460
90658500
90658516
90658631
90658633
90660799
90660831
90660845
90660852
90660860
90660867
90661071
90661075
90663830
90663832
90663836
90663839
90663841
90663844
90664044
90664046
90664048
90664050
90664054
90664084
90666668
90666692
90666710
90666712
90666714
90666716
90668672
90668681
90668686
90668692
90668698
90668704
90668912
90668915
90668929
90670142
90670145
90670180
90671638
90671640
90672962
90672969
90672977
90672981
90672983
90674406
90674408
90674536
90674538
90674540
90674542
90674544
90674546
90676693
90676700
90676708
90676713
90676719
90676721
90678039
90678041
90678043
90678045
90679518
90679520
90679522
90679524
90679526
90679528
90680585
90680587
90681264
90681268
90681274
90681282
90681286
90681290
90684202
90684205
90684213
90684234
90684274
90684281
90687790
90687796
90687798
90687800
90687802
90688007
90688010
90688012
90688014
90688017
90688019
90689537
90690622
90690624
90690626
90690628
90690639
90692147
90692149
90692151
90692153
90692155
90692157
90692875
90692879
90692881
90692885
90692888
90692891
90695451
90695453
90695635
90695639
90695641
90695643
90695645
90695647
90698117
90698295
90698297
90698299
90698301
90698303
90698305
90700072
90700078
90700082
90700255
90700259
90700278
90702821
90702824
90702826
90702828
90702831
90702834
90704617
90704619
90704621
90704623
90704625
90705721
90705723
90705725
90705727
90706319
90706342
90750241
90750259
90803018
90803043
90856707
90856733
90903151
90903170
90936578
90936592
90983161
90983185
91051493
91051563
91108663
91108730
91121349
91121377
91121393
91121793
91121811
91121827
91129709
91129738
91151840
91151865
91173922
91173954
91197252
91197271
91218496
91218525
91220305
91220492
91223056
91223065
91245260
91245271
91293913
91293948
91337104
91337135
91403914
91403998
91444959
91444998
91495844
91495879
91498380
91528336
91528372
91553254
91553286
91576665
91576708
91605414
91605448
91624293
91624325
91634237
91639185
91639186
91639187
91639198
91643362
91643404
91665491
91665535
91693240
91693284
91721003
91721036
91753569
91753607
91792859
91792916
91818870
91818914
91874613
91874654
91930691
91930730
91988382
91988478
92040382
92040432
92087426
92087464
92118089
92118137
92139666
92139714
92185201
92185292
92243756
92243802
92287727
92287773
92319817
92319831
92339435
92339474
92370414
92370419
92391790
92391797
92432733
92432745
92467931
92467955
92486973
92487006
92516908
92516959
92545586
92545691
92598793
92598841
92638281
92638336
92672763
92672824
92706825
92706908
92731740
92731750
92768864
92768911
92807068
92807111
92807861
92816128
92818425
92825879
92825886
92827338
92843149
92853304
92853319
92886071
92886123
92921324
92921343
92937110
92937166
92966953
92967015
92995697
92995725
93004304
93004358
93035647
93035765
93068210
93068337
93085232
93099351
93099417
93119463
93130697
93130769
93164510
93164576
93195742
93195818
93227303
93227383
93258442
93258520
93293801
93293872
93326739
93326771
93354503
93354581
93391798
93391888
93429243
93429328
93449881
93449891
93449900
93449905
93451944
93452004
93464865
93464902
93489667
93489768
93533353
93533425
93573655
93573726
93610278
93610342
93633509
93650423
93650492
93689326
93689412
