27.762
30.662
31.005
29.933
28.828
29.357
29.451
27.799
27.260
27.925
27.638
26.117
26.542
28.298
26.860
29.131
30.775
28.873
28.449
28.186
29.398
27.482
27.362
29.284
30.147
29.059
28.325
30.222
29.327
30.961
30.378
28.924
29.521
29.228
27.484
27.990
28.939
28.056
27.758
31.719
33.192
28.748
29.934
28.611
29.827
26.544
27.481
25.472
27.984
29.170
28.923
28.518
28.564
28.426
28.152
29.055
29.047
27.360
28.680
27.732
27.786
29.176
28.501
28.767
29.480
27.932
27.918
29.200
28.635
28.702
27.859
28.968
29.354
33.325
34.452
34.591
31.372
30.507
30.151
27.423
28.577
28.103
28.015
28.339
27.203
27.638
29.342
28.769
28.145
20.703
21.415
19.223
21.037
19.776
19.478
19.037
19.060
22.871
23.587
21.940
21.790
21.763
21.208
21.024
20.959
20.259
21.023
19.554
19.319
24.310
23.816
22.132
22.130
20.588
22.130
19.582
19.920
19.141
18.921
19.902
19.572
21.213
21.099
19.916
20.458
16.246
16.649
16.155
16.084
16.659
16.099
16.993
16.562
16.989
16.947
17.681
20.860
19.112
16.288
17.501
15.538
16.800
19.984
19.445
19.300
20.382
19.747
19.682
19.647
19.873
16.828
17.568
17.048
18.109
18.055
16.496
18.109
17.568
17.857
18.107
19.217
15.760
15.641
15.886
15.827
15.873
15.467
16.340
16.474
15.832
16.159
17.138
19.355
16.659
17.686
17.859
17.586
