18.215
7.949
8.187
41.582
10.453
12.627
13.670
18.702
16.153
14.051
13.731
14.020
14.766
13.459
13.090
12.587
12.353
12.259
12.133
13.312
13.335
14.318
15.636
15.917
14.767
13.807
13.404
12.934
13.008
13.493
12.766
14.362
14.170
14.044
14.327
13.442
13.267
30.800
17.183
13.242
13.588
13.365
14.089
13.311
12.441
13.708
13.800
14.129
15.593
15.118
14.030
12.841
14.360
3.905
12.707
12.472
13.579
12.242
14.059
13.921
13.822
14.166
13.112
13.583
12.679
12.813
14.173
14.316
13.214
13.591
14.657
12.941
13.099
14.090
13.530
13.019
14.052
12.860
12.944
13.023
14.415
14.621
17.751
18.536
20.577
16.128
14.195
14.595
13.743
12.693
13.559
13.166
13.718
14.608
14.073
15.306
13.756
14.221
15.742
15.233
13.110
14.414
13.206
13.006
12.717
12.219
63.256
14.392
14.172
13.962
14.058
14.241
14.128
14.062
13.954
13.498
13.871
13.340
13.702
14.625
14.331
13.533
13.575
14.037
13.852
12.272
13.526
7.777
17.544
3.585
12.025
12.022
13.287
12.150
13.817
13.102
14.051
12.951
15.527
13.453
28.892
12.972
13.391
12.963
14.006
13.405
13.118
13.281
15.316
14.594
14.960
14.785
8.184
13.322
13.297
12.825
12.808
13.267
13.267
13.602
13.631
15.120
14.535
14.223
14.422
13.600
14.048
22.651
14.646
15.586
15.842
15.312
13.299
14.579
13.518
14.519
13.102
13.588
12.805
13.048
12.611
13.036
13.469
13.485
14.239
13.190
13.107
13.087
13.932
14.292
14.684
13.329
14.106
13.434
