22.445
5.117
9.945
36.898
10.046
17.712
16.914
21.481
21.295
17.708
17.422
17.455
19.515
18.491
19.447
16.294
16.748
16.822
17.258
18.250
17.781
20.240
20.458
17.982
17.666
16.911
17.016
16.587
16.348
16.060
16.978
19.535
17.825
19.090
18.199
18.792
20.027
14.975
14.370
18.339
18.933
17.634
18.159
18.565
18.550
19.062
21.406
48.918
22.345
20.823
20.769
24.010
48.805
28.956
123.945
17.806
18.061
4.911
20.139
16.830
17.342
16.905
18.576
18.603
19.685
19.531
51.238
15.788
10.295
25.836
25.896
18.710
18.537
17.954
18.691
18.446
17.431
19.069
18.195
25.747
25.157
19.069
19.268
18.939
18.353
18.486
17.606
17.419
17.593
24.330
23.885
24.324
17.847
19.805
20.288
19.407
17.458
17.187
15.897
55.357
17.128
15.614
19.057
20.145
18.880
18.204
20.053
20.814
17.111
18.336
16.540
17.083
17.058
17.172
42.156
20.561
20.212
22.665
20.831
19.865
18.791
19.696
17.407
17.177
17.276
17.891
18.234
22.808
22.928
3.018
19.402
19.569
20.692
20.464
16.645
17.439
16.707
16.909
17.196
16.612
19.398
19.239
18.834
19.791
21.070
19.402
17.979
18.280
18.908
19.066
17.181
17.919
18.241
19.053
19.967
24.495
21.268
8.684
17.017
17.433
16.919
17.391
17.850
17.754
18.428
19.295
3.417
21.927
20.998
21.284
20.682
20.506
20.269
19.807
19.675
19.845
18.693
18.658
18.701
19.121
20.067
20.093
19.007
17.268
17.374
17.509
17.326
18.500
18.034
21.065
18.893
18.397
19.121
18.161
19.180
21.290
20.926
18.519
17.457
