25.546
28.040
29.182
28.938
28.527
28.581
28.516
28.229
29.085
29.077
27.409
28.721
27.779
27.831
29.376
28.695
28.999
29.704
27.976
27.961
29.233
28.685
28.746
27.911
29.007
29.398
33.308
34.438
34.307
31.086
30.410
30.058
27.610
28.767
28.359
28.267
28.583
27.450
27.879
29.591
29.091
28.502
20.558
21.257
18.962
20.770
19.541
19.249
18.800
18.823
22.716
23.431
21.862
21.714
21.751
21.182
21.000
20.928
20.157
20.938
19.451
19.215
24.253
23.756
22.037
22.026
20.474
22.010
19.517
19.833
19.025
18.821
19.805
19.475
21.147
21.011
19.829
20.391
16.518
16.916
16.436
16.354
16.922
16.365
17.264
16.834
17.266
17.153
17.878
20.841
19.114
16.559
17.778
15.821
17.076
20.190
19.649
19.506
20.597
19.832
19.813
19.752
20.063
17.034
17.783
17.257
18.318
18.306
16.572
18.181
17.671
17.953
20.357
21.577
15.876
15.768
16.070
16.008
16.061
15.651
16.545
16.680
16.003
16.342
17.314
19.529
16.831
17.875
18.044
17.769
16.216
16.173
18.346
18.277
16.814
18.187
20.768
19.780
16.303
15.893
16.314
16.229
16.358
16.750
17.322
17.512
17.337
21.066
21.793
16.975
16.825
17.698
17.467
17.303
17.033
18.411
18.389
18.394
18.663
18.957
19.706
17.057
17.612
16.338
16.214
