66.870
64.336
65.896
66.637
70.002
69.033
71.748
72.446
69.069
66.361
68.807
69.513
71.279
70.587
68.875
69.882
65.746
73.192
70.833
76.133
69.897
68.057
69.982
68.896
72.327
71.304
84.545
81.485
78.241
74.241
72.812
74.312
69.768
68.402
68.831
68.227
69.852
70.943
66.355
66.920
70.767
73.577
70.419
68.350
67.651
68.096
64.782
65.603
71.254
73.304
69.666
68.960
72.740
73.446
75.869
77.735
70.829
72.028
71.036
71.217
72.286
72.261
78.900
75.744
82.435
81.328
79.206
80.448
69.294
70.195
66.225
68.651
68.185
71.012
75.460
50.460
64.119
68.343
76.613
69.118
68.871
69.836
68.207
67.532
70.277
71.100
76.225
76.945
79.245
76.149
81.127
84.298
5.848
73.988
74.928
76.282
70.625
71.004
81.632
75.055
76.338
81.679
68.534
69.212
66.695
66.945
70.349
71.378
70.518
70.766
83.345
82.038
78.647
85.927
73.843
72.129
69.446
68.858
67.267
67.021
71.033
68.497
68.034
67.455
83.286
71.664
69.794
66.563
69.000
67.981
66.469
69.833
70.881
68.679
69.450
79.406
76.836
73.277
70.923
69.958
71.722
72.718
68.496
68.671
89.142
80.846
73.345
78.927
71.780
70.957
70.154
70.404
71.110
70.047
71.834
75.204
73.558
73.933
78.643
81.351
74.480
73.884
72.660
72.510
75.074
73.352
73.459
75.335
75.301
76.397
79.307
77.739
76.264
76.766
77.346
78.144
