17.862
17.452
19.069
19.100
20.162
20.007
51.238
15.788
10.295
26.590
26.513
19.213
19.077
18.377
19.139
18.860
17.865
19.614
18.751
26.978
26.324
19.719
19.909
19.422
18.844
18.962
18.108
17.899
18.080
24.831
24.383
24.588
18.094
20.219
20.691
20.015
18.082
17.859
16.551
55.357
17.782
16.255
19.768
20.846
19.457
18.783
20.728
21.481
17.488
18.752
16.920
17.484
17.458
17.578
42.156
20.961
20.632
22.975
21.104
20.126
19.032
19.930
17.627
17.389
17.510
18.102
18.477
23.310
23.435
3.018
19.874
20.014
21.292
21.029
17.214
18.035
17.256
17.458
17.751
17.159
20.173
20.020
19.280
20.256
21.522
19.851
18.448
18.764
19.331
19.498
17.686
18.390
18.685
19.622
20.552
24.976
21.726
8.684
17.464
17.870
17.358
17.831
18.053
17.930
18.647
19.506
3.417
22.430
21.453
21.680
21.086
20.911
20.658
20.208
20.068
20.379
19.211
19.255
19.317
19.792
20.734
22.997
21.651
17.846
17.983
17.910
17.729
18.957
18.500
21.547
19.372
18.821
19.543
18.378
19.408
21.546
21.179
18.728
17.651
18.449
19.573
20.238
18.536
29.398
25.999
18.163
18.778
19.047
19.439
19.520
19.286
19.459
18.713
20.403
19.281
19.681
23.221
17.974
18.814
19.125
17.079
18.455
17.015
22.230
18.975
22.063
18.751
35.151
35.704
19.218
19.671
20.125
20.550
20.230
19.569
20.459
20.290
20.025
20.780
21.393
18.395
25.324
20.455
20.738
