13.638
12.297
14.113
13.946
13.873
14.219
13.176
13.643
12.739
12.870
14.219
14.370
13.267
13.639
14.751
13.043
13.219
14.184
13.547
13.060
14.083
12.896
12.983
13.068
14.453
14.657
17.756
18.547
20.557
16.092
14.240
14.653
13.844
12.799
13.670
13.269
13.827
14.721
14.170
15.396
13.799
14.265
15.846
15.339
13.171
14.484
13.260
13.071
12.758
12.249
63.256
14.424
14.193
14.089
14.194
14.381
14.256
14.172
14.078
13.618
14.007
13.444
13.826
14.817
13.533
13.768
14.212
14.026
12.452
13.720
7.777
17.544
3.585
12.201
12.193
13.463
12.337
14.000
13.277
14.217
13.114
15.685
13.600
28.892
13.137
13.559
13.137
14.201
13.582
13.293
13.459
15.494
14.757
15.140
14.961
8.184
13.504
13.477
13.005
12.980
13.369
13.379
13.720
15.317
14.704
14.418
14.616
13.783
14.230
22.651
14.823
15.777
15.941
15.425
13.418
14.691
13.629
14.636
15.367
15.930
12.904
13.155
12.775
13.207
13.641
13.653
14.411
13.361
13.264
13.259
14.053
14.405
14.834
13.453
14.235
13.538
13.263
13.393
15.488
16.158
14.164
14.271
15.201
15.698
13.693
13.818
13.390
13.205
14.074
14.364
14.601
13.754
14.145
13.930
13.516
13.511
13.069
14.198
13.242
13.442
13.780
14.983
13.823
13.887
14.054
3.577
15.584
13.930
13.515
13.108
12.811
12.981
12.789
14.416
13.432
14.906
15.196
14.596
14.283
13.352
14.633
15.840
15.479
