31.759
30.483
32.468
31.751
30.728
31.132
30.531
31.774
33.330
30.053
31.638
30.977
30.975
29.921
32.361
33.366
35.261
35.139
32.001
30.169
29.436
31.066
35.809
26.854
32.566
32.873
30.353
28.755
30.223
29.542
27.446
29.176
27.839
28.216
27.613
28.325
31.142
31.474
30.608
29.500
29.524
29.552
28.003
27.385
28.123
27.695
26.419
26.808
28.580
27.386
29.690
31.379
29.263
28.860
28.620
29.844
27.792
27.775
29.802
30.621
29.543
28.838
30.763
29.726
31.542
30.920
29.510
30.053
29.619
27.903
28.247
29.134
28.305
28.007
32.058
34.486
29.712
30.686
29.203
30.395
27.018
27.971
26.012
28.466
29.715
29.440
29.006
29.001
29.036
28.770
29.692
29.816
27.887
29.214
28.242
28.343
29.668
29.012
29.290
30.138
28.476
28.465
29.413
28.846
28.836
27.984
29.144
29.490
33.021
34.179
34.709
31.441
30.661
30.303
27.962
29.121
28.628
28.480
28.781
27.739
28.045
29.797
29.379
28.808
21.370
21.118
19.935
20.962
19.800
19.498
19.723
24.099
23.982
21.880
21.631
21.573
21.010
21.033
21.034
20.367
21.124
19.677
19.438
24.254
23.766
22.324
22.292
20.318
21.920
19.696
20.041
19.374
19.014
19.985
19.666
21.183
21.059
19.786
20.421
15.660
16.109
15.649
15.594
16.175
15.741
16.650
16.221
16.665
16.585
17.282
20.486
18.763
16.449
17.629
15.756
16.968
