13.724
13.087
13.472
12.066
13.968
12.877
13.302
13.174
13.756
12.290
12.835
11.876
13.790
12.927
13.056
13.465
12.715
14.120
14.926
16.075
12.848
12.542
12.864
13.435
12.296
12.265
13.059
14.204
13.511
14.960
14.199
12.790
12.595
14.758
12.976
12.010
18.215
7.949
8.187
41.582
10.453
12.617
13.605
18.115
14.469
12.344
12.195
13.055
12.947
13.800
15.065
15.417
14.265
13.315
12.870
12.683
12.866
13.315
12.543
13.883
13.684
13.663
13.875
13.069
12.836
30.800
17.183
13.007
13.311
13.025
13.829
13.042
12.054
13.394
13.570
13.848
16.108
14.603
13.606
12.658
14.146
3.905
12.773
12.602
13.651
12.345
13.625
13.498
13.393
13.661
12.590
13.138
12.155
12.398
13.894
14.109
13.413
14.375
12.685
12.679
13.760
13.177
12.665
13.522
12.297
12.314
12.408
13.918
14.023
16.703
17.502
20.026
15.476
13.632
14.055
13.559
12.513
13.284
12.904
13.479
14.359
13.611
14.793
13.138
13.655
15.115
14.615
12.886
14.202
12.988
12.798
13.273
12.014
63.256
13.979
13.813
13.364
13.441
13.758
13.656
13.846
13.811
13.323
13.693
13.174
13.510
14.128
13.841
13.533
13.419
13.887
13.397
12.145
13.375
7.777
17.544
3.585
11.887
12.121
13.145
12.033
13.378
12.672
13.544
12.459
14.894
12.819
28.892
12.526
12.951
12.541
13.578
13.139
12.866
13.020
15.081
14.328
14.736
14.549
8.184
13.503
13.459
12.917
12.891
