71.383
72.502
69.245
69.206
72.076
70.642
82.700
236.545
68.755
68.555
71.144
70.959
74.315
72.073
72.879
79.445
78.113
83.316
81.742
77.045
76.653
70.124
72.034
71.403
73.564
74.084
75.396
88.400
88.584
79.750
80.474
57.087
70.711
72.188
75.024
47.341
89.176
9.105
37.385
42.881
71.320
69.538
77.496
75.190
73.611
71.172
76.544
75.181
67.450
68.039
69.189
66.423
71.228
74.972
69.841
69.291
71.435
69.783
76.057
76.194
68.349
69.081
70.615
70.296
68.756
73.185
71.210
69.755
72.610
71.890
77.065
75.519
50.365
45.428
72.456
73.708
67.558
67.532
66.426
66.433
76.535
78.242
68.755
72.727
70.056
72.710
67.364
70.013
176.291
69.563
69.557
67.458
64.692
67.573
68.316
71.928
70.922
73.669
74.371
70.895
68.238
70.265
70.962
72.853
72.244
69.948
70.703
66.965
74.557
72.610
78.039
71.831
69.931
71.631
70.543
74.077
72.924
86.369
83.222
82.372
77.961
75.985
77.532
72.147
70.416
70.501
70.087
72.244
73.696
69.848
69.957
73.884
77.888
75.013
73.111
71.264
71.704
69.370
69.519
75.705
78.121
75.357
74.144
77.842
80.584
81.155
83.768
74.355
75.599
74.911
74.923
76.151
75.986
84.453
81.679
87.488
85.860
85.262
86.557
73.527
74.266
69.573
71.954
72.212
74.730
81.941
57.761
69.194
73.814
82.019
73.507
71.520
72.500
70.779
70.111
72.859
73.781
78.579
79.337
81.657
78.491
83.067
86.699
5.848
77.343
77.988
78.807
78.704
