123455692
123455713
123455715
123455721
123455722
123455724
123455726
123455729
123455731
123455733
123455734
123455735
123455738
123455739
123455740
123455759
123455805
123455873
123455946
123457234
123457301
123457376
123457453
123457516
123457575
123457606
123457632
123457642
123457644
123457646
123457650
123457653
123457656
123457660
123457662
123457665
123457670
123457672
123459005
123459009
123459013
123459017
123459019
123459023
123459024
123459026
123459029
123459031
123459032
123459035
123459037
123459042
123459063
123459116
123459188
123459258
123459337
123460535
123460627
123460725
123460786
123460841
123460872
123460895
123460906
123460911
123460913
123460915
123460936
123460945
123460948
123460950
123460952
123460954
123460955
123460957
123462218
123462233
123462253
123462272
123462292
123462312
123462331
123462351
123462371
123462392
123462405
123462407
123462433
123462482
123462550
123462629
123462699
123462753
123462803
123463954
123464004
123464049
123464084
123464118
123464160
123464184
123464215
123464243
123464268
123464292
123464316
123464338
123464349
123464352
123464353
123464356
123464357
123464358
123465571
123465574
123465577
123465599
123465641
123465706
123465800
123465895
123465982
123466045
123466099
123466131
123466157
123466173
123466180
123466184
123466188
123466190
123466195
123467481
123467484
123467487
123467490
123467495
123467515
123467535
123467554
123467577
123467596
123467620
123467623
123467624
123467626
123467628
123467630
123467633
123467638
123467667
123468893
123468907
123468949
123469015
123469109
123469204
123469294
123469366
123469429
123469486
123469523
123469546
123469562
123469564
123469565
123469567
123469568
123469570
123469574
123700494
123700495
123820129
123881750
123881758
123883138
123883144
123883931
123884534
123884537
124031664
124031665
124031666
124031668
124031670
124031671
124031672
124031674
124031675
124031676
124031677
124031678
124031679
124031680
124031681
124032514
124032515
124032516
124032517
124032518
124032519
124032520
124032521
124032522
124032523
124032524
124032525
124032526
124032527
124032528
124098414
124098438
124205105
124205113
124205115
124205119
124205121
124205123
124205124
124205127
124205128
124205130
124205132
124205133
124205134
124205135
124205136
124205137
124205150
124205171
124205191
124206502
124206505
124206509
124206512
124206515
124206539
124206580
124206645
124206720
124206798
124206851
124206905
124206944
124206979
124206997
124207005
124207009
124207012
124207025
124208448
124208456
124208484
124208488
124208491
124208493
124208496
124208498
124208499
124208502
124208503
124208505
124208507
124208508
124208510
124208512
124208514
124208516
124208521
124209948
124209950
124209953
124209960
124209994
124210048
124210119
124210195
124210262
124210317
124210371
124210406
124210429
124210436
124210444
124210450
124210451
124210453
124210455
124211944
124211952
124211960
124211965
124211968
124211971
124211974
124211980
124211986
124211993
124211997
124211998
124211999
124212001
124212002
124212003
124212004
124212007
124212040
124213380
124213403
124213446
124213502
124213578
124213653
124213712
124213770
124213815
124213851
124213884
124213896
124213905
124213908
124213909
124213910
124213918
124213920
124213921
124215298
124215303
124215305
124215311
124215312
124215313
124215316
124215319
124215325
124215357
124215416
124215492
124215564
124215619
124215665
124215702
124215733
124215760
124215792
124217193
124217215
124217227
124217232
124217234
124217237
124217241
124217243
124217247
124217249
124217251
124217253
124217256
124217258
124217260
124217261
124217264
124217266
124217268
124218593
124218595
124218597
124218598
124218601
124218602
124218605
124218634
124218685
124218760
124218839
124218909
124218965
124219014
124219048
124219071
124219076
124219080
124219083
124220541
124220545
124220551
124220555
124220580
124220588
124220591
124220593
124220595
124220596
124220597
124220598
124220599
124220600
124220601
124220602
124220603
124220604
124220605
124221909
124221929
124221938
124221942
124221945
124221965
124222010
124222079
124222154
124222226
124222282
124222337
124222379
124222403
124222416
124222419
124222424
124222426
124222433
124223739
124223762
124223789
124263161
124418825
124418826
124418827
124418828
124418830
124418831
124418832
124418833
124418834
124418835
124418836
124418837
124418838
124418839
124418840
124418841
124418842
124418843
124418844
124419243
124419250
124419254
124419259
124419266
124419274
124419874
124419886
124419896
124419905
124419915
124419927
124419978
124419985
124419995
124420004
124420014
124420022
124420028
124420034
124420039
124420047
124420053
124420060
124420067
124420370
124420372
124420378
124420383
124420933
124420935
124420937
124420939
124420941
124420943
124420946
124420948
124420950
124420952
124420954
124420955
124420956
124420957
124421479
124421564
124421572
124421636
124421645
124422396
124422399
124422403
124422406
124422479
124422484
124422490
124422496
124422507
124422512
124422562
124422573
124422579
124422592
124423834
124423836
124423839
124423842
124423868
124423870
124423872
124423874
124423877
124423879
124423881
124423883
124423884
124423885
124423886
124423887
124425302
124425338
124425342
124425348
124425352
124425356
124425363
124425367
124425372
124425397
124425402
124425406
124425409
124425414
124425418
124425423
124425428
124425432
124425437
124425507
124425509
124425511
124425513
124425515
124425876
124426257
124426261
124426267
124426272
124426276
124426281
124426285
124426290
124426295
124426890
124426892
124426894
124426896
124426899
124426901
124427039
124427049
124427622
124427624
124427625
124427626
124427627
124427628
124427631
124427633
124427634
124427635
124427636
124427637
124427639
124427640
124427644
124428082
124428092
124428097
124428102
124428130
124428139
124428150
124428156
124428205
124428245
124428430
124428431
124428432
124428433
124428434
124428435
124428436
124428437
124428443
124428449
124428455
124428459
124428463
124428470
124428475
124428942
124428943
124428944
124428945
124428946
124428952
124428959
124428965
124428972
124428980
124613156
124626940
124626941
124626942
124626944
124626945
124626946
124626947
124626948
124626949
124626951
124626952
124626953
124626954
124626955
124626956
124626959
124626960
124626961
124626962
124627792
124627793
124627832
124627833
124627834
124627836
124627838
124627839
124627840
124627842
124627843
124627844
124627846
124627847
124627848
124627849
124627866
124627871
124627876
124627880
124627885
124628589
124628590
124628591
124629098
124629100
124629101
124629102
124629103
124629105
124629106
124629107
124629109
124629112
124629113
124629114
124629115
124629116
124629118
124629120
124629121
124629122
124629123
124629267
124629271
124629275
124629832
124629838
124629839
124629886
124629887
124629888
124629923
124629924
124629927
124629928
124629930
124629931
124629932
124629933
124629934
124629935
124630162
124630177
124630192
124630640
124630663
124630666
124630668
124630670
124630671
124630674
124630675
124630676
124631210
124631228
124631233
124631236
124631242
124631245
124631247
124631367
124631371
124631375
124631378
124631382
124631386
124631392
124631399
124631404
124631411
124631532
124631534
124631535
124631536
124631537
124631538
124631539
124631541
124632217
124632220
124632223
124632225
124632226
124632227
124632229
124632363
124632377
124632383
124632392
124632400
124632407
124632413
124632473
124632482
124632977
124632978
124632979
124632980
124632981
124632983
124632984
124632985
124632986
124632989
124632991
124632992
124632993
124632994
124633007
124633013
124633696
124633699
124633720
124633772
124633774
124633775
124633776
124633777
124633778
124634152
124634160
124634170
124634583
124634584
124634586
124634587
124634588
124634589
124634591
124634593
124634596
124634597
124634598
124634599
124634600
124634601
124634602
124634604
124634608
124634614
124634622
124813971
124814134
124814159
124814168
124814179
124814182
124814353
124814778
124814792
124815195
124815228
124815231
124815235
124815240
124815241
124815246
124815250
124815253
124815255
124815277
124815279
124815283
124815288
124815289
124815292
124815328
124815367
124815375
124815614
124815615
124815617
124815619
124815621
124815624
124815989
124815993
124816004
124816005
124816006
124816012
124816014
124816180
124816204
124816208
124816234
124816239
124816243
124816269
124816273
124816277
124816282
124816286
124816290
124816607
124816682
124816724
124816725
124816728
124816730
124816738
124816740
124816741
124816743
124816745
124816749
124817028
124817121
124817362
124817365
124817370
124817372
124817376
124817379
124817381
124817384
124817395
124817397
124817398
124817399
124817401
124817547
124817750
124817752
124817755
124817759
124817760
124817762
124817766
124817776
124817777
124817780
124817783
124818163
124818165
124818167
124818168
124818169
124818171
124818175
124818215
124818216
124818220
124818228
124818232
124818237
124818247
124818661
124818664
124818667
124818668
124818669
124818674
124818675
124818676
124818679
124818809
124818813
124818829
124818834
124818856
124818860
124818865
124818887
124818911
124819241
124819636
124819639
124819641
124819644
124819647
124819649
124819652
124819753
124819763
124819772
124819778
124819791
124819798
124819807
124819828
124819841
124819859
124819871
124819887
124819901
124819917
124819936
124819950
124819966
124820552
124820553
124820555
124820557
124820558
124820563
124820564
124820566
124821109
124821110
124821111
124821112
124821113
124821115
124821116
124821117
124821119
124821121
124821125
124821129
124821132
124821137
124821141
124821145
124821268
124821297
124821323
124821367
124821377
124821389
124821467
124821546
124821610
124821990
124821995
124821998
124822020
124822023
124822028
124822032
124822036
124822041
124822044
124822047
124822051
124822052
124822055
124822327
124822337
124822350
124822410
124822417
124822433
124822441
124822633
124822637
124822669
124823374
124823394
124823395
124823397
124823398
124823401
124823444
124823458
124823931
124823935
124823940
124823954
124823960
124823997
124824007
124824012
124824036
124824040
124824045
124824049
124824053
124824059
124824065
124824068
124824072
124824361
124824874
124824876
124824880
124824909
124824937
124824941
124824946
124824957
124824966
124825236
124961339
124961341
124961344
124961346
124961349
124961350
124961351
124961355
124961375
124961377
124961380
124961384
124961387
124961389
124961393
124961395
124961398
124961404
124961406
124961608
124961616
124961624
124961637
124961650
124961665
124962693
124962695
124962698
124962702
124962704
124962705
124962706
124962710
124962715
124962716
124962722
124962732
124962735
124962737
124962741
124962752
124963747
124963752
124963757
124963759
124963762
124964012
124964023
124964040
124964044
124964048
124964066
124964072
124964078
124964086
124964097
124964117
124964188
124964851
124964854
124964860
124964867
124964874
124964877
125038395
125156549
125358194
125545716
125545717
125545723
125545725
125545727
125545728
125545729
125545731
125545733
125545734
125545736
125545738
125545739
125545741
125545743
125545745
125545747
125545750
125546103
125546111
125546122
125546130
125546139
125546527
125546529
125546678
125546686
125546693
125546702
125546712
125546722
125546733
125546743
125546757
125546770
125546781
125546790
125546802
125546810
125546825
125546833
125546885
125546935
125547730
125547738
125547750
125547811
125547842
125547846
125547867
125547875
125547928
125547935
125547974
125547981
125547989
125547994
125548040
125548188
125548190
125548191
125548192
125548194
125548195
125548196
125548201
125548202
125548752
125548760
125548765
125548770
125548775
125548783
125548790
125549053
125549059
125549060
125549063
125549067
125549070
125549073
125549077
125549243
125549245
125549246
125549247
125549249
125549250
125549252
125549256
125549258
125550125
125550126
125550127
125550135
125550136
125550138
125550409
125550418
125550426
125550435
125550445
125550452
125550459
125550469
125550476
125550534
125550543
125550550
125550562
125550572
125550581
125550587
125550599
125550725
125550727
125551390
125551402
125551410
125551417
125551422
125551430
125551437
125551442
125551448
125551454
125551708
125551712
125551714
125551715
125551717
125551719
125551723
125551724
125551725
125551727
125551729
125551730
125551732
125551733
125552570
125552571
125552579
125552580
125552582
125552583
125552586
125552588
125552590
125552593
125672467
125672471
125672478
125672487
125672493
125672499
125672506
125672514
125672517
125672528
125672536
125672539
125672548
125672553
125672560
125672562
125672568
125672575
125672701
125672702
125672708
125672713
125672715
125672721
125672736
125673101
125673140
125673210
125673258
125673259
125673263
125673269
125673273
125673283
125673288
125673295
125673299
125673306
125673313
125673324
125673332
125673341
125673349
125673355
125673367
125673381
125673784
125673831
125673833
125673835
125674058
125674136
125674150
125674158
125674203
125674212
125674430
125674448
125674449
125674451
125674453
125674457
125674458
125674459
125674460
125674461
125674462
125674463
125674464
125674465
125674466
125674829
125675048
125675050
125675051
125675052
125675057
125675058
125675059
125675060
125675063
125675064
125675216
125675292
125675309
125675323
125675336
125675351
125675362
125675482
125675491
125675609
125675610
125675613
125675614
125675616
125675617
125675997
125676051
125676090
125676221
125676222
125676223
125676224
125676225
125676226
125676227
125676228
125676229
125676234
125676235
125676236
125676237
125676238
125676239
125676242
125676245
125676247
125676779
125676780
125676781
125676782
125676783
125676785
125676788
125676845
125677323
125677331
125677335
125677363
125677365
125677368
125677370
125677373
125677374
125677375
125677377
125677379
125677380
125677381
125677385
125677387
125677388
125677389
125677492
125677501
125677515
125677534
125677566
125677654
125677666
125678080
125678101
125678110
125678187
125678188
125678189
125678190
125678191
125678194
125678196
125678197
125678199
125678200
125678203
125678204
125678205
125678206
125678207
125678209
125678210
125678211
125678787
125678788
125678789
125678790
125678791
125678792
125678793
125678794
125678795
125678796
125678798
125678799
125678800
125678802
125678803
125678804
125678806
125678807
125678937
125678945
125678955
125678968
125679378
125679388
125679390
125679392
125679393
125679394
125679395
125679396
125679397
125679398
125679399
125679400
125679401
125679402
125679406
125679407
125679409
125679410
125679414
125679840
125679960
125679966
125679989
125679991
125680016
125680017
125680021
125680022
125680049
125680054
125680063
125680069
125680521
125680530
125680531
125680539
125680560
125681048
125681051
125681053
125681055
125681056
125681058
125681060
125681061
125681062
125681063
125681064
125681065
125681066
125681067
125681068
125681069
125681070
125681072
125681115
125681423
125681466
125681646
125681667
125681675
125681687
125681737
125681853
125681863
125681942
125681952
125681964
125681976
125681989
125682003
125682013
125682024
125682036
125682043
125682053
125682069
125682080
125682089
125682095
125682105
125865598
125865610
125865615
125865628
125865637
125866004
125866005
125866011
125866017
125866022
125866053
125866060
125866068
125866078
125866519
125866522
125866523
125866526
125866529
125866537
125866538
125866540
125866542
125866543
125866544
125866545
125866549
125866550
125866552
125866650
125867145
125867149
125867152
125867153
125867156
125867165
125867168
125867169
125867172
125867173
125867179
125867181
125867182
125867183
125867185
125867187
125867188
125867190
125867284
125867291
125867299
125867310
125867324
125867754
125867757
125867899
125867928
125867937
125867945
125867955
125867961
125867971
125867982
125868494
125868495
125868560
125868562
125868564
125868565
125868567
125868586
125868590
125868594
125868602
125868611
125868615
125868622
125868632
125868641
125868647
125869107
125869108
125869109
125869111
125869112
125869114
125869116
125869144
125869619
125869622
125869626
125869634
125869704
125869705
125869709
125869710
125869712
125869713
125869716
125869717
125869719
125869721
125869723
125869724
125869725
125869726
125869727
125869728
125869729
125869731
125869745
125869749
125869771
125870218
125870219
125870220
125870295
125870296
125870297
125870298
125870300
125870301
125870302
125870303
125870304
125870305
125870776
125870778
125870780
125870782
125870884
125870885
125870886
125870887
125870889
125870895
125870896
125870897
125870898
125870899
125870900
125871702
125871712
125871722
125871736
125871744
125871755
125871761
125871778
125871787
125871793
125871804
125871813
125871825
125871829
125871837
125871885
125871895
125871904
125872154
125872156
125872157
125872158
125872160
125872161
125872162
125872163
125872164
125872165
125872167
125872168
125872169
125872170
125872171
125872172
125872173
125872175
125872422
125872488
125872500
125872509
125872522
125872712
125872715
125872825
125872832
125872839
125872846
125872853
125872861
125872869
125872879
125872892
125872899
125872911
125872924
125872989
125873000
125873008
125873020
125873035
125873050
125873361
125873362
125873364
125873365
125873367
125873368
125873369
125873891
125873895
125873897
125873899
125873901
125873904
125873906
125873909
125873910
125873912
125873913
125873915
125873916
125873918
125873919
125873920
125873921
125873922
