16.018
16.628
16.221
18.275
16.235
15.869
15.795
42.803
47.771
18.364
18.057
5.618
35.117
6.547
18.806
158.767
45.658
42.731
19.237
5.127
16.897
17.661
16.504
15.112
15.764
16.173
16.922
19.720
17.014
16.749
15.886
16.849
15.757
15.508
16.617
16.957
17.528
16.994
18.180
15.993
18.236
16.009
16.092
17.530
5.310
18.409
25.727
15.892
17.782
16.827
18.393
18.404
19.774
16.866
16.184
17.672
17.134
17.954
16.773
17.096
16.964
18.341
18.076
16.713
20.924
16.843
16.966
16.792
17.077
18.538
18.578
17.023
54.958
4.738
22.564
22.005
6.495
37.379
4.696
6.592
17.985
17.193
17.209
