64.648
82.025
64.084
80.983
72.436
84.353
74.979
78.791
64.585
68.299
68.483
72.284
66.962
79.781
84.566
80.774
73.331
75.729
66.041
62.197
62.482
79.398
80.379
81.806
83.151
79.855
68.210
69.426
71.488
71.436
75.719
83.395
86.017
80.767
70.601
66.386
68.287
70.089
75.056
76.580
75.538
78.333
70.849
70.554
65.654
69.330
74.630
71.712
76.698
75.820
69.753
70.964
68.409
72.248
75.177
74.488
71.390
68.012
68.459
72.494
78.399
71.525
77.572
75.750
93.664
82.669
87.022
70.289
69.071
68.211
74.959
62.450
62.736
67.497
67.740
65.052
70.857
65.771
64.417
67.088
69.040
65.767
66.071
69.122
68.654
73.961
70.760
77.024
67.460
66.812
67.159
68.836
68.243
72.714
80.502
71.088
75.387
72.821
76.945
78.693
77.052
76.242
84.539
71.385
70.591
72.459
76.977
