26.752
26.504
26.492
30.542
26.964
28.490
28.091
26.280
26.385
26.877
25.729
25.966
27.766
31.255
30.649
28.129
29.115
28.788
26.707
27.441
26.598
27.596
32.257
29.814
25.856
27.177
25.582
26.933
26.861
26.243
31.655
29.662
27.994
27.513
26.754
28.115
27.234
26.442
27.135
29.196
28.006
28.080
27.732
28.509
26.649
27.740
29.939
29.335
29.854
28.208
27.125
27.868
26.791
28.690
30.943
29.115
30.398
30.324
29.005
28.940
29.505
32.062
36.388
34.432
31.901
28.967
29.674
30.323
30.217
33.840
33.142
28.651
29.659
27.923
29.531
28.319
28.479
35.897
35.704
35.509
29.442
28.437
28.221
29.802
34.525
30.011
33.613
25.057
25.553
25.430
27.753
26.464
31.169
34.160
27.850
25.964
25.324
25.664
25.600
27.625
29.594
32.036
25.245
26.732
25.416
27.941
30.523
29.365
29.123
31.449
29.484
29.530
30.411
30.543
34.872
37.142
32.284
33.759
30.318
27.826
30.733
