3.255
12.587
13.244
53.013
26.907
0.000
14.575
0.000
46.333
13.853
15.155
15.984
16.774
17.537
15.467
25.154
13.853
15.676
14.654
14.940
15.418
15.703
15.243
16.183
15.819
16.232
7.981
17.228
14.745
14.335
15.119
13.988
14.176
13.761
10.959
15.617
16.122
23.966
16.890
9.785
2.003
2.836
16.110
20.868
14.777
17.677
36.764
16.311
14.931
15.476
13.942
15.114
14.610
14.139
16.212
16.659
15.625
14.509
16.101
14.426
14.301
14.090
14.939
17.054
14.525
15.040
18.974
15.389
11.582
10.561
16.327
18.431
17.670
20.399
15.868
18.004
15.061
15.487
21.723
14.918
16.346
15.239
15.909
13.989
16.764
16.821
15.843
19.150
14.000
16.770
14.595
14.709
13.747
15.577
16.301
14.498
13.753
18.810
15.056
14.484
14.229
16.240
15.005
15.325
14.906
13.870
14.523
17.328
15.191
15.193
20.404
14.669
14.589
17.541
16.026
16.243
