15.399
15.280
15.106
16.866
15.913
17.204
16.647
16.251
16.667
18.321
19.777
27.688
25.766
16.537
15.848
16.515
16.700
15.787
25.452
17.399
16.802
17.889
18.032
17.073
17.299
16.904
18.362
16.720
16.537
16.392
16.128
16.570
15.894
16.910
19.802
18.117
22.158
16.292
21.335
18.816
17.015
17.553
16.532
16.221
15.382
17.315
18.361
18.426
17.905
17.969
18.948
19.311
18.496
16.699
16.299
17.952
17.307
17.364
18.502
17.714
19.776
20.515
19.792
20.163
16.562
19.165
19.892
16.723
16.290
16.148
17.006
18.851
19.131
18.924
18.596
17.669
16.270
16.540
16.064
17.458
17.165
18.045
16.224
18.376
16.929
21.587
17.719
16.983
16.293
17.465
16.463
16.561
16.683
17.224
16.988
17.798
16.148
17.406
19.244
16.772
17.792
18.924
17.706
17.030
