52.652
54.159
3.505
5.720
6.121
28.945
54.202
55.530
44.006
48.230
52.852
60.182
59.508
66.784
69.529
64.224
64.175
74.543
57.269
58.931
54.765
53.507
54.304
55.402
60.216
57.214
59.077
58.729
56.525
55.841
55.441
60.105
55.001
56.116
54.302
54.210
56.859
54.057
56.159
50.415
53.344
51.939
51.800
49.735
51.036
52.162
50.268
50.044
56.056
55.768
54.839
54.868
53.897
56.882
54.106
54.772
55.665
54.520
55.892
55.818
59.952
52.745
54.489
55.496
17.581
53.943
54.974
51.108
56.641
55.747
54.029
51.601
53.908
55.194
51.842
50.639
53.863
48.049
52.300
54.249
50.941
53.145
54.502
55.879
55.864
53.423
58.222
57.260
60.501
59.919
54.032
55.005
49.511
52.469
56.740
57.435
53.770
52.828
56.095
50.120
54.477
54.282
56.321
54.994
55.801
57.579
53.994
