12.416
2.526
12.761
2.072
11.837
16.916
45.487
23.575
12.719
13.048
12.871
14.018
6.778
15.770
14.715
14.719
22.051
12.871
13.323
12.988
14.285
13.099
13.393
12.880
14.332
13.830
14.662
13.291
11.467
8.108
14.335
13.329
12.806
12.955
12.980
12.028
12.712
15.004
13.518
16.313
13.776
13.750
14.071
13.372
13.084
13.015
13.331
13.732
13.755
14.557
13.858
13.437
15.077
12.757
14.325
13.703
15.210
14.003
14.669
11.818
8.621
16.257
14.528
14.888
15.814
18.124
15.821
14.674
15.395
13.023
12.253
13.511
12.597
0.000
13.597
13.849
13.661
16.048
12.885
15.560
15.001
13.986
13.997
13.848
12.701
13.131
13.250
12.761
12.831
13.607
13.113
14.117
13.088
14.972
15.314
13.634
12.670
13.439
13.621
13.919
12.874
16.078
12.943
13.844
13.719
15.443
13.424
13.264
14.244
12.523
