127446398
127446413
127446426
127446443
127446456
127446469
127446479
127446491
127446500
127446511
127447358
127447410
127447452
127447489
127447517
127447528
127447538
127448689
127448731
127448801
127448867
127448906
127448946
127449025
127449064
127449100
127449116
127449150
127449158
127449163
127449169
127449171
127449172
127449174
127449175
127449177
127449178
127449197
127449238
127449304
127449352
127449396
127449425
127449530
127449551
127449574
127449595
127449635
127449661
127449682
127461954
127476381
127477375
127477584
127477813
127478036
127478226
127478465
127478675
127478731
127478831
127478839
127479037
127479227
127479274
127479479
127479675
127479901
127480052
127480141
127480162
127480242
127480451
127480640
127480682
127480882
127481078
127481315
127481423
127481549
127481598
127481679
127481699
127481896
127482092
127482222
127482423
127482615
127482835
127483048
127483140
127483267
127483278
127483348
127483443
127483535
127483613
127483657
127483679
127483768
127483791
127483821
127483944
127484030
127484047
127484055
127484396
127484436
127484510
127484534
127484596
127484636
127484705
127484723
127484797
127484849
127484891
127485160
127485250
127485299
127485337
127485399
127485417
127485425
127485498
127485535
127485548
127485624
127485654
127485720
127485775
127485788
127485794
127485878
127485880
127485950
127485977
127485990
127486000
127486068
127486104
127486139
127486145
127486210
127486250
127486254
127486349
127486357
127486365
127486446
127486473
127486483
127486546
127486565
127486642
127486661
127486680
127486793
127486902
127486920
127487039
127487101
127487119
127487141
127487218
127489980
127516361
127516893
127541789
127558153
127558272
127558510
127558723
127558982
127559020
127559034
127560942
127561066
127561100
127561123
127561218
127561710
127561722
127562135
127562359
127562384
127562463
127562744
127562925
127563196
127563335
127566389
127566976
127567076
127567553
127568343
127568770
127569364
127570443
127570995
127571040
127572643
127573788
127575459
127575477
127576531
127578225
127578246
127579410
127580920
127581078
127581129
127581723
127582089
127583643
127583774
127584572
127584608
127586256
127586830
127588771
127588904
127590056
127590129
127590667
127591702
127593022
127593305
127593538
127594854
127596396
127596547
127596607
127597957
127597982
127599244
127601060
127601342
127601448
127601467
127601554
127601891
127602115
127604772
127604996
127606681
127607298
127607327
127607876
127608487
127608521
127610179
127610647
127610701
127625321
127651269
127676786
127702112
127727180
127741070
127742676
127744425
127744564
127746605
127746640
127767382
127771723
127793779
127809236
127817344
127817346
127817348
127817350
127817352
127817370
127817416
127817489
127817567
127817649
127817714
127817765
127817801
127817845
127817853
127817857
127817865
127817895
127817897
127817900
127817902
127817904
127817907
127817912
127817914
127817940
127817986
127818059
127818141
127818220
127818280
127818336
127818372
127818397
127818405
127818410
127818412
127818423
127818426
127818430
127818432
127819600
127820676
127820677
127820679
127820680
127820681
127820682
127822219
127822224
127822235
127822242
127822248
127822251
127822252
127822254
127822255
127822256
127822258
127822259
127822261
127822262
127822263
127822347
127822427
127822507
127822646
127822681
127822713
127822731
127822738
127822743
127822750
127822755
127822756
127822757
127822761
127824622
127825543
127825551
127825557
127825561
127825568
127825570
127825572
127825580
127825581
127825588
127825590
127827253
127827257
127827259
127827261
127827262
127827265
127827267
127827388
127827543
127827600
127827652
127827685
127827726
127827728
127827764
127827765
127827766
127827770
127827772
127827774
127830340
127830343
127830346
127830348
127830349
127830353
127830355
127830356
127830360
127830362
127831427
127831433
127831438
127831442
127831445
127831450
127831452
127832880
127832931
127832968
127833000
127833012
127833019
127833024
127833027
127833029
127833034
127833039
127833043
127833046
127833048
127833050
127833059
127833098
127833161
127833242
127833321
127833352
127833388
127833423
127833465
127833525
127833547
127833598
127833607
127833615
127833624
127833625
127833627
127833629
127848803
127874297
127891184
127902795
127908292
127933227
127950708
127953423
127961418
127961937
127987880
127993218
128000072
128013491
128037715
128050012
128056274
128062856
128078587
128078964
128088594
128101216
128101261
128102339
128120992
128120993
128127176
128130878
128153595
128179465
128179493
128196067
128196068
128205056
128220002
128220006
128220020
128220055
128233834
128259788
128284413
128310945
128336418
128361091
128361511
128380971
128387510
128403032
128427070
128427416
128427422
128427430
128427431
128427434
128429181
128429187
128429189
128429194
128429211
128429256
128429326
128429409
128429491
128429550
128429603
128429641
128429674
128429701
128429710
128429717
128429753
128429763
128429769
128429772
128429776
128429781
128429785
128429789
128429793
128429830
128429884
128429954
128430041
128430184
128430241
128430277
128430304
128430314
128430322
128430325
128430329
128430341
128430347
128430356
128430363
128431624
128432807
128432809
128432811
128432814
128432815
128432817
128434372
128434376
128434379
128434381
128434383
128434386
128434388
128434390
128434392
128434393
128434395
128434408
128434449
128434520
128434604
128434742
128434794
128434830
128434862
128434864
128434865
128434866
128434870
128434872
128434875
128434878
128434883
128434885
128434888
128437007
128437616
128437619
128437621
128437623
128437625
128437627
128437628
128437631
128437633
128437637
128437639
128439297
128439301
128439304
128439312
128439349
128439416
128439492
128439696
128439754
128439761
128439763
128439767
128439796
128439797
128439803
128439805
128439807
128439875
128439937
128440057
128442517
128442591
128442672
128442750
128442802
128442860
128442895
128442917
128442927
128442931
128443515
128443516
128443518
128443524
128443565
128443624
128443704
128445130
128445133
128445136
128445140
128445145
128445148
128445191
128445257
128445354
128445428
128445522
128445612
128445691
128445731
128445755
128445766
128445774
128445780
128445786
128445790
128445794
128445799
128445804
128445808
128445814
128445825
128446031
128446121
128446198
128446248
128446311
128446326
128446332
128458786
128487690
128492264
128509400
128509597
128509644
128510722
128510747
128510882
128511106
128511371
128511472
128511502
128513962
128514520
128514534
128514618
128515057
128515204
128515358
128515374
128516017
128516095
128516707
128516737
128516742
128517039
128517308
128517379
128517414
128517953
128518020
128518046
128518057
128518581
128518633
128519840
128520496
128520525
128542256
128568554
128569071
128571862
128571901
128571988
128572185
128572478
128572570
128575506
128575565
128575790
128576018
128576114
128576227
128576624
128576763
128577406
128577486
128577609
128578166
128578301
128578364
128578874
128578918
128579165
128579377
128579550
128579595
128580096
128580743
128581558
128581858
128582037
128582161
128582272
128582589
128582766
128582986
128583476
128583506
128583872
128583986
128584513
128584568
128584569
128584608
128584613
128584616
128585575
128586012
128586134
128586181
128587208
128587452
128589135
128589454
128589479
128590821
128591032
128591179
128591855
128592181
128592487
128592523
128594103
128594349
128594817
128594845
128594856
128595443
128596786
128597162
128623354
128645610
128645739
128645951
128646456
128646477
128646751
128646786
128647099
128647294
128647353
128647363
128647367
128647369
128647374
128647380
128647384
128647388
128647394
128647449
128647549
128647650
128647710
128647767
128647821
128647895
128647963
128648044
128648092
128648146
128648220
128648289
128648335
128648411
128648492
128648542
128648620
128648676
128648728
128648810
128648860
128648910
128648980
128649058
128649128
128649195
128649247
128649300
128649333
128649345
128649529
128650671
128650684
128650716
128651266
128651485
128675282
128675454
128676917
128705991
128734566
128761448
128789075
128811632
128815541
128816656
128834878
128834977
128847961
128848520
128876234
128894537
128894538
128894540
128894542
128894543
128894544
128894546
128894550
128894825
128894980
128896132
128897188
128897230
128897709
128902170
128902180
128902190
128902197
128902219
128902273
128902351
128902439
128902516
128902581
128902636
128902681
128902712
128902733
128902740
128902754
128902787
128902813
128902821
128902829
128902839
128902850
128902859
128902866
128902875
128902922
128902982
128903074
128903170
128903301
128903350
128903381
128903406
128903422
128903431
128903440
128903449
128903456
128903476
128903491
128903499
128904876
128906262
128906268
128906273
128906304
128906366
128906525
128907190
128907439
128907536
128908253
128908260
128908276
128908283
128908290
128908303
128908342
128908408
128908488
128908587
128908648
128908722
128908769
128908813
128908832
128908849
128908864
128908871
128908885
128908898
128908905
128908914
128908919
128908936
128908946
128908960
128908983
128909045
128909250
128909330
128911182
128912195
128912211
128912269
128912347
128912429
128912501
128912565
128912667
128912704
128912725
128912732
128912967
128913200
128913950
128914027
128914416
128914501
128914508
128914543
128914546
128914550
128914552
128914555
128914564
128914571
128914573
128914577
128914579
128914650
128914738
128914995
128915028
128915069
128915079
128915082
128915088
128917570
128918039
128918041
128918043
128918045
128918047
128918048
128918051
128918053
128918057
128918058
128919062
128919065
128919068
128919072
128919081
128919085
128919088
128920558
128920568
128920581
128920592
128920596
128920604
128920622
128920627
128920631
128920632
128920715
128920842
128920982
128921047
128921080
128921097
128921118
128921124
128921129
128921131
128921137
128921140
128921155
128921162
128921187
128921191
128921193
128921196
128921197
128921211
128921264
128921418
128921485
128921557
128921651
128921679
128923615
128924066
128924187
128925633
128925794
128926104
128926371
128926454
128926511
128926544
128928215
128930204
128930320
128934903
128935142
128935477
128935530
128937695
128937726
128937774
128938197
128938229
128938273
128938806
128938834
128938855
128939152
128939176
128939204
128941241
128953654
128962943
128974454
128974455
128974459
128990312
129017922
129023777
129024206
129031215
129043325
129069094
129095215
129123446
129148397
129148418
129151664
129177632
129178734
129181410
129207534
129232165
129242571
129251607
129264340
129269350
129298453
129298474
129298824
129298875
129325910
129353526
129378577
129403652
129404110
129428541
129457165
129486439
129511124
129511183
129511206
129511229
129511243
129511269
129511291
129511341
129511425
129511500
129511552
129511582
129511673
129511708
129511739
129511766
129511803
129511815
129511826
129511834
129511838
129511842
129511848
129511862
129511903
129512310
129512339
129512353
129512365
129512370
129512374
129512379
129512383
129512388
129512394
129512433
129512489
129512552
129512607
129512679
129512766
129512837
129512856
129512880
129512888
129515315
129515384
129515385
129516909
129516933
129516945
129516964
129516986
129516998
129517001
129517003
129517007
129517008
129517010
129517014
129517016
129517017
129517018
129517023
129517037
129517084
129517230
129517276
129517328
129517389
129517436
129517472
129517509
129517513
129517517
129517519
129517523
129519203
129519841
129519846
129519850
129519851
129519852
129519863
129519882
129519885
129519886
129519887
129519888
129521424
129521425
129521427
129521428
129521451
129521516
129521590
129521723
129521789
129521808
129521823
129521832
129521838
129521843
129521847
129521849
129521850
129521854
129521855
129521858
129524483
129524484
129524487
129524488
129524506
129524555
129524624
129524694
129524755
129524805
129525412
129525425
129525441
129525469
129525478
129525492
129527043
129527055
129527060
129527064
129527065
129527066
129527067
129527068
129527069
129527078
129527244
129527355
129527506
129527534
129527538
129527539
129527541
129527542
129527543
129527544
129527545
129527546
129527547
129527548
129527550
129527553
129527556
129527592
129527667
129527745
129527835
129527886
129527937
129534588
129537149
129555457
129570877
129580937
129606719
129633461
129667874
