55.368
54.455
51.313
47.341
51.193
54.100
49.082
50.046
50.221
54.426
51.175
54.363
50.787
49.169
48.324
51.747
56.356
49.922
49.571
47.330
49.399
56.684
51.660
50.437
51.941
59.642
56.527
57.644
58.087
56.665
60.259
57.482
51.619
54.163
50.140
54.427
48.391
51.554
49.501
51.556
48.691
51.165
49.630
54.918
49.324
51.334
50.097
48.100
48.381
49.227
54.402
48.455
50.009
52.113
50.760
52.640
53.816
50.450
52.604
50.437
52.000
49.097
47.242
45.395
41.997
48.206
48.327
50.698
50.921
50.852
49.304
49.118
54.191
51.333
46.323
47.793
47.643
48.081
46.186
49.642
45.485
45.759
46.854
48.132
50.039
50.438
45.536
48.737
47.175
48.540
48.004
49.654
49.335
48.463
49.468
