90870504
90870583
90870590
90870648
90870707
90870764
90870819
90870831
90870834
90870837
90872743
90872848
90872941
90873084
90873175
90873255
90874885
90874888
90874890
90874893
90874895
90874896
90875013
90875551
90875674
90875734
90875847
90875908
90875968
90876028
90876089
90876145
90876146
90876147
90876149
90876150
90876151
90876298
90876443
90876557
90876733
90876747
90876806
90903156
90903172
90934093
90934112
90934117
90934121
90936577
90936593
90980247
90983164
90983191
91051495
91051575
91078461
91108668
91108712
91113244
91113728
91120862
91121324
91121339
91121343
91121360
91121370
91121387
91121403
91121787
91121804
91121821
91121837
91129715
91129737
91151843
91151863
91173925
91173946
91197246
91197276
91210514
91218502
91218517
91220299
91220486
91223054
91223068
91223142
91223153
91223184
91223205
91223250
91223380
91223381
91223385
91223387
91245265
91245276
91293916
91293944
91311258
91311318
91311327
91337113
91337130
91337725
91342095
91389435
91403919
91404000
91410013
91410294
91442553
91442615
91442628
91442631
91444954
91444989
91451970
91453623
91453689
91453771
91467661
91467768
91467866
91468635
91469333
91479322
91479340
91479546
91479674
91479676
91479677
91484490
91485388
91493970
91494018
91494321
91494418
91495786
91495849
91495880
91496612
91497590
91498066
91498067
91498068
91498069
91498070
91498075
91498376
91498808
91498825
91501536
91501537
91501538
91502592
91502659
91502664
91502703
91502705
91503417
91505702
91508966
91508969
91508970
91508987
91509084
91509086
91509130
91509470
91509480
91519652
91519654
91519655
91519656
91519657
91519658
91519720
91524334
91524335
91525847
91525848
91525849
91527339
91528338
91528365
91529324
91531867
91532059
91532499
91532500
91532505
91532507
91536332
91536333
91536334
91537251
91537257
91537259
91537282
91537289
91537312
91541339
91543560
91543563
91543566
91543570
91543572
91543575
91553248
91553283
91565351
91576671
91576701
91590296
91605413
91605457
91623448
91623455
91623456
91624289
91624320
91634206
91634212
91634223
91635026
91635030
91635035
91635037
91635040
91639078
91639079
91639080
91639081
91640868
91642215
91642216
91642217
91642223
91642247
91643363
91643408
91654413
91654414
91654415
91654416
91656296
91656301
91656303
91656304
91656308
91660365
91660383
91660436
91660502
91660586
91660650
91660698
91660724
91660788
91660793
91660794
91660795
91660796
91660800
91660801
91660803
91660806
91660809
91660811
91660813
91660814
91660816
91660817
91660820
91665494
91665540
91667284
91667287
91667289
91667292
91667354
91667360
91667417
91667419
91667422
91667426
91667428
91667433
91667451
91667494
91667560
91667622
91667685
91667733
91667777
91667786
91667790
91667793
91669951
91669954
91669956
91669957
91669959
91669962
91669963
91669968
91669972
91669974
91669977
91669979
91669981
91669984
91669987
91669989
91670015
91670066
91670130
91670248
91670322
91670333
91670338
91670340
91673975
91674180
91674260
91674319
91674325
91674752
91674755
91674757
91674762
91674763
91674765
91674769
91674776
91674781
91674869
91674956
91675898
91675916
91675922
91675923
91675924
91675926
91675929
91675931
91675932
91675933
91675935
91675936
91675937
91675939
91676073
91676138
91676195
91676265
91676275
91678517
91678519
91678521
91678523
91678525
91678527
91678529
91678531
91678536
91678538
91679044
91679267
91679304
91679316
91679338
91679343
91679344
91679367
91679368
91679369
91679371
91679834
91679837
91679839
91679841
91679843
91679858
91680087
91680185
91680187
91680191
91680195
91680198
91680200
91680201
91680203
91680205
91680207
91680208
91680209
91680210
91680211
91680254
91680315
91680489
91680540
91680545
91680547
91680548
91680550
91684574
91684650
91684723
91684801
91684821
91685172
91685246
91685360
91685500
91685571
91685697
91687564
91692082
91692446
91693241
91693280
91698338
91699035
91699393
91699758
91715468
91718104
91720514
91720952
91720997
91721038
91726112
91726391
91732547
91752722
91752920
91752921
91753519
91753520
91753521
91753568
91753610
91761586
91761620
91761681
91761682
91761713
91775414
91775615
91784874
91784878
91792857
91792926
91799416
91799512
91799521
91799523
91802798
91802799
91802801
91802802
91802803
91802804
91804925
91804931
91810085
91816865
91818874
91818918
91874611
91874656
91890776
91914021
91914022
91914295
91914318
91914385
91930694
91930732
91988384
91988477
92014858
92019745
92019809
92019810
92040390
92040428
92041275
92041276
92041277
92041278
92041304
92041331
92087432
92087471
92097119
92097315
92097319
92118098
92118138
92120263
92126533
92126986
92126987
92126988
92126989
92126994
92139670
92139711
92143226
92174558
92185191
92185294
92243763
92243805
92287733
92287777
92319819
92319833
92320432
92320497
92321485
92321490
92321493
92327887
92327955
92328020
92339431
92339478
92367541
92367543
92367557
92367575
92367576
92367639
92367695
92367696
92367706
92367756
92367811
92367812
92367873
92367929
92367994
92368054
92368112
92368170
92368235
92368288
92368289
92368290
92368345
92368405
92370415
92370423
92370594
92370599
92370607
92370610
92370612
92370616
92370618
92370619
92370622
92370624
92370625
92370628
92370637
92370639
92370641
92370649
92370651
92370654
92370656
92370660
92370663
92370666
92370829
92370830
92370834
92370836
92370837
92370841
92370843
92370845
92370847
92370848
92370852
92370854
92370856
92370859
92370861
92370863
92370870
92370871
92370875
92370877
92370881
92370886
92370892
92370894
92372302
92372449
92372533
92372566
92372578
92373270
92373272
92373277
92373281
92373282
92373287
92373288
92373296
92373308
92373449
92373558
92375106
92375151
92375221
92375224
92375225
92375227
92375228
92375229
92375233
92375234
92375235
92375236
92375238
92375243
92375245
92375436
92375551
92375632
92375759
92375847
92380965
92380986
92381045
92381104
92381163
92381208
92381227
92381285
92381287
92381290
92383494
92383618
92383720
92383900
92384004
92384032
92386043
92386047
92386049
92386050
92386052
92386053
92386350
92386841
92386916
92386936
92386941
92386949
92386958
92386963
92386968
92386973
92386976
92386978
92386979
92386980
92386981
92387043
92387110
92387351
92387523
92387589
92387674
92387691
92387699
92390054
92390070
92390088
92390121
92390174
92390191
92390210
92390245
92390276
92390281
92391791
92391803
92401283
92419678
92432740
92432750
92448041
92448282
92467938
92467961
92468069
92468083
92468084
92468088
92486970
92487003
92508017
92508019
92508020
92508041
92508042
92516900
92516956
92545584
92545690
92598786
92598843
92626517
92638279
92638337
92639944
92668516
92672764
92672823
92706828
92706910
92710368
92731587
92731589
92731592
92731743
92731755
92746439
92768868
92768914
92773135
92773137
92773206
92773222
92776617
92801663
92801721
92801722
92801730
92806991
92807066
92807121
92807856
92816124
92818422
92825877
92825884
92827334
92843087
92843146
92850957
92857913
92857918
92857919
92857924
92857925
92857926
92857928
92860708
92860709
92860710
92860755
92879491
92886074
92886131
92916598
92916600
92916768
92917016
92917285
92921322
92921348
92937116
92937170
92966952
92967008
92993066
92993069
92993556
92993690
92995720
92995986
92995991
93004303
93004356
93035653
93035752
93068204
93068338
93069141
93069142
93069147
93079729
93080015
93080017
93085229
93099352
93099420
93116888
93119460
93126311
93126351
93126430
93126533
93126623
93126688
93126757
93126801
93126824
93126835
93126838
93126840
93126841
93126844
93126845
93126849
93126852
93126853
93126854
93126857
93126858
93126859
93126860
93126865
93126868
93130704
93130777
93131772
93131774
93131777
93131780
93131784
93131790
93131795
93131796
93131799
93131802
93131803
93131807
93131824
93131870
93131949
93132036
93132130
93132255
93132293
93132315
93132316
93133380
93133385
93133388
93133389
93133396
93133399
93133400
93133437
93133539
93133591
93133645
93133697
93133799
93133852
93133904
93133957
93134114
93134170
93134259
93134510
93134821
93134939
93135032
93135137
93135334
93138145
93138302
93138361
93138400
93139001
93139004
93139006
93139010
93139012
93139015
93139016
93139021
93139023
93139025
93139028
93140232
93140315
93140590
93140623
93140630
93140633
93140635
93140637
93140639
93140641
93140642
93140644
93140645
93140647
93140648
93140651
93140652
93140674
93140808
93141045
93144512
93144743
93144813
93144886
93144930
93144962
93144979
93144985
93144989
93144992
93144996
93145569
93145613
93145691
93145870
93145931
93145981
93146747
93146749
93146751
93146753
93146755
93146757
93146761
93147029
93147323
93147639
93147855
93147960
93148012
93148114
93148166
93148217
93148270
93148321
93148423
93148474
93148526
93148677
93148729
93148904
93149062
93149152
93149303
93149360
93149399
93149458
93149460
93149461
93153628
93153645
93153661
93153679
93153699
93153745
93153765
93153781
93153816
93153883
93164513
93164570
93195746
93195825
93203722
93212647
93227305
93227382
93235323
93258443
93258526
93293799
93293871
93304717
93310464
93326737
93326773
93354505
93354578
93391800
93391881
93429239
93429332
93451951
93452003
93464869
93464904
93489672
93489773
93533344
93533431
93573647
93573732
93610270
93610345
93633484
93633510
93650424
93650496
93682538
93682576
93682648
93682756
93682822
93682845
93682876
93682927
93683011
93683082
93683131
93683149
93683172
93683251
93683290
93683321
93683341
93683383
93683399
93683419
93683432
93683441
93683452
93683460
93683472
93689329
93689411
93690699
93690734
93690759
93690778
93690792
93690806
93690815
93690821
93690826
93690833
93690842
93690845
93690874
93690934
93691024
93691093
93691132
93691197
93691238
93691334
93691372
93692948
93692982
93693010
93693042
93693080
93693125
93693168
93693201
93693226
93693254
93693285
93693328
93693352
93693370
93693382
93693392
93693409
93693430
93693476
93693640
93693698
93693738
93693810
93693898
93694004
93698768
93698821
93698873
93698952
93700251
93700283
93700306
93700322
93700345
93700373
93700388
93700409
93700419
93700431
93700438
93702090
93702173
93702340
93702379
93702408
93702433
93702455
93702479
93702507
93702524
93702531
93702536
93702542
93702559
93702578
93702599
93702652
93702816
93702919
93709123
93709149
93709163
93709172
93709177
93709182
93709187
93709191
93709196
93709202
93710114
93710218
93710289
93710409
93710441
93710469
93711214
93711221
93711226
93711232
93711237
93711244
93711333
93711417
93711753
93711786
93711801
93711811
93711816
93711823
93711830
93711835
93711841
93711848
93711857
93711863
93711865
93711871
93711875
93712014
93712199
93712264
93712367
93712393
93712404
93717832
93717853
93717874
93717895
93717916
93717976
93717997
93718019
93718180
93719657
93720718
93725251
93727348
93764886
93764973
93779380
93781430
93781431
93786758
93786843
93786953
93804036
93804141
93815395
93815401
93815404
93815423
93838299
93838374
93875833
93875918
93889465
93889466
93889467
93889518
93889533
93904462
93912786
93912878
