90903151
90903170
90936578
90936592
90983161
90983185
91051493
91051563
91108663
91108730
91121349
91121377
91121393
91121793
91121811
91121827
91129709
91129738
91151840
91151865
91173922
91173954
91197252
91197271
91218496
91218525
91220305
91220492
91223056
91223065
91245260
91245271
91293913
91293948
91337104
91337135
91403914
91403998
91444959
91444998
91495844
91495879
91498380
91528336
91528372
91553254
91553286
91576665
91576708
91605414
91605448
91624293
91624325
91634237
91639185
91639186
91639187
91639198
91643362
91643404
91665491
91665535
91693240
91693284
91721003
91721036
91753569
91753607
91792859
91792916
91818870
91818914
91874613
91874654
91930691
91930730
91988382
91988478
92040382
92040432
92087426
92087464
92118089
92118137
92139666
92139714
92185201
92185292
92243756
92243802
92287727
92287773
92319817
92319831
92339435
92339474
92370414
92370419
92391790
92391797
92432733
92432745
92467931
92467955
92486973
92487006
92516908
92516959
92545586
92545691
92598793
92598841
92638281
92638336
92672763
92672824
92706825
92706908
92731740
92731750
92768864
92768911
92807068
92807111
92807861
92816128
92818425
92825879
92825886
92827338
92843149
92853304
92853319
92886071
92886123
92921324
92921343
92937110
92937166
92966953
92967015
92995697
92995725
93004304
93004358
93035647
93035765
93068210
93068337
93085232
93099351
93099417
93119463
93130697
93130769
93164510
93164576
93195742
93195818
93227303
93227383
93258442
93258520
93293801
93293872
93326739
93326771
93354503
93354581
93391798
93391888
93429243
93429328
93449881
93449891
93449900
93449905
93451944
93452004
93464865
93464902
93489667
93489768
93533353
93533425
93573655
93573726
93610278
93610342
93633509
93650423
93650492
93689326
93689412
93727347
93727437
93764878
93764978
93804039
93804138
93838295
93838378
93875924
93912794
93912871
