90868741
90868743
90868745
90869748
90870406
90870895
90870958
90870975
90871024
90871025
90871088
90871147
90871183
90871215
90871276
90873332
90873397
90873453
90873514
90873575
90873640
90876869
90876932
90876934
90876993
90877048
90877050
90877168
90877230
90877308
90877477
90877726
90877779
90877943
90878009
90878013
90878069
90878126
90878190
90878191
90878306
90878365
90878479
90878481
90878482
90903150
90903175
90927093
90927095
90927586
90927597
90927605
90936568
90936590
90983168
90983186
91051491
91051569
91056235
91073534
91108670
91108718
91112197
91116330
91121341
91121357
91121368
91121385
91121401
91121785
91121802
91121819
91121835
91129708
91129736
91148899
91151833
91151861
91154266
91173923
91173947
91197247
91197275
91212654
91218500
91218526
91220297
91220483
91223060
91223067
91223131
91223176
91223190
91223192
91223193
91223256
91245268
91245274
91293915
91293946
91334581
91334583
91334584
91335566
91335567
91335569
91335947
91336105
91336566
91336623
91336744
91336766
91336850
91337106
91337131
91337478
91337523
91337664
91337666
91337668
91341457
91341459
91341849
91341868
91341956
91403918
91404003
91444961
91444987
91495847
91495873
91498379
91509420
91509421
91509422
91509423
91511570
91512890
91512891
91512892
91519309
91519311
91519538
91519539
91519595
91522473
91522526
91528215
91528216
91528217
91528218
91528333
91528366
91530601
91530611
91530613
91530617
91553245
91553277
91576668
91576700
91605418
91605450
91624288
91624321
91630686
91640528
91640529
91640839
91640850
91640862
91642863
91643369
91643401
91643741
91656271
91662154
91662155
91662157
91662220
91662290
91662392
91662460
91662578
91662708
91662813
91662906
91662917
91662980
91663049
91663053
91663056
91663058
91663063
91663066
91663069
91663072
91663075
91663078
91663083
91663137
91663198
91663291
91663388
91665496
91665536
91667924
91667927
91667928
91667931
91667933
91667992
91668055
91668057
91668061
91668063
91668124
91668183
91668192
91668233
91668405
91668526
91668675
91668746
91670359
91670361
91670366
91670368
91670371
91670375
91670387
91670431
91670497
91670553
91670626
91670678
91670716
91670742
91670761
91670764
91670767
91670769
91670773
91670774
91670779
91670781
91670786
91670789
91670808
91670844
91670905
91674351
91674357
91675036
91675086
91675136
91675153
91675163
91675164
91675165
91675171
91675173
91675182
91675184
91676280
91676281
91676283
91676285
91676286
91676289
91676290
91676308
91676418
91676480
91676540
91676591
91676631
91676633
91676637
91676638
91676639
91676641
91676643
91678540
91678541
91678544
91678546
91678548
91678549
91678551
91678554
91678574
91678621
91679347
91679348
91679351
91679354
91679356
91679358
91680551
91680553
91680555
91680557
91680558
91680559
91680561
91680564
91680592
91680763
91680875
91680900
91680902
91680903
91680906
91680909
91680911
91680913
91680914
91680916
91680918
91680919
91680921
91680923
91680942
91680986
91681054
91681581
91681850
91682045
91682106
91682109
91682112
91682128
91682159
91682270
91682601
91682602
91682619
91682620
91682622
91683125
91683385
91683387
91683389
91683391
91683392
91683411
91683418
91683480
91685704
91685708
91685713
91685716
91685720
91685731
91685734
91685739
91685748
91685753
91685783
91692039
91692040
91692051
91692053
91692058
91692060
91692061
91692065
91692067
91692072
91692421
91692423
91692430
91692431
91692433
91692436
91692437
91692438
91692440
91692442
91693239
91693277
91697945
91697989
91698316
91698319
91698321
91698325
91698328
91698331
91698332
91698334
91698694
91698696
91698714
91698737
91698770
91698808
91698843
91698936
91698949
91698982
91699094
91699126
91699384
91699385
91699386
91699388
91699389
91699390
91699391
91699392
91699707
91699733
91699745
91699747
91699749
91699750
91699751
91699754
91699755
91699756
91714619
91714725
91715168
91715224
91715230
91715285
91715287
91715346
91715404
91715406
91717742
91717746
91718043
91718069
91718081
91718089
91718091
91718096
91718098
91718100
91720476
91720481
91720492
91720494
91720496
91720498
91720502
91720506
91720508
91720509
91720817
91720909
91720931
91720933
91720935
91720939
91720942
91720945
91720946
91720949
91720962
91720994
91721037
91721792
91721795
91726591
91735444
91735476
91735724
91735725
91749990
91749991
91749992
91749995
91753565
91753608
91754865
91761975
91761976
91761977
91761978
91761979
91792867
91792925
91806518
91806524
91806535
91810225
91818871
91818909
91874616
91874658
91889926
91890071
91890409
91890410
91890471
91890472
91890476
91890771
91890772
91890773
91930689
91930725
91988389
91988480
92040388
92040427
92080051
92087428
92087468
92118096
92118142
92126154
92126156
92126488
92126505
92126513
92126520
92126523
92126529
92126530
92126531
92127278
92127298
92127299
92127300
92127337
92139659
92139720
92174431
92185196
92185288
92243762
92243798
92287730
92287770
92319816
92319825
92320237
92339436
92339477
92369184
92369186
92369188
92369190
92369194
92369197
92369200
92369261
92369321
92369326
92369333
92369337
92369341
92369466
92369528
92369532
92369592
92369604
92369618
92369624
92369630
92369639
92369648
92369711
92369873
92369876
92369881
92369889
92370410
92370424
92370673
92370676
92370679
92370681
92370682
92370687
92370690
92370692
92370697
92370701
92370702
92370706
92370708
92370709
92370721
92370723
92370732
92370734
92370923
92370926
92370928
92370929
92370931
92370935
92370940
92370943
92370963
92370982
92370986
92370993
92370998
92371000
92371003
92371005
92371008
92371010
92371012
92371016
92371024
92371026
92371029
92371032
92371046
92371051
92371052
92372598
92372603
92373661
92373728
92373800
92373857
92373899
92373923
92373942
92373959
92373962
92373967
92373970
92375856
92375857
92375860
92375862
92375863
92375864
92375866
92375867
92375885
92376009
92376115
92376210
92376292
92376401
92376444
92376468
92376469
92376471
92376473
92376476
92381350
92381352
92381414
92381474
92381540
92381565
92381601
92381661
92381662
92381665
92384188
92384255
92384263
92384381
92384438
92384442
92387700
92387704
92387707
92387708
92387709
92387710
92387713
92387720
92387721
92387849
92388052
92388199
92388253
92388297
92388316
92388323
92388327
92388328
92388329
92388330
92388332
92388334
92388376
92388439
92388472
92389784
92389786
92389790
92389792
92390289
92390298
92390300
92390312
92390318
92390321
92390324
92390328
92390333
92390339
92391786
92391798
92419807
92432734
92432755
92448156
92448216
92463678
92464093
92464097
92467937
92467962
92486977
92487007
92516901
92516955
92529319
92529320
92529321
92545581
92545694
92558505
92569276
92569277
92569278
92569279
92569283
92598790
92598838
92604035
92605304
92605378
92622534
92626553
92638282
92638327
92639098
92672768
92672831
92706909
92731745
92731754
92745997
92747599
92750154
92750165
92768862
92768908
92805568
92807062
92807117
92814558
92816118
92818420
92825873
92825881
92827325
92843082
92843143
92879739
92886068
92886132
92921317
92921347
92921754
92922150
92922403
92927587
92937137
92937171
92966962
92967010
92988488
92995727
92999377
92999382
92999385
92999388
92999528
92999532
92999534
92999535
92999539
92999541
92999543
92999546
92999550
92999551
93004305
93004351
93027868
93035648
93035761
93067973
93068205
93068331
93069144
93069156
93069605
93070737
93070746
93079923
93080011
93085231
93092014
93092016
93092020
93092022
93099350
93099419
93127781
93127833
93127884
93127937
93127986
93128033
93128112
93128197
93128290
93128368
93128425
93128460
93128483
93128490
93128493
93128496
93128499
93128504
93128507
93128512
93128519
93128521
93128527
93128529
93128535
93128554
93128604
93128679
93128773
93130702
93130773
93132325
93132326
93132327
93132332
93132336
93132339
93132344
93132345
93132346
93132350
93132351
93132352
93132355
93132414
93132492
93132661
93132729
93135608
93135612
93135613
93135614
93135619
93135621
93135622
93135626
93135648
93135703
93135808
93135904
93135987
93136054
93136107
93136144
93136167
93136169
93136176
93136180
93136185
93136190
93136195
93136196
93136206
93136232
93138454
93138458
93138460
93139032
93139060
93139115
93139201
93139293
93139372
93139441
93139545
93139560
93139568
93139570
93141148
93141150
93141155
93141156
93141159
93141160
93141161
93141163
93141166
93141186
93141285
93141337
93141443
93141702
93141838
93142046
93142061
93142065
93142072
93142075
93144998
93144999
93145002
93145004
93145006
93145008
93145010
93145014
93145015
93145017
93145020
93146051
93146065
93146072
93146078
93146079
93146082
93149425
93149431
93149432
93149435
93149438
93149439
93149441
93149442
93149445
93149448
93149491
93149645
93149731
93149804
93149873
93149910
93149938
93149946
93149947
93149948
93149949
93149950
93149951
93149952
93149954
93152968
93152973
93152974
93152976
93153916
93153954
93154019
93154104
93154205
93154397
93154426
93154445
93154462
93154473
93164512
93164567
93195744
93195815
93227307
93227378
93258438
93258522
93293807
93293867
93323415
93326733
93326770
93354504
93354572
93381336
93381463
93391803
93391884
93429244
93429336
93450040
93450067
93450116
93450125
93450162
93450169
93450186
93450197
93450200
93451957
93452009
93464868
93464898
93489671
93489772
93533351
93533427
93573654
93573730
93610275
93610348
93628034
93633483
93633505
93650417
93650499
93684345
93684353
93684359
93684365
93684384
93684432
93684514
93684602
93684664
93684690
93684729
93684777
93684822
93684899
93684924
93684953
93684972
93684994
93685000
93685009
93685017
93685025
93685031
93685039
93685050
93685115
93685184
93685276
93685372
93689322
93689408
93691490
93691510
93691527
93691536
93691547
93691555
93691566
93691574
93691583
93691589
93691595
93691601
93691608
93691684
93691769
93691874
93691899
93694312
93694328
93694338
93694348
93694353
93694364
93694372
93694382
93694422
93694512
93694616
93694676
93694705
93694727
93694777
93694852
93694968
93695003
93695048
93695218
93695368
93695460
93695538
93695593
93695765
93695860
93699317
93699383
93699421
93700466
93700523
93700610
93700695
93700753
93700773
93700822
93700930
93700964
93701022
93701041
93703188
93703218
93703301
93703314
93703325
93703334
93703339
93703344
93703355
93703364
93703379
93703423
93703499
93703682
93703858
93703885
93703906
93703921
93703945
93709208
93709215
93709220
93709226
93709232
93709237
93709242
93709248
93709253
93709260
93710492
93710500
93710509
93710521
93710526
93710532
93712410
93712417
93712422
93712427
93712434
93712439
93712456
93712461
93712482
93712528
93712679
93712859
93712927
93712967
93713013
93713074
93713170
93713234
93713289
93713346
93713451
93713560
93713615
93713630
93713639
93717068
93717083
93717090
93717096
93718357
93718449
93718522
93718580
93718622
93718681
93718693
93718701
93718715
93718742
93720100
93727351
93727440
93760685
93764882
93764979
93794721
93804041
93804133
93822976
93838292
93838377
93875832
93875913
93889437
93889438
93889439
93889440
93889445
93912788
93912882
