90903154
90903177
90936574
90936599
90983163
90983190
91051499
91051573
91108673
91108732
91129711
91129733
91151839
91151862
91173929
91173952
91197249
91197269
91218497
91218519
91223055
91223071
91245263
91245270
91293909
91293952
91337109
91337136
91403922
91404002
91444960
91444984
91495848
91495871
91528335
91528363
91553255
91553275
91576675
91576704
91605415
91605459
91624284
91624319
91643368
91643406
91665497
91665529
91693247
91693285
91720996
91721040
91753563
91753602
91792873
91792923
91818872
91818913
91874612
91874653
91930687
91930729
91988388
91988483
92040387
92040426
92087429
92087470
92118091
92118144
92139663
92139712
92185193
92185297
92243754
92243801
92287724
92287772
92319820
92319829
92339438
92339476
92370409
92370422
92391792
92391800
92432735
92432751
92467932
92467954
92486972
92486998
92516906
92516950
92545585
92545696
92598792
92598839
92638277
92638334
92672769
92672825
92706826
92706906
92731739
92731749
92768860
92768910
92807065
92807113
92843084
92843147
92886073
92886135
92921325
92937109
92937175
92966957
92967013
92995695
92995722
93004299
93004355
93035650
93035757
93068212
93068334
93099347
93099415
93130709
93130771
93164517
93164577
93195747
93195822
93227304
93227384
93258440
93258528
93293800
93293874
93326738
93326776
93354576
93391823
93391880
93429236
93429325
93451954
93452002
93464866
93464905
93489679
93489776
93533348
93533429
93573651
93573728
93610276
93610349
93633480
93633503
93650422
93650497
93689327
93689416
93727357
93727443
93764884
93764999
93804044
93804139
93838300
93838376
93875919
93912789
93912873
