17.062
17.480
18.213
17.780
20.218
20.581
17.845
17.483
17.083
17.183
16.691
16.483
16.135
17.029
19.879
18.161
19.189
18.271
19.000
20.275
14.975
14.370
18.470
19.139
17.715
18.245
17.930
18.672
18.700
19.286
20.164
21.661
48.918
22.345
21.083
21.006
24.010
48.805
28.956
123.945
17.992
18.196
4.911
20.265
16.869
17.412
17.007
18.789
18.818
19.925
19.788
51.238
15.788
10.295
26.235
26.379
18.895
18.767
18.177
18.935
18.638
17.632
19.409
18.489
26.171
25.481
19.319
19.526
19.211
18.518
18.540
17.664
17.499
17.692
24.668
24.213
24.751
18.094
19.674
20.085
19.641
17.680
17.269
15.956
55.357
17.323
15.770
19.287
20.382
19.015
18.330
20.292
21.061
17.311
18.605
17.532
17.322
17.242
17.360
42.156
22.100
20.728
21.162
20.449
20.088
18.856
19.890
17.581
17.235
17.356
17.972
18.333
23.018
23.220
3.018
19.628
19.676
20.787
20.580
16.813
17.628
16.790
17.163
17.279
16.699
19.583
19.441
19.053
20.022
20.017
19.601
18.233
18.545
19.224
19.378
17.451
18.167
18.484
19.283
20.208
24.854
21.462
8.684
17.161
17.568
16.432
17.915
17.856
18.501
19.360
3.417
22.263
21.294
21.583
21.964
20.777
20.562
19.891
20.665
19.963
18.742
18.842
19.663
19.270
19.340
20.381
19.273
17.467
17.581
17.711
17.546
18.732
18.267
21.371
19.135
18.644
19.167
18.396
19.415
21.600
21.227
18.754
17.654
18.422
19.271
21.577
19.938
18.301
30.002
26.555
18.088
18.627
18.816
19.199
