69.800
73.606
68.566
66.286
69.947
67.165
72.783
73.701
66.311
66.777
69.246
68.851
67.837
71.821
68.918
66.830
70.047
69.365
74.660
72.798
50.365
45.428
70.422
71.695
65.445
66.047
64.568
64.162
74.323
75.276
66.903
70.391
68.357
69.995
65.873
68.563
176.291
68.559
68.479
66.059
64.063
65.477
66.733
69.725
68.728
71.191
72.345
68.742
65.968
68.506
69.218
71.021
70.334
68.061
69.108
63.520
72.456
70.523
76.623
70.021
67.689
70.428
69.310
71.582
70.541
84.624
82.075
77.841
74.296
71.909
73.437
68.915
67.938
67.429
66.839
68.985
70.091
65.989
66.076
69.876
72.865
71.161
69.334
68.183
69.066
65.421
66.108
71.837
73.924
70.689
69.964
73.402
73.060
76.323
77.712
70.958
72.155
70.387
71.135
71.684
71.637
79.559
75.936
83.237
81.526
79.450
80.675
69.506
70.403
66.450
68.400
67.905
70.750
75.810
55.463
64.165
68.493
77.317
70.013
67.742
68.774
67.094
67.066
69.252
70.096
75.064
75.799
78.347
76.510
80.219
83.434
5.848
73.476
73.950
74.759
74.434
70.307
68.637
68.896
69.079
80.722
72.099
75.277
81.416
67.536
67.874
65.230
65.048
69.404
70.201
70.064
70.473
80.038
80.602
75.116
81.599
71.663
69.901
67.587
66.361
65.239
64.506
65.781
65.466
64.787
80.634
69.536
67.255
64.345
66.382
65.206
63.676
67.405
68.492
67.794
69.035
79.598
76.958
73.398
71.956
71.004
