25.830
26.252
28.113
26.419
29.044
30.519
28.324
27.865
27.942
29.182
27.052
26.923
28.854
29.736
28.926
28.208
29.994
29.118
30.634
30.041
28.694
29.140
28.789
27.017
27.558
28.528
27.820
27.501
31.141
32.821
28.531
29.691
28.414
29.604
26.150
27.088
25.028
27.612
29.047
28.786
28.359
28.413
28.263
27.966
28.871
28.871
27.166
28.616
27.533
27.613
29.003
28.328
28.549
29.315
27.757
27.725
28.891
28.307
28.275
27.428
28.580
28.964
33.051
34.244
34.206
31.019
30.236
29.881
27.088
28.268
27.757
27.643
28.044
26.894
27.307
29.010
28.564
27.914
21.354
21.116
19.520
20.563
19.322
19.013
19.330
18.551
23.798
23.565
21.416
21.181
21.200
20.597
20.604
20.556
19.783
20.554
19.087
18.832
23.825
23.337
21.658
21.562
20.030
21.588
19.125
19.457
18.720
18.502
19.483
18.985
20.797
20.694
19.436
20.006
16.075
16.332
15.877
15.843
16.431
15.893
16.825
16.391
16.859
16.764
17.495
20.816
19.073
16.075
17.322
15.342
15.659
19.893
19.348
19.197
19.525
19.659
17.623
19.565
18.972
16.675
17.517
16.915
17.891
17.147
16.181
17.663
17.456
16.911
18.051
18.366
15.600
15.488
15.727
15.675
15.744
15.325
16.242
16.366
15.672
15.782
16.979
19.283
16.537
17.586
17.629
17.360
15.920
15.884
18.162
18.030
16.579
17.987
20.609
19.524
16.000
15.731
16.144
