12.340
12.283
13.213
13.241
14.203
15.213
15.839
14.778
13.930
13.507
13.000
13.068
13.543
12.918
14.701
14.524
14.107
14.232
13.558
13.359
30.800
17.183
13.320
13.662
13.407
14.134
13.347
12.457
13.829
13.905
14.249
15.744
15.247
14.116
12.920
14.415
3.905
12.729
12.462
13.637
12.238
14.147
14.030
13.955
14.282
13.219
13.705
12.890
12.986
14.276
14.421
13.332
13.666
14.791
13.016
13.163
14.232
13.621
14.176
12.900
12.962
13.045
14.444
14.665
17.923
18.744
20.702
16.222
13.769
14.194
13.859
12.780
13.607
13.195
13.836
14.776
14.206
15.457
13.809
14.288
15.928
15.344
13.204
14.567
13.302
13.131
13.597
12.281
63.256
14.651
14.466
14.049
14.169
14.332
14.029
14.261
14.034
13.490
13.879
13.322
13.682
14.669
14.428
13.533
13.637
14.045
13.861
12.349
13.619
7.777
17.544
3.585
12.027
12.237
13.277
12.156
13.886
13.229
14.125
13.000
15.113
13.533
28.892
13.051
13.481
13.068
14.138
13.499
13.211
13.378
15.465
14.724
15.067
14.821
8.184
13.420
13.350
12.772
12.751
13.237
13.244
13.578
13.626
15.290
14.683
14.347
14.676
13.694
14.155
22.651
14.633
14.584
15.604
15.468
13.331
13.531
13.695
13.696
13.180
13.636
12.835
13.080
12.643
13.096
13.537
13.558
14.320
13.224
13.274
12.976
14.017
14.396
14.770
13.395
14.186
13.494
13.123
13.316
15.425
16.133
14.054
14.170
15.030
15.644
13.635
13.686
13.275
13.074
