128013487
128037709
128038118
128062851
128078968
128079001
128102343
128127184
128153597
128154073
128179480
128205067
128233837
128259786
128284398
128310944
128336415
128361085
128380969
128403036
128431623
128458793
128487686
128513960
128542258
128568560
128597161
128623357
128645741
128651269
128676912
128706002
128734567
128761453
128789085
128816664
128847963
128876217
128904879
128934901
128941240
128962934
128990311
129017928
129043323
129069091
129095210
129123417
129151665
129152167
129181406
129207531
129232164
129242580
129269355
129298465
129298964
129325908
129353520
129378571
129403658
129428553
129457166
129486441
129512392
129512900
129537150
129555461
129580938
129606723
129633459
129667877
129695894
129722902
129749814
129778537
129804623
129829930
129854533
129868215
129870687
129883184
129911194
129937423
129964264
129991501
130018121
130044535
130071827
130099070
130126520
130142129
130144631
130147851
130163197
130190913
