24.459
29.140
27.563
25.869
25.368
23.140
27.945
26.418
16.645
26.144
20.024
18.499
19.409
21.076
23.227
17.597
17.937
17.517
20.716
29.132
20.276
18.847
17.298
19.128
19.942
25.111
17.288
19.948
20.708
19.362
18.234
18.850
17.632
18.151
19.716
18.901
17.082
18.414
17.763
18.085
18.354
22.724
19.212
17.305
17.677
17.866
21.065
22.422
18.256
18.460
18.770
17.378
17.209
18.615
18.521
19.331
17.653
17.950
18.173
17.186
18.292
19.058
20.112
20.232
18.870
17.808
18.488
18.529
19.055
19.364
18.473
18.614
17.926
18.476
17.887
17.609
18.379
18.714
17.626
18.093
20.063
18.991
18.501
17.578
18.955
18.778
19.509
20.218
19.679
18.229
18.615
20.102
18.510
17.587
18.908
18.624
