20.830
23.125
24.256
24.712
3.379
23.245
17.457
12.714
6.221
22.590
13.318
13.202
18.671
22.231
13.857
13.785
13.983
13.992
13.994
14.719
16.345
14.876
12.521
2.404
14.883
16.113
15.863
13.136
17.351
13.189
14.353
12.897
15.193
19.694
13.935
13.265
14.005
14.560
14.189
14.141
14.997
13.824
12.796
17.452
13.470
14.122
13.885
13.767
15.904
13.900
13.619
15.845
16.729
13.694
13.366
23.523
13.462
13.259
13.717
14.262
13.629
13.153
13.206
13.748
13.200
12.970
13.884
19.999
15.193
13.488
13.404
14.363
8.695
14.295
19.856
12.970
12.633
13.840
17.787
17.836
14.111
17.958
13.229
13.828
13.176
17.262
13.867
17.573
13.432
13.210
13.479
16.538
15.151
17.389
14.195
13.165
13.533
15.129
15.007
17.175
13.387
12.427
