133333538
133363156
133392260
133420994
133449712
133475531
133501902
133519372
133549555
133579020
133580119
133603597
133633583
133663292
133689236
133719297
133749295
133774627
133803612
133832755
133833789
133861156
133891749
133893115
133914839
133915235
133936681
133957933
133979177
133979894
133995569
134022780
134051228
134080536
134108230
134136650
134137740
134156032
134182457
134210277
134223316
134246290
134269569
134300222
134328323
134357663
134387531
134410605
134410920
134435327
134466033
134495974
134524912
134554430
134578843
134602877
134632019
134660833
134688765
134718705
134744064
134767559
134796095
134824432
134852413
134882319
134909698
134934828
134962806
134991352
135019080
135048586
135073162
135096891
135124405
135154635
135181647
135210717
135235369
135259533
135286940
135314209
135341293
135370208
135394744
135418389
135446169
135474699
135503526
135532833
135557586
135581427
135609137
135638403
135664027
135687461
135710579
