21.324
18.776
18.741
17.514
19.022
19.116
19.877
17.655
20.812
18.365
18.560
19.922
18.015
18.850
17.515
18.355
17.110
17.842
15.996
16.252
14.655
16.771
17.880
17.054
17.565
15.699
17.012
17.065
17.431
15.930
19.915
16.570
17.058
16.275
17.856
16.393
15.725
15.465
18.091
17.482
17.822
17.214
17.800
154.354
17.051
17.168
16.500
15.751
15.477
17.253
15.933
17.807
17.043
15.967
15.946
17.705
17.792
17.310
17.879
16.750
18.334
15.804
16.464
16.765
17.625
18.376
17.757
16.660
16.457
20.523
16.844
17.589
17.390
17.751
15.617
19.254
18.108
17.087
22.468
17.402
16.516
23.839
18.207
17.723
17.162
17.351
18.620
18.180
17.505
17.307
19.629
18.476
16.885
16.912
18.728
17.545
16.872
