63.461
68.177
65.075
81.597
74.673
71.926
74.261
73.149
78.830
76.135
79.021
73.722
72.619
71.502
75.926
82.457
80.945
73.463
71.155
72.740
78.763
76.195
82.586
74.870
72.118
73.786
79.074
79.695
86.460
71.557
70.447
59.413
73.700
83.283
84.116
77.230
72.348
74.979
78.773
73.937
81.395
51.349
50.464
49.689
51.297
53.193
49.102
53.847
51.392
52.766
48.674
22.687
49.919
55.426
52.699
53.973
56.291
56.929
51.298
52.357
53.072
53.318
54.397
52.676
57.760
54.922
53.485
52.354
52.653
54.634
54.318
54.610
54.698
59.196
51.055
48.129
52.068
60.059
58.159
57.684
58.201
55.526
59.034
61.150
55.873
57.758
57.865
59.958
57.133
59.999
57.711
51.766
53.160
