15.534
14.074
13.849
13.193
13.545
14.280
13.364
13.108
13.009
13.817
14.515
13.682
13.225
13.244
14.347
13.562
13.791
13.440
12.050
13.565
14.945
12.259
12.277
13.933
13.625
13.227
13.987
16.535
33.706
6.276
12.654
14.403
13.363
14.462
12.702
12.345
15.908
12.536
1.448
14.678
12.745
16.397
13.509
13.525
148.646
13.254
20.813
13.609
12.747
13.091
14.230
13.713
14.740
12.458
19.598
14.186
12.547
14.793
15.986
13.706
13.267
14.629
13.370
13.806
14.220
16.663
17.693
41.000
13.525
14.447
14.265
13.835
13.823
13.894
14.834
13.839
13.056
15.437
14.037
14.304
13.537
16.735
13.618
13.523
14.072
14.596
17.168
14.168
14.665
14.394
15.861
14.986
18.529
14.421
14.309
13.526
13.876
14.408
16.651
14.974
14.106
