15.606
13.851
13.724
49.371
14.705
13.899
14.670
15.187
14.232
16.388
14.539
13.778
13.961
13.577
17.125
16.777
12.779
13.466
12.690
13.940
13.837
14.329
14.161
13.588
14.516
13.078
15.562
16.588
13.181
15.321
13.395
1.237
14.002
12.717
14.080
1.885
14.123
12.980
13.966
14.399
15.599
8.175
11.568
6.591
18.250
13.467
13.689
149.420
13.790
13.634
13.188
12.256
12.371
12.032
14.928
14.188
13.947
13.202
12.913
12.739
13.069
13.925
16.434
12.935
14.335
14.009
16.337
13.879
15.909
15.026
14.013
13.445
13.129
18.045
7.624
13.910
11.901
14.658
13.848
14.002
13.006
15.129
14.548
12.856
12.819
14.150
13.813
14.642
14.217
14.961
14.453
13.768
14.148
15.287
14.319
14.081
13.954
14.905
14.794
14.230
14.233
14.407
15.001
