89140846
89141436
89141586
89142480
89142489
89142950
89143217
89143592
89143829
89144148
89144630
89145373
89145501
89146200
89146386
89146762
89146830
89148585
89151713
89363618
89363710
89363727
89363746
89363763
89363782
89363857
89365672
89365691
89365712
89365732
89365749
89365766
89365783
89367085
89367144
89367663
89367681
89367700
89367720
89382210
89382760
89382902
89383544
89383783
89401793
89404230
89404525
89404725
89493182
89585016
89585018
89585020
89585022
89585024
89585799
89585801
89585803
89585805
89585807
89585809
89588439
89588442
89588444
89588446
89588448
89588638
89588640
89588642
89588644
89588646
89588648
89590129
89590131
89590133
89590135
89590558
89590561
89590563
89590565
89590568
89632370
89633221
89633231
89633946
89633993
89634645
89634770
89651589
89651590
89651595
89651596
89651599
89651600
89651660
89651661
89651717
89651718
89651779
89651796
89651798
89651837
89651838
89651839
89651840
89651903
89651966
89651967
89651968
89651969
89651971
89652029
89652086
89652087
89652145
89652146
89652147
89652170
89652210
89652265
89652266
89652268
89652269
89652271
89652272
89652275
89652276
89652340
89652342
89652343
89652404
89652407
89652467
89652469
89652471
89652472
89652532
89652534
89653411
89653412
89653417
89653419
89653421
89653539
89653598
89653600
89653602
89653732
89653738
89653740
89653741
89653858
89653863
89653865
89653989
89653993
89653997
89654111
89654489
89654620
89654754
89654885
89655073
89655078
89655741
89655749
89655810
89655813
89655881
89655940
89655941
89655944
89655946
89656069
89656073
89656074
89656141
89656384
89656387
89656512
89656515
89656645
89656647
89656798
89656849
89656869
89656996
89656997
89657129
89657131
89657156
89657175
89657345
89657471
89657473
89657605
89657785
89657900
89658025
89658026
89658821
89658825
89658827
89658828
89658932
89658938
89659061
89659185
89659306
89659307
89659427
89659603
89659725
89659726
89659838
89659964
89659969
89660036
89660155
89660332
89686280
89686354
89686486
89686502
89686567
89686695
89686823
89686949
89687153
89687292
89687356
89687473
89687474
89687535
89687540
89687545
89687608
89687819
89687937
89688057
89764013
89768613
89768615
89768617
89768619
89768621
89793715
89793723
89793730
89793734
89793736
89793738
89793815
89793817
89793819
89793821
89793823
89794804
89794806
89794808
89794812
89794815
89794818
89796802
89796804
89796806
89796809
89796811
89796813
89798593
89798595
89798597
89798600
89798604
89798606
89798788
89798790
89801726
89801728
89801730
89801733
89801735
89803560
89803563
89803565
89803567
89803569
89803571
89803854
89803857
89803859
89803862
89803864
89803867
89803869
89805674
89805676
89806536
89806576
89806613
89806615
89806791
89806793
89806795
89806797
89806799
89806801
89809743
89809789
89809803
89809805
89809807
89809809
89810046
89810048
89810050
89810052
89810054
89810058
89811748
89811751
89811753
89811755
89811759
89811763
89811904
89811939
89811964
89813686
89813688
89813690
89813883
89813886
89813889
89813892
89813895
89837208
89837218
89837226
89837304
89837365
89837497
89837622
89837736
89837855
89838031
89838151
89838276
89838405
89838525
89838650
89838781
89838902
89838903
89838911
89838926
89843450
89843588
89843599
89843602
89843609
89843737
89843887
89844041
89844166
89844236
89844238
89844239
89844247
89844248
89844257
89844265
89844271
89844408
89844539
89844580
89848809
89848931
89849123
89849237
89849238
89849359
89849363
89849365
89849370
89849373
89849376
89849496
89849616
89849791
89849853
89849854
89849968
89850140
89850260
89850379
89854368
89854416
89854548
89854549
89854551
89854664
89854834
89854952
89855065
89855179
89855354
89855407
89855451
89855535
89855536
89855537
89855539
89855559
89855596
89855747
89857627
89857633
89857640
89857649
89857658
89857675
89857678
89857687
89857689
89857704
89857728
89857751
89857761
89857771
89857780
89857781
89857786
89857787
89857789
89857802
89861114
89861270
89861418
89861544
89861610
89861611
89861731
89861911
89862170
89862288
89862401
89862472
89862473
89862592
89862593
89862651
89862653
89862654
89862726
89862730
89868819
89869012
89869013
89869134
89869257
89869258
89869445
89869535
89869683
89869809
89869877
89869878
89870001
89870118
89870251
89870315
89870326
89870377
89870498
89870503
89876308
89876488
89876489
89876491
89876500
89876630
89876851
89876918
89876977
89877103
89877228
89877291
89877468
89877535
89877663
89877678
89877844
89877845
89877847
89877849
89883627
89883639
89883804
89883807
89883932
89884061
89884184
89884234
89884255
89884256
89884266
89884334
89884461
89884587
89884589
89884641
89884642
89884715
89884836
89884956
89885680
89885695
89885698
89885701
89885702
89885719
89885734
89885736
89885755
89885764
89885783
89885801
89885822
89885847
89885868
89885885
89885901
89885918
89885919
89885935
89886876
89886881
89886909
89886911
89886927
89886938
89886944
89886945
89886951
89886959
89886971
89886979
89886988
89886995
89887003
89887008
89887009
89887016
89887020
89887027
89887437
89887442
89887457
89887466
89887475
89887477
89887485
89887486
89887489
89887490
89887491
89887495
89887504
89887505
89887506
89887512
89887521
89887528
89887530
89887538
89891752
89891930
89892049
89892165
89892236
89892238
89892239
89892241
89892248
89892249
89892315
89892442
89892443
89892597
89892747
89892748
89892874
89892875
89893003
89893064
89897502
89897509
89897510
89897512
89897582
89897705
89897706
89897829
89897950
89898009
89898140
89898203
89898209
89898219
89898220
89898232
89898292
89898409
90072505
90072828
90077167
90077169
90077292
90077360
90077361
90077372
90077443
90077444
90077445
90077571
90077689
90077868
90077992
90078057
90078064
90078070
90078071
90078077
90078084
90078207
90082348
90082410
90082415
90082419
90082421
90082551
90082659
90082661
90082776
90082893
90083014
90083078
90083083
90083085
90083088
90083093
90083094
90083099
90083218
90083222
90087550
90087555
90087772
90087924
90087926
90088083
90088232
90088278
90088291
90088295
90088299
90088303
90088388
90088533
90088612
90088800
90088803
90088936
90089084
90089220
90093712
90093801
90093802
90093977
90093997
90093998
90094026
90094031
90094036
90094039
90094042
90094119
90094120
90094255
90094257
90094387
90094580
90307857
90308705
90319743
90319749
90319755
90319761
90319762
90319847
90319858
90320164
90320400
90320407
90320552
90320554
90320577
90320737
90320857
90320977
90321150
90321273
90321286
90321600
90324985
90324986
90324990
90324991
90324997
90324998
90325002
90325007
90325038
90325049
90325237
90325358
90325388
90325399
90325403
90325405
90325411
90325412
90325414
90325419
90327792
90327978
90327984
90328060
90328068
90328075
90328080
90328089
90328097
90328098
90328105
90328157
90328170
90328360
90328474
90328507
90328514
90328521
90328526
90328532
90330847
90330857
90330866
90330870
90330881
90331011
90331188
90331259
90331385
90331507
90331684
90331806
90331931
90332050
90332274
90332520
90332750
90332752
90332899
90333080
90339237
90339302
90339306
90339312
90339516
90339830
90339841
90340037
90340039
90340223
90340224
90340347
90340463
90340495
90340500
90340505
90340614
90340966
90341152
90341158
90346446
90346447
90346566
90346684
90346745
90346746
90346752
90346757
90346758
90346955
90347293
90347486
90347489
90347611
90347731
90347851
90347852
90347974
90348038
90348045
90353851
90353926
90353980
90354281
90354536
90354776
90354874
90354945
90355069
90355189
90355191
90355197
90355219
90355370
90355612
90355852
90356039
90356108
90356234
90356235
90362569
90362728
90362730
90362898
90362899
90363105
90363134
90363165
90363513
90363730
90363833
90364014
90364015
90364079
90364197
90364262
90364268
90364272
90364274
90364275
90370870
90370871
90370872
90370929
90371169
90371463
90371651
90371715
90371840
90371845
90371846
90371962
90372138
90372252
90372312
90372313
90372505
90372856
90373066
90373069
90379348
90379506
90379515
90379520
90379525
90379530
90379534
90379537
90379539
90379540
90379544
90379559
90379851
90379863
90380160
90380321
90380374
90380443
90380562
90380564
90386779
90386784
90386786
90386850
90386907
90387238
90387460
90387617
90387619
90387621
90387655
90387682
90387802
90387921
90388042
90388200
90388289
90388324
90388643
90388943
90394459
90394780
90394943
90395063
90395064
90395237
90395357
90395474
90395475
90395476
90395477
90395595
90395600
90395839
90396137
90396324
90396443
90396562
90396564
90396571
90402634
90402635
90402698
90402774
90403059
90403078
90403338
90403477
90403543
90403545
90403666
90403673
90403674
90403678
90403681
90403687
90403942
90403954
90404279
90404469
90410802
90410859
90410861
90410863
90410864
90410867
90410873
90410874
90410879
90410975
90411284
90411529
90411666
90411786
90411903
90412015
90412132
90421425
90422776
90423212
90425196
90425455
90428926
90435891
90438060
90441044
90441368
90444185
90447659
90447938
90450028
90450582
90450583
90450584
90450585
90450586
90450587
90450588
90450589
90450590
90450591
90452811
90455642
90457258
90457588
90460191
90460331
90462880
90463080
90464839
90467553
90467790
90469730
90469797
90470294
90470396
90470588
90471973
90472045
90472705
90473888
90474811
90475729
90476031
90476967
90477876
90477976
90478789
90480658
90481651
90484137
90484316
90486735
90488206
90490375
90493202
90494855
90495132
90495433
90497890
90498094
90500588
90500709
90500798
90501829
90502036
90502955
90503051
90503933
90503998
90504680
90504878
90505801
90505913
90506752
90507295
90507405
90507616
90508560
90509870
90509969
90511984
90512205
90515513
90519495
90519569
90522239
90524087
90525314
90526765
90529346
90529498
90531364
90535088
90535267
90535381
90537856
90537958
90538140
90539952
90542633
90542732
90545404
90547159
90547499
90550062
90552858
90554763
90557709
90560306
90562479
90565159
90566810
90568365
90569886
90573123
90573375
90576994
90577174
90578884
90579129
90581750
90581959
90582074
90584561
90587577
90587942
90590694
90590844
90593294
90594567
90595579
90596686
90598351
90599999
90601100
90602781
90605584
90605769
90609210
90609422
90612926
90615749
90615964
90618688
90618869
90620645
90621012
90623535
90623656
90626209
90627276
90628404
90630989
90632009
90633326
90634777
90637849
90637980
90641461
90641655
90643509
90643844
90646398
90646598
90649227
90649409
90651169
90654091
90655733
90658451
90658630
90660794
90661070
90663829
90664043
90666666
90668671
90668911
90670141
90670179
90671637
90672960
90674405
90674535
90676691
90678038
90679517
90680584
90681262
90684201
90687789
90688006
90690353
90690621
90692146
90692874
90695450
90695634
90698294
90700071
90700254
90702820
90704616
90705720
90985944
90985967
90985987
90985990
90986213
90986582
90986589
90986779
90986918
90987055
90987236
90987373
90987509
90987511
90987644
90987764
90988058
90988303
90988505
90988638
90994913
90995112
90995265
90995268
90995453
90995595
90995680
90995760
90995775
90995825
90995826
90995959
90995997
90996361
90996644
90996762
90996904
90997041
90997123
90997146
91003735
91003737
91003870
91003889
91004064
91004294
91004309
91004323
91004334
91004346
91004617
91004765
91004843
91004990
91005153
91005284
91005410
91005536
91005777
91005788
91013023
91013154
91013231
91013361
91013486
91013487
91013490
91013511
91013542
91013549
91013556
91013597
91013942
91014156
91014160
91014162
91014372
91014448
91014589
91014592
91021455
91021533
91021550
91021709
91021902
91021947
91022139
91022342
91022467
91022610
91022803
91022817
91022941
91023264
91023273
91023496
91023638
91023772
91023912
91024048
91031364
91031504
91031727
91031740
91032074
91032342
91032562
91032759
91032780
91032993
91033169
91033323
91033510
91033705
91034032
91034047
91034356
91034573
91034582
91034868
91121348
91121376
91121392
91121792
91121810
91121826
91179782
91179893
91179902
91179910
91180085
91180259
91180308
91180316
91180331
91180333
91180346
91180357
91180369
91180381
91180485
91180684
91180769
91180886
91180895
91180901
91183730
91183735
91183743
91183749
91183753
91183754
91183858
91183860
91183873
91184042
91184203
91184210
91184246
91184251
91184257
91184261
91184271
91184276
91184284
91184417
91186772
91186968
91187072
91187075
91187089
91187094
91187100
91187101
91187106
91187108
91187112
91187117
91187145
91187151
91187341
91187357
91187481
91187513
91187521
91187526
91190243
91190244
91190277
91190278
91190387
91190396
91190397
91190403
91190411
91190412
91190420
91190435
91190596
91190770
91190815
91190823
91190831
91190837
91190838
91190843
91193287
91193314
91193502
91193639
91193645
91193667
91193672
91193673
91193680
91193681
91193689
91193695
91193701
91193705
91193709
91193867
91194036
91194083
91194160
91194192
91196501
91196504
91196570
91196581
91196588
91196592
91196597
91196598
91196607
91196616
91196685
91196889
91197004
91197057
91197059
91197076
91197094
91197104
91197106
91197216
91200096
91200103
91200113
91200120
91200261
91200458
91200465
91200524
91200532
91200533
91200544
91200552
91200563
91200572
91200581
91200659
91200856
91200866
91200991
91201013
91203338
91203410
91203420
91203432
91203631
91203723
91203739
91203748
91203757
91203758
91203764
91203770
91203776
91203804
91203814
91204002
91204127
91204153
91204158
91204161
91206636
91206637
91206644
91206647
91206651
91206657
91206669
91206673
91206690
91206693
91206704
91206705
91206706
91206708
91206725
91206902
91207058
91207090
91207103
91207112
91209304
91209305
91209306
91209309
91209312
91209361
91209559
91209568
91209676
91209691
91209696
91209699
91209705
91209718
91209719
91209723
91209734
91209899
91210070
91210102
91212618
91212634
91212636
91212650
91212656
91212667
91212674
91212682
91212713
91212920
91213036
91213061
91213066
91213074
91213077
91213081
91213089
91213091
91213098
91213116
91220304
91220491
91525838
91564895
91564904
91564913
91564915
91564927
91564929
91564931
91565061
91565071
91565255
91565330
91565345
91565358
91565373
91565377
91565379
91565388
91565399
91565412
91565486
91567456
91567482
91567652
91567664
91567680
91567692
91567804
91567810
91567814
91567817
91567820
91567825
91567831
91567837
91568006
91568178
91568214
91568218
91568226
91568227
91570308
91570313
91570320
91570326
91570333
91570334
91570366
91570571
91570700
91570709
91570717
91570719
91570726
91570728
91570735
91570748
91570753
91570758
91570764
91570914
91574238
91574241
91574245
91574249
91574257
91574430
91574448
91574463
91574615
91574619
91574634
91574640
91574643
91574649
91574651
91574655
91574659
91574663
91574682
91574846
91576626
91576631
91576636
91576637
91576659
91576666
91576851
91577018
91577021
91577038
91577046
91577056
91577062
91577073
91577079
91577082
91577211
91577383
91577435
91577438
91579530
91579536
91579542
91579544
91579545
91579553
91579562
91579598
91579778
91579925
91579927
91579943
91579945
91579952
91579958
91579965
91579971
91579979
91579982
91579988
91584308
91584509
91584842
91585123
91585250
91585387
91585497
91585524
91585529
91585535
91585561
91585727
91585742
91585877
91585892
91585897
91585908
91585916
91585921
91585927
91588235
91588247
91588253
91588254
91588255
91588261
91588268
91588276
91588282
91588295
91588445
91588614
91588617
91588639
91588644
91588649
91588654
91588659
91588668
91588677
91590720
91590731
91590915
91590922
91591022
91591025
91591032
91591035
91591042
91591048
91591053
91591058
91591071
91591227
91591384
91591404
91591410
91591418
91591425
91591431
91594940
91594942
91594950
91594952
91594958
91595068
91595459
91595467
91595720
91595928
91596083
91596240
91596248
91596254
91596255
91596260
91596280
91596636
91596895
91597123
91602570
91602714
91602727
91602741
91602896
91602919
91602926
91602931
91602939
91602940
91602942
91602945
91602946
91602949
91602951
91603094
91603276
91603286
91603331
91603341
91716820
91716943
91716949
91716954
91716962
91716969
91716984
91716992
91717155
91717301
91717306
91717326
91717329
91717336
91717337
91717340
91717344
91717354
91717361
91717367
91719351
91719357
91719434
91719616
91719623
91719703
91719710
91719714
91719718
91719720
91719724
91719729
91719734
91719762
91719939
91720069
91720082
91720088
91720096
91720102
91722625
91722643
91722651
91722656
91722664
91722674
91722680
91722687
91722815
91722988
91723028
91723034
91723039
91723045
91723051
91723056
91723068
91723141
91723342
91723469
91725674
91725680
91725690
91725696
91725705
91725713
91725787
91725972
91726077
91726090
91726101
91726115
91726122
91726123
91726130
91726137
91726274
91726582
91726739
91726762
91728898
91728905
91729075
91729259
91729270
91729319
91729345
91729352
91729357
91729360
91729364
91729365
91729366
91729371
91729372
91729493
91729660
91729714
91729719
91729725
91731865
91731889
91732103
91732112
91732138
91732143
91732149
91732156
91732157
91732158
91732166
91732172
91732174
91732177
91732178
91732306
91732313
91732480
91732519
91732525
91734035
91734040
91734044
91734047
91734048
91734219
91734385
91734389
91734418
91734420
91734421
91734424
91734430
91734438
91734440
91734446
91734448
91734562
91734730
91734795
91740056
91740094
91740215
91740277
91740396
91740521
91740681
91740805
91741063
91741353
91741499
91741650
91741785
91741795
91741801
91741805
91741809
91741926
91742242
91742483
91748565
91748724
91748746
91748751
91748757
91748761
91748764
91748910
91749202
91749463
91749594
91749595
91749722
91749723
91749726
91749730
91749782
91749918
91749988
91749997
91754721
91754884
91754918
91754926
91754934
91754945
91754950
91754961
91754985
91755059
91755244
91755335
91755337
91755344
91755350
91755351
91755357
91755380
91755420
91755425
91757604
91757730
91757900
91757908
91757964
91757973
91757975
91757985
91757993
91757994
91758001
91758009
91758019
91758093
91758104
91758282
91758372
91758375
91758376
91758378
91760381
91760385
91760387
91760395
91760400
91760405
91760410
91760413
91760418
91760436
91760598
91760749
91760773
91760780
91760783
91760788
91760790
91760794
91760795
91760801
91764272
91764394
91764463
91764584
91764707
91764826
91764828
91764829
91764851
91765154
91765168
91765451
91765565
91765567
91765568
91765691
91765818
91765934
91765940
91766002
91772406
91772444
91772571
91772692
91772811
91772871
91773032
91773050
91773108
91773111
91773112
91773413
91773732
91773743
91773921
91774074
91774156
91774217
91774219
91774328
91992021
91992022
91992023
91992039
91992317
91992330
91992593
91992594
91992726
91992901
91992902
91992904
91993020
91993026
91993033
91993038
91993039
91993046
91993050
91993369
91999769
91999884
92000008
92000130
92000251
92000265
92000273
92000275
92000314
92000669
92000904
92001026
92001028
92001144
92001263
92001396
92001517
92001530
92001540
92001794
92007890
92008131
92008268
92008272
92008392
92008519
92008529
92008648
92008649
92008655
92008659
92008693
92008706
92009006
92009173
92009364
92009411
92009421
92009426
92009487
92014593
92014600
92014718
92014851
92014859
92014868
92015041
92015220
92015341
92015404
92015470
92015579
92015585
92015594
92015659
92015896
92016135
92016136
92016139
92016199
92021149
92021267
92021330
92021623
92021768
92021913
92022054
92022171
92022286
92022287
92022414
92022539
92022672
92022972
92023233
92023235
92023419
92023547
92023551
92023558
92030413
92030597
92030598
92030599
92030719
92030836
92030844
92030852
92030857
92030862
92031127
92031468
92031476
92031563
92031812
92031955
92032082
92032200
92032261
92032265
92037844
92038010
92038131
92038139
92038145
92038146
92038153
92038158
92038282
92038289
92038458
92038509
92038516
92038517
92038521
92038532
92038533
92038618
92038632
92038645
92040780
92040791
92040792
92040795
92040807
92040819
92040829
92040938
92040953
92041133
92041193
92041200
92041209
92041210
92041223
92041229
92041238
92041247
92041307
92041494
92043473
92043477
92043484
92043492
92043493
92043553
92043740
92043848
92043862
92043872
92043879
92043937
92043995
92044001
92044010
92044167
92044337
92044370
92044377
92044387
92046464
92046643
92046688
92046689
92046793
92046798
92046806
92046808
92046814
92046817
92046820
92046912
92046925
92047104
92047168
92047173
92047181
92047190
92047195
92047196
92052621
92052699
92052862
92052863
92052924
92053084
92053266
92053273
92053274
92053288
92053560
92053769
92053970
92054085
92054086
92054087
92054215
92054234
92054337
92054398
92060506
92060620
92060682
92060690
92060692
92060694
92060704
92060710
92060735
92061018
92061032
92061292
92061432
92061434
92061550
92061553
92061678
92061862
92061922
92061924
92067922
92067923
92067933
92068027
92068032
92068050
92068334
92068346
92068366
92068662
92068663
92068788
92068922
92075024
92075153
92075277
92075338
92075344
92075349
92075356
92075471
92075478
92075775
92075981
92076103
92076320
92076484
92076547
92076552
92076554
92076555
92076559
92236419
92236474
92236783
92236793
92237004
92237127
92237260
92237375
92237498
92237620
92237690
92237691
92237692
92244410
92244478
92244602
92244780
92244907
92244988
92244990
92244999
92245096
92245387
92245648
92245827
92245947
92246063
92246065
92246080
92246081
92246092
92246098
92246106
92253166
92253167
92253288
92253418
92253419
92253543
92253648
92253656
92253658
92253687
92253758
92253762
92254051
92254299
92254301
92254438
92254574
92254575
92254747
92254817
92261889
92261905
92261916
92262195
92262317
92262318
92262440
92262563
92262570
92262571
92262579
92262591
92262617
92263025
92263317
92263320
92263446
92263571
92263748
92263810
92266391
92266398
92266435
92266601
92266616
92266746
92266760
92266819
92266833
92266879
92266885
92266893
92266902
92266911
92267064
92267233
92267242
92267267
92267277
92267282
92269960
92269966
92269971
92269979
92269980
92269985
92269986
92269990
92269997
92269999
92270077
92270253
92270392
92270452
92270457
92270461
92270467
92270473
92270480
92270500
92272988
92273042
92273049
92273053
92273064
92273065
92273073
92273169
92273182
92273187
92273247
92273467
92273566
92273687
92273746
92273866
92273867
92273868
92273981
92274102
92280061
92280182
92285712
92285779
92285836
92285956
92286068
92286191
92286309
92286317
92286318
92286520
92286760
92286984
92287113
92287238
92287411
92287535
92287661
92287667
92287669
92287697
92297850
92297858
92298025
92298207
92298329
92298447
92298518
92298527
92298533
92298629
92298669
92298959
92299161
92299305
92299433
92299557
92299681
92299807
92299809
92299816
92304703
92306561
92306595
92306619
92306625
92306630
92306637
92306643
92306647
92306648
92306746
92306931
92307003
92307010
92307014
92307025
92307031
92307037
92307039
92307106
92307193
92309193
92310650
92310666
92310681
92310769
92310957
92311059
92311074
92311086
92311103
92311114
92311115
92311126
92311137
92311171
92311177
92311359
92311512
92311516
92311543
92311544
92314168
92314186
92314208
92314228
92314250
92314331
92314523
92314619
92314632
92314649
92314667
92314680
92314701
92314721
92314752
92314759
92314939
92314950
92315095
92315124
92317246
92317415
92317567
92317571
92317592
92317607
92317618
92317619
92317632
92317648
92317667
92317686
92317822
92317997
92318066
92318083
92318086
92318100
92318109
92318125
92420741
92420909
92421064
92421210
92421232
92421276
92421396
92421521
92421697
92421710
92421929
92421934
92421936
92422082
92422320
92422497
92422659
92422828
92422834
92422846
92427186
92427201
92427266
92427332
92427391
92427395
92427511
92427568
92427580
92427675
92427803
92427862
92427871
92427939
92428060
92428072
92428199
92428328
92428392
92428396
92433325
92433337
92433461
92433587
92433598
92433604
92433669
92433783
92433859
92433860
92434084
92434204
92434384
92434451
92434519
92434524
92434528
92434589
92434710
92434832
92439789
92439795
92439805
92439927
92440115
92440116
92440183
92440303
92440486
92440610
92440618
92440628
92440637
92440639
92440650
92440716
92440885
92441052
92441179
92441308
92445243
92445305
92445426
92445543
92445544
92445607
92445609
92445732
92445848
92445912
92446030
92446201
92446261
92446262
92446264
92446385
92446568
92446688
92446750
92446755
92450871
92450878
92450941
92451003
92451008
92451015
92451192
92451193
92451308
92451428
92451492
92451555
92451581
92451743
92451871
92451991
92451992
92452111
92452226
92452292
92455962
92455963
92455974
92455975
92455979
92456099
92456223
92456224
92456293
92456354
92456472
92456533
92456596
92456715
92456834
92456952
92457066
92457181
92457305
92457307
92461813
92461817
92461824
92461828
92461839
92461840
92461847
92461854
92461861
92461866
92461963
92461974
92461979
92461983
92462011
92462016
92462027
92462034
92462041
92462042
92464096
92464103
92464104
92464107
92464116
92464121
92464206
92464277
92464297
92464350
92464360
92464530
92464537
92464539
92464704
92464717
92464723
92464732
92464805
92464922
92468026
92468033
92468042
92468049
92468059
92468067
92468075
92468087
92468194
92468202
92468209
92468217
92468221
92468229
92468230
92468239
92468245
92468251
92468255
92468261
92468980
92468990
92468998
92469005
92469014
92469015
92469025
92469027
92469036
92469049
92469058
92469067
92469078
92469088
92469187
92469189
92469190
92469199
92469207
92469216
92469665
92469670
92469677
92469687
92469697
92469704
92469706
92469709
92469710
92469716
92469717
92469721
92469724
92469728
92469734
92469735
92469740
92469742
92469747
92469753
92470402
92473339
92473468
92473600
92473674
92473692
92473771
92473906
92474043
92474176
92474308
92474310
92474441
92474510
92474528
92474546
92474557
92474625
92474780
92474782
92474908
92478457
92478649
92478720
92478853
92478988
92479168
92479240
92479249
92479265
92479268
92479396
92479588
92479710
92479712
92479847
92479931
92480063
92480078
92480093
92480108
92481867
92481903
92483448
92483587
92483720
92485800
92485819
92485835
92485837
92485847
92485864
92485886
92485897
92485916
92485932
92485950
92485964
92485983
92485999
92486001
92486021
92486039
92486057
92486058
92486079
