75.384
75.378
82.592
79.484
86.114
84.993
82.764
83.973
72.797
73.735
69.324
71.703
71.288
74.045
79.012
60.556
67.712
71.473
80.078
72.596
71.116
72.117
70.460
69.804
72.600
73.461
78.526
79.243
81.536
78.417
83.113
86.292
5.848
76.373
77.310
78.011
77.716
73.775
72.095
72.414
72.787
83.734
76.630
78.414
84.113
70.845
71.528
68.480
72.162
73.215
72.609
73.165
85.772
84.622
79.538
74.575
70.238
69.625
68.016
67.751
71.845
69.258
68.827
68.195
83.985
72.475
70.579
67.310
69.781
68.661
67.211
70.617
71.580
70.741
71.507
82.820
80.202
76.782
73.953
72.981
74.855
75.783
71.956
72.170
92.773
84.416
76.932
82.462
75.293
74.435
73.596
73.858
74.347
73.261
75.373
78.746
77.149
77.502
81.554
85.328
77.859
77.259
75.464
75.321
77.949
76.253
76.788
78.637
77.469
78.577
81.323
79.628
77.120
77.637
78.215
79.042
75.607
76.525
74.015
75.309
84.419
83.300
76.415
80.008
71.228
71.123
70.888
71.037
72.684
71.331
59.302
57.829
231.571
77.903
76.566
83.710
80.122
73.629
74.098
75.526
78.373
75.083
76.865
74.513
73.524
73.827
78.154
85.020
85.423
77.025
76.480
78.166
77.886
74.028
74.115
71.481
72.372
80.148
78.658
87.230
85.340
80.095
89.536
75.232
76.675
77.058
77.638
81.167
78.603
76.016
81.133
86.289
85.371
78.209
76.458
75.375
