17.869
18.243
23.251
23.369
3.018
19.788
19.931
21.157
20.877
17.145
17.975
17.095
17.468
17.571
16.984
20.088
19.937
19.212
20.194
21.374
19.700
18.456
18.766
19.123
19.285
17.698
18.376
18.678
19.587
20.517
24.924
21.650
8.684
17.427
17.838
17.227
17.697
17.924
17.805
18.499
19.353
3.417
22.421
21.433
21.610
21.987
20.900
21.611
20.059
20.826
20.234
19.064
19.234
20.038
19.673
20.622
23.042
21.675
17.789
17.897
17.921
17.745
18.986
18.517
21.605
19.405
18.860
19.584
18.344
19.386
21.628
21.240
18.746
17.563
18.470
19.615
21.878
20.220
18.404
29.924
26.503
18.088
18.697
18.646
19.037
19.295
19.067
19.396
18.648
20.437
19.209
19.668
23.213
17.946
18.796
19.040
16.872
18.365
16.814
22.088
18.793
21.930
18.575
34.560
34.947
19.144
19.588
19.933
20.345
19.921
19.264
20.272
20.253
20.061
20.690
21.359
18.405
25.447
20.510
20.800
18.643
19.204
19.292
20.729
21.569
20.640
20.847
17.441
17.288
16.672
16.392
19.484
19.060
17.772
16.471
19.626
20.262
18.597
18.200
17.900
17.117
18.880
20.029
18.304
18.494
18.721
21.857
18.003
17.488
17.894
18.636
18.318
16.420
19.957
20.478
18.476
18.557
22.468
22.936
19.402
16.236
16.580
17.899
17.731
16.736
19.466
17.161
18.381
19.433
24.567
23.950
20.870
21.735
15.383
15.957
