19.268
19.035
24.059
23.563
21.867
21.854
20.280
21.816
19.330
19.648
18.903
18.703
19.676
19.356
21.006
20.875
19.649
20.211
16.330
16.730
16.269
16.204
16.773
16.200
17.119
16.677
16.998
17.708
20.717
19.026
16.407
17.625
15.665
16.917
20.051
19.517
19.380
20.467
19.705
19.678
19.627
19.947
16.884
18.592
17.126
19.075
18.257
16.377
18.778
17.535
17.817
20.299
21.540
15.724
15.640
15.946
15.883
15.935
15.518
16.433
16.555
15.873
16.215
17.205
19.452
16.723
17.782
17.952
17.669
16.095
16.053
18.349
18.288
16.832
18.209
20.888
19.754
16.235
15.741
16.160
16.065
16.193
16.689
17.261
17.448
17.272
21.340
22.062
16.863
16.712
17.640
17.407
17.285
17.021
18.423
18.326
18.415
18.651
19.357
20.402
16.997
17.552
16.183
16.063
16.089
16.043
18.229
17.861
17.534
18.101
17.956
17.230
18.284
17.975
17.910
17.461
16.922
16.437
16.493
18.098
17.863
17.555
17.187
16.242
16.915
16.034
16.203
18.549
17.661
17.042
16.366
16.292
16.120
18.063
18.457
16.699
17.320
17.182
17.768
16.445
17.657
18.417
17.911
17.050
17.285
16.794
18.367
17.041
17.206
16.473
17.125
16.632
16.206
15.892
16.763
17.781
17.293
20.441
22.767
16.018
16.131
17.029
18.613
16.679
16.261
15.932
16.812
17.788
17.646
19.116
18.571
19.594
19.486
16.885
16.682
