124719070
124734514
124750008
124765564
124780795
124797866
124816386
124832973
124849923
124866171
124881968
124898081
124903101
124913555
124930320
124943682
124943815
124944286
124944464
124944987
124945448
124945685
124946272
124946666
124946977
124947228
124947305
124947342
124948450
124948955
124949229
124949425
124949548
124949734
124949894
124950779
124950949
124951170
124952856
124953025
124953399
124953683
124953796
124953953
124955093
124955372
124955948
124956106
124957168
124957359
124957843
124958001
124958160
124958341
124958420
124958546
124959453
124959672
124960224
124960349
124960400
124962246
124962459
124962606
124963733
124963865
124965153
124965605
124965794
124966079
124966273
124966994
124967131
124967236
124967318
124968941
124971134
124973484
124973751
124973817
124973898
124974684
124974978
124975075
124976826
124976947
124977054
124981104
124981493
124981712
124981954
124982133
124984958
124985085
124985651
124985783
124986258
124988299
124988739
124989084
124989294
124989438
124991662
124991800
124991811
124991955
124992287
124993128
124995023
124995167
124995489
124995742
124997401
124998407
124998564
124998654
125000469
125001021
125001187
125001629
125003246
125003353
125003781
125005210
125006265
125006607
125006816
125006965
125009499
125009698
125010748
125011491
125011635
125011716
125012650
125015436
125015710
125016796
125016879
125017304
125019805
125019812
125020387
125020712
125020850
125021370
125021969
125022149
125023128
125039924
125042130
125042295
125042547
125042956
125043204
125043453
125043867
125045138
125047717
125048076
125048309
125048829
125051028
125051288
125051529
125051990
125053754
125054019
125054154
125054497
125055357
125055734
125055913
125057291
125057661
125057894
125058379
125059695
125060104
125060238
125066361
125068463
125068668
125068931
125082976
125089364
125091693
125100505
125101271
125112578
125118447
125129903
125130087
125144177
125159941
125174293
125176419
125182912
125189071
125189505
125201234
125213757
125227930
125229098
125237981
125239031
125240581
125250776
125261184
125261186
125261189
125261190
125261192
125261206
125261249
125261314
125261393
125261474
125261540
125261601
125261641
125261674
125261679
125261683
125261687
125261722
125261725
125261727
125261730
125261735
125261738
125261741
125261745
125261767
125261813
125261883
125261962
125262043
125262158
125262198
125262228
125262239
125262247
125262251
125262257
125262260
125262265
125262268
125263401
125264544
125264545
125264546
125264548
125264549
125264550
125266049
125266056
125266063
125266070
125266071
125266074
125266075
125266077
125266078
125266081
125266083
125266085
125266086
125266087
125266088
125266143
125266213
125266294
125266438
125266496
125266535
125266558
125266561
125266564
125266568
125266570
125266571
125266573
125266576
125268267
125269184
125269186
125269188
125269191
125269194
125269196
125269197
125269203
125269206
125269209
125269211
125270803
125270811
125270813
125270814
125270817
125270819
125270820
125270905
125271060
125271120
125271172
125271222
125271273
125271279
125271313
125271314
125271316
125271318
125271319
125271321
125273849
125273857
125273864
125273868
125273870
125273872
125273874
125273878
125273880
125273882
125274828
125274869
125274894
125274911
125274912
125274914
125275977
125276176
125276256
125276317
125276371
125276410
125276436
125276447
125276450
125276454
125276456
125276461
125276463
125276469
125276471
125276473
125276474
125276475
125276485
125276522
125276587
125276672
125276745
125276785
125276821
125276894
125276930
125276998
125277016
125277032
125277041
125277057
125277066
125277069
125289463
125289935
125304871
125305483
125305485
125320595
125337003
125354053
125367383
125384343
125400531
125418068
125433821
125449422
125465435
125481032
125490968
125496244
125512674
125519659
125525461
125530275
125547556
125559011
125559013
125564213
125578492
125591029
125604501
125616814
125625157
125632205
125644973
125657618
125670056
125683899
125687469
125698273
125710870
125723336
125735745
125749228
125758194
125761851
125772925
125772929
125772931
125772933
125772936
125772949
125772992
125773063
125773146
125773225
125773291
125773348
125773395
125773429
125773436
125773441
125773457
125773475
125773484
125773487
125773490
125773492
125773497
125773499
125773504
125773531
125773543
125773577
125773650
125773734
125773881
125773931
125773968
125773993
125773999
125774004
125774006
125774013
125774016
125774022
125774027
125775450
125776680
125776683
125776687
125776689
125776691
125776693
125778319
125778328
125778331
125778335
125778339
125778343
125778346
125778347
125778348
125778350
125778351
125778356
125778394
125778455
125778539
125778674
125778730
125778770
125778815
125778820
125778823
125778825
125778828
125778831
125778834
125778836
125778840
125778842
125781020
125781032
125781588
125781591
125781594
125781596
125781600
125781601
125781605
125781608
125781612
125781616
125781634
125783271
125783370
125783450
125783533
125783589
125783656
125783696
125783745
125783756
125783757
125783775
125783792
125783795
125783800
125783815
125783816
125783820
125783821
125783825
125783833
125786498
125786521
125786573
125786652
125786735
125786807
125786862
125786910
125786943
125786971
125787593
125787596
125787599
125787606
125787608
125787610
125787614
125788726
125789233
125789235
125789239
125789242
125789244
125789247
125789251
125789252
125789258
125789259
125789266
125789351
125789560
125789626
125789711
125789760
125789787
125789808
125789825
125789835
125789846
125789855
125789867
125789872
125789877
125789879
125789882
125789886
125789889
125789890
125789919
125789972
125790055
125804468
125820655
125835245
125862744
125885761
125890456
125891013
125891041
125905477
125915188
125915408
125915616
125915648
125932245
125936360
125936587
125936609
125936627
125936781
125937156
125937413
125938670
125939083
125939410
125939466
125939600
125939790
125939855
125940328
125940576
125940630
125941866
125942372
125942603
125942627
125942894
125943100
125943355
125943527
125943765
125943865
125944281
125944692
125944861
125945004
125945381
125945745
125946067
125946360
125946562
125946732
125946893
125947193
125947399
125947581
125947716
125947935
125948201
125948387
125948575
125965475
125991121
125996436
126005258
126017158
126044139
126060214
126069174
126076566
126076615
126094657
126120332
126143748
126144041
126144151
126144539
126144981
126145177
126145276
126145706
126146293
126146544
126146859
126147151
126147255
126147344
126147591
126148072
126148165
126148297
126148369
126148386
126148803
126149118
126149227
126149466
126149803
126150034
126150295
126150469
126150605
126150882
126151271
126151341
126151515
126152037
126152224
126152236
126152463
126152580
126152776
126153205
126153472
126153500
126153745
126154222
126154346
126155725
126155947
126156531
126156824
126156868
126156881
126157026
126157531
126157757
126157906
126158130
126158216
126158764
126158926
126159075
126159747
126159909
126160000
126160546
126160570
126161818
126162244
126162599
126162718
126162900
126179250
126204106
126204137
126225030
126225499
126227183
126250459
126275665
126278188
126281228
126281231
126281235
126281253
126281255
126281284
126281514
126281613
126281770
126282221
126282300
126282861
126282883
126282890
126282892
126283066
126283119
126283294
126283352
126283392
126283393
126283450
126283675
126301010
126326228
126339205
126341157
126341161
126351662
126377458
126400471
126400523
126400598
126400709
126400805
126400859
126400891
126400924
126400934
126400939
126400955
126400977
126400982
126400986
126400990
126400993
126400996
126401003
126401007
126401012
126401014
126401018
126401049
126401135
126401309
126401369
126401437
126401472
126401491
126401505
126401509
126401514
126401518
126401523
126401531
126401534
126401538
126401540
126401545
126401549
126401552
126401560
126401599
126402635
126403139
126404290
126404293
126404295
126406326
126406328
126406353
126406400
126406484
126406616
126406656
126406685
126406727
126406776
126406835
126406865
126406885
126406907
126406919
126406955
126406962
126406968
126406972
126406974
126406975
126406979
126406980
126406983
126407024
126407173
126407345
126407410
126407452
126407481
126410265
126410267
126410278
126410323
126410396
126410470
126410543
126410646
126410698
126410725
126410728
126412303
126412304
126412547
126412637
126412697
126412751
126412782
126412787
126412790
126412794
126412795
126412796
126412799
126412801
126412890
126413086
126413116
126413192
126413220
126413294
126416537
126416549
126416578
126416595
126416603
126416609
126416611
126416621
126416667
126416740
126417614
126417615
126417616
126417622
126417625
126417649
126417697
126419828
126419836
126419846
126419861
126419866
126419874
126419884
126419888
126419889
126419891
126420012
126420174
126420334
126420364
126420396
126420407
126420410
126420412
126420415
126420422
126420425
126420427
126420429
126420432
126420435
126420438
126420652
126420738
126420796
126420842
126420928
126420957
126420981
126429010
126435758
126435759
126435841
126436028
126436114
126436221
126436294
126436305
126436321
126436361
126436383
126436419
126436622
126436765
126436833
126436868
126437853
126437856
126437859
126437865
126437915
126438127
126438267
126438328
126438330
126438335
126438338
126440155
126440160
126440166
126440168
126440199
126440204
126440210
126440216
126440222
126440231
126440382
126440392
126440395
126440404
126440410
126440412
126440415
126440417
126440422
126440512
126440515
126440523
126440528
126440531
126440534
126440541
126440545
126440558
126440559
126440561
126441070
126441071
126441073
126441103
126441104
126441107
126441113
126441117
126441128
126441129
126441134
126441140
126441142
126441144
126441172
126441181
126441224
126441225
126441226
126441229
126441230
126441231
126441232
126441236
126441240
126441244
126441247
126441252
126441258
126444268
126444270
126444282
126444360
126444407
126444450
126444496
126444550
126444758
126444764
126444769
126469925
126470391
126494983
126504843
126505031
126520198
126535719
126545325
126560194
126570776
126591211
126591214
126591230
126591241
126592724
126592768
126592903
126592924
126592937
126592939
126592968
126592972
126592976
126592985
126592999
126593003
126593135
126593364
126593491
126595500
126595503
126595505
126595528
126595540
126595589
126596215
126596902
126626813
126652650
126663576
126663791
126663952
126663994
126665607
126665616
126665623
126665628
126666104
126666107
126666111
126666116
126666121
126666131
126669889
126669948
126669981
126669997
126670009
126670011
126670013
126670022
126670186
126670357
126670469
126671054
126675758
126678530
126691250
126691426
126691597
126691715
126691732
126693428
126693487
126693575
126693617
126694017
126694370
126694518
126695233
126695345
126695369
126696166
126697792
126697847
126697866
126698067
126698475
126698885
126699123
126699393
126705821
126723538
126723553
126723615
126723622
126723655
126723660
126723664
126723669
126723674
126723698
126723699
126723702
126724130
126736691
126736692
126736700
126736701
126736703
126736704
126736705
126737166
126737175
126737181
126749446
126751200
126776278
126793219
126804458
126827821
126838858
126838884
126838927
126838987
126839021
126839051
126839066
126839080
126839092
126839105
126839120
126839140
126839174
126839192
126839201
126839208
126839213
126839226
126839243
126839247
126839252
126839257
126839283
126839339
126839409
126839422
126839425
126839431
126839435
126839443
126839447
126839450
126839453
126839457
126839460
126839462
126839469
126839472
126839476
126839482
126839486
126839489
126839505
126839574
126840332
126841363
126841366
126842791
126842809
126842825
126842834
126842844
126842873
126842879
126842882
126842886
126842888
126842889
126842890
126842893
126842895
126842896
126842898
126842900
126842903
126842951
126842990
126843005
126843029
126843048
126843063
126843114
126843136
126843167
126843175
126843195
126843225
126845641
126845745
126845768
126845784
126845793
126845802
126845816
126845844
126845861
126845887
126845896
126847117
126847122
126847137
126847147
126847169
126847198
126847215
126847286
126847314
126847326
126847335
126847342
126847355
126847359
126847372
126847377
126847381
126847385
126847402
126847489
126848410
126848414
126848418
126848420
126848422
126848424
126848426
126848427
126848431
126848432
126848531
126848533
126848535
126848537
126848541
126848543
126848547
126848747
126848749
126848751
126848752
126848753
126848755
126848760
126848765
126848768
126848790
126848858
126848881
126848887
126848891
126848893
126848894
126848898
126848899
126848900
126848904
126848907
126848908
126848910
126848913
126848915
126848922
126848928
126848931
126848933
126848934
126848938
126848939
126848943
126850296
126851123
126851125
126851134
126851137
126851138
126851139
126851143
126851146
126851148
126851152
126851156
126852362
126852389
126852416
126852435
126852443
126852491
126854509
126854543
126855154
126855226
126855703
126855804
126855904
126855924
126856570
126856974
126857135
126867163
126867300
126867974
126868018
126868225
126868256
126868267
126868767
126868803
126869130
126873509
126873584
126874018
126875671
126875696
126876221
126878743
126878937
126879552
126879692
126879779
126879810
126881412
126881476
126881505
126882624
126882665
126882680
126882752
126883154
126883272
126883318
126884010
126884387
126884588
126884633
126884984
126885186
126887465
126889812
126889855
126889891
126890411
126891155
126891201
126891697
126893423
126893455
126895221
126895300
126895607
126895900
126895949
126896018
126896061
126896589
126896703
126897101
126897313
126897481
126898023
126898069
126898644
126900223
126902921
126903141
126903214
126905459
126905483
126907213
126912203
126915736
126924827
126936130
126950884
126951372
126976201
127003093
127028833
127040437
127040440
127055246
127083387
127105997
127108503
127120105
127120246
127120393
127120607
127120737
127120861
127120956
127121162
127121358
127121453
127121674
127121793
127121995
127122203
127122262
127122346
127122551
127122721
127122796
127122936
127122976
127123003
127123205
127123414
127123644
127123836
127124060
127124231
127124340
127124610
127124777
127124845
127124872
127124896
127124901
127124910
127125159
127125346
127125458
127125473
127125699
127125828
127125882
127126086
127126223
127126278
127126664
127126723
127126815
127126869
127126938
127126964
127126977
127126995
127127253
127127449
127127657
127127770
127127914
