12.672
12.596
12.939
13.340
13.314
14.160
13.523
13.000
14.617
12.386
14.077
13.477
15.013
13.792
14.498
11.818
8.621
16.081
14.312
14.662
15.629
17.846
15.729
14.499
15.208
12.880
12.032
13.317
12.381
0.000
13.509
13.666
13.617
15.897
12.709
15.429
14.948
13.935
13.962
13.782
12.684
13.147
13.291
12.790
12.782
14.584
14.145
15.160
14.067
14.988
15.295
13.712
12.706
13.457
13.596
13.801
12.814
16.093
12.826
13.804
13.675
15.349
13.357
13.177
14.251
12.500
14.073
13.511
12.794
13.969
15.162
13.583
14.792
14.166
14.178
13.409
13.031
13.538
13.229
13.832
13.221
12.966
14.401
14.804
13.195
12.835
17.677
14.520
15.388
13.300
13.040
13.777
14.197
13.371
12.815
13.775
14.897
13.440
14.044
12.821
14.178
14.893
14.016
13.403
12.065
12.997
13.616
13.349
12.563
14.509
13.110
15.445
13.755
12.997
12.944
15.625
12.886
13.422
13.002
14.398
18.567
15.692
14.835
14.319
24.760
13.395
14.050
14.506
16.035
13.005
13.001
13.694
14.119
13.204
13.313
35.618
14.295
