51.949
50.073
49.990
55.960
55.700
54.738
54.778
53.788
56.696
54.046
54.830
55.775
54.597
56.004
55.897
58.246
51.555
52.650
53.818
17.827
52.321
53.057
49.438
55.046
54.090
52.336
49.889
52.292
54.819
51.354
50.500
53.276
47.721
51.966
54.146
50.991
53.183
54.932
56.321
56.307
53.452
58.987
58.171
61.260
60.913
53.952
55.054
57.822
53.843
52.845
56.183
50.142
54.306
54.193
56.275
54.913
55.840
58.146
54.464
52.095
48.884
49.587
51.375
51.064
45.295
48.294
50.674
51.469
54.915
49.303
52.487
56.320
53.433
53.844
55.040
53.078
54.644
53.004
49.030
52.859
49.867
53.197
52.483
50.498
51.696
52.651
48.244
45.797
51.196
52.225
46.965
52.973
53.346
48.551
49.434
50.159
48.677
50.661
51.763
46.214
51.273
46.874
52.223
52.793
50.031
47.022
47.847
50.061
53.311
51.136
52.803
54.593
55.339
52.713
51.920
48.821
56.628
53.046
49.048
51.310
68.073
62.789
50.199
57.269
53.919
54.511
55.514
52.424
51.343
49.597
47.740
48.784
