14.601
14.095
13.702
15.623
15.959
14.807
14.244
15.791
13.966
13.775
13.571
14.714
16.331
14.026
14.544
18.411
14.598
11.931
10.924
15.427
17.633
17.166
20.478
15.507
17.320
14.472
14.809
21.415
14.393
15.665
14.796
15.587
13.545
16.036
16.217
15.564
17.710
13.678
16.152
14.077
14.459
13.511
15.079
17.169
15.195
14.464
19.068
14.737
14.159
13.904
15.695
14.753
14.853
14.529
13.524
14.223
16.914
14.652
15.027
19.592
14.388
14.289
17.347
15.876
16.055
16.948
15.198
16.262
17.852
14.216
16.016
16.731
19.067
15.820
16.217
14.486
14.980
15.092
15.151
14.659
14.681
14.602
13.912
14.367
15.085
15.868
14.807
27.065
1.915
14.672
16.993
23.466
16.037
15.035
14.764
15.493
14.886
19.962
13.913
15.694
14.945
16.749
16.225
15.777
1.484
15.933
16.069
15.236
13.019
14.892
13.329
16.181
15.991
15.370
16.863
14.666
14.474
16.173
14.621
16.276
15.431
14.766
15.340
16.931
20.477
16.493
14.355
21.511
28.426
29.497
17.217
15.353
16.740
14.180
15.007
14.567
15.021
13.835
14.449
12.891
