15.985
15.094
17.001
18.066
18.104
17.640
17.723
18.920
20.608
18.726
16.406
15.999
17.885
17.022
17.264
17.991
17.271
19.240
18.724
20.083
19.325
19.914
16.072
18.723
19.466
16.236
15.837
15.971
18.485
16.760
18.641
18.881
18.797
19.936
17.520
16.083
16.368
15.969
17.446
16.955
18.910
17.121
19.283
17.810
22.530
17.646
16.903
16.334
17.352
16.469
16.658
16.479
17.043
16.919
17.727
16.048
17.337
19.160
16.619
19.007
18.777
17.652
16.973
16.068
16.314
16.168
18.552
17.261
15.899
18.598
16.518
20.177
15.991
16.953
15.964
16.390
16.549
16.062
17.171
15.387
19.527
16.612
16.110
17.535
16.726
21.316
17.256
18.493
17.441
17.371
16.611
17.966
17.050
17.091
17.040
16.005
18.189
17.984
18.400
17.234
16.350
16.873
17.440
20.245
17.074
18.098
16.088
15.529
14.987
15.839
17.862
17.952
16.870
16.991
17.537
18.381
17.029
18.298
15.867
16.989
15.538
18.449
20.244
17.747
17.695
18.328
16.423
18.047
17.959
17.603
17.231
17.863
16.825
