128934901
128941240
128962934
128990311
129017928
129043323
129069091
129095210
129123417
129151665
129152167
129181406
129207531
129232164
129242580
129269355
129298465
129298964
129325908
129353520
129378571
129403658
129428553
129457166
129486441
129512392
129512900
129537150
129555461
129580938
129606723
129633459
129667877
129695894
129722902
129749814
129778537
129804623
129829930
129854533
129868215
129870687
129883184
129911194
129937423
129964264
129991501
130018121
130044535
130071827
130099070
130126520
130142129
130144631
130147851
130163197
130190913
130218135
130218922
130246016
130276696
130313348
130347077
130373479
130400105
130426835
130444139
130446191
130448156
130450230
130452937
130455021
130457193
130459188
130461256
130463102
130465200
130467529
130471532
130482213
130484350
130486365
130488652
130490452
130492566
130494781
130509280
130536623
130564349
130592708
130624441
130654905
130680564
130712321
