14.047
13.760
13.746
15.900
13.818
13.359
15.661
16.736
13.818
13.387
23.793
13.392
13.224
13.864
14.405
13.374
13.127
13.157
13.774
13.173
12.937
13.925
19.628
15.022
13.500
13.364
14.353
8.695
14.254
19.344
12.860
12.562
13.694
17.353
17.288
13.919
17.525
13.171
13.863
13.208
16.963
13.818
17.077
13.420
13.184
13.462
16.376
14.814
16.962
14.200
13.262
13.594
15.078
15.132
16.870
13.299
12.347
13.397
14.959
13.094
18.498
12.559
12.659
13.036
15.725
13.499
20.329
12.523
12.941
12.544
13.480
13.323
13.315
17.614
15.015
13.024
12.348
17.655
14.122
18.945
12.728
12.570
13.485
18.116
14.596
16.265
18.573
13.856
13.962
12.991
14.197
17.423
14.363
17.649
17.262
13.144
13.202
