91713736
91713868
91713898
91713899
91713912
91713921
91713923
91713931
91713943
91713963
91713965
91713986
91714136
91714297
91714348
91714361
91714368
91714375
91714381
91714503
91718103
91718111
91718114
91718120
91718121
91718126
91718127
91718128
91718131
91718132
91718231
91718417
91718491
91718501
91718509
91718510
91718516
91718522
91718527
91718530
91720924
91720930
91720941
91720950
91720956
91720961
91721015
91721209
91721323
91721363
91721366
91721373
91721380
91721385
91721393
91721402
91721408
91721555
91721727
91721765
91724075
91724198
91724366
91724424
91724430
91724438
91724445
91724447
91724456
91724465
91724471
91724526
91724716
91724825
91724841
91724843
91724844
91724845
91724860
91724867
91727547
91727653
91727660
91727661
91727670
91727671
91727675
91727681
91727688
91727693
91727709
91727868
91728019
91728022
91728052
91728077
91728101
91728128
91728136
91728142
91730353
91730368
91730496
91730498
91730510
91730516
91730523
91730531
91730532
91730533
91730540
91730545
91730546
91730591
91730776
91730896
91730898
91730906
91730907
91730913
91732922
91732927
91732985
91732996
91733173
91733261
91733275
91733283
91733284
91733286
91733288
91733290
91733292
91733296
91733297
91733302
91733304
91733349
91733531
91733540
91736089
91736170
91736400
91736606
91736678
91736798
91736919
91736984
91737045
91737168
91737174
91737185
91737312
91737319
91737326
91737552
91737707
91737876
91737935
91738057
91744073
91744075
91744340
91744680
91744686
91744821
91744937
91745051
91745194
91745341
91745342
91745344
91745350
91745494
91745776
91746007
91746137
91746138
91746265
91746331
91752220
91752339
91752347
91752356
91752600
91752886
91753018
91753151
91753152
91753162
91753322
91753455
91753524
91753527
91753594
91753923
91753933
91753960
91754091
91754107
91756329
91756398
91756409
91756626
91756721
91756730
91756738
91756739
91756741
91756746
91756754
91756759
91756761
91756762
91756763
91756764
91756766
91756772
91756835
91757020
91758848
91758878
91759042
91759214
91759232
91759243
91759250
91759254
91759255
91759263
91759272
91759277
91759407
91759414
91759580
91759621
91759622
91759623
91759628
91759634
91761576
91761584
91761588
91761589
91761621
91761791
91761940
91761955
91761960
91761969
91761972
91761982
91761983
91761988
91761992
91762120
91762289
91762338
91762343
91762349
91768004
91768005
91768007
91768026
91768132
91768279
91768509
91768814
91768946
91769072
91769212
91769328
91769486
91769571
91769577
91769795
91770045
91770134
91770257
91770380
91988101
91988253
91988330
91988338
91988348
91988349
91988528
91988851
91989031
91989150
91989273
91989394
91989395
91989422
91989570
91989636
91989641
91989705
91990006
91990278
91995462
91995805
91996023
91996027
91996086
91996224
91996360
91996489
91996608
91996731
91996737
91996739
91996758
91997036
91997305
91997482
91997629
91997748
91997749
91997750
92003978
92004047
92004055
92004167
92004468
92004691
92004905
92005096
92005224
92005229
92005230
92005238
92005239
92005245
92005260
92005266
92005580
92005862
92005867
92005999
92011260
92011262
92011264
92011265
92011275
92011330
92011339
92011372
92011448
92011575
92011875
92012021
92012148
92012272
92012401
92012520
92012522
92012528
92012536
92012537
92017634
92017765
92017925
92017926
92017927
92017928
92018098
92018156
92018179
92018472
92018677
92018736
92018741
92018744
92018745
92018754
92018760
92018762
92018781
92019062
92025993
92025994
92026002
92026011
92026012
92026050
92026365
92026564
92026645
92026935
92027057
92027119
92027179
92027297
92027411
92027660
92027946
92027954
92028106
92028220
92034209
92034210
92034426
92034609
92034613
92034614
92034615
92034713
92034725
92035021
92035242
92035391
92035418
92035419
92035481
92035483
92035659
92035663
92035669
92035671
92039448
92039458
92039467
92039468
92039478
92039485
92039487
92039531
92039718
92039843
92039857
92039863
92039864
92039876
92039881
92039883
92039884
92039893
92039905
92039906
92042140
92042145
92042152
92042159
92042165
92042166
92042187
92042192
92042361
92042506
92042509
92042511
92042528
92042535
92042542
92042549
92042551
92042553
92042560
92042565
92045307
92045318
92045329
92045346
92045354
92045355
92045358
92045367
92045377
92045397
92045559
92045716
92045741
92045752
92045753
92045760
92045770
92045785
92045799
92045876
92049046
92049169
92049170
92049325
92049469
92049588
92049592
92049593
92049594
92049595
92049598
92049599
92049622
92049907
92050162
92050166
92050187
92050225
92050227
92050395
92056153
92056251
92056371
92056490
92056491
92056493
92056524
92056676
92056677
92056800
92056863
92056870
92057120
92057403
92057469
92057603
92057672
92057808
92057810
92058003
92063934
92064055
92064169
92064228
92064357
92064360
92064372
92064606
92064615
92064897
92065056
92065251
92065449
92065569
92065571
92065575
92065579
92065580
92065583
92065705
92070477
92070489
92070710
92071007
92071013
92071248
92071373
92071493
92071623
92071693
92071696
92071703
92071714
92071716
92071841
92072205
92072481
92072639
92072644
92072770
92078889
92078897
92078899
92079031
92079319
92079518
92079640
92223628
92223736
92223737
92223746
92223840
92224092
92224343
92224537
92224642
92224773
92224774
92224953
92225079
92225203
92225222
92225475
92225716
92225876
92225877
92225879
92240555
92240746
92240760
92240949
92241013
92241136
92241145
92241152
92241153
92241159
92241164
92241166
92241168
92241197
92241432
92241689
92241824
92241999
92242072
92242193
92248420
92248475
92248481
92248487
92248495
92248512
92248616
92248873
92249137
92249272
92249394
92249465
92249580
92249707
92249716
92249717
92249855
92250184
92250446
92250589
92257374
92257382
92257390
92257417
92257665
92257975
92258103
92258104
92258229
92258368
92258534
92258535
92258758
92258765
92258767
92258775
92259028
92259346
92259511
92259512
92264845
92264959
92265009
92265010
92265015
92265019
92265039
92265046
92265211
92265357
92265380
92265417
92265425
92265433
92265437
92265438
92265441
92265445
92265570
92265742
92268238
92268250
92268258
92268265
92268270
92268392
92268568
92268724
92268729
92268735
92268750
92268754
92268759
92268760
92268763
92268822
92269004
92269109
92269115
92269120
92271285
92271291
92271293
92271398
92271407
92271503
92271521
92271696
92271754
92271756
92271763
92271770
92271771
92271779
92271781
92271787
92271793
92271800
92271863
92272041
92276142
92276143
92276265
92276388
92276511
92276568
92276744
92276803
92276830
92276895
92276904
92277198
92277436
92277557
92277558
92277708
92277798
92277919
92277920
92282102
92282225
92282343
92282518
92282589
92282591
92282595
92282603
92282625
92282898
92283234
92283238
92283375
92283499
92283626
92283628
92283749
92283752
92283816
92283822
92290470
92290755
92290905
92291082
92291204
92291205
92291206
92291325
92291329
92291331
92291342
92291354
92291356
92291532
92291812
92291978
92291979
92292106
92292226
92292348
92293580
92293702
92293709
92293714
92293873
92294220
92294413
92294546
92294605
92294724
92294852
92294899
92294916
92294937
92295040
92295053
92295361
92295595
92295721
92295846
92302385
92302433
92302464
92302515
92302839
92303057
92303176
92303299
92303422
92303543
92303666
92303783
92303914
92304181
92304460
92305083
92305086
92305090
92305095
92305100
92305106
92305256
92305269
92305429
92305448
92305454
92305457
92305465
92305472
92305473
92305480
92305489
92305589
92305768
92305781
92308584
92308602
92308604
92308713
92308731
92308916
92308995
92309012
92309031
92309034
92309777
92309958
92310072
92310104
92310122
92310123
92310126
92310142
92310160
92312313
92312559
92312571
92312629
92312646
92312664
92312679
92312681
92312697
92312714
92312716
92312732
92312813
92312823
92313041
92313137
92313152
92313165
92313166
92313182
92315852
92316067
92316158
92316176
92316177
92316189
92316190
92316192
92316210
92316212
92316226
92316247
92316249
92316250
92316267
92316349
92316361
92316557
92316651
92316654
92417884
92418151
92418306
92418434
92418503
92418628
92418640
92418641
92418642
92418644
92418654
92418895
92418910
92419318
92419586
92419744
92419745
92419747
92419748
92419815
92424266
92424396
92424397
92424515
92424693
92424805
92424866
92424983
92424984
92425096
92425104
92425373
92425412
92425414
92425545
92425722
92425785
92425790
92425791
92425845
92430020
92430027
92430028
92430029
92430152
92430269
92430416
92430604
92430605
92430774
92430886
92430953
92430965
92430971
92430973
92431031
92431154
92431275
92431436
92431568
92436607
92436721
92436786
92436788
92436910
92436971
92436978
92436984
92436986
92436987
92437105
92437227
92437235
92437338
92437457
92437576
92437579
92437580
92437699
92437866
92443204
92443322
92443393
92443402
92443472
92443473
92443629
92443635
92443761
92443834
92443903
92444054
92444089
92444092
92444219
92444229
92444244
92444304
92444363
92444433
92448329
92448338
92448401
92448409
92448415
92448532
92448667
92448859
92448981
92449106
92449233
92449238
92449239
92449245
92449246
92449255
92449257
92449325
92449448
92449570
92453928
92454039
92454050
92454053
92454149
92454272
92454391
92454453
92454462
92454584
92454705
92454708
92454766
92454768
92454770
92454775
92454777
92454787
92454789
92454903
92458993
92459114
92459237
92459238
92459244
92459248
92459255
92459356
92459483
92459485
92459497
92459617
92459618
92459737
92459915
92460034
92460040
92460044
92460053
92460156
92462237
92462240
92462244
92462248
92462250
92462254
92462259
92462260
92462264
92462267
92462270
92462275
92462276
92462280
92462292
92462295
92462298
92462301
92462304
92462359
92466612
92466614
92466677
92466852
92466967
92467139
92467318
92467320
92467381
92467391
92467404
92467467
92467589
92467696
92467703
92467704
92467710
92467719
92467725
92467731
92468489
92468495
92468500
92468506
92468512
92468513
92468519
92468520
92468523
92468535
92468574
92468651
92468662
92468666
92468668
92468672
92468679
92468684
92468685
92468692
92469411
92469420
92469427
92469461
92469479
92469489
92469498
92469504
92469505
92469512
92469524
92469535
92469536
92469545
92469552
92469559
92469563
92469564
92469565
92469571
92470225
92470231
92470232
92470342
92470463
92470579
92470580
92470709
92470710
92470831
92470963
92471080
92471087
92471088
92471210
92471332
92471395
92471514
92471515
92471697
92476407
92476412
92476415
92476542
92476674
92476857
92476928
92477060
92481550
92485113
92485133
92485150
92485179
92485203
92485227
92485253
92485256
92485308
92485309
92485334
92485336
92485359
92485361
92485387
92485407
92485409
92485429
92485452
92485457
92627227
92627233
92627245
92627253
92627264
92627274
92627284
92627292
92627297
92627491
92627512
92627791
92627805
92627931
92627963
92627972
92627978
92627982
92627990
92627991
92631616
92631867
92631883
92632099
92632113
92632206
92632221
92632227
92632232
92632237
92632242
92632261
92632473
92632718
92632844
92632880
92632986
92632991
92633000
92633005
92637344
92637373
92637374
92637379
92637387
92637393
92637395
92637400
92637401
92637407
92637550
92637830
92637980
92638064
92638082
92638091
92638098
92638099
92638137
92638151
92641903
92641909
92641910
92641917
92641924
92641965
92642228
92642456
92642602
92642679
92642687
92642692
92642700
92642708
92642718
92642911
92643213
92643372
92643416
92643417
92647294
92647299
92647313
92647353
92647362
92647397
92647677
92647931
92647942
92648045
92648066
92648067
92648080
92648091
92648106
92648107
92648118
92648129
92648322
92648338
92652500
92652502
92652505
92652508
92652512
92652524
92652563
92652826
92653050
92653060
92653164
92653173
92653178
92653185
92653189
92653190
92653191
92653200
92653219
92653407
92656802
92656806
92656807
92656828
92657035
92657310
92657457
92657482
92657483
92657491
92657498
92657502
92657507
92657510
92657602
92657895
92657912
92658077
92658150
92658165
92661645
92661646
92661652
92661653
92661666
92661668
92661679
92661696
92661902
92661920
92661941
92662194
92662318
92662328
92662330
92662335
92662337
92662344
92662350
92662358
92665826
92665832
92665835
92665922
92666209
92666396
92666475
92666483
92666488
92666492
92666499
92666504
92666506
92666533
92666774
92666802
92667041
92667051
92667151
92667164
92668510
92668511
92668514
92668518
92668521
92668667
92668687
92668935
92669100
92669178
92669190
92669191
92669192
92669199
92669201
92669204
92669209
92669284
92669565
92673405
92673414
92673423
92673432
92673446
92673456
92673461
92673658
92673918
92673931
92674085
92674122
92674133
92674141
92674145
92674153
92674161
92674244
92674538
92674732
92678412
92678695
92678902
92679012
92679045
92679046
92679058
92679068
92679081
92679083
92679107
92679109
92679158
92679407
92679427
92679667
92679797
92679814
92679816
92679827
92683388
92684030
92684045
92684087
92684347
92684568
92684673
92684687
92684690
92684694
92684699
92684701
92684702
92684705
92684722
92684921
92685181
92685318
92685358
92691502
92691505
92691506
92691509
92691511
92691515
92691519
92691539
92691762
92691779
92692005
92692019
92692144
92692171
92692174
92692176
92692180
92692183
92692186
92693544
92693551
92693797
92694058
92694170
92694207
92694209
92694213
92694219
92694220
92694224
92694234
92694238
92694436
92694704
92694831
92694876
92694889
92694897
92699932
92700002
92700011
92700016
92700020
92700023
92700028
92700029
92700033
92700034
92700216
92700230
92700490
92700650
92700746
92700751
92700753
92700754
92700758
92700766
92843360
92843579
92843587
92843598
92843737
92843849
92843861
92843871
92843880
92843885
92843886
92843908
92843912
92843920
92843930
92844182
92844401
92844418
92844545
92844585
92848006
92848308
92848314
92848458
92848479
92848494
92848504
92848506
92848518
92848528
92848602
92848812
92848832
92849123
92849138
92849299
92849338
92849352
92849361
92849369
92853462
92853464
92853466
92853519
92853528
92853810
92854022
92854032
92854142
92854156
92854165
92854167
92854176
92854184
92854186
92854192
92854215
92854437
92854458
92857955
92857968
92857973
92858186
92858455
92858608
92858640
92858641
92858644
92858648
92858652
92858656
92858706
92858710
92858711
92858871
92859163
92859341
92859353
92859358
92863278
92863431
92863700
92863714
92863877
92863943
92864010
92864092
92864093
92864215
92864335
92864453
92864647
92864662
92864677
92865097
92865279
92865402
92865521
92865590
92872208
92872217
92872335
92872529
92872542
92872837
92873046
92873131
92873137
92873138
92873145
92873150
92873159
92873165
92873308
92873315
92873326
92873774
92874121
92874360
92879327
92879426
92879492
92879614
92879615
92879736
92879737
92879738
92879849
92879963
92879967
92879968
92880232
92880509
92880678
92880762
92880777
92880778
92880781
92880785
92884458
92884459
92884460
92884475
92884476
92884479
92884487
92884489
92884490
92884498
92884587
92884605
92884913
92885113
92885119
92885196
92885199
92885214
92885223
92885229
92889158
92889159
92889170
92889180
92889181
92889205
92889427
92889684
92889698
92889841
92889883
92889897
92889900
92889901
92889914
92889925
92889926
92889927
92889929
92889937
92893696
92893706
92893723
92893736
92893747
92893761
92893946
92893968
92893990
92894270
92894417
92894470
92894471
92894484
92894495
92894503
92894513
92894521
92894644
92894942
92899726
92900019
92900217
92900333
92900345
92900347
92900357
92900360
92900366
92900367
92900373
92900397
92900612
92900630
92900887
92901025
92901054
92901060
92901069
92901075
92904725
92904731
92904737
92904746
92904819
92905107
92905284
92905409
92905414
92905449
92905450
92905458
92905467
92905473
92905480
92905505
92905509
92905742
92906013
92906156
93003552
93003705
93003706
93003712
93003719
93003876
93003877
93003879
93004086
93004145
93004151
93004158
93004162
93004168
93004173
93004175
93004180
93004182
93004190
93004191
93006464
93006470
93006475
93006481
93006487
93006489
93006543
93006790
93006971
93006980
93007011
93007018
93007026
93007035
93007040
93007046
93007059
93007239
93007463
93007545
93010436
93010443
93010453
93010463
93010464
93010493
93010706
93010922
93010994
93010995
93010997
93010998
93010999
93011008
93011015
93011016
93011030
93011031
93011037
93011048
93014675
93014799
93014953
93014960
93015158
93015439
93015883
93016199
93016360
93016361
93016564
93016568
93016569
93016571
93016577
93016578
93016581
93016582
93016660
93016902
93019627
93019817
93019898
93019908
93019909
93019916
93019917
93019918
93019924
93019930
93019932
93019936
93019940
93020106
93020364
93020455
93020457
93020464
93020469
93020470
93024428
93024437
93024442
93024450
93024460
93024467
93024468
93024482
93024676
93024692
93024902
93024968
93024973
93024982
93024990
93024994
93024999
93025003
93025112
93025127
93029946
93030049
93030056
93030061
93030068
93030072
93030224
93030238
93030479
93030563
93030566
93030569
93030571
93030573
93030576
93030582
93030659
93030907
93031054
93031075
93033285
93033520
93033706
93033711
93033761
93033768
93033779
93033789
93033804
93033805
93033812
93033826
93034011
93034242
93034319
93034321
93034329
93034339
93034341
93034350
93037845
93037856
93037863
93037872
93037930
93037938
93037951
93037963
93037974
93037982
93037990
93038121
93038368
93038495
93038498
93038511
93038518
93038526
93038528
93038539
93041622
93041831
93041989
93042198
93042360
93042574
93042767
93043202
93043405
93043461
93043472
93043486
93043497
93043503
93043511
93043512
93043519
93043680
93043693
93043926
93401370
93401376
93401377
93401381
93401387
93401389
93401395
93401472
93401699
93401851
93401895
93401900
93401904
93401905
93401907
93401920
93401921
93401926
93401931
93406975
93406987
93406992
93406999
93407063
93407067
93407119
93407134
93407141
93407368
93407575
93407648
93407662
93407663
93407677
93407701
93407712
93407714
93407739
93411066
93411068
93411079
93411082
93411086
93411107
93411136
93411230
93411492
93411510
93411676
93411713
93411731
93411734
93411737
93411833
93412038
93412039
93412221
93415430
93415457
93415459
93415503
93415519
93415532
93415586
93415633
93415861
93416036
93416091
93416108
93416127
93416129
93416150
93416168
93416169
93416204
93416236
93421279
93421490
93421645
93421647
93421836
93422281
93422656
93422757
93422761
93422765
93422767
93422771
93422772
93422775
93422776
93422781
93422918
93422933
93423165
93426036
93426040
93426071
93426288
93426484
93426488
93426546
93426566
93426578
93426579
93426587
93426594
93426604
93426615
93426623
93426811
93426830
93427039
93427048
93430403
93430545
93430550
93430592
93430596
93430625
93430633
93430640
93430645
93430647
93430649
93430650
93430656
93430779
93431022
93431168
93431193
93431194
93431195
93434642
93434649
93434651
93434659
93434789
93434805
93435043
93435176
93435211
93435224
93435225
93435227
93435229
93435318
93435518
93435704
93435932
93436187
93436227
93440495
93440500
93440533
93440535
93440536
93440544
93440545
93440550
93440554
93440556
93440560
93440696
93440715
93440965
93440982
93441106
93441157
93441165
93441178
93444633
93444815
93444878
93444893
93444898
93444929
93444951
93444975
93445012
93445206
93445422
93445632
93445870
93445891
93445914
93445946
93445952
93445958
93446091
93448556
93448580
93448583
93448604
93448614
93448620
93448645
93448659
93448661
93448666
93448678
93448680
93448683
93448687
93448688
93448689
93448692
93448693
93448701
93449169
93449171
93449192
93449202
93449208
93449223
93449232
93449237
93449243
93449254
93449259
93449266
93449270
93449280
93449287
93449292
93449293
93449300
93449308
93449941
93449942
93449946
93449947
93449949
93449953
93449956
93449959
93449963
93449965
93449966
93449967
93449972
93449984
93450009
93450030
93450043
93450045
93450069
93559906
93559908
93559932
93559933
93559956
93559977
93559995
93559996
93559997
93559999
93569375
93570060
93570113
93570762
93570792
93570827
93570854
93570880
93570917
93570951
93571087
93571356
93571505
93571525
93571542
93571563
93571579
93571595
93571597
93571599
93571615
93571617
93575657
93575660
93575674
93575689
93575705
93575745
93575971
93575991
93576189
93576197
93576263
93576283
93576302
93576319
93576321
93576336
93576353
93576370
93576549
93767256
93767424
93767651
93768008
93768023
93768083
93768397
93768477
93768497
93768517
93768536
93768559
93768579
93768581
93768598
93768599
93768755
93769008
93769016
93769136
93772825
93772847
93772867
93772885
93772903
93772926
93772959
93773167
93773185
93773402
93773583
93773606
93773700
93773868
93774089
93774091
93774251
93774271
93774418
93774672
93778561
93778621
93778643
93778661
93778663
93778677
93778692
93778806
93778830
93779032
93779047
93779273
93779352
93779367
93779369
93779383
93779385
93779398
93779412
93779426
93783930
93784186
93784645
93784977
93785122
93785143
93785146
93785148
93785165
93785182
93785198
93785199
93785201
93785216
93785256
93785486
93785689
93785698
93785705
93785709
93788715
93788725
93788738
93788994
93789172
93789179
93789188
93789213
93789215
93789235
93789253
93789266
93789283
93789286
93789303
93789452
93789852
93790057
93790130
93790147
93793775
93793956
93794209
93794314
93794317
93794321
93794322
93794343
93794360
93794378
93794393
93794410
93794426
93794427
93794430
93794608
93794859
93794981
93795010
93795013
93799853
93799855
93799856
93799869
93799904
93800124
93800142
93800159
93800368
93800440
93800462
93800464
93800480
93800496
93800511
93800527
93800528
93800552
93800757
93800979
93804801
93804971
93804974
93805024
93805084
93805086
93805104
93805107
93805126
93805245
93805497
93805654
93805682
93805705
93805788
93805806
93805825
93805844
93805846
93805895
93809140
93809141
93809165
93809183
93809201
93809247
93809495
93809699
93809703
93809767
93809769
93809792
93809817
93809819
93809821
93809843
93809862
93809880
93809915
93809924
93814183
93814402
93814404
93814573
93814769
93815087
93815284
93815356
93815375
93815378
93815379
93815400
93815419
93815420
93815440
93815441
93815458
93815484
93815492
93815707
93818864
93819106
93819209
93819211
93819228
93819230
93819256
93819386
93819604
93819687
93819702
93819814
93820078
93820228
93820232
93820236
93820264
93820266
93820287
93820304
93823608
93823623
93823624
93823639
93823655
93823688
93823914
93824124
93824134
93824139
93824204
93824222
93824224
93824239
93824253
93824268
93824282
93824284
93824309
93824505
93828251
93828381
93828404
93828419
93828435
93828458
93828461
93828481
93828501
93828505
93828508
93828599
93828851
93829018
93829064
93829079
93829095
93829112
93829130
93829147
94203495
94203497
94203500
94203515
94203517
94203532
94203548
94203563
94203565
94203581
94203583
94203722
94203978
94204141
94204171
94204198
94204219
94204240
94204261
94209874
94209884
94210005
94210047
94210070
94210087
94210090
94210108
94210126
94210142
94210222
94210498
94210506
94210668
94210675
94210713
94210761
94210779
94210800
94214555
94214571
94214573
94214589
94214590
94214607
94214623
94214642
94214644
94214699
94214952
94215176
94215238
94215266
94215289
94215410
94215437
94215459
94215484
94218914
94218927
94219222
94219388
94219437
94219460
94219483
94219485
94219489
94219512
94219531
94219552
94219591
94219823
94220036
94220096
94220113
94220132
94220151
94224481
94224737
94224977
94225145
94225354
94225569
94225734
94226049
94226300
94226553
94226569
94226719
94226759
94226776
94226778
94226795
94226797
94226812
94226828
94231744
94231759
94231776
94231789
94231791
94231805
94231930
94232181
94232320
94232343
94232359
94232375
94232389
94232404
94232406
94232463
94232573
94232820
94233002
94236602
94236623
94236646
94236860
94236877
94236893
94236911
94237108
94237168
94237186
94237200
94237220
94237238
94237248
94237264
94237436
94237686
94237695
94237802
94241857
94242024
94242241
94242254
94242369
94242655
94243057
94243066
94243187
94243190
94243210
94243225
94243227
94243240
94243242
94243257
94243258
94243275
94243288
94247767
94247857
94248003
94248039
94248063
94248081
94248082
94248086
94248105
94248108
94248126
94248265
94248524
94248654
94248657
94248662
94248665
94248686
94248706
94252303
94252319
94252491
94252510
94252742
94252752
94252855
94252873
94252891
94252909
94252925
94252940
94252956
94253050
94253316
94253482
94253522
94253542
94253560
94257210
94257547
94257764
94257767
94257986
94258156
94258371
94258375
94258376
94258550
94258571
94258572
94258611
94259029
94259356
94259438
94259461
94259483
94259500
94263345
94263438
94263624
94263641
94263870
94263968
94263970
94263988
94264003
94264103
94264156
94264238
94264252
94264272
94264393
94264670
94264816
94264851
94264868
