97330957
97330970
97330971
97330979
97330992
97330996
97331008
97331009
97331017
97331018
97331029
97331239
97331476
97331488
97331497
97331568
97331580
97331590
97331598
97331600
97332803
97332835
97332838
97332856
97332871
97332873
97332881
97332892
97332893
97332906
97332907
97332985
97333232
97333395
97333443
97333458
97333461
97333474
97333487
97333499
97334659
97334670
97334678
97334686
97334687
97334696
97334698
97334716
97334719
97334740
97334918
97334938
97334970
97335390
97335475
97335484
97335490
97335500
97335509
97336716
97336721
97336743
97336768
97336777
97336791
97336795
97336802
97336803
97336804
97336846
97337088
97337104
97337118
97337282
97337330
97337346
97337366
97337448
97337515
97338843
97338845
97338847
97338854
97338860
97338867
97338876
97338877
97338889
97338890
97339016
97339038
97339272
97339283
97339384
97339391
97339400
97339406
97339432
97339442
97340217
97340333
97340348
97340365
97340620
97340726
97340735
97340745
97340752
97340762
97340770
97340778
97340781
97340845
97340858
97340866
97341117
97341266
97341441
97341482
97342316
97342334
97342354
97342367
97342384
97342572
97342632
97342635
97342643
97342645
97342655
97342779
97342796
97342805
97342861
97342863
97342865
97342895
97343130
97343147
97344285
97344538
97344701
97344729
97344738
97344748
97344749
97344758
97344764
97344771
97344792
97344987
97345070
97345080
97345289
97345296
97345300
97345306
97345377
97345385
97347234
97347455
97347482
97347697
97347745
97347751
97347774
97347787
97347804
97347820
97347911
97348193
97348359
97348398
97348399
97348419
97348432
97348449
97348467
97348469
97349884
97349885
97349907
97349909
97349927
97349947
97349964
97349983
97349985
97350007
97350196
97350452
97350461
97350473
97350548
97350700
97350719
97350741
97350764
97350784
97352030
97352058
97352081
97352102
97352197
97352274
97352293
97352340
97352600
97352809
97352818
97352830
97352839
97352887
97352928
97352957
97352989
97353020
97354448
97354450
97354471
97354473
97354492
97354494
97354510
97354513
97354531
97354550
97354569
97354754
97354771
97354988
97355059
97355066
97355072
97355073
97355084
97355190
97472774
97472786
97472789
97472798
97472809
97472819
97473035
97473278
97473289
97473301
97473420
97473432
97473441
97473442
97473451
97473462
97473472
97474693
97474703
97474720
97474730
97474741
97474752
97474753
97474767
97474955
97474971
97475206
97475285
97475299
97475310
97475322
97475323
97475325
97475335
97475351
97476644
97476646
97476659
97476672
97476684
97476719
97476935
97476950
97477145
97477302
97477311
97477319
97477328
97477336
97477343
97477344
97477351
97477352
97477517
97478224
97478250
97478418
97478522
97478531
97478538
97478583
97478584
97478586
97478593
97478599
97478600
97478601
97478605
97478616
97478617
97478624
97478647
97478850
97479731
97479737
97479745
97479754
97479761
97479866
97480120
97480129
97480143
97480259
97480274
97480275
97480285
97480286
97480294
97480299
97480300
97481365
97481405
97481406
97481407
97481418
97481420
97481426
97481434
97481444
97481452
97481480
97481488
97481702
97481912
97481978
97482000
97482007
97482008
97482021
97482626
97482628
97482803
97483059
97483175
97483184
97483186
97483195
97483196
97483208
97483220
97483238
97483254
97483336
97483587
97483748
97483789
97483797
97483810
97484690
97484706
97484944
97485019
97485033
97485049
97485066
97485067
97485076
97485086
97485101
97485102
97485105
97485245
97485507
97485621
97485636
97485646
97485651
97486857
97486912
97486925
97486928
97486929
97486937
97486946
97486955
97486962
97486972
97487146
97487402
97487510
97487529
97487544
97487545
97487546
97487548
97488271
97488283
97488529
97488689
97488724
97488740
97488752
97488764
97488765
97488774
97488781
97488808
97489025
97489235
97489305
97489313
97489327
97489328
97489341
97490545
97490561
97490577
97490598
97490620
97490811
97491053
97491155
97491171
97491178
97491186
97491199
97491210
97491211
97491224
97491324
97491575
97491720
97491740
97492370
97492559
97492789
97492870
97492877
97492878
97492887
97492896
97492905
97492913
97492915
97492924
97493050
97493065
97493317
97493436
97493449
97493458
97494111
97494149
97494378
97494574
97494632
97494640
97494651
97494663
97494683
97494695
97494697
97494716
97494876
97495121
97495130
97495232
97495252
97495264
97496199
97496387
97496436
97496437
97496439
97496440
97496456
97496457
97496470
97496478
97496480
97496489
97496490
97496505
97496554
97496791
97496973
97496981
97497057
97497777
97497908
97498153
97498164
97498293
97498313
97498327
97498328
97498338
97498348
97498367
97498374
97498376
97498449
97498458
97498715
97498876
97498908
97498919
97499546
97499570
97499576
97499786
97500006
97500073
97500075
97500084
97500092
97500103
97500117
97500130
97500131
97500139
97500291
97500534
97500546
97500650
97500662
97501860
97501873
97501883
97501899
97501910
97501921
97501929
97501930
97502086
97502335
97502347
97502449
97502468
97502482
97502483
97502486
97502494
97502507
97502518
97503682
97503683
97503695
97503706
97503725
97503738
97503742
97503774
97503991
97504207
97504279
97504290
97504304
97504317
97504328
97504340
97504341
97504353
97504509
97505510
97505517
97505526
97505546
97505554
97505763
97505977
97506037
97506049
97506057
97506064
97506074
97506082
97506083
97506090
97506228
97506473
97506585
97506588
97507213
97507427
97507635
97507696
97507704
97507715
97507722
97507731
97507740
97507747
97507904
97508148
97508269
97508272
97508289
97508295
97508303
97508309
97508315
97509450
97509453
97509462
97509477
97509478
97509487
97509488
97509489
97509500
97509523
97509529
97509539
97509547
97509778
97509975
97510034
97510045
97510054
97510065
97510682
97510846
97510862
97511085
97511196
97511201
97511206
97511218
97511231
97511233
97511234
97511242
97511250
97511257
97511266
97511386
97511666
97511798
97511803
97512399
97512405
97512413
97512419
97512508
97512523
97512538
97512785
97512915
97512933
97512935
97512942
97512948
97512954
97512963
97512966
97512974
97513027
97513269
97514071
97514073
97514080
97514087
97514232
97514244
97514486
97514586
97514596
97514603
97514609
97514610
97514616
97514622
97514630
97514707
97514964
97515145
97515174
97515911
97515912
97515913
97515927
97516107
97516349
97516355
97516365
97516461
97516496
97516533
97516561
97516606
97516647
97516682
97516807
97517027
97517174
97518209
97518215
97518276
97518530
97518758
97518859
97518893
97518945
97518982
97519017
97519019
97519063
97519110
97519300
97519594
97519609
97519727
97519771
97519820
97520976
97521258
97521458
97521520
97521555
97521562
97521597
97521643
97521674
97521721
97521768
97522005
97522263
97522274
97522280
97522394
97522439
97522442
97522480
97523672
97523688
97523701
97523977
98012388
98012390
98012398
98012405
98012406
98012411
98012419
98012429
98012481
98012721
98012891
98012959
98012962
98012978
98012987
98012989
98012999
98013010
98013017
98014128
98014138
98014144
98014188
98014419
98014607
98014653
98014655
98014659
98014669
98014682
98014690
98014697
98014705
98014719
98014903
98015127
98015138
98015222
98015919
98016161
98016345
98016350
98016398
98016407
98016416
98016417
98016427
98016436
98016449
98016471
98016663
98016904
98016980
98016981
98016999
98017015
98017026
98018183
98018196
98018208
98018224
98018236
98018247
98018260
98018442
98018681
98018695
98018781
98018801
98018820
98018837
98018854
98018869
98018871
98018879
98018882
98019482
98019643
98019885
98019892
98019992
98020006
98020007
98020027
98020029
98020043
98020058
98020060
98020070
98020075
98020181
98020424
98020436
98020566
98020572
98021399
98021620
98021693
98021695
98021703
98021708
98021709
98021716
98021720
98021728
98021737
98021866
98021882
98022118
98022223
98022244
98022251
98022252
98022257
98023413
98023419
98023427
98023428
98023434
98023435
98023443
98023587
98023835
98023953
98023963
98023964
98023979
98023980
98023991
98023998
98023999
98024000
98024010
98025121
98025128
98025129
98025138
98025316
98025330
98025549
98025647
98025665
98025674
98025676
98025683
98025691
98025692
98025701
98025709
98025816
98026098
98026814
98026819
98026827
98026829
98026836
98026842
98026851
98026852
98026885
98027116
98027310
98027359
98027373
98027382
98027383
98027388
98027393
98027399
98027405
98028486
98028492
98028517
98028727
98028935
98028993
98029002
98029004
98029005
98029010
98029015
98029016
98029022
98029031
98029038
98029211
98029480
98029493
98029504
98030171
98030172
98030178
98030262
98030511
98030674
98030682
98030685
98030701
98030713
98030722
98030728
98030735
98030741
98030772
98030991
98031201
98031204
98031255
98031983
98032235
98032388
98032415
98032424
98032432
98032441
98032452
98032462
98032496
98032749
98032955
98032967
98033021
98033034
98033044
98033051
98033059
98033067
98034128
98034157
98034162
98034166
98034172
98034184
98034189
98034220
98034224
98034425
98034649
98034652
98034710
98034715
98034716
98034722
98034734
98034735
98034743
