13.677
14.878
15.904
20.762
14.814
15.809
13.538
14.663
14.154
13.079
12.517
13.161
13.746
14.631
15.455
13.814
13.107
12.132
12.184
14.119
15.836
16.228
14.462
14.719
14.238
13.851
13.941
14.414
16.633
14.079
15.503
14.095
13.863
13.231
13.572
14.284
13.449
13.126
13.030
13.838
14.536
13.714
13.243
13.297
14.433
13.650
13.839
13.476
12.103
13.612
14.988
12.287
12.314
13.968
13.668
13.253
14.026
16.629
33.706
6.276
12.732
14.414
13.403
14.553
12.795
12.450
15.908
12.595
1.448
14.681
12.798
16.397
13.571
13.568
145.872
13.336
20.813
13.672
12.843
13.214
14.351
13.879
14.854
12.556
19.507
14.215
12.598
14.782
15.986
13.748
13.305
14.640
13.480
13.849
14.261
16.619
17.636
41.000
13.552
14.427
