19.225
18.822
20.709
21.833
20.899
24.485
18.450
19.354
16.924
18.938
20.028
18.734
18.010
20.064
18.426
19.113
21.327
21.224
20.781
17.413
19.724
20.565
19.155
20.964
19.841
18.506
17.905
20.455
20.261
18.732
18.959
20.767
20.873
21.955
19.124
18.759
18.187
19.723
19.663
20.407
18.080
20.839
19.062
18.952
20.435
18.561
19.437
17.470
18.824
17.794
18.529
16.120
16.369
14.805
17.656
18.694
18.335
18.306
16.473
17.776
17.819
18.214
16.708
19.952
17.140
17.555
16.801
18.522
17.108
16.427
16.344
18.761
18.172
18.611
17.917
18.487
151.212
17.568
17.656
17.237
16.482
16.209
17.968
15.889
18.660
17.593
16.727
16.675
18.449
18.519
18.225
18.595
17.509
19.008
16.510
17.328
17.612
18.330
19.057
18.421
