62.457
64.101
62.043
62.903
61.210
63.501
62.772
43.560
64.963
59.723
62.002
65.652
61.689
60.551
59.890
67.594
67.057
71.175
62.880
61.086
62.858
69.664
66.832
69.220
61.731
63.835
62.569
63.935
61.369
65.969
63.943
61.488
63.932
68.629
66.263
82.946
76.206
73.566
74.537
74.705
80.237
77.578
80.413
75.130
74.077
72.669
77.422
83.692
82.467
74.976
72.715
74.229
80.244
77.643
83.933
76.407
73.712
75.395
78.890
81.211
87.825
73.128
70.749
59.942
75.239
84.827
85.337
78.610
73.844
76.411
80.215
75.528
82.713
53.340
52.429
51.651
52.997
54.820
51.023
55.560
53.324
54.878
50.928
22.687
52.150
57.704
54.838
56.074
58.405
58.946
52.107
54.456
55.124
55.385
