14.645
15.647
16.869
14.314
16.670
16.551
15.438
14.174
14.104
15.575
15.568
14.851
14.743
15.389
15.297
13.581
16.561
15.008
16.122
16.145
15.390
15.326
17.764
16.214
14.142
14.327
13.652
14.580
18.085
15.428
14.974
15.691
13.961
13.840
49.371
14.805
14.012
14.807
15.268
14.343
16.487
14.661
13.901
14.093
13.658
17.140
16.833
12.920
13.592
12.831
14.045
13.952
14.428
14.255
13.706
14.640
13.204
15.648
16.669
13.293
15.392
13.489
1.237
14.087
12.839
14.216
1.885
14.231
13.112
13.966
14.489
15.652
8.175
11.568
6.591
18.250
13.590
13.796
146.687
13.891
13.781
13.343
12.373
12.528
12.186
15.078
14.322
14.111
13.367
13.060
12.876
13.218
14.063
16.492
13.063
14.481
14.156
16.455
14.021
16.017
15.111
14.109
