87163173
87163183
87163192
87163521
87163530
87163539
87163869
87163878
87163888
87164307
87164316
87164325
87164608
87164666
87164675
87164955
87164964
87164973
87165065
87165421
87165430
87165439
87165761
87165770
87165779
87166105
87166114
87166123
87166527
87166536
87166545
87166794
87166803
87166812
87167228
87167245
87167260
87167702
87167711
87167721
87168042
87168051
87168061
87168352
87168401
87168410
87169126
87169135
87169144
87169208
87169217
87169226
87169339
87169348
87169358
87169486
87169495
87169504
87169534
87169543
87169552
87169581
87169599
87169617
87169731
87169740
87169749
87169801
87169811
87169817
87169970
87169988
87170007
87170091
87170100
87170110
87170193
87170201
87170207
87170353
87170362
87170371
87170439
87170448
87170454
87170538
87170547
87170556
87170724
87170733
87170742
87170804
87170813
87170823
87170886
87170893
87170899
87171062
87171068
87171074
87171114
87171124
87171133
87171195
87171204
87171211
87171403
87171409
87171419
87171514
87171523
87171532
87171689
87171697
87171704
87172151
87172157
87172164
87172549
87172562
87172572
87172996
87173003
87173009
87173117
87173472
87173479
87173487
87173884
87173890
87173896
87174252
87174261
87174267
87174666
87174675
87174684
87175012
87175022
87175031
87175328
87175337
87175403
87175800
87175811
87175820
87176160
87176170
87176179
87176549
87176558
87176567
87177094
87177105
87177115
87177430
87177439
87177496
87177908
87177918
87177928
87178381
87178394
87178404
87178748
87178757
87178766
87179152
87179172
87179182
87179648
87179660
87179667
87180010
87180021
87180030
87180428
87180437
87180443
87180871
87180880
87180889
87181223
87181233
87181242
87181562
87181571
87181582
87182010
87182019
87182028
87182378
87182387
87182396
87182837
87182854
87182871
87183242
87183248
87183254
87183566
87183572
87183578
87184005
87184014
87184023
87184309
87184318
87184327
87184657
87184666
87184676
87185059
87185068
87185094
87185426
87185437
87185447
87185798
87185808
87185817
87186267
87186276
87186285
87186644
87186654
87186663
87186970
87186979
87186988
87187130
87187445
87187455
87187464
87187810
87187819
87187828
87188169
87188178
87188188
87188597
87188606
87188615
87188875
87188884
87188950
87189276
87189286
87189294
87189816
87189826
87189835
87190214
87190220
87190226
87190587
87190598
87190607
87190999
87191013
87191081
87191379
87191388
87191398
87191758
87191767
87191776
87192259
87192269
87192280
87192640
87192650
87192659
87192942
87192951
87192960
87193380
87193389
87193399
87193723
87193734
87194161
87194171
87194181
87194562
87194571
87194580
87194955
87194965
87194979
87195374
87195383
87195393
87195873
87195883
87195892
87196272
87196281
87196291
87196641
87196652
87197098
87197107
87197116
87197458
87197468
87197737
87197804
87197815
87198202
87198211
87198217
87198563
87198572
87198581
87199013
87199029
87199045
87199447
87199458
87199464
87199821
87199852
87199858
87200261
87200273
87200285
87200653
87200661
87200667
87201098
87201107
87201113
87201317
87201632
87201642
87201648
87201961
87201986
87201995
87202059
87202385
87202392
87202398
87202881
87202891
87202898
87203260
87203269
87203275
87203653
87203665
87203675
87204125
87204132
87204138
87204499
87204508
87204518
87204935
87204942
87204949
87205446
87205452
87205458
87205778
87205787
87205842
87206184
87206194
87206200
87206662
87206671
87206681
87207013
87207022
87207031
87207365
87207374
87207383
87207764
87207773
87207839
87208145
87208151
87208158
87208508
87208521
87208527
87209015
87209024
87209033
87209409
87209419
87209428
87209737
87209747
87209773
87210165
87210175
87210184
87210554
87210563
87210574
87210972
87210982
87210992
87211463
87211472
87211481
87211789
87211798
87211808
87212164
87212174
87212183
87212629
87212638
87212648
87213008
87213018
87213027
87213380
87213443
87213452
87213856
87213866
87213877
87214172
87214181
87214190
87214284
87214293
87214303
87214486
87214495
87214504
87214599
87214613
87214623
87214699
87214779
87214796
87214811
87214940
87214951
87214960
87215067
87215077
87215083
87215243
87215253
87215262
87215347
87215356
87215365
87215473
87215484
87215493
87215676
87215682
87215688
87216061
87216070
87216080
87216456
87216463
87216470
87216948
87216959
87216970
87217378
87217385
87217391
87217720
87217729
87217738
87218228
87218234
87218240
87218629
87218638
87218645
87219039
87219045
87219051
87219519
87219525
87219532
87219850
87219856
87219862
87220254
87220261
87220268
87220771
87220778
87220784
87221547
87221557
87222056
87222063
87222069
87222469
87222475
87222482
87222890
87222896
87222902
87223357
87223363
87223385
87223759
87223768
87223774
87224136
87224146
87224156
87224674
87224686
87224692
87225048
87225058
87225068
87225392
87225401
87225413
87225921
87225930
87225939
87226357
87226367
87226789
87226798
87230610
87231019
87231025
87231033
87231338
87231347
87231367
87231844
87231853
87231859
87232248
87232257
87232266
87232693
87232706
87232719
87233138
87233147
87233156
87233486
87233492
87233499
87233967
87233976
87233983
87234372
87234383
87234389
87234783
87234794
87234800
87235206
87235258
87235280
87235602
87235608
87235614
87235886
87235892
87235899
87236088
87236098
87236106
87236207
87236218
87236224
87236316
87236325
87236332
87236536
87236542
87236550
87236664
87236671
87236678
87236756
87236765
87236773
87236959
87236966
87236973
87237055
87237064
87237070
87237133
87237142
87237151
87237299
87237305
87237311
87237353
87237362
87237371
87237428
87237437
87237443
87237570
87237580
87237589
87237668
87237677
87237686
87237758
87237767
87237776
87237933
87237942
87237952
87238014
87238024
87238033
87238165
87238174
87238183
87238328
87238346
87238360
87238380
87239355
87239377
87239386
87239662
87239732
87239741
87240658
87240687
87240730
87240939
87241005
87241014
87241842
87241851
87241861
87242292
87242350
87242366
87243195
87243204
87243214
87243623
87243687
87243696
87244431
87244440
87244446
87244896
87244955
87244964
87245588
87245598
87245607
87246253
87246263
87246272
87246905
87246914
87246924
87247025
87247042
87247060
87247154
87247163
87247169
87247216
87247226
87247235
87247384
87247393
87247403
87247484
87247493
87247502
87247545
87247554
87247563
87247721
87247730
87247739
87247792
87247801
87247810
87248904
87248919
87248925
87249079
87249088
87249097
87249189
87249198
87249209
87249271
87249277
87249284
87249443
87249452
87249458
87249524
87249530
87249536
87249606
87249612
87249618
87249779
87249785
87249791
87249886
87249893
87249899
87249976
87249982
87249990
87250162
87250168
87250175
87250255
87250262
87250268
87250330
87250339
87250345
87250523
87250533
87250542
87250583
87250648
87250654
87250660
87250721
87250727
87250733
87250895
87250905
87250915
87250952
87250963
87250972
87250991
87251001
87251010
87251130
87251139
87251152
87251206
87251215
87251224
87251276
87251285
87251294
87251453
87251463
87251473
87251537
87251546
87251555
87251613
87251622
87251631
87251805
87251815
87251824
87251863
87251872
87251882
87251900
87251909
87251918
87252037
87252046
87252055
87252089
87252098
87252107
87252131
87252140
87252149
87252427
87252436
87252623
87252639
87252656
87252739
87252748
87252757
87252806
87252815
87252824
87252959
87252968
87252977
87253053
87253063
87253073
87253107
87253116
87253125
87253247
87253256
87253265
87253283
87253292
87253301
87253322
87253331
87253340
87253454
87253463
87253472
87253522
87253531
87253540
87253573
87253582
87253591
87253725
87253735
87253744
87253781
87253791
87253803
87253838
87253847
87253856
87253989
87253998
87254007
87254056
87254081
87254090
87254099
87254130
87254139
87254148
87254275
87254284
87254293
87254317
87254326
87254335
87254362
87254371
87254380
87254527
87254536
87254542
87254714
87254724
87254733
87254804
87254813
87254823
87255007
87255017
87255026
87255401
87255412
87255421
87255519
87255528
87255539
87255721
87255736
87255752
87255803
87255812
87255821
87255860
87255869
87255881
87256006
87256015
87256022
87256075
87256084
87256095
87256149
87256158
87256167
87256327
87256337
87256346
87256455
87256464
87256473
87256535
87256545
87256553
87256727
87256737
87256746
87256824
87256833
87256839
87256950
87256966
87256979
87257115
87257125
87257134
87257174
87257183
87257192
87257301
87257317
87257326
87257348
87257357
87257366
87257388
87257397
87257407
87257540
87257549
87257558
87257608
87257617
87257627
87257665
87257674
87257683
87257866
87257872
87257878
87257971
87257982
87257988
87258072
87258080
87258086
87258270
87258280
87258287
87258316
87258350
87258360
87258369
87258408
87258417
87258426
87258552
87258561
87258570
87258588
87258597
87258606
87258627
87258636
87258646
87258763
87258772
87258781
87258831
87258840
87258850
87258895
87258904
87258913
87259055
87259064
87259073
87259126
87259135
87259144
87259228
87259234
87259243
87259409
87259419
87259428
87259524
87259534
87259544
87259597
87259607
87259616
87259776
87259786
87259796
87259845
87259854
87259863
87259911
87259920
87259929
87260091
87260100
87260109
87363790
87363799
87363808
87364483
87364493
87364502
87365680
87365689
87365748
87365886
87366045
87366056
87366065
87366100
87366109
87366119
87366150
87366159
87366168
87366292
87366301
87366310
87366459
87366468
87366477
87366518
87366527
87366537
87366666
87366675
87366684
87367017
87367030
87367044
87367106
87367115
87367125
87367267
87367281
87367295
87367342
87367351
87367360
87367379
87367388
87367397
87367531
87367541
87367552
87367600
87367609
87367639
87367649
87367658
87367815
87367824
87367833
87367929
87367938
87367947
87367980
87367990
87367999
87368134
87368143
87368152
87368198
87368207
87368217
87368291
87368300
87368306
87368512
87368523
87368533
87368610
87368619
87368627
87368724
87368741
87368759
87368867
87368876
87368885
87368918
87368927
87368936
87369067
87369076
87369085
87369156
87369165
87369174
87369222
87369231
87369240
87369392
87369402
87369411
87369463
87369473
87369483
87369533
87369542
87369552
87369709
87369718
87369727
87369784
87369795
87369803
87369812
87369821
87369852
87369861
87369870
87369981
87369990
87369999
87370018
87370028
87370037
87370060
87370069
87370078
87370193
87370202
87370212
87370262
87370271
87370280
87370311
87370320
87370329
87370472
87370482
87370491
87370532
87370541
87370550
87370591
87370601
87370610
87370748
87370757
87370766
87370829
87370838
87370849
87370872
87370881
87370890
87371037
87371046
87371055
87371115
87371124
87371133
87371174
87371183
87371194
87371338
87371349
87371358
87371388
87371397
87371407
87371470
87371480
87371489
87371655
87371664
87371673
87371742
87371751
87371760
87371828
87371837
87371847
87372032
87372041
87372050
87372122
87372133
87372187
87372196
87372205
87372350
87372359
87372368
87372391
87372400
87372409
87372440
87372456
87372474
87372602
87372611
87372620
87372652
87372661
87372671
87372782
87372800
87372817
87372861
87372870
87372879
87372920
87372929
87372939
87373068
87373078
87373087
87373148
87373167
87373177
87373186
87373229
87373238
87373248
87373386
87373395
87373404
87373433
87373442
87373451
87373483
87373492
87373501
87373633
87373642
87373651
87373808
87373817
87373827
87373888
87373899
87373908
87374067
87374076
87374086
87374147
87374156
87374165
87374234
87374243
87374253
87374397
87374408
87374418
87374505
87374515
87374524
87374563
87374572
87374581
87374692
87374701
87374710
87374727
87374736
87374745
87374774
87374783
87374792
87374903
87374912
87374921
87374980
87374989
87374998
87375031
87375040
87375049
87375198
87375207
87375216
87375254
87375263
87375272
87375321
87375330
87375339
87375501
87375511
87375521
87375553
87375562
87375571
87375594
87375603
87375612
87375726
87375735
87375745
87375766
87375775
87375784
87375807
87375816
87375826
87375967
87375976
87375986
87376019
87376028
87376037
87376064
87376073
87376082
87376216
87376225
87376234
87376268
87376278
87376287
87376346
87376363
87376379
87376460
87376501
87376510
87376520
87376548
87376557
87376566
87376676
87376693
87376702
87376723
87376732
87376741
87376761
87376770
87376779
87376908
87376917
87376927
87376992
87377001
87377011
87377046
87377055
87377064
87377216
87377226
87377235
87377294
87377303
87377314
87377360
87377369
87377379
87377564
87377573
87377586
87377673
87377682
87377688
87377723
87377733
87377742
87377874
87377884
87377893
87377937
87377946
87377955
87377987
87377997
87378130
87378140
87378150
87378220
87378229
87378238
87378280
87378289
87378299
87378447
87378456
87378465
87378521
87378530
87378539
87378600
87378610
87378621
87378782
87378793
87378802
87378857
87378867
87378876
87378902
87378911
87378920
87379042
87379051
87379062
87379075
87379084
87379093
87379114
87379123
87379132
87379278
87379287
87379297
87379326
87379335
87379365
87379374
87379510
87379521
87379530
87379568
87379578
87379623
87379632
87379641
87379806
87379813
87379822
87379874
87379883
87379892
87379914
87379924
87379933
87380050
87380059
87380082
87380092
87380101
87380103
87380128
87380146
87380162
87380279
87380288
87380323
87380333
87380342
87380450
87380468
87380517
87380526
87380535
87380580
87380590
87380780
87380790
87380800
87380893
87380902
87380912
87380948
87380957
87380967
87381078
87381087
87381120
87381130
87381155
87381164
87381173
87381289
87381298
87381361
87381371
87381408
87381417
87381426
87381561
87381570
87381614
87381623
87381632
87381672
87381681
87381828
87381838
87381847
87381912
87381921
87381931
87381960
87381969
87381978
87382103
87382113
87382122
87382156
87382165
87382204
87382214
87382223
87382346
87382355
87382364
87382432
87382441
87382450
87382501
87382510
87382668
87382678
87382724
87382734
87382743
87382800
87382809
87383007
87383014
87383024
87383034
87383103
87383112
87383172
87383181
87383190
87383319
87383328
87383360
87383369
87383378
87383425
87383436
87383442
87383583
87383592
87383601
87383634
87383643
87383683
87383692
87383701
87383832
87383842
87383900
87383909
87383953
87383969
87383986
87384133
87384142
87384151
87384183
87384192
87384295
87384313
87384331
87384387
87384396
87384436
87384445
87384454
87384566
87384575
87384640
87384649
87384689
87384698
87384854
87384864
87384873
87384927
87384936
87384947
87385021
87385030
87385039
87385178
87385187
87385256
87385265
87385274
87385304
87385313
87385480
87385486
87385492
87385573
87385579
87385585
87385621
87385627
87385654
87385660
87385667
87385805
87385814
87385823
87385890
87385899
87385908
87385947
87385956
87385965
87386111
87386120
87386129
87386174
87386183
87386192
87386230
87386239
87386248
87386384
87386393
87386402
87386441
87386506
87386516
87386530
87386607
87386618
87386629
87386805
87386814
87386824
87386901
87386910
87386916
87386986
87386997
87387006
87387204
87387218
87387231
87387311
87387321
87387334
87387437
87387446
87387452
87387617
87387626
87387637
87387696
87387705
87387714
87387781
87387790
87387800
87387962
87387975
87387990
87388058
87388067
87388076
87388112
87388121
87388130
87388248
87388257
87388266
87388300
87388311
87388320
87388405
87388419
87388434
87388614
87388624
87388634
87388708
87388714
87388721
87388969
87388993
87389060
87389981
87389990
87389999
87390689
87390698
87390707
87391263
87391273
87391282
87391967
87392018
87392042
87392103
87392162
87392164
87392166
87392476
87392486
87392845
87392854
87392863
87392886
87392895
87392904
87392943
87392953
87392962
87393128
87393134
87393140
87393246
87393252
87393259
87393356
87393363
87393369
87393527
87393536
87393547
87393929
87393938
87393948
87394840
87394849
87394858
87395401
87395411
87395420
87395444
87395492
87395502
87395511
87395542
87395551
87395560
87395677
87395686
87395695
87395716
87395725
87395734
87395778
87395787
87395793
87395957
87395968
87395978
87396023
87396027
87396029
87396032
87396034
87396039
87396041
87396043
87396047
87396049
87396051
87396053
87396057
87396059
87396064
87396256
87396266
87396276
87396307
87396312
87396316
87396337
87396378
87396472
87396482
87396519
87396521
87396524
87396527
87396560
87396569
87396579
87396649
87396658
87396669
87396689
87396726
87396764
87396790
87396791
87396793
87396839
87396849
87396865
87396867
87396870
87396928
87396939
87396948
87396972
87396976
87396977
87396978
87396982
87396983
87397005
87397014
87397051
87397086
87397126
87397161
87397170
87397179
87397201
87397203
87397204
87397206
87397208
87397210
87397250
87397259
87397282
87397283
87397307
87397354
87397363
87397372
87397382
87397385
87397419
87397510
87397511
87397515
87397587
87397592
87397598
87397654
87397662
87397734
87397743
87397752
87397767
87397768
87397773
87397778
87397783
87397855
87397861
87398061
87398071
87398081
87398134
87398143
87398153
87398285
87398301
87398321
87398439
87398449
87398458
87398518
87398528
87398538
87398665
87398675
87398684
87398714
87398723
87398732
87398764
87398773
87398782
87398902
87398911
87398920
87398986
87398995
87399005
87399038
87399047
87399056
87399188
87399198
87399207
87399253
87399262
87399271
87399316
87399325
87399334
87399471
87399481
87399490
87399538
87399560
87399569
87399578
87399601
87399610
87399619
87399736
87399745
87399754
87399783
87399792
87399801
87399823
87399832
87399841
87399965
87399974
87399983
87400134
87400143
87400152
87400203
87400212
87400222
87400369
87400378
87400387
87400703
87400717
87400732
87400812
87400821
87400830
87400994
87401010
87401026
87401059
87401068
87401077
87401100
87401109
87401118
87401240
87401249
87401258
87401279
87401288
87401297
87401316
87401325
87401334
87401477
87401486
87401495
87401589
87401598
87401608
87401642
87401651
87401660
87401792
87401801
87401810
87401858
87401867
87401876
87401920
87401938
87401955
87402102
87402111
87402121
87402159
87402168
87402177
87402296
87402314
87402330
87402362
87402371
87402380
87402413
87402422
87402432
87402558
87402567
87402576
87402638
87402648
87402657
87402747
87402930
87402939
87403007
87403016
87403022
87403076
87403085
87403094
87403589
87403598
87403607
87403831
87404239
87404248
87404257
87404808
87404817
87404826
87405340
87405349
87405358
87405953
87405962
87405971
87431152
87431616
87431618
87434465
87437599
87438679
87438680
87438681
87438682
87438683
87438684
87438685
87438686
87438687
87438689
87438690
87438691
87438692
87438693
87438694
87438695
87438696
87438697
87438698
87438699
87438701
87438702
87438703
87438704
87441202
87442860
87444835
87448870
87453135
87457133
87457230
87458438
87458443
87458444
87458445
87458657
87458668
87459353
87459903
87462854
87463198
87465177
87465968
87467757
87469616
87469707
87469708
87471695
87473651
87474189
87474366
87476714
87478891
87478892
87478893
87478894
87478895
87478896
87478897
87478898
87478899
87478900
87478901
87478902
87478903
87478904
87478905
87478906
87478909
87478911
87478912
87478914
87484282
87509386
87509387
87509388
87509389
87509391
87509392
87509393
87509394
87509395
87509396
87509397
87509398
87509399
87509400
87509401
87509402
87509403
87509404
87509405
87509406
87509407
87509408
87509410
87509411
87509741
87510415
87510417
87510422
87510424
87510426
87510428
87510433
87510435
87510439
87510441
87510447
87510449
87510451
87510452
87510457
87510460
87510464
87510467
87510473
87510474
87510847
87510850
87510852
87510858
87510863
87510866
87510870
87510875
87510881
87510884
87510887
87510894
87510900
87510903
87510912
87510915
87510917
87510920
87510922
87511371
87511375
87511383
87511386
87511387
87511390
87511391
87511392
87511400
87511402
87511629
87511640
87511645
87511693
87511695
87511700
87511703
87511704
87511708
87511711
87511713
87511831
87511837
87511838
87511842
87511991
87511993
87511996
87512108
87512112
87512175
87512182
87512184
87512186
87512192
87514088
87529596
87543601
87554183
87554184
87555867
87555868
87555900
87555934
87556291
87556292
87556698
87556699
87557052
87557112
87557350
87557468
87557473
87557479
87557726
87558372
87558413
87558598
87559172
87559378
87559507
87559508
87574119
87591357
87591489
87604033
87605129
87632146
87634016
87634017
87639436
87671902
87703661
87733486
87733641
87766255
87799382
87812659
87812787
87826455
87834064
87849472
87861028
87865597
87867128
87869926
87881979
87889722
87890022
87895425
87903635
87924794
87955905
87984600
88007663
88013683
88026002
88026006
88027125
88051618
88058410
88090492
88098463
88115080
88129514
88153606
88153607
88155863
88155864
88157638
88157639
88157643
88157644
88157766
88157767
88161058
88173822
88173823
88173824
88173825
88189903
88219378
88248630
88277812
88302597
88320576
88321766
88323638
88340160
88362907
88391721
88397062
88397066
88397068
88397071
88397076
88397079
88397084
88397089
88397150
88397206
88397275
88397337
88397338
88397397
88397461
88397519
88397523
88397585
88397643
88397698
88400113
88400166
88400228
88400289
88400349
88400351
88400411
88400413
88400416
88400418
88400421
88400422
88400425
88400428
88400430
88400431
88400433
88400435
88400437
88402792
88402853
88402909
88402913
88402975
88403035
88403095
88403150
88403152
88403156
88403903
88403905
88403964
88404795
88404855
88404908
88404962
88404972
88405030
88405089
88405149
88405827
88405889
88405944
88405947
88406692
88406752
88406810
88407247
88407303
88408025
88408087
88408089
88408092
88408094
88416429
88416487
88416488
88416549
88421042
88450468
88479246
88503541
88503599
88508808
88538372
88567358
88598824
88627543
88655992
88667612
88674039
88674486
88700669
88720871
88730389
88743019
88743020
88743503
88743561
88779842
88819706
88836144
88836153
88836162
88837068
88837077
88837087
88837758
88837767
88837776
88838671
88838680
88838689
88839675
88839684
88839693
88840637
88840646
88840655
88841737
88841746
88841755
88842709
88842718
88842784
88843756
88843819
88843831
88844875
88844885
88844951
88846048
88846057
88846066
88846979
88846988
88846997
88848023
88848032
88848042
88849117
88849126
88849135
88849693
88849702
88849711
88850785
88850794
88850803
88851444
88851453
88851479
88852533
88852542
88852551
88853154
88853163
88853172
88854157
88854166
88854232
88854820
88854832
88854899
88855906
88855972
88855981
88856487
88856556
88856565
88857683
88857704
88857719
88858247
88858256
88858322
88859414
88859423
88859433
88860058
88860068
88860077
88861150
88861165
88861225
88861455
88861940
88861950
88861959
88862887
88862896
88862905
88863554
88863563
88863572
88864467
88864476
88864516
88865365
88865374
88865383
88866176
88866185
88866194
88867093
88867102
88867111
88867850
88867859
88867868
88868903
88868953
88868963
88869631
88869640
88869650
88870605
88870614
88870623
88871363
88871372
88871382
88872348
88872357
88872366
88873003
88873012
88873021
88873947
88873957
88873966
88874614
88874623
88874635
88875561
88875570
88875579
88876244
88876263
88877219
88877228
88877238
88877956
88877965
88877974
88878920
88878929
88878938
88879594
88879632
88879669
88880681
88880690
88880699
88881429
88881439
88881501
88882306
88882361
88882381
88883221
88883243
88883253
88884116
88884127
88884137
88884964
88884973
88885040
88885864
88885874
88885883
88886893
88886904
88886913
88887746
88887756
88887792
88888610
88888619
88888628
88889451
88889515
88889537
88890640
88890649
88890658
88891511
88891577
88891586
88892336
88892345
88892354
88893229
88893238
88893304
88894012
88894021
88894030
88894941
88894950
88894959
88895675
88895684
88895693
88896555
88896564
88896573
88897416
88897426
88897490
88898224
88898233
88898242
88899158
88899167
88899176
88899843
88899852
88899861
88900572
88900811
88900820
88900829
88901513
88901522
88901531
88901729
88902491
88902500
88902509
88903246
88903255
88903264
88904191
88904200
88904209
88904856
88904866
88904875
88905805
88905814
88905823
88906475
88906485
88906494
88907489
88907498
88907507
88908181
88908191
88908200
88909186
88909195
88909206
88909885
88909894
88909903
88910986
88910995
88911004
88911701
88911711
88911720
88912739
88912749
88912758
88913484
88913493
88913502
88914453
88914462
88914471
88915181
88915191
88915220
88916135
88916201
88916210
88916878
88916887
88916950
88917862
88917872
88917882
88918611
88918620
88918629
88919573
88919582
88919648
88920309
88920319
88920360
88921340
88921392
88921418
88922097
88922107
88922155
88923137
88923187
88923196
88923815
88923870
88923891
88924835
88924844
88924853
88925543
88925552
88925561
88926459
88926468
88926479
88927290
88927299
88927308
88928100
88928109
88928118
88928979
88928988
88928997
88929803
88929812
88929822
88930674
88930719
88931467
88931476
88931485
88932415
88932424
88932433
88933168
88933177
88933186
88934119
88934128
88934137
88934805
88934814
88934824
88935714
88935723
88935733
88936447
88936456
88936466
88937333
88937342
88937351
88938148
88938158
88938169
88939009
88939018
88939027
88939782
88939792
88939801
88940696
88940706
88940769
88941544
88941607
88941617
88941690
88942436
88942445
88942455
88943283
88943293
88943303
88943956
88943965
88943980
88944024
88944033
88944043
88944100
88944109
88944118
88944231
88944245
88944256
88944343
88944352
88944362
88944418
88944433
88944456
88944653
88944734
88944836
88944845
88944851
88944944
88944953
88944964
88945021
88945032
88945042
88945096
88945105
88945111
88945149
88945158
88945167
88945195
88945204
88945213
88945230
88945239
88945248
88945305
88945314
88945326
88945401
88945410
88945420
88945489
88945498
88945509
88945619
88945629
88945638
88945686
88945695
88945704
88946444
88946453
88946462
88947573
88947583
88947592
88948441
88948512
88948523
88949361
88949370
88949379
88950316
88950325
88950382
88951219
88951228
88951237
88952053
88952062
88952071
88953099
88953108
88953117
88954131
88954140
88954149
88955127
88955136
88955145
88956093
88956103
88956112
88956932
88956942
88956951
88957971
88957980
88958038
88958860
88958869
88958935
88959951
88959984
88960027
88960728
88960737
88960746
88961851
88961860
88961869
88962641
88962650
88962659
88963606
88963650
88963660
88964660
88964669
88964737
88965761
88965772
88965781
88966657
88966723
88966732
88967832
88967843
88967908
88968749
88968758
88968767
88969448
88969704
88969715
88969725
88970740
88970750
88970760
88971487
88971556
88971566
88972420
88972465
88972475
88973166
88973176
88973242
88974212
88974221
88974230
88974917
88974926
88974935
88975906
88975915
88975924
88976607
88976617
88976687
88977595
88977604
88977613
88978366
88978426
88978435
88979292
88979302
88979311
88980381
88980391
88980400
88981059
88981068
88981077
88982019
88982075
88982097
88982717
88982726
88982735
88983810
88983819
88983828
88984370
88984380
88984389
88985452
88985462
88985471
88986081
88986091
88986154
88986997
88987006
88987015
88987815
88987826
88987835
88988926
88988936
88988947
88989621
88989630
88989639
88990671
88990707
88990747
88991298
88991343
88991373
88992345
88992354
88992423
88992927
88992936
88992946
88993923
88993932
88993944
88994651
88994713
88994729
88995642
88995652
88995715
88996402
88996470
88996479
88997361
88997371
88997380
88998281
88998291
88998300
88999191
88999200
88999209
89000093
89000102
89000112
89001019
89001028
89001038
89001767
89001776
89001785
89002684
89002693
89002702
89003392
89003401
89003410
89004322
89004331
89004340
89005180
89005189
89005218
89006062
89006071
89006080
89006921
89006930
89006939
89007693
89007702
89007712
89008666
89008735
89008745
89009612
89009621
89009630
89009777
89010573
89010585
89010594
89011484
89011550
89011559
89012385
89012394
89012403
89013339
89013348
89013357
89014292
89014336
89014346
89015174
89015185
89015225
89016156
89016165
89016234
89017149
89017160
89017169
89017898
89017908
89017971
89018991
89019054
89019063
89019728
89019737
89019797
89020907
89020918
89020930
89021594
89021610
89021617
89022766
89022776
89022786
89023471
89023477
89023483
89024682
89024691
89024697
89025352
89025362
89025425
89026436
89026445
89026456
89027170
89027179
89027202
89028145
89028155
89028166
89028997
89029048
89029061
89029814
89029824
89029833
89030704
89030760
89030780
89031562
89031572
89031581
89032559
89032565
89032634
89033324
89033331
89033337
89034402
89034411
89034417
89035042
89035048
89035054
89036119
89036128
89036137
89036734
89036745
89036754
89037838
89037847
89037856
89038431
89038440
89038451
89039515
89039524
89039534
89040101
89040110
89040120
89041265
89041332
89041341
89041894
89041951
89041957
89043061
89043074
89043085
89043708
89043717
89043726
89044816
89044826
89044833
89045461
89045470
89045533
89046607
89046616
89046625
89047221
89047231
89047241
89048321
89048330
89048336
89048975
89049040
89049049
89050198
89050206
89050213
89050907
89050917
89050926
89051812
89052089
89052127
89052134
89052764
89052830
89052839
89053906
89053915
89053924
89054483
89054521
89054565
89055572
89055581
89056277
89057326
89057331
89058160
89059175
89059989
89060970
89061844
89061850
89062743
89071039
89071050
89084656
89084657
89093622
89093684
89093685
89093743
89093745
89093802
89093860
89093861
89093864
89093925
89093926
89093990
89093992
89094049
89094050
89094108
89094161
89094201
89094224
89094281
89094802
89096081
89096202
89096729
89096743
89097260
89097321
89097323
89097386
89097449
89097510
89097549
89097576
89097639
89097697
89097701
89097706
89097709
89097715
89097718
89097721
89097725
89097852
89097918
89098733
89099868
89100471
89100587
89100645
89100700
89100759
89100760
89100762
89100827
89100884
89100939
89100998
89101003
89101123
89101124
89101922
89101925
89101931
89101932
89101934
89101936
89101937
89101938
89102065
89102897
89102898
89102899
89102901
89102903
89102906
89102908
89102962
89103696
89103907
89103965
89104020
89104033
89104145
89104796
89104798
89104857
89105360
89105363
89105369
89105900
89106023
89106082
89106085
89106144
89106206
89106579
89106937
89107059
89108695
89108769
89108772
89108775
89108776
89110075
89110163
89110483
89110495
89110496
89110557
89110679
89110911
89111023
89111246
89111484
89111486
89111658
89111788
89112059
89112060
89112062
89112063
89112068
89112070
89112072
89116416
89137719
89146047
89180916
89201795
89201807
89201812
89201871
89201997
89221398
89225021
89228029
89269070
89272683
89311774
89311779
89312751
89312758
89312772
89312775
89312778
89313023
89356598
89363610
89363661
89363694
89363702
89363719
89363737
89363755
89363773
89363849
89363870
89365664
89365682
89365703
89365723
89365743
89365760
89365840
89367096
89367168
89367443
89367654
89367673
89367691
89367711
89367731
89391067
89392651
89401042
89434049
89444889
89484204
89510878
89524612
89564756
89570314
89583937
89584917
89584919
89584921
89584923
89584925
89585057
89585059
89585061
89585063
89585065
89585067
89585695
89585697
89585699
89585701
89585903
89585932
89585964
89585966
89585968
89585970
