87165066
87173118
87187131
87201318
87214691
87238378
87250585
87254053
87258315
87262339
87293420
87316267
87326541
87350011
87365747
87369785
87373147
87376459
87379807
87383008
87386440
87395443
87399540
87403833
87410289
87414144
87421925
87425399
87428045
87431151
87434464
87437594
87441203
87444832
87448872
87453136
87457134
87459902
87462852
87465971
87469615
87473652
87476713
87484281
87509744
87514091
87529597
87543603
87604032
87610641
87610702
87610768
87610952
87611201
87639437
87671897
87703666
87733484
87766253
87799385
87834065
87865592
87895426
87924797
87955902
87984601
88013685
88027124
88058408
88090491
88129508
88161055
88189904
88219372
88248633
88277808
88302601
88320579
88340156
88362910
88391720
88421046
88450467
88479242
88508802
88538376
88567363
88598821
88627535
88655995
88674035
88700672
88730388
88779845
88819709
88861461
88901732
88941695
88969453
89009771
89051816
89098734
89116418
89146049
89180921
89221400
89269069
89313018
89356597
89401043
89444884
89484209
89524613
89564758
