27.788
27.955
34.392
34.921
35.046
29.252
28.079
27.844
29.522
34.447
29.618
33.608
24.731
25.241
25.110
27.556
26.094
30.949
34.195
27.502
25.662
24.982
25.210
25.126
26.889
28.907
31.528
24.565
25.672
24.506
26.976
29.403
28.501
28.446
30.450
28.809
28.833
29.736
29.662
34.167
36.557
31.579
32.991
29.683
27.105
30.075
29.242
29.274
29.919
60.354
83.947
35.961
31.658
27.923
27.435
27.292
28.553
35.133
36.350
34.221
34.321
31.948
30.688
29.788
29.747
31.667
33.392
32.686
29.380
28.834
30.575
28.250
28.068
29.807
34.558
29.503
28.643
27.483
29.384
27.172
30.958
28.836
29.409
29.595
29.751
27.742
27.413
27.117
31.597
30.539
31.884
31.563
29.307
29.220
29.787
30.809
37.167
34.279
30.442
29.548
29.201
32.380
30.593
31.885
30.943
31.589
29.392
31.631
30.536
33.001
31.984
33.416
