15.186
15.620
37.209
16.610
17.239
15.368
16.951
16.748
16.604
19.093
17.421
16.757
15.898
2.450
15.316
16.392
22.006
16.061
40.636
21.378
16.676
21.123
17.439
3.300
17.140
16.240
15.738
16.068
17.339
17.615
15.640
2.506
15.465
16.593
49.492
49.488
28.640
2.483
49.871
21.256
15.273
16.534
17.482
48.765
38.681
17.823
15.583
48.510
15.897
48.750
24.170
15.761
15.502
15.429
15.510
16.465
18.097
15.568
41.945
75.059
15.273
16.361
79.908
17.501
16.837
3.196
14.510
15.118
17.706
15.295
42.006
34.059
20.566
16.535
16.296
16.281
16.928
15.694
15.735
15.232
17.433
16.519
19.921
15.776
32.319
15.877
17.458
17.061
42.128
17.197
46.605
17.960
16.013
17.891
17.563
17.520
15.527
16.010
42.397
32.032
17.948
