12.113
12.752
15.935
13.262
12.123
12.770
11.708
12.351
12.519
12.722
16.851
12.761
13.236
14.437
14.458
13.255
13.207
2.331
12.765
12.999
12.893
13.671
1.480
15.564
13.742
13.164
13.035
13.500
13.238
13.745
13.320
59.342
12.281
12.781
14.458
14.029
13.764
13.268
13.418
13.401
2.465
13.249
13.636
12.658
13.579
13.504
13.243
14.861
12.973
13.215
12.623
13.395
15.993
11.924
13.239
15.039
13.951
13.729
13.489
13.027
13.532
14.898
15.017
13.720
14.478
13.809
13.260
13.550
13.728
13.739
14.288
13.816
69.153
13.649
14.848
13.691
3.416
12.870
14.104
16.160
13.154
21.781
10.497
13.273
12.853
13.667
13.375
13.256
13.412
13.794
27.735
13.583
14.618
13.990
13.051
12.862
12.797
17.459
13.274
13.335
13.153
13.295
12.218
12.887
13.508
12.609
15.117
1.543
15.888
12.363
14.524
14.664
13.846
12.809
13.348
14.308
