87363676
87363788
87363795
87363804
87363814
87364419
87364481
87364489
87364498
87364507
87365028
87365094
87365108
87365123
87365135
87365152
87365168
87365239
87365246
87365247
87365249
87365307
87365308
87365309
87365310
87365312
87365313
87365316
87365317
87365318
87365319
87365320
87365326
87365333
87365336
87365401
87365413
87365415
87365417
87365419
87365420
87365422
87365423
87365427
87365430
87365433
87365434
87365437
87365439
87365442
87365443
87365446
87365484
87365485
87365486
87365488
87365491
87365495
87365500
87365507
87365513
87365519
87365582
87365651
87365654
87365655
87365656
87365658
87365659
87365660
87365662
87365664
87365667
87365668
87365669
87365670
87365672
87365674
87365675
87365685
87365695
87365702
87365811
87365821
87365822
87365823
87365825
87365828
87365829
87365835
87365841
87365844
87365871
87365877
87365878
87365891
87365897
87365904
87366024
87366032
87366037
87366039
87366041
87366042
87366043
87366048
87366052
87366061
87366070
87366071
87366074
87366075
87366076
87366077
87366079
87366080
87366082
87366093
87366094
87366105
87366115
87366124
87366143
87366146
87366155
87366164
87366173
87366286
87366288
87366297
87366306
87366315
87366452
87366454
87366464
87366473
87366482
87366507
87366510
87366523
87366533
87366542
87366654
87366657
87366671
87366680
87366689
87366823
87366887
87367024
87367038
87367051
87367080
87367088
87367111
87367121
87367130
87367251
87367255
87367275
87367289
87367305
87367331
87367335
87367347
87367356
87367365
87367376
87367384
87367393
87367402
87367537
87367546
87367554
87367569
87367572
87367573
87367574
87367575
87367576
87367577
87367578
87367579
87367580
87367581
87367582
87367583
87367584
87367585
87367586
87367588
87367589
87367590
87367592
87367605
87367614
87367620
87367645
87367654
87367663
87367820
87367829
87367838
87367934
87367943
87367952
87367986
87367995
87368004
87368139
87368148
87368157
87368203
87368213
87368222
87368296
87368302
87368308
87368519
87368528
87368537
87368615
87368623
87368629
87368735
87368753
87368764
87368872
87368881
87368887
87368923
87368932
87368941
87369072
87369081
87369090
87369161
87369170
87369179
87369227
87369236
87369248
87369398
87369407
87369416
87369468
87369478
87369488
87369538
87369548
87369557
87369714
87369723
87369733
87369808
87369817
87369827
87369857
87369866
87369872
87369986
87369995
87370004
87370024
87370033
87370042
87370065
87370074
87370083
87370198
87370207
87370217
87370267
87370276
87370285
87370316
87370325
87370335
87370478
87370487
87370496
87370537
87370546
87370555
87370596
87370606
87370615
87370753
87370762
87370771
87370834
87370845
87370854
87370877
87370886
87370895
87371042
87371051
87371061
87371120
87371129
87371138
87371179
87371189
87371345
87371354
87371393
87371402
87371412
87371476
87371485
87371660
87371669
87371747
87371756
87371833
87371842
87371852
87372037
87372046
87372129
87372138
87372144
87372179
87372192
87372201
87372210
87372329
87372355
87372364
87372381
87372386
87372396
87372405
87372414
87372428
87372433
87372450
87372467
87372563
87372595
87372607
87372616
87372637
87372643
87372657
87372666
87372676
87372691
87372698
87372793
87372810
87372843
87372848
87372866
87372875
87372901
87372910
87372925
87372934
87372956
87372964
87373074
87373083
87373093
87373122
87373151
87373173
87373182
87373208
87373213
87373234
87373244
87373268
87373275
87373276
87373391
87373400
87373414
87373419
87373438
87373447
87373466
87373470
87373471
87373488
87373497
87373517
87373522
87373638
87373647
87373707
87373760
87373813
87373822
87373833
87373854
87373862
87373895
87373904
87373932
87374072
87374081
87374110
87374152
87374161
87374187
87374239
87374249
87374277
87374403
87374414
87374510
87374520
87374568
87374577
87374697
87374706
87374732
87374741
87374779
87374788
87374908
87374917
87374985
87374994
87375036
87375045
87375203
87375212
87375259
87375268
87375326
87375335
87375507
87375517
87375558
87375567
87375599
87375608
87375731
87375741
87375771
87375780
87375812
87375821
87375972
87375982
87376024
87376033
87376069
87376078
87376221
87376230
87376274
87376283
87376355
87376372
87376506
87376516
87376553
87376562
87376687
87376698
87376728
87376737
87376766
87376775
87376913
87376922
87376997
87377007
87377051
87377060
87377221
87377231
87377299
87377309
87377365
87377375
87377569
87377582
87377678
87377684
87377690
87377729
87377738
87377747
87377880
87377889
87377942
87377951
87377993
87378002
87378136
87378146
87378225
87378234
87378285
87378294
87378452
87378461
87378526
87378535
87378606
87378616
87378789
87378798
87378863
87378872
87378907
87378916
87379047
87379056
87379080
87379089
87379119
87379128
87379283
87379293
87379331
87379340
87379370
87379379
87379496
87379517
87379526
87379552
87379574
87379583
87379604
87379628
87379637
87379767
87379818
87379828
87379838
87379849
87379879
87379888
87379902
87379905
87379920
87379929
87380041
87380043
87380055
87380064
87380070
87380072
87380088
87380097
87380106
87380110
87380139
87380155
87380236
87380238
87380284
87380293
87380300
87380308
87380328
87380338
87380347
87380356
87380461
87380478
87380490
87380498
87380522
87380531
87380544
87380552
87380585
87380597
87380608
87380624
87380785
87380795
87380817
87380848
87380898
87380908
87380917
87380926
87380953
87380962
87380970
87380973
87381083
87381092
87381095
87381105
87381126
87381135
87381138
87381140
87381160
87381169
87381178
87381294
87381303
87381306
87381366
87381369
87381376
87381406
87381413
87381422
87381566
87381575
87381619
87381628
87381677
87381686
87381834
87381843
87381917
87381926
87381965
87381974
87382109
87382118
87382161
87382170
87382209
87382219
87382351
87382360
87382437
87382446
87382506
87382516
87382673
87382683
87382729
87382739
87382805
87382815
87383020
87383029
87383108
87383117
87383177
87383186
87383324
87383333
87383365
87383374
87383431
87383438
87383588
87383597
87383639
87383648
87383688
87383697
87383838
87383847
87383905
87383914
87383962
87383979
87384138
87384147
87384188
87384198
87384306
87384324
87384392
87384401
87384441
87384450
87384571
87384580
87384645
87384654
87384694
87384704
87384859
87384869
87384932
87384942
87385026
87385035
87385183
87385192
87385261
87385270
87385309
87385482
87385488
87385494
87385575
87385581
87385587
87385656
87385663
87385669
87385810
87385819
87385825
87385895
87385904
87385910
87385952
87385961
87385970
87386116
87386125
87386179
87386188
87386235
87386244
87386389
87386398
87386512
87386525
87386613
87386625
87386810
87386820
87386906
87386912
87386918
87386993
87387002
87387212
87387226
87387316
87387330
87387339
87387442
87387448
87387454
87387613
87387622
87387633
87387691
87387701
87387710
87387776
87387786
87387796
87387954
87387970
87387984
87388055
87388063
87388072
87388106
87388117
87388126
87388246
87388253
87388262
87388286
87388307
87388316
87388381
87388411
87388427
87388440
87388596
87388620
87388630
87388639
87388692
87388710
87388716
87388724
87388778
87388979
87389053
87389072
87389972
87389986
87389995
87390004
87390383
87390694
87390703
87391156
87391269
87391278
87391671
87391972
87392038
87392469
87392482
87392492
87392498
87392734
87392850
87392859
87392879
87392891
87392900
87392926
87392948
87392957
87392965
87393130
87393136
87393142
87393248
87393254
87393262
87393359
87393365
87393372
87393532
87393542
87393549
87393934
87393944
87393953
87394845
87394854
87394864
87395406
87395416
87395422
87395497
87395507
87395516
87395547
87395556
87395565
87395682
87395691
87395700
87395721
87395730
87395739
87395783
87395789
87395795
87395946
87395964
87395974
87395980
87396081
87396096
87396102
87396108
87396233
87396261
87396272
87396278
87396457
87396478
87396488
87396494
87396545
87396565
87396574
87396581
87396629
87396654
87396663
87396674
87396801
87396845
87396851
87396854
87396904
87396934
87396944
87396953
87396991
87397010
87397019
87397023
87397148
87397166
87397175
87397184
87397224
87397255
87397264
87397267
87397312
87397359
87397368
87397374
87397521
87397594
87397601
87397608
87397696
87397739
87397748
87397754
87397814
87397857
87397865
87397869
87398036
87398067
87398076
87398086
87398115
87398139
87398148
87398158
87398194
87398294
87398313
87398332
87398389
87398444
87398454
87398464
87398485
87398524
87398534
87398543
87398671
87398680
87398689
87398719
87398728
87398737
87398769
87398778
87398787
87398907
87398916
87398925
87398991
87399001
87399010
87399043
87399052
87399062
87399194
87399203
87399212
87399258
87399267
87399276
87399321
87399330
87399339
87399477
87399486
87399495
87399565
87399574
87399583
87399606
87399615
87399624
87399741
87399750
87399759
87399788
87399797
87399806
87399828
87399837
87399846
87399970
87399979
87399988
87400139
87400148
87400157
87400208
87400218
87400227
87400374
87400383
87400393
87400712
87400726
87400739
87400790
87400817
87400826
87400835
87400964
87401003
87401019
87401033
87401052
87401064
87401073
87401082
87401098
87401105
87401114
87401124
87401233
87401245
87401254
87401263
87401271
87440765
87440769
87440774
87440911
87440920
87440923
87440959
87440964
87440969
87441011
87441019
87441027
87441180
87441205
87441207
87441242
87441248
87441250
87441293
87441297
87441301
87441412
87441420
87441429
87441457
87441461
87441464
87441477
87441478
87441480
87441624
87441632
87441635
87441667
87441669
87441675
87441677
87441720
87441728
87441739
87441749
87441896
87441900
87441908
87441914
87441970
87441975
87441985
87441990
87442027
87442038
87442047
87442076
87442171
87442215
87442219
87442230
87442235
87442242
87442273
87442289
87442293
87442302
87442307
87442314
87442327
87442334
87442337
87442342
87442390
87442446
87442460
87442471
87442475
87442482
87442486
87442493
87442504
87442523
87442526
87442539
87442624
87442658
87442675
87442730
87442734
87442752
87442802
87442811
87442840
87442978
87443003
87443031
87443072
87443079
87443101
87443154
87443163
87443187
87443350
87443360
87443390
87443481
87443501
87443534
87443556
87443560
87443586
87443769
87443788
87443794
87443815
87443846
87443871
87443885
87444086
87444100
87444123
87444179
87444222
87449260
87449268
87449432
87449438
87449500
87449502
87449537
87449541
87449669
87449672
87449722
87449725
87449779
87449783
87449935
87449941
87450024
87450029
87450066
87450074
87450276
87450283
87450365
87450374
87450393
87450447
87450454
87450472
87450623
87450625
87450634
87450716
87450721
87450755
87450818
87450824
87450833
87450920
87451025
87451029
87451040
87451046
87451088
87451097
87451102
87451113
87451118
87451131
87451145
87451148
87451189
87451219
87451301
87451364
87451372
87451377
87451382
87451433
87451496
87451571
87451708
87451730
87451733
87451734
87451736
87451737
87451741
87451742
87451744
87451745
87451746
87451747
87451748
87451749
87451752
87451753
87451754
87451755
87451756
87451757
87451758
87451759
87451820
87451821
87451822
87451823
87451824
87451825
87451892
87451960
87451964
87452084
87452152
87452154
87452159
87452161
87452164
87452247
87452254
87452257
87452258
87452430
87452431
87452433
87452434
87452435
87452484
87452485
87452487
87452488
87452489
87452556
87452560
87452567
87452578
87452582
87452740
87452741
87452746
87452751
87452820
87452823
87452827
87452832
87452839
87452840
87452902
87452907
87452913
87452928
87452931
87452932
87453088
87453096
87453109
87453112
87453211
87453216
87453290
87453291
87453425
87453428
87453456
87453462
87453831
87453832
87453834
87453837
87453841
87453846
87453847
87453852
87453854
87453858
87453859
87453862
87453976
87453978
87453981
87453982
87453985
87453986
87453987
87453988
87454185
87454281
87454369
87454551
87454657
87454715
87454865
87454878
87454912
87454921
87454943
87454956
87454961
87455083
87455098
87455182
87455208
87455255
87455275
87455418
87455420
87455441
87455444
87455459
87455462
87455465
87455501
87455503
87455547
87455588
87455629
87455637
87455747
87455803
87455806
87455807
87455819
87455844
87455850
87455879
87456036
87456037
87456038
87456039
87456040
87456041
87456042
87456043
87456044
87456045
87456046
87456047
87456049
87456050
87456051
87456052
87456054
87456055
87456057
87456060
87456079
87456080
87456082
87456083
87456084
87456085
87456086
87456087
87456088
87456089
87456090
87456091
87456092
87456093
87456094
87456095
87456096
87456097
87456098
87456099
87456100
87456102
87456103
87456104
87456105
87456106
87456107
87456109
87456110
87456111
87456112
87456113
87456114
87456130
87456207
87456226
87456243
87456262
87456281
87456305
87456317
87456329
87456330
87456331
87456332
87456334
87456336
87456337
87456338
87456340
87456342
87456343
87456345
87456348
87456349
87456350
87456351
87456352
87456353
87456354
87456355
87456362
87456364
87456365
87456367
87456371
87456373
87456374
87456377
87456380
87456383
87456384
87456387
87456396
87456412
87456423
87456425
87456427
87456430
87456431
87456433
87456435
87456449
87456451
87456452
87456453
87456455
87456456
87456457
87456463
87456501
87456544
87456554
87456556
87456558
87456560
87456562
87456564
87456565
87456567
87456603
87456740
87456777
87456830
87456868
87456910
87456921
87456960
87457090
87457094
87457107
87457158
87457161
87457162
87457164
87457165
87457169
87457172
87457173
87457174
87457175
87457176
87457180
87457193
87457202
87457203
87457204
87457205
87457206
87457207
87457209
87457211
87457214
87457322
87457329
87457339
87457353
87457361
87457385
87457508
87457568
87457617
87457682
87457708
87457740
87457874
87457921
87457961
87458007
87458041
87458077
87458204
87458294
87458316
87458336
87458457
87458475
87458489
87458639
87458695
87461569
87461591
87461627
87461798
87461839
87461910
87462048
87462117
87462148
87462261
87462275
87462292
87462407
87462456
87462495
87462643
87462683
87462713
87462843
87462943
87462968
87462995
87463003
87463009
87463151
87463157
87463170
87463176
87463180
87463185
87463289
87463298
87463339
87463356
87463368
87463380
87463501
87463506
87463517
87463533
87463538
87463551
87463571
87463575
87463588
87463701
87463707
87463747
87463764
87463770
87463780
87463793
87463797
87463808
87463924
87463930
87463945
87463973
87463989
87464020
87464050
87464067
87464089
87464223
87464230
87464283
87464317
87464328
87464349
87464394
87464411
87464441
87464570
87464602
87464630
87464699
87464700
87464701
87464703
87464704
87464712
87464846
87464848
87464849
87464851
87464852
87464855
87464857
87464860
87464926
87464927
87464928
87464929
87464930
87464931
87464933
87464934
87464935
87464963
87465081
87465132
87465476
87465478
87465479
87465481
87465484
87465487
87465488
87465489
87465493
87465497
87465498
87465499
87465502
87465505
87465506
87465508
87465510
87465518
87465522
87465524
87467424
87467440
87467467
87467496
87467527
87467546
87467670
87467693
87467764
87467794
87467844
87467868
87468014
87468045
87468091
87468113
87468158
87468197
87468350
87468388
87468484
87468518
87468574
87468575
87468700
87468702
87468746
87468748
87468812
87468813
87468979
87468980
87469043
87469044
87469114
87469115
87469287
87469385
87469419
87469555
87469654
87469656
87469719
87469721
87469872
87469874
87469922
87469923
87469990
87469991
87470145
87470146
87470234
87470235
87470296
87470297
87470504
87470505
87470599
87470660
87470813
87470927
87470982
87471147
87471242
87471431
87471604
87471687
87471752
87473452
87473623
87473727
87473786
87473906
87473950
87473967
87473968
87474093
87474094
87474155
87474157
87474197
87474198
87474345
87474346
87474387
87474388
87474460
87474461
87474643
87474644
87474674
87474675
87474704
87474705
87474829
87474831
87474855
87474858
87474871
87474873
87475015
87475017
87475019
87475022
87475023
87475024
87475026
87475028
87475059
87475106
87475252
87475302
87475351
87475388
87475526
87475530
87475577
87475587
87475588
87475720
87475758
87475781
87475794
87475796
87475816
87475927
87475980
87476001
87476004
87476035
87476069
87476071
87476107
87476342
87476416
87476481
87479001
87479218
87479278
87479316
87479341
87479449
87479489
87479543
87479573
87479609
87479674
87479841
87479877
87479914
87479961
87479989
87480027
87480140
87480181
87480204
87480228
87480247
87480305
87481210
87482206
87482246
87482521
87483407
87483889
87484010
87484342
87485152
87485686
87485722
87486104
87487087
87487584
87487621
87488790
87489463
87491179
87491181
87491183
87491186
87491187
87491189
87491191
87491193
87491196
87491198
87491201
87491202
87491203
87491207
87491208
87491209
87491213
87491214
87491215
87491220
87491453
87491456
87491458
87491459
87491461
87491462
87491474
87491502
87491527
87491529
87491532
87491533
87496122
87496967
87497849
87498627
87499607
87500413
87501225
87501874
87502376
87503590
87504146
87505015
87505096
87505278
87505368
87506307
87507497
87508049
87509075
87509480
87675737
87675738
87675739
87675740
87675741
87675742
87675743
87675744
87675745
87675746
87801112
87801126
87801137
87801146
87801156
87801165
87801177
87801187
87801254
87801325
87801397
87801462
87801529
87801543
87801613
87801672
87801739
87801801
87801867
87801934
87815271
87815273
87815276
87815465
87815466
87815468
87815469
87815470
87815472
87815505
87864741
87864742
87864743
87864744
87864745
87864746
87864747
87864748
87864749
87864750
88056374
88056377
88056378
88056380
88056381
88056384
88056385
88056448
88056627
88056688
88056713
88056749
88056808
88056863
88056922
88056981
88340283
88340284
88340285
88340286
88340287
88340288
88340289
88340290
88340291
88340294
88340295
88340297
88340303
88340304
88340310
88340317
88340337
88340342
88340343
88567969
88567970
88567976
88567977
88567979
88567984
88568047
88568105
88571348
88571409
88571470
88571525
88571526
88571584
88571936
88705875
88705936
88705941
88705949
88705958
88705982
88705988
88705996
88706003
88706009
88706019
88706158
88706228
88706294
88706357
88706421
88706426
88706490
88706551
88706556
88836149
88836158
88836167
88837073
88837082
88837149
88837763
88837772
88837781
88838676
88838685
88838695
88839680
88839689
88839698
88840642
88840651
88840704
88841742
88841751
88841818
88842714
88842768
88842789
88843801
88843824
88843838
88844881
88844909
88844956
88846053
88846062
88846072
88846984
88846993
88847003
88848028
88848037
88848052
88849122
88849131
88849141
88849698
88849707
88849765
88850790
88850799
88850817
88851449
88851458
88851527
88852538
88852547
88852556
88853159
88853168
88853234
88854162
88854205
88854237
88854828
88854863
88854907
88855944
88855977
88855986
88856538
88856561
88856570
88857700
88857710
88857725
88858252
88858318
88858328
88859419
88859429
88859438
88860064
88860073
88860139
88861155
88861221
88861230
88861946
88861955
88861964
88862892
88862901
88862910
88863559
88863568
88863577
88864472
88864481
88864550
88865370
88865379
88865388
88866181
88866190
88866199
88867098
88867107
88867116
88867855
88867864
88867873
88868949
88868959
88868968
88869636
88869645
88869655
88870610
88870619
88870628
88871368
88871378
88871387
88872353
88872362
88872371
88873008
88873017
88873026
88873952
88873962
88873971
88874619
88874628
88874640
88875566
88875575
88875584
88876249
88876258
88876268
88877224
88877234
88877294
88877961
88877970
88878015
88878925
88878934
88878997
88879599
88879665
88879675
88880686
88880695
88880705
88881434
88881497
88881506
88882318
88882377
88882386
88883239
88883248
88883258
88884122
88884133
88884196
88884969
88885022
88885045
88885870
88885879
88885933
88886899
88886909
88886918
88887752
88887761
88887825
88888615
88888624
88888633
88889458
88889532
88889544
88890645
88890654
88890664
88891570
88891582
88891592
88892341
88892350
88892359
88893234
88893266
88893309
88894017
88894026
88894035
88894946
88894955
88894964
88895680
88895689
88895698
88896560
88896569
88896578
88897422
88897449
88897500
88898229
88898238
88898247
88899163
88899172
88899182
88899848
88899857
88899866
88900816
88900825
88900835
88901518
88901527
88901537
88902496
88902505
88902519
88903251
88903260
88903269
88904196
88904205
88904214
88904861
88904871
88904880
88905810
88905819
88905828
88906480
88906490
88906499
88907494
88907503
88907513
88908186
88908196
88908218
88909191
88909201
88909245
88909890
88909899
88909908
88910991
88911000
88911011
88911707
88911716
88911783
88912745
88912754
88912820
88913489
88913498
88913507
88914458
88914467
88914533
88915186
88915197
88915263
88916197
88916206
88916215
88916883
88916905
88916956
88917868
88917878
88917887
88918616
88918625
88918634
88919578
88919644
88919653
88920314
88920324
88920384
88921345
88921414
88921424
88922103
88922113
88922177
88923183
88923192
88923201
88923836
88923887
88923896
88924840
88924849
88924858
88925548
88925557
88925567
88926464
88926474
88926484
88927295
88927304
88927313
88928105
88928114
88928124
88928984
88928993
88929002
88929808
88929818
88929827
88930680
88930743
88930750
88931472
88931481
88931490
88932420
88932429
88932438
88933173
88933182
88933191
88934124
88934133
88934142
88934810
88934819
88934829
88935719
88935729
88935738
88936452
88936461
88936471
88937338
88937347
88937356
88938153
88938164
88938174
88939014
88939023
88939032
88939787
88939797
88939806
88940702
88940729
88940775
88941603
88941613
88941622
88942441
88942451
88942467
88943288
88943299
88943308
88943961
88943973
88943986
88944029
88944038
88944048
88944105
88944114
88944124
88944241
88944252
88944263
88944348
88944358
88944367
88944428
88944443
88944471
88944659
88944666
88944672
88944729
88944739
88944745
88944746
88944752
88944757
88944759
88944763
88944766
88944769
88944772
88944776
88944779
88944780
88944783
88944784
88944786
88944790
88944793
88944794
88944797
88944800
88944841
88944847
88944854
88944949
88944959
88944966
88945026
88945038
88945048
88945101
88945107
88945113
88945154
88945163
88945172
88945200
88945209
88945219
88945235
88945244
88945253
88945310
88945320
88945331
88945406
88945416
88945425
88945494
88945504
88945515
88945624
88945634
88945643
88945691
88945700
88945709
88946449
88946458
88946467
88947578
88947588
88947597
88948486
88948519
88948528
88949366
88949375
88949384
88950321
88950345
88950399
88951224
88951233
88951243
88952058
88952067
88952076
88953104
88953113
88953122
88954136
88954145
88954154
88955132
88955141
88955150
88956098
88956108
88956117
88956938
88956947
88956957
88957976
88957987
88958056
88958865
88958892
88958940
88959956
88960023
88960032
88960733
88960742
88960751
88961856
88961865
88961874
88962646
88962655
88962664
88963646
88963656
88963665
88964665
88964720
88964742
88965768
88965777
88965844
88966662
88966728
88966738
88967839
88967891
88967914
88968754
88968763
88968772
88969710
88969721
88969730
88970746
88970756
88970765
88971552
88971562
88971571
88972461
88972471
88972481
88973171
88973212
88973247
88974217
88974226
88974235
88974922
88974931
88974940
88975911
88975920
88975929
88976613
88976627
88976692
88977600
88977609
88977619
88978402
88978431
88978440
88979298
88979307
88979316
88980387
88980396
88980406
88981064
88981073
88981082
88982042
88982093
88982103
88982722
88982731
88982740
88983815
88983824
88983833
88984375
88984385
88984394
88985457
88985467
88985476
88986086
88986150
88986160
88987002
88987011
88987020
88987821
88987831
88987892
88988932
88988942
88988952
88989626
88989635
88989644
88990676
88990743
88990752
88991304
88991369
88991378
88992350
88992419
88992428
88992932
88992942
88992951
88993928
88993938
88993983
88994678
88994725
88994734
88995647
88995668
88995720
88996459
88996475
88996484
88997367
88997376
88997393
88998286
88998296
88998306
88999196
88999205
88999251
89000098
89000108
89000117
89001024
89001033
89001043
89001772
89001781
89001790
89002689
89002698
89002707
89003397
89003406
89003415
89004327
89004336
89004345
89005185
89005195
89005255
89006067
89006076
89006086
89006926
89006935
89006945
89007698
89007708
89007717
89008731
89008741
89008822
89009617
89009626
89009636
89010580
89010590
89010599
89011535
89011555
89011564
89012390
89012399
89012408
89013344
89013353
89013362
89014332
89014342
89014351
89015179
89015211
89015252
89016161
89016230
89016240
89017154
89017165
89017174
89017903
89017967
89017977
89019050
89019059
89019068
89019733
89019793
89019802
89020913
89020926
89020936
89021606
89021612
89021620
89022771
89022782
89022840
89023473
89023479
89023485
89024687
89024693
89024699
89025357
89025421
89025430
89026441
89026450
89026461
89027175
89027185
89027217
89028150
89028162
89028171
89029044
89029057
89029066
89029820
89029829
89029838
89030713
89030776
89030785
89031568
89031577
89031586
89032561
89032630
89032636
89033326
89033333
89033340
89034407
89034413
89034419
89035044
89035050
89035056
89036124
89036133
89036142
89036739
89036750
89036759
89037843
89037852
89037861
89038436
89038445
89038456
89039520
89039529
89039598
89040106
89040116
89040125
89041328
89041337
89041346
89041947
89041953
89041959
89043068
89043081
89043124
89043713
89043722
89043731
89044822
89044829
89044835
89045466
89045496
89045538
89046612
89046621
89046630
89047227
89047237
89047246
89048326
89048332
89048338
89049033
89049045
89049051
89050201
89050208
89050259
89050913
89050922
89050931
89052123
89052130
89052136
89052807
89052835
89052844
89053911
89053920
89053929
89054488
89054561
89054570
89055577
89055586
89056340
89059994
89061846
89140846
89141436
89141586
89142480
89142489
89142950
89143217
89143592
89143829
89144148
89144630
89145373
89145501
89146200
89146386
89146762
89146830
89148585
89151713
89363618
89363710
89363727
89363746
89363763
89363782
89363857
89365672
89365691
89365712
89365732
89365749
89365766
89365783
89367085
89367144
89367663
89367681
89367700
89367720
89382210
89382760
89382902
89383544
89383783
89401793
89404230
89404525
89404725
89493182
89585016
89585018
89585020
89585022
89585024
89585799
89585801
89585803
89585805
89585807
89585809
89588439
89588442
89588444
89588446
89588448
89588638
89588640
89588642
89588644
89588646
89588648
89590129
89590131
89590133
89590135
89590558
89590561
89590563
89590565
89590568
89632370
89633221
89633231
89633946
89633993
89634645
89634770
89651589
89651590
89651595
89651596
89651599
89651600
89651660
89651661
89651717
89651718
89651779
89651796
89651798
89651837
89651838
89651839
89651840
89651903
89651966
89651967
89651968
89651969
89651971
89652029
89652086
89652087
89652145
89652146
89652147
89652170
89652210
89652265
89652266
89652268
89652269
89652271
89652272
89652275
89652276
89652340
89652342
89652343
89652404
89652407
89652467
89652469
89652471
89652472
89652532
89652534
89653411
89653412
89653417
89653419
89653421
89653539
89653598
89653600
89653602
89653732
89653738
89653740
89653741
89653858
89653863
89653865
89653989
89653993
89653997
89654111
89654489
89654620
89654754
89654885
89655073
89655078
89655741
89655749
89655810
89655813
89655881
89655940
89655941
89655944
89655946
89656069
89656073
89656074
89656141
89656384
89656387
89656512
89656515
89656645
89656647
89656798
89656849
89656869
89656996
89656997
89657129
89657131
89657156
89657175
89657345
89657471
89657473
89657605
89657785
89657900
89658025
89658026
89658821
89658825
89658827
89658828
89658932
89658938
89659061
89659185
89659306
89659307
89659427
89659603
89659725
89659726
89659838
89659964
89659969
89660036
89660155
89660332
89686280
89686354
89686486
89686502
89686567
89686695
89686823
89686949
89687153
89687292
89687356
89687473
89687474
89687535
89687540
89687545
89687608
89687819
89687937
89688057
89764013
89768613
89768615
89768617
89768619
89768621
89793715
89793723
89793730
89793734
89793736
89793738
89793815
89793817
89793819
89793821
89793823
89794804
89794806
89794808
89794812
89794815
89794818
89796802
89796804
89796806
89796809
89796811
89796813
89798593
89798595
89798597
89798600
89798604
89798606
89798788
89798790
89801726
89801728
89801730
89801733
89801735
89803560
89803563
89803565
89803567
89803569
89803571
89803854
89803857
89803859
89803862
89803864
89803867
89803869
89805674
89805676
89806536
89806576
89806613
89806615
89806791
89806793
89806795
89806797
89806799
89806801
89809743
89809789
89809803
89809805
89809807
89809809
89810046
89810048
89810050
89810052
89810054
89810058
89811748
89811751
89811753
89811755
89811759
89811763
89811904
89811939
89811964
89813686
89813688
89813690
89813883
89813886
89813889
89813892
89813895
89837208
89837218
89837226
89837304
89837365
89837497
89837622
89837736
89837855
89838031
89838151
89838276
89838405
89838525
89838650
89838781
89838902
89838903
89838911
89838926
89843450
89843588
89843599
89843602
89843609
89843737
89843887
89844041
89844166
89844236
89844238
89844239
89844247
89844248
89844257
89844265
89844271
89844408
89844539
89844580
89848809
89848931
89849123
89849237
89849238
89849359
89849363
89849365
89849370
89849373
89849376
89849496
89849616
89849791
89849853
89849854
89849968
89850140
89850260
89850379
89854368
89854416
89854548
89854549
89854551
89854664
89854834
89854952
89855065
89855179
89855354
89855407
89855451
89855535
89855536
89855537
89855539
89855559
89855596
89855747
89857627
89857633
89857640
89857649
89857658
89857675
89857678
89857687
89857689
89857704
89857728
89857751
89857761
89857771
89857780
89857781
89857786
89857787
89857789
89857802
89861114
89861270
89861418
89861544
89861610
89861611
89861731
89861911
89862170
89862288
89862401
89862472
89862473
89862592
89862593
89862651
89862653
89862654
89862726
89862730
89868819
89869012
89869013
89869134
89869257
89869258
89869445
89869535
89869683
89869809
89869877
89869878
89870001
89870118
89870251
89870315
89870326
89870377
89870498
89870503
89876308
89876488
89876489
89876491
89876500
89876630
89876851
89876918
89876977
89877103
89877228
89877291
89877468
89877535
89877663
89877678
89877844
89877845
89877847
89877849
89883627
89883639
89883804
89883807
89883932
89884061
89884184
89884234
89884255
89884256
89884266
89884334
89884461
89884587
89884589
89884641
89884642
89884715
89884836
89884956
89885680
89885695
89885698
89885701
89885702
89885719
89885734
89885736
89885755
89885764
89885783
89885801
89885822
89885847
89885868
89885885
89885901
89885918
89885919
89885935
89886876
89886881
89886909
89886911
89886927
89886938
89886944
89886945
89886951
89886959
89886971
89886979
89886988
89886995
89887003
89887008
89887009
89887016
89887020
89887027
89887437
89887442
89887457
89887466
89887475
89887477
89887485
89887486
89887489
89887490
89887491
89887495
89887504
89887505
89887506
89887512
89887521
89887528
89887530
89887538
89891752
89891930
89892049
89892165
89892236
89892238
89892239
89892241
89892248
89892249
89892315
89892442
89892443
89892597
89892747
89892748
89892874
89892875
89893003
89893064
89897502
89897509
89897510
89897512
89897582
89897705
89897706
89897829
89897950
89898009
89898140
89898203
89898209
89898219
89898220
89898232
89898292
89898409
