87363789
87363798
87363807
87364482
87364492
87364501
87364713
87364774
87364775
87364776
87364835
87364836
87364837
87364895
87364896
87364899
87364944
87364959
87364960
87364961
87365025
87365397
87365398
87365400
87365403
87365404
87365405
87365407
87365409
87365410
87365456
87365457
87365458
87365460
87365462
87365464
87365465
87365467
87365468
87365471
87365473
87365476
87365478
87365480
87365481
87365679
87365688
87365787
87365789
87365791
87365792
87365794
87365796
87365797
87365800
87365801
87365804
87365806
87365808
87365812
87365814
87365815
87365818
87365820
87365885
87366044
87366055
87366064
87366099
87366108
87366118
87366149
87366158
87366167
87366291
87366300
87366309
87366458
87366467
87366476
87366517
87366526
87366536
87366665
87366674
87366683
87367016
87367029
87367043
87367105
87367114
87367124
87367266
87367280
87367294
87367341
87367350
87367359
87367378
87367387
87367396
87367530
87367540
87367550
87367560
87367561
87367562
87367565
87367566
87367567
87367599
87367608
87367638
87367648
87367657
87367814
87367823
87367832
87367928
87367937
87367946
87367979
87367989
87367998
87368133
87368142
87368151
87368197
87368206
87368216
87368290
87368299
87368305
87368511
87368522
87368532
87368609
87368618
87368626
87368723
87368740
87368758
87368866
87368875
87368884
87368917
87368926
87368935
87369066
87369075
87369084
87369155
87369164
87369173
87369221
87369230
87369239
87369391
87369401
87369410
87369462
87369472
87369482
87369532
87369541
87369551
87369708
87369717
87369726
87369802
87369811
87369820
87369851
87369860
87369869
87369980
87369989
87369998
87370017
87370027
87370036
87370059
87370068
87370077
87370192
87370201
87370210
87370261
87370270
87370279
87370310
87370319
87370328
87370334
87370342
87370471
87370474
87370481
87370490
87370502
87370530
87370531
87370540
87370549
87370561
87370589
87370590
87370600
87370609
87370618
87370745
87370747
87370756
87370765
87370774
87370826
87370828
87370837
87370841
87370848
87370868
87370869
87370871
87370880
87370889
87371028
87371032
87371036
87371045
87371054
87371108
87371111
87371114
87371123
87371132
87371168
87371170
87371173
87371182
87371193
87371306
87371309
87371337
87371348
87371357
87371379
87371384
87371387
87371396
87371406
87371448
87371456
87371460
87371469
87371479
87371488
87371638
87371646
87371654
87371663
87371672
87371714
87371719
87371722
87371741
87371750
87371759
87371808
87371814
87371827
87371836
87371846
87371988
87371996
87372031
87372040
87372049
87372097
87372107
87372121
87372132
87372175
87372186
87372195
87372204
87372322
87372349
87372358
87372367
87372390
87372399
87372408
87372439
87372455
87372472
87372601
87372610
87372619
87372651
87372660
87372670
87372781
87372799
87372816
87372860
87372869
87372878
87372919
87372928
87372938
87373067
87373077
87373086
87373166
87373176
87373185
87373228
87373237
87373247
87373385
87373394
87373403
87373432
87373441
87373450
87373482
87373491
87373500
87373632
87373641
87373650
87373807
87373816
87373826
87373887
87373898
87373907
87374066
87374075
87374085
87374146
87374155
87374164
87374233
87374242
87374252
87374396
87374407
87374417
87374504
87374514
87374523
87374562
87374571
87374580
87374691
87374700
87374709
87374726
87374735
87374744
87374773
87374782
87374791
87374902
87374911
87374920
87374979
87374988
87374997
87375030
87375039
87375048
87375197
87375206
87375215
87375253
87375262
87375271
87375320
87375329
87375338
87375500
87375510
87375520
87375552
87375561
87375570
87375593
87375602
87375611
87375725
87375734
87375744
87375765
87375774
87375783
87375806
87375815
87375825
87375966
87375975
87375985
87376018
87376027
87376036
87376063
87376072
87376081
87376215
87376224
87376233
87376267
87376277
87376286
87376345
87376361
87376378
87376500
87376509
87376519
87376547
87376556
87376565
87376675
87376692
87376701
87376722
87376731
87376740
87376760
87376769
87376778
87376907
87376916
87376926
87376991
87377000
87377010
87377045
87377054
87377063
87377215
87377225
87377234
87377293
87377302
87377313
87377359
87377368
87377378
87377563
87377572
87377585
87377670
87377672
87377681
87377687
87377720
87377722
87377732
87377741
87377872
87377873
87377883
87377892
87377934
87377936
87377945
87377954
87377977
87377983
87377986
87377996
87378079
87378124
87378129
87378139
87378149
87378204
87378215
87378219
87378228
87378237
87378264
87378273
87378279
87378288
87378298
87378415
87378438
87378446
87378455
87378464
87378495
87378510
87378520
87378529
87378538
87378568
87378580
87378599
87378609
87378620
87378632
87378761
87378773
87378781
87378792
87378801
87378843
87378851
87378856
87378866
87378875
87378892
87378897
87378901
87378910
87378919
87379028
87379037
87379041
87379050
87379064
87379068
87379074
87379083
87379092
87379101
87379104
87379113
87379122
87379131
87379235
87379239
87379277
87379286
87379296
87379311
87379314
87379325
87379334
87379349
87379355
87379364
87379373
87379486
87379509
87379520
87379529
87379540
87379567
87379577
87379597
87379622
87379631
87379640
87379755
87379812
87379821
87379873
87379882
87379891
87379913
87379923
87379932
87380049
87380058
87380081
87380091
87380100
87380127
87380145
87380161
87380278
87380287
87380322
87380332
87380341
87380448
87380467
87380516
87380525
87380534
87380579
87380589
87380779
87380789
87380799
87380892
87380901
87380911
87380947
87380956
87380966
87381077
87381086
87381119
87381129
87381154
87381163
87381172
87381288
87381297
87381360
87381370
87381407
87381416
87381425
87381560
87381569
87381613
87381622
87381631
87381671
87381680
87381827
87381837
87381846
87381911
87381920
87381930
87381959
87381968
87381977
87382102
87382112
87382121
87382155
87382164
87382203
87382213
87382222
87382345
87382354
87382363
87382431
87382440
87382449
87382500
87382509
87382667
87382677
87382723
87382733
87382742
87382799
87382808
87383013
87383023
87383033
87383102
87383111
87383171
87383180
87383189
87383318
87383327
87383359
87383368
87383377
87383424
87383435
87383441
87383582
87383591
87383600
87383633
87383642
87383682
87383691
87383700
87383831
87383841
87383899
87383908
87383952
87383968
87383985
87384132
87384141
87384150
87384182
87384191
87384294
87384312
87384330
87384386
87384395
87384435
87384444
87384453
87384564
87384574
87384639
87384648
87384688
87384697
87384853
87384863
87384872
87384913
87384926
87384935
87384946
87384994
87385020
87385029
87385038
87385065
87385177
87385186
87385244
87385255
87385264
87385273
87385285
87385303
87385312
87385340
87385479
87385485
87385491
87385514
87385572
87385578
87385584
87385605
87385653
87385659
87385666
87385682
87385804
87385813
87385822
87385834
87385889
87385898
87385907
87385920
87385946
87385955
87385964
87385980
87386110
87386119
87386128
87386139
87386173
87386182
87386191
87386200
87386229
87386238
87386247
87386259
87386383
87386392
87386401
87386438
87386505
87386515
87386529
87386544
87386606
87386617
87386628
87386640
87386804
87386813
87386823
87386835
87386900
87386909
87386915
87386926
87386985
87386996
87387005
87387011
87387203
87387217
87387230
87387239
87387310
87387320
87387329
87387333
87387435
87387436
87387445
87387451
87387616
87387625
87387636
87387695
87387704
87387713
87387780
87387789
87387799
87387961
87387974
87387989
87388057
87388066
87388075
87388111
87388120
87388129
87388247
87388256
87388265
87388299
87388310
87388319
87388404
87388418
87388432
87388613
87388623
87388633
87388707
87388713
87388720
87388968
87388989
87389059
87389980
87389989
87389998
87390011
87390688
87390697
87390706
87390840
87391262
87391272
87391281
87391290
87391966
87392016
87392041
87392160
87392475
87392485
87392507
87392844
87392853
87392862
87392869
87392885
87392894
87392903
87392910
87392942
87392952
87392961
87392970
87393127
87393133
87393139
87393150
87393245
87393251
87393258
87393268
87393355
87393362
87393368
87393375
87393526
87393535
87393545
87393546
87393927
87393928
87393937
87393947
87394838
87394839
87394848
87394857
87395399
87395400
87395410
87395419
87395487
87395491
87395501
87395510
87395539
87395541
87395550
87395559
87395675
87395676
87395685
87395694
87395713
87395715
87395724
87395733
87395769
87395777
87395786
87395792
87395956
87395967
87395977
87396255
87396265
87396275
87396471
87396481
87396559
87396568
87396578
87396648
87396657
87396668
87396838
87396848
87396927
87396938
87396947
87397004
87397013
87397160
87397169
87397178
87397249
87397258
87397353
87397362
87397371
87397591
87397597
87397733
87397742
87397751
87397854
87397860
87398060
87398070
87398080
87398133
87398142
87398152
87398284
87398300
87398320
87398438
87398448
87398457
87398517
87398527
87398537
87398664
87398674
87398683
87398692
87398713
87398722
87398731
87398740
87398763
87398772
87398781
87398790
87398901
87398910
87398919
87398929
87398985
87398994
87398997
87399004
87399036
87399037
87399046
87399055
87399185
87399187
87399197
87399206
87399249
87399252
87399261
87399270
87399311
87399315
87399324
87399333
87399465
87399470
87399480
87399489
87399555
87438915
87438923
87438934
87439054
87439057
87439068
87439113
87439118
87439126
87439287
87439289
87439292
87439328
87439330
87439335
87439377
87439382
87439387
87439510
87439521
87439524
87439596
87439599
87439606
87439669
87439672
87439677
87439818
87439830
87439834
87439879
87439883
87439888
87439941
87439945
87439954
87439958
87440083
87440086
87440110
87440124
87440170
87440176
87440185
87440195
87440244
87440248
87440252
87440258
87440375
87440378
87440384
87440393
87440409
87440412
87440417
87440423
87440432
87440444
87440459
87440471
87440477
87440484
87440493
87440512
87440622
87440635
87440641
87440675
87440684
87440694
87440706
87440720
87440723
87440730
87440732
87440738
87440754
87440776
87440812
87440899
87440927
87440934
87440948
87440973
87440981
87440999
87441032
87441096
87441161
87441211
87441217
87441231
87441254
87441262
87441287
87441302
87441374
87441407
87441431
87441435
87441440
87441465
87441467
87441471
87441481
87441567
87441589
87441641
87441646
87441656
87441681
87441701
87441849
87441877
87441923
87441948
87441997
87442012
87442158
87443195
87447451
87447464
87447496
87447498
87447546
87447551
87447701
87447703
87447786
87447790
87447831
87447836
87447980
87447983
87448032
87448033
87448079
87448081
87448209
87448213
87448294
87448302
87448353
87448358
87448368
87448516
87448519
87448535
87448579
87448583
87448595
87448657
87448662
87448674
87448810
87448818
87448826
87448879
87448887
87448891
87448911
87448919
87448931
87448945
87448952
87448970
87448978
87449009
87449118
87449122
87449131
87449138
87449163
87449182
87449188
87449199
87449210
87449240
87449286
87449291
87449312
87449443
87449446
87449489
87449508
87449511
87449528
87449546
87449550
87449561
87449690
87449696
87449709
87449733
87449737
87449764
87449797
87449803
87449824
87449952
87449962
87450012
87450040
87450044
87450053
87450091
87450102
87450159
87450299
87450313
87450342
87450405
87450427
87450485
87450553
87450643
87450704
87450779
87450791
87450846
87451683
87451684
87451688
87451689
87451693
87451694
87451700
87451701
87451705
87451707
87451710
87451711
87451713
87451714
87451715
87451716
87451717
87451718
87451720
87451721
87451722
87451723
87451725
87451908
87452151
87452248
87452429
87452483
87452557
87452738
87452819
87452903
87453085
87453209
87453287
87453289
87453424
87453457
87453496
87453679
87453773
87453777
87453778
87453779
87453783
87453785
87453787
87453789
87453791
87453792
87453794
87453801
87453809
87453812
87453816
87453818
87453819
87453821
87453823
87453827
87453844
87453965
87454244
87454247
87454250
87454253
87454342
87454347
87454482
87454496
87454547
87454549
87454553
87454554
87454661
87454718
87454725
87454870
87454871
87454872
87454874
87454876
87455917
87455918
87455919
87455920
87455921
87455922
87455923
87455924
87455926
87455927
87455928
87455942
87455970
87455983
87455995
87456009
87456019
87456032
87456034
87456035
87456056
87456067
87456074
87456075
87456181
87456183
87456184
87456185
87456187
87456188
87456189
87456192
87456193
87456194
87456196
87456197
87456198
87456200
87456201
87456202
87456213
87456219
87456220
87456221
87456223
87456224
87456225
87456379
87456513
87456617
87456791
87456800
87456802
87456805
87456807
87456809
87456810
87456812
87456814
87456817
87456818
87456820
87456822
87456878
87456898
87456899
87456906
87456909
87456911
87456912
87456916
87456920
87456974
87457146
87457183
87457217
87457330
87457355
87457391
87457581
87457688
87457748
87457929
87458017
87458085
87458275
87459736
87459870
87459935
87459963
87460076
87460087
87460105
87460215
87460354
87460406
87460541
87460741
87460923
87461081
87461148
87461178
87461297
87461317
87461328
87461333
87461395
87461444
87461445
87461508
87461577
87461598
87461631
87461767
87461802
87461826
87461848
87461901
87461915
87462027
87462052
87462105
87462109
87462121
87462139
87462143
87462152
87462257
87462259
87462262
87462271
87462274
87462277
87462288
87462290
87462293
87462402
87462405
87462409
87462450
87462454
87462459
87462475
87462483
87462504
87462633
87462638
87462652
87462671
87462676
87462687
87462704
87462709
87462717
87462835
87462839
87462847
87462964
87462980
87463000
87463152
87463171
87463181
87463291
87463343
87463373
87464666
87464667
87464669
87464670
87464671
87464672
87464674
87464676
87464678
87464680
87464681
87464684
87464685
87464687
87464689
87464690
87464694
87464695
87464696
87464697
87465428
87465432
87465434
87465437
87465440
87465443
87465445
87465447
87465448
87465450
87465451
87465454
87465458
87465460
87465461
87465462
87465468
87465470
87465472
87465473
87465475
87465509
87465568
87465588
87465729
87465740
87465763
87465774
87465802
87465821
87465951
87465962
87466026
87466032
87466050
87466053
87466167
87466171
87466193
87466212
87466261
87466283
87466425
87466453
87466623
87466649
87466707
87466729
87466853
87466865
87466893
87466905
87466933
87466953
87467084
87467100
87467174
87467207
87467236
87467252
87467282
87467299
87467411
87467454
87467463
87467507
87467516
87467554
87467661
87467714
87467755
87467811
87467831
87467888
87467995
87468064
87468078
87468129
87468149
87468212
87468322
87468326
87468435
87468517
87469411
87469412
87469413
87469414
87469556
87471146
87471241
87471430
87471603
87471686
87471751
87471958
87471962
87472040
87472043
87472135
87472139
87472145
87472332
87472334
87472431
87472434
87472477
87472478
87472599
87472600
87472632
87472633
87472729
87472730
87472902
87472903
87472989
87472990
87473074
87473075
87473268
87473269
87473369
87473370
87473453
87473625
87473729
87473788
87473789
87473908
87473909
87473951
87473952
87473969
87474095
87474158
87474201
87474202
87474348
87474349
87474390
87474395
87474463
87474466
87474646
87474647
87474677
87474678
87474708
87474709
87474832
87474833
87474859
87474860
87474874
87474875
87475018
87475020
87475021
87475056
87475057
87475058
87475104
87475250
87475299
87475346
87475513
87475565
87475566
87475609
87475610
87475740
87475741
87475780
87475813
87475978
87476033
87476104
87476467
87476691
87476831
87476921
87476963
87477103
87477126
87477171
87477205
87477237
87477262
87477378
87477454
87477482
87477532
87477571
87477614
87477745
87477775
87477820
87477871
87477912
87477948
87478077
87478150
87478200
87478230
87478255
87478302
87478411
87478436
87478496
87478524
87478559
87478653
87478757
87478804
87478824
87478861
87479104
87479241
87480150
87480223
87480287
87482172
87482401
87483877
87484195
87485677
87485990
87487577
87487844
87489329
87489720
87491141
87491142
87491144
87491145
87491146
87491150
87491152
87491155
87491156
87491157
87491159
87491161
87491162
87491164
87491166
87491167
87491168
87491169
87491172
87491176
87491178
87491319
87491380
87491395
87491841
87493229
87493551
87494928
87495133
87593357
87675338
87675339
87675340
87675341
87675342
87675343
87675344
87675345
87675346
87675347
87799245
87799284
87799319
87799376
87799392
87799511
87799573
87799629
87799644
87799727
87799790
87799860
87799986
87800049
87800114
87800122
87800134
87800140
87800146
87800154
87831877
87836095
87837268
87838485
87839399
87839503
87849286
87849287
87849288
87849290
87849337
87849349
87849350
87849351
87849352
87849355
87854807
87864073
87864074
87864075
87864076
87864077
87864078
87864079
87864080
87864081
87864082
88032333
88034454
88034456
88034459
88034582
88035491
88035550
88036676
88036741
88037072
88055880
88055883
88055943
88056006
88056066
88056129
88056193
88056252
88056293
88056311
88078254
88286611
88286669
88286703
88286729
88286781
88286783
88286784
88286785
88286787
88286790
88286792
88286793
88291141
88309806
88340354
88340362
88340363
88340366
88340368
88340370
88340372
88340375
88527947
88706682
88706687
88706778
88706814
88706872
88706888
88706931
88706991
88707051
88707058
88707064
88707069
88707074
88707079
88707085
88709740
88709744
88712071
88712553
88748717
88836143
88836152
88836161
88837067
88837076
88837086
88837757
88837766
88837775
88838670
88838679
88838688
88839674
88839683
88839692
88840636
88840645
88840654
88841736
88841745
88841754
88842708
88842717
88842783
88843755
88843818
88843830
88844874
88844884
88844950
88846047
88846056
88846065
88846978
88846987
88846996
88848022
88848031
88848041
88849116
88849125
88849134
88849692
88849701
88849710
88850784
88850793
88850802
88851443
88851452
88851476
88852532
88852541
88852550
88853153
88853162
88853171
88854156
88854165
88854231
88854819
88854831
88854898
88855905
88855971
88855980
88856486
88856555
88856564
88857681
88857703
88857718
88858246
88858255
88858321
88859413
88859422
88859432
88860057
88860067
88860076
88861149
88861163
88861224
88861939
88861949
88861958
88862886
88862895
88862904
88863553
88863562
88863571
88864466
88864475
88864513
88865364
88865373
88865382
88866175
88866184
88866193
88867092
88867101
88867110
88867849
88867858
88867867
88868900
88868952
88868962
88869630
88869639
88869649
88870604
88870613
88870622
88871362
88871371
88871381
88872347
88872356
88872365
88873002
88873011
88873020
88873946
88873956
88873965
88874613
88874622
88874634
88875560
88875569
88875578
88876243
88876262
88877218
88877227
88877237
88877955
88877964
88877973
88878919
88878928
88878937
88879593
88879630
88879668
88880680
88880689
88880698
88881428
88881437
88881500
88882305
88882359
88882380
88883219
88883242
88883252
88884115
88884126
88884136
88884963
88884972
88885039
88885863
88885873
88885882
88886892
88886903
88886912
88887745
88887755
88887790
88888609
88888618
88888627
88889450
88889513
88889536
88890639
88890648
88890657
88891510
88891576
88891585
88892335
88892344
88892353
88893228
88893237
88893303
88894011
88894020
88894029
88894938
88894949
88894958
88895674
88895683
88895692
88896554
88896563
88896572
88897415
88897425
88897488
88898223
88898232
88898241
88899157
88899166
88899175
88899842
88899851
88899860
88900810
88900819
88900828
88901512
88901521
88901530
88902490
88902499
88902508
88903245
88903254
88903263
88904190
88904199
88904208
88904855
88904865
88904874
88905804
88905813
88905822
88906474
88906484
88906493
88907488
88907497
88907506
88908180
88908190
88908199
88909185
88909194
88909205
88909884
88909893
88909902
88910985
88910994
88911003
88911700
88911710
88911719
88912738
88912748
88912757
88913483
88913492
88913501
88914452
88914461
88914470
88915180
88915190
88915218
88916134
88916200
88916209
88916877
88916886
88916949
88917861
88917871
88917881
88918610
88918619
88918628
88919572
88919581
88919647
88920308
88920318
88920357
88921339
88921389
88921417
88922096
88922106
88922153
88923134
88923186
88923195
88923814
88923868
88923890
88924834
88924843
88924852
88925542
88925551
88925560
88926458
88926467
88926478
88927289
88927298
88927307
88928099
88928108
88928117
88928978
88928987
88928996
88929802
88929811
88929821
88929841
88929843
88929844
88929846
88929848
88929852
88930673
88930717
88931466
88931475
88931484
88932414
88932423
88932432
88933167
88933176
88933185
88934118
88934127
88934136
88934804
88934813
88934823
88935713
88935722
88935732
88936446
88936455
88936465
88937332
88937341
88937350
88938147
88938157
88938168
88939008
88939017
88939026
88939781
88939791
88939800
88940695
88940705
88940768
88941543
88941606
88941616
88942435
88942444
88942454
88943282
88943292
88943302
88943955
88943964
88943979
88944023
88944032
88944042
88944099
88944108
88944117
88944230
88944244
88944255
88944342
88944351
88944361
88944417
88944432
88944455
88944631
88944633
88944635
88944639
88944642
88944645
88944646
88944650
88944652
88944655
88944675
88944677
88944680
88944720
88944725
88944733
88944835
88944844
88944850
88944943
88944952
88944963
88945020
88945031
88945041
88945095
88945104
88945110
88945148
88945157
88945166
88945194
88945203
88945212
88945229
88945238
88945247
88945304
88945313
88945325
88945400
88945409
88945419
88945488
88945497
88945508
88945618
88945628
88945637
88945685
88945694
88945703
88946443
88946452
88946461
88947572
88947582
88947591
88948440
88948511
88948522
88949360
88949369
88949378
88950315
88950324
88950380
88951218
88951227
88951236
88952052
88952061
88952070
88953098
88953107
88953116
88954130
88954139
88954148
88955126
88955135
88955144
88956092
88956102
88956111
88956931
88956941
88956950
88957970
88957979
88958036
88958859
88958868
88958934
88959950
88959971
88960026
88960727
88960736
88960745
88961850
88961859
88961868
88962640
88962649
88962658
88963603
88963649
88963659
88964659
88964668
88964736
88965760
88965771
88965780
88966656
88966722
88966731
88967831
88967842
88967907
88968748
88968757
88968766
88969703
88969714
88969724
88970739
88970749
88970759
88971486
88971555
88971565
88972418
88972464
88972474
88973165
88973175
88973241
88974211
88974220
88974229
88974916
88974925
88974934
88975905
88975914
88975923
88976605
88976616
88976686
88977594
88977603
88977612
88978365
88978425
88978434
88978743
88979291
88979301
88979310
88980380
88980390
88980399
88981058
88981067
88981076
88982018
88982073
88982096
88982716
88982725
88982734
88983809
88983818
88983827
88984369
88984379
88984388
88985451
88985461
88985470
88986080
88986090
88986153
88986996
88987005
88987014
88987814
88987825
88987834
88988925
88988935
88988946
88989620
88989629
88989638
88990670
88990705
88990746
88991297
88991341
88991372
88992344
88992353
88992422
88992926
88992935
88992945
88993922
88993931
88993941
88994650
88994712
88994728
88995641
88995651
88995714
88996401
88996469
88996478
88997360
88997370
88997379
88998280
88998290
88998299
88999190
88999199
88999208
89000092
89000101
89000111
89001018
89001027
89001037
89001766
89001775
89001784
89002683
89002692
89002701
89003391
89003400
89003409
89004321
89004330
89004339
89005179
89005188
89005216
89006061
89006070
89006079
89006920
89006929
89006938
89007692
89007701
89007711
89008665
89008734
89008744
89009611
89009620
89009629
89010572
89010584
89010593
89011483
89011549
89011558
89012384
89012393
89012402
89013338
89013347
89013356
89014290
89014335
89014345
89015173
89015184
89015223
89016155
89016164
89016233
89017148
89017159
89017168
89017897
89017907
89017970
89018990
89019053
89019062
89019727
89019736
89019796
89020906
89020917
89020929
89021592
89021609
89021616
89022765
89022775
89022785
89023470
89023476
89023482
89024681
89024690
89024696
89025351
89025361
89025424
89026435
89026444
89026455
89027169
89027178
89027200
89028144
89028154
89028165
89028995
89029047
89029060
89029813
89029823
89029832
89030703
89030758
89030779
89031561
89031571
89031580
89032558
89032564
89032633
89033323
89033330
89033336
89034401
89034410
89034416
89035041
89035047
89035053
89036118
89036127
89036136
89036733
89036744
89036753
89037837
89037846
89037855
89038430
89038439
89038450
89039514
89039523
89039533
89040100
89040109
89040119
89041264
89041331
89041340
89041892
89041950
89041956
89043060
89043073
89043084
89043707
89043716
89043725
89044815
89044825
89044832
89045460
89045469
89045532
89046606
89046615
89046624
89047220
89047230
89047240
89048320
89048329
89048335
89048973
89049039
89049048
89050197
89050205
89050212
89050906
89050916
89050925
89052086
89052126
89052133
89052763
89052829
89052838
89053905
89053914
89053923
89054482
89054519
89054564
89055571
89055580
89056276
89057325
89057330
89058159
89059174
89059988
89060969
89061843
89061849
89062742
89140845
89141433
89141589
89142478
89142491
89142973
89143215
89143648
89143767
89144151
89144622
89145371
89145554
89146202
89146383
89146765
89146776
89148645
89151712
89189182
89363609
89363660
89363693
89363701
89363718
89363736
89363754
89363772
89363848
89363869
89365663
89365681
89365702
89365722
89365742
89365759
89365838
89367095
89367167
89367442
89367653
89367672
89367690
89367710
89367730
89382213
89382780
89382859
89383473
89383478
89383789
89401798
89404169
89404530
89404673
89453754
89584916
89584918
89584920
89584922
89584924
89585056
89585058
89585060
89585062
89585064
89585066
89585694
89585696
89585698
89585700
89585902
89585929
89585963
89585965
89585967
89585969
89588336
89588338
89588340
89588342
89588344
89588540
89588542
89588544
89588546
89588548
89588550
89590457
89590459
89590461
89590463
89590465
89632250
89633222
89633230
89633949
89633987
89634583
89634830
89651326
89651390
89651391
89651452
89651456
89651457
89651459
89651460
89651461
89651464
89651465
89651466
89651469
89651470
89651471
89651472
89651474
89651475
89651478
89651529
89651532
89651583
89651584
89651585
89652907
89653132
89653315
89653317
89653385
89653387
89654491
89654492
89654621
89654624
89654625
89654757
89654804
89654888
89654904
89654918
89654954
89654955
89655079
89655256
89655257
89655260
89655387
89655388
89655392
89655422
89655523
89655524
89655588
89656870
89656999
89657133
89657135
89657154
89657182
89657344
89657470
89657472
89657603
89657784
89657899
89658024
89658211
89658337
89658492
89658632
89658634
89658753
89658814
89684490
89684607
89684730
89684800
89684866
89684877
89685032
89685184
89685245
89685309
89685310
89685370
89685434
89685656
89685661
89685662
89685745
89685871
89685993
89686145
89695456
89762852
89768291
89768516
89768518
89768520
89768522
89768524
89793530
89793554
89793588
89793590
89793599
89793605
89793781
89793783
89793785
89793787
89793789
89794687
89794690
89794692
89794694
89794697
89794700
89796019
89796021
89796054
89796085
89796680
89796683
89796685
89796687
89796691
89796693
89798051
89798053
89798055
89798710
89798712
89798800
89798802
89798805
89798807
89798810
89801677
89801679
89801681
89801683
89801685
89801834
89801836
89801838
89801841
89801843
89801845
89803659
89803664
89803669
89803675
89803681
89803691
89803702
89803709
89803715
89803720
89803728
89806493
89806495
89806594
89806597
89806691
89806694
89806696
89806698
89806700
89806703
89807843
89808480
89808482
89808484
89808487
89808490
89808492
89809924
89809928
89809932
89809936
89809940
89811867
89811869
89811871
89813788
89813790
89813792
89813794
89813796
89813983
89813985
89813987
89813990
89813992
89813994
89837092
89837099
89837106
89837107
89837117
89837124
89837129
89837136
89837141
89837142
89837152
89837157
89837162
89837171
89837172
89837180
89837185
89837192
89837193
89837202
89841833
89841846
89841914
89841941
89842110
89842234
89842238
89842362
89842492
89842500
89842507
89842522
89842535
89842599
89842716
89842870
89843023
89843024
89843150
89843280
89847193
89847371
89847492
89847493
89847607
89847671
89847672
89847705
89847711
89847715
89847719
89847841
89847990
89848144
89848260
89848377
89848553
89848673
89848738
89848747
89852980
89853098
89853099
89853224
89853378
89853510
89853631
89853687
89853692
89853759
89853767
89853941
89854072
89854073
89854191
89854318
89854329
89854337
89854342
89854349
89857396
89857401
89857409
89857415
89857418
89857425
89857434
89857470
89857548
89857560
89857567
89857571
89857574
89857578
89857583
89857593
89857595
89857603
89857623
89857624
89858962
89859083
89859164
89859234
89859236
89859360
89859537
89859546
89859663
89859836
89859837
89859959
89860184
89860337
89860496
89860621
89860747
89860748
89860928
89861054
89867149
89867153
89867154
89867155
89867270
89867343
89867345
89867471
89867648
89867765
89867831
89867950
89868015
89868016
89868136
89868310
89868441
89868565
89868690
89868810
89874581
89874651
89874653
89874779
89874780
89874843
89874844
89875024
89875136
89875221
89875359
89875504
89875507
89875632
89875760
89875908
89876061
89876063
89876190
89876193
89881680
89881742
89881804
89881921
89882034
89882036
89882158
89882269
89882272
89882408
89882544
89882672
89882674
89882855
89882857
89882973
89883089
89883261
89883380
89883504
89885240
89885336
89885337
89885352
89885372
89885412
89885418
89885423
89885442
89885466
89885485
89885505
89885523
89885538
89885559
89885583
89885605
89885623
89885641
89885660
89885662
89886604
89886619
89886636
89886656
89886669
89886672
89886692
89886717
89886739
89886756
89886758
89886759
89886776
89886778
89886787
89886800
89886820
89886834
89886852
89886854
89887325
89887332
89887340
89887351
89887359
89887367
89887371
89887373
89887378
89887388
89887395
89887403
89887411
89887413
89887417
89887421
89887426
89887427
89887428
89887435
89890438
89890619
89890621
89890746
89890869
89890871
89890872
89891010
89891049
89891178
89891297
89891302
89891309
89891310
89891318
89891355
89891380
89891506
89891628
89891751
89896023
89896180
89896315
89896433
89896498
89896499
89896506
89896508
89896509
89896513
89896516
89896639
89896644
89896770
89896892
89897022
89897145
89897146
89897300
89897438
89913306
89913321
89913359
89913369
89913371
89913373
89914311
89914314
89914317
89914319
89915054
89917172
89917174
89917176
89917178
89917180
89917182
