48.874
48.570
50.216
32.900
32.528
32.235
31.937
51.060
52.073
46.850
51.125
36.449
20.475
49.508
49.503
47.745
64.777
62.632
63.255
64.406
65.794
60.932
64.177
62.699
61.064
62.100
62.949
64.407
64.326
60.626
62.354
60.954
62.115
61.380
61.008
63.419
62.620
61.395
64.308
62.175
61.768
61.873
64.339
65.515
78.445
87.684
70.604
67.898
69.260
68.245
72.233
61.573
64.549
65.537
65.332
65.270
70.157
67.023
67.261
57.754
61.003
59.908
59.049
65.448
60.024
71.356
70.721
71.356
71.877
77.454
71.304
71.635
72.381
72.201
74.843
77.274
70.163
70.475
72.226
71.141
75.515
80.747
75.468
59.846
59.704
73.536
61.313
64.945
62.890
63.116
62.076
63.572
61.456
62.110
60.452
63.697
