14.023
14.268
13.236
17.286
13.113
13.405
14.396
15.249
14.189
17.615
14.062
14.057
14.399
13.076
15.798
17.386
13.183
36.993
13.547
14.260
14.595
16.739
13.014
14.206
14.144
13.647
13.816
11.834
24.520
14.477
4.440
11.239
9.934
9.927
11.914
16.715
14.229
13.437
12.643
14.842
13.538
17.289
13.240
12.997
13.058
13.918
14.170
14.475
13.003
12.769
12.439
12.954
14.908
14.522
15.929
1.359
14.233
14.296
13.198
13.563
13.953
13.261
13.817
13.346
13.433
14.300
15.959
13.933
14.142
14.686
15.300
13.547
13.449
13.579
13.567
13.724
14.558
15.444
14.128
24.049
13.877
13.426
14.355
12.590
13.374
13.714
15.090
14.276
15.131
12.247
13.820
13.898
12.380
13.390
14.391
13.268
15.465
14.611
15.492
16.759
14.222
16.489
16.420
15.218
