19.257
18.194
19.284
17.654
18.734
17.928
17.845
17.846
17.572
20.627
20.352
18.457
18.665
19.114
18.628
19.364
20.193
17.645
18.993
19.165
18.858
18.538
19.798
19.543
19.060
20.071
20.541
19.196
19.714
19.066
19.385
19.328
18.367
20.046
18.883
19.425
18.232
17.467
18.043
20.820
22.781
17.791
18.914
17.835
18.791
18.171
21.087
19.403
20.179
18.853
18.950
18.651
20.961
19.844
19.201
17.732
19.686
19.481
18.851
20.942
19.779
19.648
16.629
20.283
20.417
19.629
17.803
17.531
18.410
21.124
21.347
21.445
20.639
18.860
18.649
18.806
19.444
20.707
19.540
19.992
21.407
20.596
19.670
19.643
20.413
19.126
18.583
20.528
21.546
20.756
24.026
18.047
