13.148
14.441
12.623
11.898
12.817
14.049
14.130
12.769
13.763
13.825
13.720
14.839
13.476
12.234
16.911
13.777
14.951
13.270
13.700
14.523
13.749
12.830
14.976
14.055
13.038
15.187
14.780
12.914
14.463
13.981
13.552
14.320
14.165
14.368
13.761
13.941
14.990
12.107
13.269
14.793
14.543
14.875
13.234
12.529
13.018
12.728
12.798
14.366
13.730
14.382
12.023
11.767
12.063
12.538
12.237
12.782
12.165
12.607
14.008
13.059
12.933
18.090
24.339
12.408
13.050
12.710
14.893
12.157
13.156
12.247
13.059
14.033
13.566
17.667
15.464
14.453
14.741
12.757
13.010
14.447
13.041
14.517
13.116
11.921
14.856
13.596
16.531
15.941
15.397
13.658
14.653
15.696
20.419
14.560
