13.829
13.265
13.494
12.710
13.002
13.625
13.789
13.677
12.575
12.402
12.471
12.730
14.017
14.139
13.965
14.158
12.597
13.099
12.557
13.392
12.476
13.125
16.187
13.878
12.700
13.201
12.237
12.876
13.045
12.996
17.018
13.150
13.611
14.763
14.680
13.578
13.517
13.149
13.402
13.300
14.122
1.480
15.564
14.112
13.647
13.604
13.979
13.676
14.120
13.768
59.342
12.707
13.199
14.791
14.335
14.145
13.581
13.728
13.724
13.633
14.052
13.004
14.006
13.956
13.635
15.102
13.328
13.642
13.063
13.783
16.204
11.924
13.656
15.246
14.252
14.042
13.779
13.344
13.931
15.229
15.297
13.928
14.601
13.971
13.475
13.751
13.921
13.943
14.133
14.068
69.153
13.873
14.929
14.022
13.188
14.392
16.367
13.343
21.781
10.497
13.660
13.223
13.985
13.734
13.592
13.751
