15.837
16.477
17.436
16.200
16.124
16.802
16.020
15.402
17.740
17.495
17.593
15.705
16.149
44.042
17.574
17.987
15.959
17.473
17.508
17.304
19.706
18.142
17.615
16.574
16.092
17.086
22.006
16.884
22.212
17.609
21.819
18.187
18.063
17.078
16.545
16.876
18.277
18.310
16.571
16.020
17.639
49.492
49.488
28.640
26.204
49.871
21.256
15.953
17.298
18.519
48.765
38.681
18.581
16.259
48.510
16.375
48.750
24.170
16.350
16.559
16.476
16.572
17.353
18.194
16.541
41.945
75.059
62.044
15.273
17.264
79.908
18.305
17.667
15.403
16.006
18.532
15.831
42.006
34.059
20.566
17.377
17.295
17.244
17.739
16.532
