97329906
97329907
97329911
97329915
97329917
97329964
97330198
97330377
97330419
97330424
97330430
97330431
97330435
97330441
97330445
97330454
97330633
97330651
97330667
97330894
97331601
97331617
97331628
97331630
97331638
97331788
97332031
97332145
97332159
97332192
97332203
97332227
97332252
97332253
97332262
97332351
97332618
97332628
97332790
97332794
97333500
97333516
97333545
97333763
97333990
97334000
97334053
97334069
97334079
97334095
97334096
97334107
97334109
97334110
97334112
97334126
97334128
97334142
97334155
97334362
97334589
97335510
97335517
97335530
97335531
97335533
97335747
97335996
97336119
97336133
97336142
97336147
97336151
97336158
97336172
97336225
97336241
97336496
97336690
97336698
97336707
97337597
97337605
97337790
97337809
97338026
97338102
97338107
97338108
97338114
97338116
97338117
97338125
97338127
97338132
97338144
97338145
97338152
97338319
97338565
97338797
97339443
97339450
97339451
97339459
97339461
97339462
97339465
97339471
97339477
97339651
97339889
97339903
97339987
97339994
97340004
97340005
97340006
97340015
97340096
97340195
97341491
97341498
97341506
97341513
97341537
97341746
97341763
97341976
97342034
97342044
97342052
97342054
97342063
97342064
97342083
97342084
97342097
97342106
97342286
97342305
97343359
97343428
97343438
97343445
97343456
97343466
97343475
97343479
97343606
97343852
97343866
97344057
97344173
97344174
97344188
97344196
97344203
97344204
97344210
97344217
97345518
97345520
97345741
97345756
97345817
97345840
97345858
97345868
97346113
97346281
97346471
97346588
97346592
97346667
97346674
97346730
97346776
97346821
97346862
97347040
97348488
97348489
97348542
97348789
97348807
97348823
97349001
97349008
97349081
97349111
97349129
97349198
97349315
97349329
97349357
97349363
97349370
97349594
97349823
97349882
97350804
97350807
97350935
97351197
97351334
97351340
97351349
97351350
97351378
97351399
97351401
97351421
97351422
97351425
97351449
97351471
97351488
97351596
97351869
97352024
97353039
97353041
97353043
97353099
97353327
97353340
97353567
97353665
97353804
97353825
97353831
97353849
97353853
97353867
97353869
97353886
97353926
97354151
97354366
97354445
97355197
97355198
97355206
97355333
97355586
97355712
97355727
97355736
97355742
97355751
97355758
97355768
97355809
97356045
97356062
97360491
97473480
97473546
97473794
97473965
97473973
97473980
97474011
97474024
97474036
97474046
97474057
97474058
97474060
97474069
97474106
97474117
97474355
97474373
97474547
97475362
97475490
97475738
97475865
97475885
97475901
97475913
97475925
97475926
97476014
97476048
97476101
97476379
97476562
97476613
97476628
97476629
97476631
97476642
97477666
97477721
97477746
97477748
97477762
97477763
97477769
97477777
97477787
97477797
97477879
97478063
97478132
97478174
97478190
97478199
97478202
97478208
97478217
97479063
97479136
97479141
97479150
97479151
97479152
97479157
97479163
97479169
97479170
97479171
97479172
97479182
97479187
97479195
97479393
97479620
97479712
97479724
97480309
97480310
97480312
97480320
97480322
97480324
97480449
97480696
97480824
97480841
97480849
97480852
97480861
97480868
97480876
97480889
97480890
97480948
97481192
97482022
97482023
97482024
97482035
97482045
97482046
97482058
97482240
97482456
97482465
97482553
97482557
97482563
97482582
97482591
97482599
97482601
97482609
97482617
97483811
97483824
97483825
97483828
97483842
97483855
97483895
97483906
97484137
97484334
97484379
97484399
97484427
97484457
97484474
97484490
97484491
97484500
97484505
97485659
97485671
97485740
97485849
97486084
97486103
97486276
97486305
97486316
97486317
97486326
97486328
97486338
97486350
97486353
97486362
97486393
97486401
97486628
97487550
97487559
97487569
97487586
97487587
97487598
97487726
97487994
97488124
97488137
97488153
97488154
97488155
97488157
97488166
97488175
97488185
97488200
97489356
97489357
97489371
97489384
97489540
97489550
97489801
97489899
97489912
97489924
97489934
97489948
97489962
97489970
97490040
97490320
97490480
97490520
97490530
97491749
97491761
97491769
97491775
97491781
97491811
97492031
97492240
97492298
97492301
97492311
97492312
97492315
97492317
97492325
97492338
97492343
97492354
97492355
97493459
97493460
97493461
97493471
97493472
97493480
97493492
97493493
97493502
97493605
97493880
97494015
97494023
97494062
97494070
97494079
97494085
97494095
97495265
97495275
97495285
97495299
97495313
97495395
97495411
97495665
97495681
97495693
97495821
97495846
97495858
97495870
97495881
97495894
97495904
97495951
97496183
97497077
97497090
97497104
97497118
97497121
97497123
97497124
97497132
97497156
97497356
97497627
97497705
97497707
97497721
97497735
97497743
97497754
97497764
97497776
97498930
97498943
97498946
97498956
97498957
97498969
97499005
97499228
97499435
97499442
97499452
97499455
97499496
97499497
97499508
97499516
97499528
97499537
97499545
97500670
97500678
97500688
97500699
97500706
97500776
97501060
97501225
97501260
97501262
97501276
97501286
97501296
97501308
97501321
97501347
97501561
97501791
97501795
97502527
97502616
97502880
97503038
97503065
97503078
97503080
97503090
97503100
97503101
97503114
97503125
97503126
97503182
97503424
97503439
97503454
97503624
97503666
97503755
97504771
97504782
97504907
97504925
97504933
97504943
97504952
97504963
97504971
97505023
97505261
97505278
97505445
97505482
97505492
97505493
97505499
97505501
97506591
97506598
97506602
97506608
97506618
97506625
97506632
97506701
97506951
97506958
97506974
97507122
97507144
97507152
97507157
97507164
97507172
97507174
97507182
97508324
97508386
97508639
97508651
97508817
97508820
97508858
97508868
97508877
97508887
97508890
97508904
97508915
97508943
97508948
97509179
97509385
97509439
97509440
97510078
97510081
97510083
97510092
97510102
97510280
97510516
97510529
97510536
97510610
97510618
97510620
97510622
97510638
97510640
97510641
97510653
97510664
97510675
97511806
97511816
97511821
97511822
97511824
97511825
97511826
97511833
97511835
97511846
97511854
97511856
97511864
97512040
97512272
97512372
97512385
97512386
97512394
97513444
97513483
97513490
97513499
97513501
97513502
97513507
97513514
97513520
97513537
97513544
97513549
97513765
97513967
97514035
97514046
97514055
97514064
97514070
97515182
97515188
97515198
97515209
97515215
97515216
97515217
97515246
97515477
97515718
97515813
97515850
97515885
97515892
97515894
97515895
97515904
97517203
97517212
97517223
97517245
97517247
97517251
97517255
97517299
97517332
97517434
97517714
97517897
97517982
97517983
97517986
97518023
97518073
97518122
97518162
97519858
97519901
97519938
97519980
97519985
97520094
97520367
97520548
97520642
97520701
97520704
97520733
97520779
97520832
97520871
97520873
97520937
97520949
97520962
97522524
97522528
97522529
97522573
97522614
97522619
97522620
97522675
97522898
97523130
97523281
97523336
97523361
97523392
97523396
97523447
97523449
97523481
97523518
97533718
97533719
97533720
97533721
97533722
97533723
97541787
97541788
97541789
97541790
97541791
97546300
97546301
97546302
97546303
97546304
97548636
97548637
97548638
97548639
97548640
97650725
97650730
97650737
97650745
97650746
97650827
97650838
97651094
97651243
97651271
97651272
97651279
97651287
97651292
97651296
97651303
97651326
97651541
97651750
97652386
97652388
97652389
97652396
97652402
97652409
97652410
97652411
97652590
97652830
97652840
97652940
97652947
97652948
97652953
97652958
97652959
97654044
97654055
97654061
97654068
97654074
97654080
97654087
97654245
97654265
97654500
97654599
97654610
97654619
97654620
97654626
97654632
97654639
97654642
97654643
97655706
97655711
97655750
97655761
97655768
97655769
97655775
97655781
97655787
97655825
97656079
97656099
97656283
97656325
97656332
97656340
97656349
97656357
97656367
97657437
97657440
97657460
97657663
97657876
97657940
97657941
97657944
97657951
97657952
97657958
97657961
97657966
97657971
97657972
97658124
97658367
97658471
97659044
97659050
97659052
97659102
97659372
97659387
97659576
97659582
97659590
97659598
97659611
97659628
97659632
97659639
97659645
97659654
97659655
97659687
97659902
97660749
97660757
97660765
97660786
97660890
97661142
97661282
97661287
97661302
97661313
97661314
97661315
97661325
97661335
97661345
97661346
97661353
97661354
97661355
97662513
97662521
97662522
97662695
97662944
97663062
97663077
97663078
97663085
97663094
97663102
97663111
97663121
97663194
97663208
97663219
97663459
97663593
97663602
97664219
97664233
97664240
97664242
97664248
97664256
97664263
97664264
97664272
97664363
97664375
97664389
97664407
97664429
97664676
97664685
97664698
97664711
97664785
97665426
97665671
97665688
97665854
97665888
97665899
97665908
97665914
97665919
97665927
97665944
97665951
97666180
97666199
97666211
97666409
97666478
97666487
97666489
97667462
97667606
97667611
97667626
97667646
97667662
97667663
97667675
97667685
97667687
97667690
97667703
97667777
97668034
97668202
97668231
97668244
97668246
97668259
97668936
97669145
97669356
97669440
97669452
97669454
97669464
97669466
97669468
97669469
97669471
97669483
97669493
97669501
97669503
97669504
97669527
97669533
97669541
97670746
97670763
97670775
97670776
97670786
97670787
97670798
97670807
97670976
97671218
97671233
97671320
97671334
97671343
97671351
97671361
97671362
97671369
97671376
97672474
97672481
97672492
97672493
97672500
97672521
97672723
97672933
97673019
97673025
97673035
97673037
97673045
97673055
97673066
97673068
97673079
97673223
97673236
97674368
97674369
97674397
97674615
97674627
97674837
97674900
97674912
97674922
97674924
97674938
97674949
97674950
97674951
97674953
97674969
97674983
97674988
97675182
97676178
97676191
97676226
97676466
97676647
97676711
97676727
97676739
97676740
97676741
97676752
97676764
97676765
97676772
97676793
97677012
97677031
97677047
97677262
97677333
97677949
97678027
97678265
97678420
97678476
97678494
97678497
97678515
97678533
97678552
97678571
97678617
97678834
97679005
97679087
97679089
97679099
97679101
97679107
97680125
97680267
97680294
97680296
97680304
97680309
97680316
97680318
97680319
97680327
97680335
97680429
97680677
97680787
97680863
97680911
97680929
97680939
97680948
97682050
97682065
97682075
97682084
97682097
97682104
97682111
97682210
97682460
97682609
97682631
97682641
97682642
97682652
97682666
97682668
97682670
97683739
97683811
97683826
97683837
97683838
97683852
97683860
97683868
97683876
97684064
97684312
97684412
97684413
97684427
97684428
97684438
97684439
97684441
97685405
97685555
97685563
97685580
97685591
97685601
97685602
97685612
97685618
97685626
97685627
97685686
97685928
97686095
97686133
97686142
97686147
97686154
97686160
97687430
97687437
97687444
97687576
97687664
97687712
97687768
97687963
97688071
97688087
97688100
97688111
97688263
97688266
97688358
97688468
97688590
97688700
97689844
97689848
97689855
97689863
97689874
97689884
97689885
97689897
97689995
97690246
97690393
97690418
97690428
97690434
97690443
97690444
97690455
97690467
97690506
97691596
97691614
97691615
97691624
97691625
97691643
97691655
97691664
97691814
97692066
97692082
97692199
97692212
97692222
97692231
97692249
97692258
97692259
97692261
97693390
97693395
97693407
97693419
97693560
97693814
97693937
97693947
97693955
97693963
97693973
97693981
97693982
97694001
97694063
97694072
97694325
97694492
97694531
97834939
97834952
97834964
97834965
97834968
97834979
97834989
97834997
97835006
97835094
97835343
97835497
97835524
97835525
97835527
97835535
97835537
97835551
97835565
97836916
97836927
97836938
97836949
97836957
97836959
97836972
97837099
97837359
97837498
97837512
97837531
97837538
97837545
97837547
97837559
97837570
97837626
97838860
97838880
97838894
97838907
97838909
97838911
97838926
97838939
97838963
97838970
97839207
97839426
97839490
97839493
97839505
97839519
97839531
97839557
97840226
97840599
97840730
97840752
97840772
97840774
97840784
97840786
97840788
97840790
97840798
97840799
97840865
97840882
97840898
97840913
97840914
97840915
97840922
97841091
97842194
97842195
97842201
97842230
97842459
97842477
97842672
97842716
97842725
97842729
97842736
97842738
97842745
97842746
97842747
97842757
97842772
97842957
97843934
97843940
97843944
97843954
97844026
97844034
97844287
97844445
97844449
97844457
97844557
97844564
97844571
97844572
97844581
97844583
97844584
97844592
97844593
97845679
97845715
97845717
97845718
97845733
97845742
97845743
97845752
97845759
97845761
97845769
97845854
97846126
97846338
97846398
97846408
97846417
97846427
97846428
97847557
97847565
97847576
97847577
97847587
97847601
97847642
97847752
97847763
97848003
97848182
97848189
97848247
97848258
97848268
97848269
97848279
97848290
97848298
97849551
97849558
97849561
97849574
97849583
97849584
97849591
97849667
97849683
97849931
97850086
97850099
97850107
97850118
97850126
97850136
97850148
97850149
97850177
97851337
97851338
97851343
97851344
97851353
97851357
97851363
97851373
97851374
97851383
97851557
97851799
97851932
97851995
97852002
97852012
97852021
97852031
97852044
97853285
97853293
97853427
97853672
97853801
97853812
97853823
97853832
97853843
97853845
97853857
97853858
97853866
97853930
97853944
97854197
97854216
97854230
97854241
97855056
97855069
97855079
97855091
97855129
97855356
97855567
97855642
97855652
97855662
97855664
97855675
97855689
97855699
97855710
97855864
97855877
97856150
97857055
97857100
97857338
97857538
97857595
97857597
97857616
97857629
97857642
97857655
97857681
97857695
97857934
97858206
97858215
97858316
97858331
97858343
97858357
98013033
98013214
98013449
98013531
98013538
98013546
98013555
98013565
98013572
98013580
98013583
98013679
98013931
98014081
98014084
98014101
98014110
98014112
98014121
98015231
98015239
98015248
98015256
98015258
98015266
98015274
98015395
98015657
98015793
98015819
98015828
98015834
98015836
98015845
98015846
98015848
98015856
98015867
98017044
98017057
98017068
98017178
98017419
98017436
98017566
98017595
98017609
98017610
98017611
98017622
98017632
98017634
98017645
98017654
98017720
98017972
98018147
98018261
98018883
98019050
98019067
98019083
98019101
98019327
98019420
98019433
98019434
98019444
98019451
98019452
98019453
98019462
98019470
98019479
98019480
98020585
98020591
98020596
98020601
98020606
98020612
98020660
98020898
98021073
98021118
98021120
98021126
98021133
98021135
98021145
98021159
98021171
98021188
98021196
98022260
98022265
98022272
98022336
98022618
98022785
98022826
98022840
98022848
98022855
98022863
98022864
98022875
98022876
98022910
98023123
98023330
98023394
98023405
98024022
98024117
98024369
98024518
98024536
98024548
98024549
98024556
98024562
98024568
98024577
98024611
98024836
98025041
98025091
98025099
98025106
98025112
98025119
98026236
98026244
98026256
98026257
98026265
98026271
98026272
98026273
98026276
98026282
98026291
98026296
98026377
98026629
98026642
98026796
98027569
98027804
98027905
98027911
98027918
98027924
98027931
98027938
98027945
98028007
98028254
98028265
98028428
98028454
98028460
98028462
98028472
98028478
98028484
98029579
98029585
98029592
98029599
98029605
98029612
98029619
98029620
98029730
98029978
98030114
98030133
98030134
98030135
98030141
98030151
98030153
98030163
98030170
98031266
98031278
98031286
98031291
98031293
98031301
98031307
98031460
98031473
98031721
98031818
98031834
98031846
98031860
98031872
98031883
98031884
98031891
98031971
98033074
98033213
98033466
98033587
98033602
98033603
98033612
98033618
98033627
98033634
98033643
98033706
98033950
98033963
98034751
98034775
98034922
98035171
98035284
98035296
98035304
98035310
98035318
98035329
98035339
98035340
98035403
98035652
98035667
98335875
98709223
98846350
98846416
98846452
98846486
98846490
98846492
98846507
98846513
98846525
98846546
98846749
98846764
98846983
98847051
98847064
98847077
98847084
98847094
98848316
98848330
98848347
98848389
98848390
98848404
98848417
98848440
98848643
98848655
98848882
98848972
98849014
98849053
98849091
98849101
98849109
98849119
98850327
98850363
98850383
98850384
98850393
98850418
98850628
98850644
98850865
98850936
98850990
98851002
98851012
98851025
98851037
98851049
98851175
98851428
98852338
98852339
98852352
98852364
98852375
98852376
98852378
98852391
98852441
98852696
98852712
98852906
98852990
98853025
98853061
98853076
98853085
98854217
98854253
98854291
98854311
98854319
98854325
98854326
98854373
98854613
98854787
98854833
98854838
98854839
98854845
98854846
98854853
98854860
98854861
98855948
98855959
98856038
98856040
98856043
98856076
98856082
98856090
98856097
98856102
98856110
98856227
98856477
98856607
98856614
98856655
98856695
98856732
98857595
98857816
98857884
98857886
98857887
98857921
98857955
98857958
98857995
98857998
98858028
98858039
98858046
98858217
98858234
98858463
98858549
98858564
98859191
98859231
98859269
98859291
98859308
98859417
98859716
98859883
98859897
98859902
98859921
98859930
98859931
98859943
98859944
98859955
98859962
98861151
98861152
98861159
98861160
98861166
98861174
98861180
98861181
98861187
98861223
98861447
98861673
98861676
98861754
98861785
98861817
98861825
98863166
98863170
98863172
98863203
98863204
98863210
98863215
98863235
98863236
98863290
98863566
98863763
98863835
98863859
98863877
98863900
98863920
98863936
98865422
98865424
98865425
98865429
98865448
98865486
98865707
98865931
98865941
98866030
98866034
98866078
98866131
98866178
98866197
98866222
98866242
98866409
98867690
98867712
98867754
98867996
98868216
98868316
98868341
98868362
98868381
98868403
98868427
98868446
98868565
98868822
98868974
98868979
98869036
98869891
98869920
98869956
98870178
98870384
98870478
98870507
98870553
98870598
98870640
98870688
98870716
98870719
98870721
98870873
98871115
98871124
98871253
98872177
98872201
98872223
98872270
98872530
98872726
98872828
98872831
98872855
98872879
98872896
98872916
98872932
98872957
98873131
98873363
98873519
98874515
98874541
98874542
98874580
98874650
98874664
98874673
98874931
98875092
98875195
98875200
98875250
98875299
98875347
98875379
98875404
98875439
98875446
98876863
98876924
98876976
98877011
98877012
98877048
98877167
98877421
98877425
98877584
98877682
98877717
98877752
98877754
98877780
98877804
98877829
98877893
98879383
98879407
98879410
98879436
98879545
98879812
98879817
98879978
98880081
98880133
98880188
98880235
98880266
98880288
98880335
98880568
98880746
98880848
98881797
98881815
98881817
98881945
98882190
98882317
98882324
98882407
98882445
98882472
98882491
98882516
98882518
98882545
98882613
98882865
98883009
98883116
98884144
98884272
98884520
98884668
98884795
98884890
98884897
98884902
98884991
98884994
98885000
98885038
98885068
98885094
98885095
98885098
98885200
98885211
98885868
98886648
98886670
98886692
98886889
98887098
98887232
98887236
98887297
98887299
98887325
98887355
98887378
98887382
98887406
98887427
98887528
98887778
98887935
98889336
98889350
98889360
98889373
98889385
98889526
98889587
98889624
98889648
98889668
98889690
98889703
98889704
98889796
98889809
98889827
98889840
98890077
98891150
98891152
98891179
98891182
98891225
98891233
98891490
98891658
98891756
98891758
98891799
98891820
98891822
98891825
98891828
98891829
98891831
98891832
98892833
98892836
98892883
98893111
98893273
98893388
98893434
98893465
98893467
98893490
98893506
98893532
98893533
98893553
98893556
98893737
98893965
98894113
98895234
98895497
98895657
98895815
98895934
98895944
98895948
98895954
98895959
98896054
98896092
98896116
98896133
98896164
98896372
98896571
98896689
98896788
98897749
98897753
98897755
98897836
98897846
98898103
98898224
98898332
98898391
98898393
98898420
98898439
98898441
98898462
98898486
98898487
98899986
98900011
98900015
98900028
98900030
98900044
98900166
98900418
98900585
98900696
98900760
98900820
98900854
98900856
98900874
98900876
98902424
98902428
98902438
98902516
98902573
98902617
98902622
98902650
98902674
98902845
98903042
98903167
98903253
98903261
98903322
98903361
98903388
98903508
98904999
98905052
98905080
98905083
98905105
98905183
98905264
98905436
98905661
98905787
98905887
98905944
98905992
98906037
98906069
98906091
98906173
98906457
98907944
98908157
98908383
98908504
98908588
98908685
98908753
98908786
98908812
98908836
98908838
98908842
98908845
98908943
98909199
98909338
98909468
98909610
98910803
98910834
98910866
98911075
99100247
99316074
99323401
99323514
99323549
99323575
99323583
99323591
99323592
99323730
99323958
99324086
99324108
99324116
99324128
99324134
99324135
99324141
99324144
99324150
99324244
99325386
99325398
99325404
99325406
99325409
99325415
99325416
99325459
99325717
99325918
99326011
99326046
99326058
99326067
99326068
99326069
99326070
99326071
99326078
99327180
99327311
99327317
99327351
99327380
99327389
99327401
99327402
99327407
99327413
99327415
99327590
99327818
99327831
99327932
99327955
99327969
99327970
99327976
99328654
99328755
99328992
99329003
99329138
99329161
99329169
99329171
99329179
99329184
99329194
99329195
99329202
99329253
99329499
99329669
99329754
99329787
99329820
99332422
99332431
99332586
99332637
99332640
99332644
99332676
99332709
99332711
99332730
99332735
99332742
99332744
99332929
99333177
99333425
99333429
99333446
99333453
99334562
99334661
99334676
99334684
99334685
99334698
99334708
99334709
99334720
99334727
99334882
99334902
99335146
99335250
99335276
99335312
99335348
99335384
99335411
99336797
99336808
99336830
99337018
99337226
99337337
99337377
99337387
99337395
99337410
99337425
99337431
99337517
99337534
99337781
99337953
99338006
99338033
99338064
99339138
99339232
99339272
99339308
99339350
99339363
99339370
99339379
99339507
99339520
99339539
99512246
99512285
99512286
99512308
99512318
99512354
99512592
99512845
99512854
99512905
99512920
99512931
99512948
99512964
99512982
99512983
99512985
99512999
99513175
99514273
99514291
99514293
99514295
99514354
99514618
99514819
99514882
99514925
99514929
99514941
99514944
99514956
99514961
99514962
99514963
99514982
99515009
99515229
99516263
99516277
99516352
99516649
99516810
99516850
99516869
99516882
99516890
99516899
99516908
99516931
99516940
99516945
99517160
99517370
99517466
99517468
99517509
99518161
99518170
99518179
99518199
99518205
99518207
99518227
99518427
99518648
99518749
99518753
99518791
99518825
99518828
99518857
99518892
99518901
99518912
99519036
99520175
99520210
99520219
99520222
99520233
99520235
99520249
99520251
99520276
99520350
99520630
99520643
99520803
99520834
99520848
99520858
99520859
99520860
99520868
99522157
99522166
99522178
99522194
99522203
99522210
99522300
99522313
99522576
99522753
99522831
99522873
99522898
99522922
99522931
99522939
99522971
99523186
99523391
99524720
99524743
99524745
99524758
99524765
99524773
99524782
99524802
99525005
99525231
99525312
99525346
99525380
99525413
99525431
99525447
99525458
99525563
99525580
99526637
99526675
99526709
99526728
99526758
99526766
99526771
99527000
99527015
99527208
99527268
99527270
99527288
99527291
99527301
99527317
99527325
99527335
99527348
99528596
99528597
99528603
99528649
99528888
99529079
99529181
99529227
99529229
99529255
99529260
99529270
99529276
99529286
99529465
99529713
99529720
99529791
99529813
99530489
99530595
99530848
99531016
99531037
99531046
99531053
99531058
99531060
99531063
99531064
99531068
99531074
99531114
99531346
99531541
99531547
99531603
99531635
99532320
99532321
99532327
99532507
99532746
99532841
99532842
99532845
99532847
99532880
99532915
99532917
99532948
99532951
99532954
99532971
99532982
99532983
99532990
99534246
99534258
99534259
99534271
99534320
99534556
99534574
99534773
99534784
99534847
99534858
99534860
99534873
99534880
99534888
99534900
99534916
99535127
99535361
99536225
99536240
99536241
99536252
99536255
99536340
99536593
99536763
99536769
99536780
99536888
99536944
99536977
99536987
99536997
99537008
99537012
99537054
99537292
99538602
99538762
99538799
99538810
99538820
99538829
99538840
99538841
99538843
99538854
99538896
99538906
99539146
99539336
99539407
99539409
99539413
99539464
99539500
99540583
99540592
99540607
99540710
99540715
99540750
99540785
99540787
99540823
99540857
99540879
99540889
99540990
99541254
99541397
99541416
99541428
99541438
99541449
99542742
99542752
99542754
99542767
99542783
99542795
99542811
99542878
99542889
99543164
99543348
99543403
99543438
99543460
99543474
99543484
99543494
99543523
99543527
99543768
99544776
99544778
99544779
99544785
99544787
99544792
99544909
99545159
99545290
99545301
99545307
99545313
99545320
99545326
99545330
99545364
99545588
99545787
99545845
99546567
99546684
99546935
99546952
99546961
99547101
99547104
99547140
99547143
99547173
99547203
99547206
99547208
99547220
99547228
99547233
99547337
99547612
99547753
99548506
99548694
99548709
99548937
99549012
99549022
99549031
99549039
99549045
99549059
99549077
99549078
99549201
99549221
99549484
99549649
99549690
99549722
99549733
99550894
99550998
99551036
99551073
99551076
99551097
99551108
99551114
99551269
99551488
99551502
99551644
99551721
99551740
99551753
99551760
99551766
99551773
99551774
99552986
99552987
99552993
99552994
99553004
99553017
99553022
99553031
99553032
99553053
99553273
99553295
99553312
99553539
99553611
99553639
99553669
99553684
99553695
99554273
99554424
99554673
99554793
99554826
99554829
99554856
99554858
99554885
99554913
99554931
99554936
99555019
99555292
99555445
99555479
99555485
99555486
99555491
99556729
99556739
99556747
99556758
99556764
99556836
99556844
99557094
99557111
99557130
99557288
99557342
99557370
99557396
99557398
99557422
99557431
99557440
99557441
99558605
99558607
99558610
99558642
99558674
99558706
99558724
99558732
99558922
99559170
99559188
99559271
99559282
99559292
99559301
99559309
99559322
99559330
99559406
99560568
99560578
99560579
99560590
99560600
99560609
99560631
99560825
99561052
99561144
99561182
99561210
99561241
99561244
99561246
99561280
99561318
99561355
99561506
99683184
99683420
99683433
99683531
99683547
99683549
99683556
99683566
99683567
99683576
99683583
99683590
99683696
99683944
99684084
99684104
99684135
99684164
99684168
99685486
99685529
99685568
99685601
99685633
99685669
99685680
99685777
99686026
99686175
99686206
99686215
99686223
99686236
99686249
99686258
99686259
99686296
99686541
99687574
99687588
99687598
99687612
99687615
99687627
99687637
99687803
99687821
99688062
99688071
99688175
99688213
99688248
99688288
99688291
99688323
99688325
99688328
99689388
99689537
99689543
99689583
99689587
99689616
99689648
99689650
99689667
99689675
99689677
99689688
99689766
99690034
99690190
99690219
99690220
99690225
99690232
99691341
99691448
99691451
99691463
99691471
99691477
99691484
99691491
99691498
99691587
99691859
99692037
99692081
99692110
99692112
99692132
99692137
99692145
99692152
99693341
99693377
99693379
99693410
99693432
99693441
99693450
99693570
99693587
99693846
99694013
99694032
99694034
99694042
99694043
99694050
99694058
99694059
99694071
99695330
99695490
99695509
99695742
99695870
99695912
99695948
99695974
99695982
99695989
99695995
99696067
99696366
99696538
99696546
99696549
99696572
99696584
99696591
99697251
99697259
99697260
99697305
99697540
99697726
99697783
99697803
99697811
99697817
99697818
99697825
99697830
99697838
99698011
99698257
99698360
99698389
99698425
99699117
99699361
99699529
99699574
99699602
99699627
99699654
99699656
99699658
99699679
99699686
99699707
99699712
99699926
99700177
99700260
99700278
99700285
99700291
99701527
99701534
99701555
99701565
99701578
99701586
99701593
99701600
99701627
99701862
99702091
99702174
99702177
99702220
99702221
99702223
99702234
99702244
99702256
99703409
99703445
99703478
99703505
99703526
99703534
99703541
99703601
99703879
99704078
99704129
99704156
99704162
99704171
99704185
99704191
99704197
99704199
99704383
99705419
99705424
99705461
99705474
99705485
99705734
99705903
99705958
99705960
99705985
99706016
99706043
99706047
99706052
99706066
99706252
99706271
99706289
99706530
99707258
99707262
99707269
99707352
99707591
99707755
99707827
99707858
99707867
99707877
99707890
99707898
99707899
99707926
99708140
99708357
99708419
99708454
99708489
99709191
99709203
99709204
99709342
99709594
99709744
99709776
99709808
99709836
99709838
99709841
99709869
99709870
99709881
99709893
99709894
99709983
99710251
99710268
99711072
99711121
99711155
99711168
99711179
99711187
99711188
99711190
99711199
99711268
99711525
99711726
99711744
99711750
99711791
99711795
99711828
99711846
99711847
99712838
99713055
99713122
99713132
99713142
99713153
99713160
99713161
99713173
99713184
99713186
99713352
99713621
99713753
99713756
99713786
99713817
99713843
99713850
99713896
99714115
99714332
99714393
99714395
99714402
99714409
99714416
99714418
99714428
99714437
99714447
99714599
99714850
99715754
99715765
99715807
99715819
99716087
99716287
99716363
99716368
99716370
99716408
99716440
99716463
99716471
99716483
99716501
99716702
99716935
99717011
99718262
99718317
99718331
99718344
99718355
99718357
99718366
99718378
99718380
99718392
99718396
99718573
99718855
99718944
99718976
99718979
99718982
99718988
99719017
99719047
99720319
99720321
99720350
99720383
99720395
99720422
99720452
99720669
99720878
99720881
99720936
99720937
99720943
99720950
99720956
99720962
99720963
99720968
99720969
99722174
99722179
99722185
99722186
99722235
99722246
99722515
99722715
99722781
99722809
99722838
99722857
99722859
99722868
99722873
99722887
99723075
99723267
99723377
99724150
99724181
99724183
99724207
99724320
99724577
99724709
99724713
99724714
99724717
99724718
99724733
99724739
99724746
99724755
99724762
99724771
99724772
99724861
99726051
99726053
99726077
99726085
99726297
99726527
99726642
99726689
99726725
99726728
99726766
99726792
99726818
99726819
99726827
99726829
99726962
99727242
99727357
99728113
99728143
99728368
99728565
99728619
99728631
99728632
99728636
99728637
99728645
99728650
99728657
99728658
99728669
99728865
99728883
99728902
99728925
99729161
99729871
99729954
99730205
99730222
99730384
99730424
99730453
99730485
99730514
99730516
99730517
99730522
99730523
99730527
99730577
99730843
99731021
99731027
99731064
99732359
99732388
99732399
99732400
99732411
99732423
99732425
99732439
99732440
99732451
99732510
99732521
99732531
99732787
99732972
99733024
99733052
99733085
99733102
99734191
99734202
99734212
99734219
99734303
99734336
99734371
99734373
99734400
99734433
99734464
99734466
99734468
99734476
99734656
99734675
99734930
99735024
99735040
99735861
99735874
99736123
99736139
99736265
99736282
99736290
99736291
99736299
99736312
99736313
99736318
99736320
99736321
99736328
99736404
99889522
100016776
100021260
100056999
100074158
100074407
100074481
100074490
100074496
100074501
100074503
100074511
100074522
100074529
100074531
100074663
100074935
100074950
100075093
100075135
100075168
100075176
100075185
100091636
100092938
100195306
100195558
100195719
100195762
100195796
100195810
100195811
100195820
100195821
100195828
100195837
100195839
100195871
100196110
100196317
100196412
100196468
100196498
100196502
100197571
100197757
100197804
100197826
100197841
100197853
100197866
100197883
100197884
100197929
100198167
100198364
100198453
100198544
100198547
100198566
100198576
100198587
100198603
100199833
100199867
100199868
100199869
100199881
100199882
100199884
100199893
100199910
100199927
100200036
100200288
100200429
100200470
100200503
100200536
100200571
100200582
100200593
100201913
100201925
100201933
100201943
100202025
100202275
100202422
100202472
100202493
100202501
100202509
100202518
100202520
100202545
100202547
100202550
100202554
100202603
100202833
100203795
100203796
100203797
100203802
100203804
100203811
100203822
100204006
100204240
100204317
100204346
100204372
100204400
100204427
100204447
100204453
100204533
100204786
100204800
100206124
100206246
100206261
100206270
100206279
100206293
100206306
100206316
100206373
100206633
100206833
100206840
100206850
100206899
100206929
100206931
100206962
100206973
100206981
100207720
100207721
100207724
100207725
100207726
100207727
100207728
100207730
100207731
100207732
100208338
100208378
100208401
100208414
100208440
100208441
100208537
100208819
100209007
100209052
100209060
100209074
100209076
100209078
100209080
100209088
100209090
100209101
100209108
100210429
100210435
100210445
100210456
100210457
100210462
100210601
100210619
100210887
100210895
100210911
100211022
100211055
100211058
100211088
100211105
100211115
100211130
100211136
100211215
100211216
100211219
100211220
100211221
100211222
100211223
100211225
100211226
100211227
100212359
100212389
100212418
100212421
100212432
100212436
100212458
100212662
100212681
100212876
100212881
100212947
100212981
100212983
100212990
100212991
100212992
100212996
100213014
100214016
100214245
100214251
100214321
100214322
100214341
100214342
100214361
100214362
100214369
100214378
100214383
100214393
100214551
100214819
100214953
100214992
100215028
100215068
100215659
100215672
100215680
100215682
100215684
100215685
100215686
100215687
100215696
100215701
100215882
100215898
100216132
100216221
100216255
100216291
100216328
100216362
100216363
100217597
100217653
100217656
100217659
100217703
100217732
100217770
100217972
100218192
100218193
100218194
100218195
100218198
100218200
100218201
100218205
100218206
100218207
100218209
100218297
100218318
100218319
100218326
100218327
100218328
100218333
100218350
100218351
100218357
100219570
100219571
100219572
100219573
100219574
100219575
100219576
100219577
100219578
100219579
100219614
100219615
100219616
100219617
100219618
100219619
100219620
100219621
100219622
100219623
100219631
100219635
100219641
100219643
100219650
100220748
100220749
100220751
100220753
100220754
100220755
100220757
100220758
100220760
100220761
100220874
100220878
100220888
100220895
100220900
100220906
100220907
100220975
100221254
100221415
100221455
100221458
100221460
100221493
100221496
100222184
100222186
100222235
100222478
100222666
100222711
100222742
100222775
100222779
100222816
100222849
100222886
100222889
100222891
100222922
100223120
100223350
100223419
100223449
100224211
100224297
100224547
100224694
100224741
100224743
100224746
100224759
100224760
100224761
100224770
100224782
100224784
100224795
100224803
100224804
100224807
100224808
100224914
100226117
100226129
100226130
100226131
100226141
100226142
100226148
100226188
100226200
100226212
100226221
100226235
100226484
100226495
100226664
100226687
100226688
100226709
100226711
100228089
100228135
100228137
100228138
100228161
100228162
100228163
100228165
100228173
100228186
100228187
100228199
100228349
100228361
100228612
100228728
100228742
100228743
100228767
100228778
100229524
100230038
100230048
100230050
100230063
100230064
100230074
100230093
100230238
100230479
100230492
100230607
100230611
100230633
100230645
100230646
100230658
100230671
100230683
100230694
100231826
100231828
100231844
100231846
100231854
100231864
100231865
100231875
100231884
100231887
100231896
100231940
100232180
100232383
100232419
100232428
100232429
100232430
100232431
100232440
100233520
100233531
100233619
100233635
100233646
100233652
100233657
100233662
100233668
100233747
100233995
100234173
100234178
100234199
100234212
100234224
100234231
100234232
100234245
100235339
100235346
100235351
100235357
100235362
100235363
100235364
100235365
100235366
100235510
100235756
100235870
100235873
100235881
100235892
100235898
100235899
100235905
100235907
100237045
100237047
100237052
100237066
100237068
100237070
100237079
100237089
100237117
100237333
100237539
100237606
100237617
100237627
100237628
100237637
100237644
100237651
100237658
100238766
100238768
100238770
100238777
100238786
100238788
100238790
100238800
100238859
100239098
100239112
100239267
100239277
100239319
100239320
100239332
100239340
100239352
100239363
100240190
100240205
100240405
100240478
100240494
100240500
100240501
100240502
100240508
100240513
100240519
100240524
100240681
100240694
100240924
100241025
100241035
100241036
100241046
100241636
100241644
100241662
100241670
100241778
100242029
100242170
100242184
100242185
100242190
100242199
100242208
100242216
100242218
100242223
100242278
100242520
100242533
100242549
100243433
100243434
100243435
100243602
100243830
100243937
100243941
100243954
100243955
100243966
100243976
100243978
100243992
100243999
100244005
100244006
100244131
100244372
100244504
100245119
100245121
100245122
100245124
100245131
100245138
100245146
100245219
100245468
100245665
100245705
100245707
100245718
100245719
100245728
100245741
100245742
100245755
100245764
100246959
100246960
100246967
100246968
100246975
100246980
100247142
100247162
100247395
100247496
100247501
100247505
100247526
100247538
100247540
100247547
100247548
100247557
100247568
100248703
100248709
100248718
100248720
100248731
100248740
100248780
100249015
100249033
100249047
100249225
100249269
100249279
100249280
100249281
100249288
100249298
100249308
100249323
