82.958
84.653
87.420
88.553
86.928
86.346
90.283
87.954
85.024
85.374
82.118
82.476
82.478
83.089
84.338
86.156
91.992
91.171
102.372
91.285
90.200
88.740
83.663
83.411
80.680
80.351
81.496
76.985
56.506
81.679
80.562
83.787
83.713
81.930
80.626
78.049
77.320
81.369
80.574
82.823
81.912
82.069
80.786
85.496
90.113
88.052
85.683
84.821
84.923
84.954
83.849
83.072
80.222
79.955
74.199
84.709
86.027
90.097
79.315
80.189
90.513
72.884
71.670
72.037
73.351
71.981
73.010
72.093
87.457
79.908
79.840
75.833
74.064
79.557
77.464
75.307
74.107
70.850
85.938
73.052
74.334
74.069
73.414
72.475
73.743
70.400
74.861
75.872
66.953
80.946
75.298
74.947
74.037
72.564
83.647
79.530
76.617
80.502
77.165
75.924
78.679
77.402
81.661
79.131
80.412
83.782
79.788
79.314
78.880
69.684
78.128
87.870
79.596
82.444
75.976
73.172
84.878
58.864
77.253
63.969
73.056
79.657
75.244
71.685
44.000
68.209
74.607
100.558
54.226
77.861
83.496
79.821
81.830
64.710
81.695
81.807
85.540
79.736
83.435
84.124
89.878
75.616
92.242
91.262
89.416
89.160
73.820
90.802
79.965
77.973
83.825
85.756
76.933
80.950
79.117
89.081
80.747
86.744
80.123
82.558
79.863
86.987
82.024
80.148
82.495
82.481
84.999
77.306
88.294
84.353
91.717
87.650
91.059
83.195
89.726
77.134
78.652
92.627
74.389
75.486
78.926
83.153
82.198
89.508
82.930
93.471
85.859
77.886
71.740
94.099
81.609
76.299
88.824
93.908
89.486
92.310
86.321
83.327
83.726
93.370
84.983
76.268
76.030
75.880
79.800
83.079
81.127
90.061
85.146
86.749
87.763
76.226
87.959
80.819
77.776
81.599
90.872
81.909
89.509
78.525
89.610
81.125
88.378
78.433
79.334
78.688
93.746
79.362
97.215
77.134
72.734
88.457
89.660
85.956
