16.040
16.055
17.121
16.870
16.506
17.130
16.413
17.686
15.805
15.479
25.061
24.588
15.180
15.488
15.944
16.235
17.892
17.868
16.529
16.874
17.177
20.290
15.716
16.040
15.745
16.197
15.565
17.192
19.058
18.678
18.062
17.357
16.831
16.475
16.318
16.725
15.846
15.942
15.212
15.557
16.016
18.977
20.432
16.921
16.309
16.849
16.808
15.949
16.509
16.620
19.917
17.619
18.434
20.170
19.464
16.301
16.277
18.549
16.005
16.741
17.161
16.458
19.324
18.237
16.384
17.110
17.015
23.257
15.657
15.787
16.025
17.204
17.200
15.116
16.589
17.237
15.967
16.263
16.502
17.278
17.154
16.162
17.525
16.658
16.447
16.834
14.701
18.789
17.218
15.906
16.485
15.791
15.585
15.968
15.589
18.726
16.769
17.875
17.532
15.839
16.463
16.106
16.565
15.866
16.102
16.340
17.519
20.029
18.054
16.021
15.271
15.259
12.675
16.370
16.809
16.352
16.993
16.098
15.462
16.403
19.385
18.546
17.887
13.184
15.750
16.158
15.999
15.824
15.322
16.450
16.692
16.328
16.408
15.370
14.578
15.674
16.029
15.914
17.159
15.530
16.565
17.887
16.112
16.589
17.151
15.941
18.574
16.916
16.911
15.350
16.065
17.538
16.541
15.450
16.396
15.331
33.442
26.028
32.682
15.991
33.075
18.409
16.987
17.269
17.448
15.867
16.152
16.722
16.930
15.093
15.466
16.992
15.947
16.858
15.798
16.542
17.297
17.540
17.163
16.727
16.466
16.146
17.329
17.114
16.409
15.780
17.683
14.855
15.847
16.986
17.272
16.920
16.152
17.036
24.063
15.404
15.221
16.768
16.029
13.572
15.663
14.324
15.631
16.806
16.871
16.838
16.636
17.938
15.811
16.285
35.631
30.109
31.662
30.864
27.435
32.468
32.325
16.842
15.354
37.835
27.581
31.568
15.892
15.193
18.485
17.183
17.597
16.115
16.673
16.448
16.752
15.487
15.643
14.973
15.779
15.650
16.941
16.947
16.597
15.793
16.187
16.179
15.684
