15.442
16.039
18.842
19.510
15.809
15.581
16.938
16.283
14.734
15.082
14.683
14.041
14.940
15.120
15.954
15.983
17.210
16.126
13.972
15.812
15.221
15.074
14.950
15.076
15.379
14.575
14.390
14.042
25.283
17.809
16.840
16.117
17.869
15.215
15.089
15.042
2.360
15.402
15.265
15.182
15.528
16.379
17.343
17.481
17.519
18.297
18.145
18.096
15.962
15.253
15.897
16.434
15.614
17.563
14.943
28.026
27.817
16.825
17.262
17.980
22.480
21.570
15.746
16.019
17.117
15.417
15.431
16.113
14.321
17.411
17.727
17.626
17.179
16.013
18.464
15.279
14.990
14.690
15.882
16.669
17.409
15.867
15.102
16.710
16.291
15.824
18.298
21.015
15.713
15.688
17.319
15.677
15.210
15.686
13.709
19.537
18.496
17.141
16.215
15.273
16.026
15.401
15.082
17.710
15.568
15.865
16.950
18.497
15.668
15.939
15.429
15.169
16.467
16.377
16.455
17.295
16.072
6.518
16.485
15.914
15.327
14.383
15.883
13.972
17.964
15.815
14.956
15.072
15.486
18.057
17.479
17.518
14.716
15.620
16.435
16.752
16.745
16.149
17.461
16.427
15.751
15.737
14.730
16.743
15.427
16.801
15.267
17.277
13.423
15.821
18.379
16.472
17.182
14.580
14.145
15.039
15.855
13.977
17.207
16.620
15.875
15.913
15.512
17.614
16.712
16.644
16.432
16.887
16.147
17.430
20.272
15.880
17.293
16.887
15.964
17.772
16.750
15.483
16.291
16.638
17.394
13.951
17.353
15.779
13.279
15.241
14.730
17.162
17.897
14.268
16.346
15.696
16.836
16.373
16.880
16.807
15.336
16.353
13.921
17.614
16.708
15.779
16.170
14.843
15.179
14.203
16.322
15.493
12.536
13.592
13.495
15.910
13.973
16.683
12.697
16.151
13.959
16.576
15.231
13.273
15.286
15.949
15.050
14.848
14.219
16.575
14.018
14.254
15.724
13.012
15.533
14.177
14.823
15.042
14.969
13.902
14.865
13.945
17.186
16.062
15.085
15.451
14.759
14.244
13.634
14.551
16.177
15.847
99.699
15.277
15.642
