12.412
13.231
13.028
13.073
12.715
12.543
11.871
13.267
12.561
13.241
11.567
12.281
12.256
13.011
12.329
12.476
13.193
14.295
12.090
12.537
12.158
11.957
13.003
12.685
13.159
11.959
12.029
11.819
13.261
13.105
13.593
13.000
13.224
12.739
12.164
13.317
12.673
12.893
12.641
13.390
13.190
12.385
13.592
14.341
15.140
13.744
13.550
15.273
16.353
12.423
12.233
13.251
12.845
12.312
13.139
12.558
13.354
13.067
14.702
13.988
13.502
16.800
19.754
13.293
13.134
12.667
12.888
13.313
12.827
13.588
14.604
14.823
13.859
11.919
12.566
19.880
12.331
13.381
11.695
13.125
13.435
12.890
12.763
13.074
12.854
12.978
12.655
13.805
12.763
13.860
13.165
8.479
12.550
13.439
12.876
12.819
14.596
13.218
11.776
12.483
12.737
12.684
13.637
12.707
12.013
13.542
13.956
12.625
13.330
12.627
12.789
12.695
13.541
12.525
12.262
13.499
12.794
13.593
12.252
12.225
11.277
12.895
13.191
12.155
12.858
12.355
12.893
12.984
12.654
12.744
15.288
12.242
13.525
13.648
12.874
12.173
10.395
14.001
12.944
13.769
13.159
13.273
13.114
13.131
13.632
11.600
15.202
15.119
13.812
12.746
12.480
12.619
12.030
12.901
12.436
11.792
13.226
12.861
12.563
11.272
13.056
14.221
14.299
12.160
14.455
13.499
12.402
12.485
12.552
15.064
13.978
12.981
12.442
15.199
13.167
15.117
14.327
13.965
14.058
13.758
14.118
12.993
13.345
12.440
13.463
12.416
12.324
13.505
13.459
13.176
13.221
13.439
12.223
13.863
13.904
12.867
12.603
13.099
13.516
13.409
12.928
0.000
13.014
21.251
11.265
11.060
11.236
12.200
11.679
11.084
11.469
12.971
10.283
14.555
12.060
11.241
11.466
12.093
13.354
12.016
12.930
12.053
11.323
10.186
11.945
13.079
12.837
11.605
12.872
11.922
14.058
11.837
11.595
11.706
12.340
12.677
13.782
12.680
