87398986
87398995
87399005
87399038
87399047
87399056
87399188
87399198
87399207
87399253
87399262
87399271
87399316
87399325
87399334
87399471
87399481
87399490
87399538
87399560
87399569
87399578
87399601
87399610
87399619
87399736
87399745
87399754
87399783
87399792
87399801
87399823
87399832
87399841
87399965
87399974
87399983
87400134
87400143
87400152
87400203
87400212
87400222
87400369
87400378
87400387
87400703
87400717
87400732
87400812
87400821
87400830
87400994
87401010
87401026
87401059
87401068
87401077
87401100
87401109
87401118
87401240
87401249
87401258
87401279
87401288
87401297
87401316
87401325
87401334
87401477
87401486
87401495
87401589
87401598
87401608
87401642
87401651
87401660
87401792
87401801
87401810
87401858
87401867
87401876
87401920
87401938
87401955
87402102
87402111
87402121
87402159
87402168
87402177
87402296
87402314
87402330
87402362
87402371
87402380
87402413
87402422
87402432
87402558
87402567
87402576
87402638
87402648
87402657
87402747
87402930
87402939
87403007
87403016
87403022
87403076
87403085
87403094
87403589
87403598
87403607
87403831
87404239
87404248
87404257
87404808
87404817
87404826
87405340
87405349
87405358
87405953
87405962
87405971
87406521
87406531
87406540
87406661
87406670
87406679
87406732
87406741
87406750
87406786
87406796
87406805
87406950
87406959
87406968
87407018
87407028
87407037
87407077
87407087
87407096
87407245
87407256
87407265
87407330
87407340
87407372
87407381
87407391
87407538
87407548
87407558
87407603
87407613
87407622
87407646
87407656
87407665
87407789
87407798
87407807
87408320
87408330
87408339
87408785
87408795
87408804
87408942
87408952
87408962
87409012
87409021
87409031
87409074
87409084
87409093
87409259
87409268
87409277
87409316
87409326
87409335
87409357
87409371
87409388
87409499
87409508
87409517
87409543
87409552
87409561
87409658
87409675
87409692
87409750
87409759
87409769
87409810
87409819
87409828
87409957
87409966
87409975
87410024
87410033
87410043
87410087
87410097
87410106
87410243
87410252
87410261
87410291
87410335
87410345
87410354
87410405
87410414
87410423
87410547
87410556
87410565
87410601
87410611
87410621
87410644
87410653
87410663
87410792
87410801
87410810
87411004
87411013
87411023
87411089
87411100
87411110
87411275
87411284
87411294
87411366
87411376
87411385
87411441
87411450
87411459
87411622
87411632
87411642
87411736
87411745
87411754
87411787
87411796
87411805
87411926
87411935
87411944
87411967
87411977
87411986
87412034
87412043
87412052
87412181
87412190
87412203
87412292
87412301
87412312
87412375
87412385
87412394
87412556
87412565
87412574
87412636
87412645
87412654
87412736
87412745
87412755
87412929
87412939
87412948
87413009
87413020
87413029
87413051
87413060
87413069
87413200
87413209
87413219
87413265
87413274
87413283
87413392
87413401
87413410
87413556
87413566
87413575
87413600
87413609
87413618
87413694
87413713
87413730
87413811
87413820
87413883
87413892
87413901
87414061
87414070
87414079
87414145
87414177
87414190
87414196
87414263
87414272
87414280
87414442
87414451
87414457
87414511
87414520
87414529
87414651
87414660
87414666
87414798
87414807
87414816
87414879
87414888
87414897
87414927
87414936
87414945
87415099
87415108
87415118
87415185
87415195
87415204
87415260
87415270
87415279
87415440
87415449
87415458
87415567
87415573
87415579
87416126
87416132
87416264
87416275
87416284
87416352
87416361
87416370
87416417
87416427
87416436
87416597
87416607
87416618
87416678
87416687
87416697
87416755
87416764
87416773
87416978
87416990
87416999
87417080
87417090
87417100
87417156
87417166
87417172
87417327
87417337
87417346
87417393
87417402
87417411
87417446
87417456
87417466
87417617
87417626
87417635
87417682
87417691
87417700
87417746
87417755
87417894
87417903
87417913
87417965
87417976
87417985
87418027
87418036
87418048
87418218
87418244
87418253
87418259
87418321
87418330
87418336
87418446
87418467
87418484
87418570
87418579
87418585
87418657
87418666
87418673
87418799
87418808
87418817
87418881
87418891
87418900
87418938
87418947
87419092
87419102
87419111
87419183
87419190
87419197
87419536
87419542
87419553
87419660
87419668
87419674
87419742
87419751
87419757
87421924
87425397
87425750
87428046
87430536
87431152
87431616
87431618
87434465
87437599
87438679
87438680
87438681
87438682
87438683
87438684
87438685
87438686
87438687
87438689
87438690
87438691
87438692
87438693
87438694
87438695
87438696
87438697
87438698
87438699
87438701
87438702
87438703
87438704
87441202
87442860
87444835
87448870
87453135
87457133
87457230
87458438
87458443
87458444
87458445
87458657
87458668
87459353
87459903
87462854
87463198
87465177
87465968
87467757
87469616
87469707
87469708
87471695
87473651
87474189
87474366
87476714
87478891
87478892
87478893
87478894
87478895
87478896
87478897
87478898
87478899
87478900
87478901
87478902
87478903
87478904
87478905
87478906
87478909
87478911
87478912
87478914
87484282
87509386
87509387
87509388
87509389
87509391
87509392
87509393
87509394
87509395
87509396
87509397
87509398
87509399
87509400
87509401
87509402
87509403
87509404
87509405
87509406
87509407
87509408
87509410
87509411
87509741
87510415
87510417
87510422
87510424
87510426
87510428
87510433
87510435
87510439
87510441
87510447
87510449
87510451
87510452
87510457
87510460
87510464
87510467
87510473
87510474
87510847
87510850
87510852
87510858
87510863
87510866
87510870
87510875
87510881
87510884
87510887
87510894
87510900
87510903
87510912
87510915
87510917
87510920
87510922
87511371
87511375
87511383
87511386
87511387
87511390
87511391
87511392
87511400
87511402
87511629
87511640
87511645
87511693
87511695
87511700
87511703
87511704
87511708
87511711
87511713
87511831
87511837
87511838
87511842
87511991
87511993
87511996
87512108
87512112
87512175
87512182
87512184
87512186
87512192
87514088
87529596
87543601
87554183
87554184
87555867
87555868
87555900
87555934
87556291
87556292
87556698
87556699
87557052
87557112
87557350
87557468
87557473
87557479
87557726
87558372
87558413
87558598
87559172
87559378
87559507
87559508
87574119
87591357
87591489
87604033
87605129
87632146
87634016
87634017
87639436
87671902
87703661
87733486
87733641
87766255
87799382
87812659
87812787
87826455
87834064
87849472
87861028
87865597
87867128
87869926
87881979
87889722
87890022
87895425
87903635
87924794
87955905
87984600
88007663
88013683
88026002
88026006
88027125
88051618
88058410
88090492
88098463
88115080
88129514
88153606
88153607
88155863
88155864
88157638
88157639
88157643
88157644
88157766
88157767
88161058
88173822
88173823
88173824
88173825
88189903
88219378
88248630
88277812
88302597
88320576
88321766
88323638
88340160
88362907
88391721
88397062
88397066
88397068
88397071
88397076
88397079
88397084
88397089
88397150
88397206
88397275
88397337
88397338
88397397
88397461
88397519
88397523
88397585
88397643
88397698
88400113
88400166
88400228
88400289
88400349
88400351
88400411
88400413
88400416
88400418
88400421
88400422
88400425
88400428
88400430
88400431
88400433
88400435
88400437
88402792
88402853
88402909
88402913
88402975
88403035
88403095
88403150
88403152
88403156
88403903
88403905
88403964
88404795
88404855
88404908
88404962
88404972
88405030
88405089
88405149
88405827
88405889
88405944
88405947
88406692
88406752
88406810
88407247
88407303
88408025
88408087
88408089
88408092
88408094
88416429
88416487
88416488
88416549
88421042
88450468
88479246
88503541
88503599
88508808
88538372
88567358
88598824
88627543
88655992
88667612
88674039
88674486
88700669
88720871
88730389
88743019
88743020
88743503
88743561
88779842
88819706
88836144
88836153
88836162
88837068
88837077
88837087
88837758
88837767
88837776
88838671
88838680
88838689
88839675
88839684
88839693
88840637
88840646
88840655
88841737
88841746
88841755
88842709
88842718
88842784
88843756
88843819
88843831
88844875
88844885
88844951
88846048
88846057
88846066
88846979
88846988
88846997
88848023
88848032
88848042
88849117
88849126
88849135
88849693
88849702
88849711
88850785
88850794
88850803
88851444
88851453
88851479
88852533
88852542
88852551
88853154
88853163
88853172
88854157
88854166
88854232
88854820
88854832
88854899
88855906
88855972
88855981
88856487
88856556
88856565
88857683
88857704
88857719
88858247
88858256
88858322
88859414
88859423
88859433
88860058
88860068
88860077
88861150
88861165
88861225
88861455
88861940
88861950
88861959
88862887
88862896
88862905
88863554
88863563
88863572
88864467
88864476
88864516
88865365
88865374
88865383
88866176
88866185
88866194
88867093
88867102
88867111
88867850
88867859
88867868
88868903
88868953
88868963
88869631
88869640
88869650
88870605
88870614
88870623
88871363
88871372
88871382
88872348
88872357
88872366
88873003
88873012
88873021
88873947
88873957
88873966
88874614
88874623
88874635
88875561
88875570
88875579
88876244
88876253
88876263
88877219
88877228
88877238
88877956
88877965
88877974
88878920
88878929
88878938
88879594
88879632
88879669
88880681
88880690
88880699
88881429
88881439
88881501
88882306
88882361
88882381
88883221
88883243
88883253
88884116
88884127
88884137
88884964
88884973
88885040
88885864
88885874
88885883
88886893
88886904
88886913
88887746
88887756
88887792
88888610
88888619
88888628
88889451
88889515
88889537
88890640
88890649
88890658
88891511
88891577
88891586
88892336
88892345
88892354
88893229
88893238
88893304
88894012
88894021
88894030
88894941
88894950
88894959
88895675
88895684
88895693
88896555
88896564
88896573
88897416
88897426
88897490
88898224
88898233
88898242
88899158
88899167
88899176
88899843
88899852
88899861
88900572
88900811
88900820
88900829
88901513
88901522
88901531
88901729
88902491
88902500
88902509
88903246
88903255
88903264
88904191
88904200
88904209
88904856
88904866
88904875
88905805
88905814
88905823
88906475
88906485
88906494
88907489
88907498
88907507
88908181
88908191
88908200
88909186
88909195
88909206
88909885
88909894
88909903
88910986
88910995
88911004
88911701
88911711
88911720
88912739
88912749
88912758
88913484
88913493
88913502
88914453
88914462
88914471
88915181
88915191
88915220
88916135
88916201
88916210
88916878
88916887
88916950
88917862
88917872
88917882
88918611
88918620
88918629
88919573
88919582
88919648
88920309
88920319
88920360
88921340
88921392
88921418
88922097
88922107
88922155
88923137
88923187
88923196
88923815
88923870
88923891
88924835
88924844
88924853
88925543
88925552
88925561
88926459
88926468
88926479
88927290
88927299
88927308
88928100
88928109
88928118
88928979
88928988
88928997
88929803
88929812
88929822
88930674
88930719
88931467
88931476
88931485
88932415
88932424
88932433
88933168
88933177
88933186
88934119
88934128
88934137
88934805
88934814
88934824
88935714
88935723
88935733
88936447
88936456
88936466
88937333
88937342
88937351
88938148
88938158
88938169
88939009
88939018
88939027
88939782
88939792
88939801
88940696
88940706
88940769
88941544
88941607
88941617
88941690
88942436
88942445
88942455
88943283
88943293
88943303
88943956
88943965
88943980
88944024
88944033
88944043
88944100
88944109
88944118
88944231
88944245
88944256
88944343
88944352
88944362
88944418
88944433
88944456
88944653
88944734
88944836
88944845
88944851
88944944
88944953
88944964
88945021
88945032
88945042
88945096
88945105
88945111
88945149
88945158
88945167
88945195
88945204
88945213
88945230
88945239
88945248
88945305
88945314
88945326
88945401
88945410
88945420
88945489
88945498
88945509
88945619
88945629
88945638
88945686
88945695
88945704
88946444
88946453
88946462
88947573
88947583
88947592
88948441
88948512
88948523
88949361
88949370
88949379
88950316
88950325
88950382
88951219
88951228
88951237
88952053
88952062
88952071
88953099
88953108
88953117
88954131
88954140
88954149
88955127
88955136
88955145
88956093
88956103
88956112
88956932
88956942
88956951
88957971
88957980
88958038
88958860
88958869
88958935
88959951
88959984
88960027
88960728
88960737
88960746
88961851
88961860
88961869
88962641
88962650
88962659
88963606
88963650
88963660
88964660
88964669
88964737
88965761
88965772
88965781
88966657
88966723
88966732
88967832
88967843
88967908
88968749
88968758
88968767
88969448
88969704
88969715
88969725
88970740
88970750
88970760
88971487
88971556
88971566
88972420
88972465
88972475
88973166
88973176
88973242
88974212
88974221
88974230
88974917
88974926
88974935
88975906
88975915
88975924
88976607
88976617
88976687
88977595
88977604
88977613
88978366
88978426
88978435
88979292
88979302
88979311
88980381
88980391
88980400
88981059
88981068
88981077
88982019
88982075
88982097
88982717
88982726
88982735
88983810
88983819
88983828
88984370
88984380
88984389
88985452
88985462
88985471
88986081
88986091
88986154
88986997
88987006
88987015
88987815
88987826
88987835
88988926
88988936
88988947
88989621
88989630
88989639
88990671
88990707
88990747
88991298
88991343
88991373
88992345
88992354
88992423
88992927
88992936
88992946
88993923
88993932
88993944
88994651
88994713
88994729
88995642
88995652
88995715
88996402
88996470
88996479
88997361
88997371
88997380
88998281
88998291
88998300
88999191
88999200
88999209
89000093
89000102
89000112
89001019
89001028
89001038
89001767
89001776
89001785
89002684
89002693
89002702
89003392
89003401
89003410
89004322
89004331
89004340
89005180
89005189
89005218
89006062
89006071
89006080
89006921
89006930
89006939
89007693
89007702
89007712
89008666
89008735
89008745
89009612
89009621
89009630
89009777
89010573
89010585
89010594
89011484
89011550
89011559
89012385
89012394
89012403
89013339
89013348
89013357
89014292
89014336
89014346
89015174
89015185
89015225
89016156
89016165
89016234
89017149
89017160
89017169
89017898
89017908
89017971
89018991
89019054
89019063
89019728
89019737
89019797
89020907
89020918
89020930
89021594
89021610
89021617
89022766
89022776
89022786
89023471
89023477
89023483
89024682
89024691
89024697
89025352
89025362
89025425
89026436
89026445
89026456
89027170
89027179
89027202
89028145
89028155
89028166
89028997
89029048
89029061
89029814
89029824
89029833
89030704
89030760
89030780
89031562
89031572
89031581
89032559
89032565
89032634
89033324
89033331
89033337
89034402
89034411
89034417
89035042
89035048
89035054
89036119
89036128
89036137
89036734
89036745
89036754
89037838
89037847
89037856
89038431
89038440
89038451
89039515
89039524
89039534
89040101
89040110
89040120
89041265
89041332
89041341
89041894
89041951
89041957
89043061
89043074
89043085
89043708
89043717
89043726
89044816
89044826
89044833
89045461
89045470
89045533
89046607
89046616
89046625
89047221
89047231
89047241
89048321
89048330
89048336
89048975
89049040
89049049
89050198
89050206
89050213
89050907
89050917
89050926
89051812
89052089
89052127
89052134
89052764
89052830
89052839
89053906
89053915
89053924
89054483
89054521
89054565
89055572
89055581
89056277
89057326
89057331
89058160
89059175
89059989
89060970
89061844
89061850
89062743
89071039
89071050
89084656
89084657
89093622
89093684
89093685
89093743
89093745
89093802
89093860
89093861
89093864
89093925
89093926
89093990
89093992
89094049
89094050
89094108
89094161
89094201
89094224
89094281
89094802
89096081
89096202
89096729
89096743
89097260
89097321
89097323
89097386
89097449
89097510
89097549
89097576
89097639
89097697
89097701
89097706
89097709
89097715
89097718
89097721
89097725
89097852
89097918
89098733
89099868
89100471
89100587
89100645
89100700
89100759
89100760
89100762
89100827
89100884
89100939
89100998
89101003
89101123
89101124
89101922
89101925
89101931
89101932
89101934
89101936
89101937
89101938
89102065
89102897
89102898
89102899
89102901
89102903
89102906
89102908
89102962
89103696
89103907
89103965
89104020
89104033
89104145
89104796
89104798
89104857
89105360
89105363
89105369
89105900
89106023
89106082
89106085
89106144
89106206
89106579
89106937
89107059
89108695
89108769
89108772
89108775
89108776
89110075
89110163
89110483
89110495
89110496
89110557
89110679
89110911
89111023
89111246
89111484
89111486
89111658
89111788
89112059
89112060
89112062
89112063
89112068
89112070
89112072
89116416
89137719
89146047
89180916
89201795
89201807
89201812
89201871
89201997
89221398
89225021
89228029
89269070
89272683
89311774
89311779
89312751
89312758
89312772
89312775
89312778
89313023
89356598
89363610
89363661
89363694
89363702
89363719
89363737
89363755
89363773
89363849
89363870
89365664
89365682
89365703
89365723
89365743
89365760
89365840
89367096
89367168
89367443
89367654
89367673
89367691
89367711
89367731
89391067
89392651
89401042
89434049
89444889
89484204
89510878
89524612
89564756
89570314
89583937
89584917
89584919
89584921
89584923
89584925
89585057
89585059
89585061
89585063
89585065
89585067
89585695
89585697
89585699
89585701
89585903
89585932
89585964
89585966
89585968
89585970
89588337
89588339
89588341
89588343
89588345
89588541
89588543
89588545
89588547
89588549
89588551
89590458
89590460
89590462
89590464
89590466
89604245
89617790
89639258
89644510
89644522
89685672
89685677
89700620
89727115
89727120
89753857
89753867
89768517
89768519
89768521
89768523
89768525
89778659
89788811
89793531
89793556
89793589
89793591
89793600
89793607
89793782
89793784
89793786
89793788
89793790
89794688
89794691
89794693
89794695
89794698
89794701
89796020
89796022
89796056
89796086
89796681
89796684
89796686
89796688
89796692
89796694
89797792
89797794
89798052
89798054
89798056
89798711
89798713
89798801
89798803
89798806
89798808
89798811
89801678
89801680
89801682
89801684
89801686
89801835
89801837
89801839
89801842
89801844
89801847
89803660
89803665
89803670
89803676
89803682
89803692
89803704
89803710
89803716
89803721
89803730
89806494
89806496
89806595
89806598
89806692
89806695
89806697
89806699
89806701
89806704
89807844
89808481
89808483
89808485
89808488
89808491
89808493
89809925
89809929
89809933
89809938
89809941
89811868
89811870
89811872
89813789
89813791
89813793
89813795
89813797
89813984
89813986
89813988
89813991
89813993
89813995
89817994
89833958
89833970
89836845
89836847
89849360
89864592
89875197
89875209
89885761
89885959
89904524
89904528
89912015
89913307
89913323
89913361
89913370
89913372
89913374
89914312
89914315
89914318
89914320
89915055
89917173
89917175
89917177
89917179
89917181
89917183
89945200
89945254
89981998
89982011
89982014
89982016
89982022
89982081
89982142
89982148
89982151
89982210
89982272
89982333
89982336
89982455
89982518
89982523
89982584
89982593
89982598
89982602
89982606
89982608
89982611
89982614
89982644
89982690
89982748
89982802
89985470
89985478
89989484
89989486
89989490
89989493
89989496
89989505
89989506
89989510
89989517
89989521
89989581
89989613
89989651
89989713
89989770
89989832
89989895
89989951
89990011
89990077
89990201
89990265
89990267
89990327
89994152
89994220
89994322
89994349
89994409
89995358
89995419
89995486
89995540
89995542
89995604
89995667
89995732
89995791
89995906
89995907
89998233
89998234
89998334
89998365
89998429
89998486
89998549
89998554
89998668
89998730
89998789
89998847
89998853
89998918
89998974
89999158
89999216
89999277
89999281
89999289
90003249
90003251
90003254
90003321
90003380
90003385
90003484
90003486
90003546
90003550
90004935
90004940
90004943
90004949
90004953
90004955
90007567
90007625
90007686
90007687
90007748
90007808
90007875
90008166
90008293
90008411
90008414
90008422
90008425
90008426
90008430
90008432
90008434
90008436
90008437
90008442
90008444
90008511
90008569
90008573
90008634
90008759
90008798
90008822
90027031
90027042
90055911
90067934
90067943
90103100
90104316
90104327
90141096
90141171
90175660
90176917
90176918
90183264
90183279
90187367
90196165
90204770
90213703
90219773
90219784
90219849
90219917
90227394
90227399
90239077
