87398992
87399002
87399011
87399044
87399053
87399063
87399195
87399204
87399213
87399259
87399268
87399277
87399322
87399331
87399340
87399478
87399487
87399496
87399541
87399566
87399575
87399584
87399607
87399616
87399625
87399742
87399751
87399760
87399789
87399798
87399807
87399829
87399838
87399847
87399971
87399980
87399989
87400140
87400149
87400158
87400209
87400219
87400228
87400375
87400384
87400394
87400713
87400727
87400740
87400818
87400827
87400836
87401004
87401020
87401034
87401065
87401074
87401083
87401106
87401115
87401125
87401246
87401255
87401264
87401285
87401294
87401322
87401331
87401483
87401492
87401595
87401604
87401648
87401657
87401798
87401807
87401817
87401864
87401873
87401932
87401949
87401967
87402108
87402118
87402165
87402174
87402183
87402308
87402325
87402368
87402377
87402419
87402428
87402564
87402573
87402644
87402654
87402663
87402751
87402755
87402759
87402936
87402945
87402951
87403013
87403019
87403025
87403082
87403091
87403101
87403595
87403604
87403613
87403832
87404245
87404254
87404264
87404814
87404823
87404832
87405346
87405355
87405361
87405959
87405968
87405977
87406528
87406537
87406546
87406667
87406676
87406685
87406738
87406747
87406756
87406793
87406802
87406811
87406956
87406965
87406974
87407024
87407034
87407043
87407084
87407093
87407102
87407251
87407262
87407271
87407337
87407346
87407352
87407378
87407388
87407398
87407545
87407555
87407566
87407610
87407619
87407628
87407652
87407662
87407671
87407795
87407804
87407813
87408326
87408336
87408345
87408792
87408801
87408811
87408949
87408959
87408968
87409018
87409028
87409037
87409081
87409090
87409100
87409265
87409274
87409283
87409322
87409332
87409341
87409366
87409382
87409400
87409505
87409514
87409523
87409549
87409558
87409567
87409669
87409687
87409756
87409766
87409775
87409816
87409825
87409963
87409972
87410030
87410040
87410094
87410103
87410249
87410258
87410290
87410341
87410351
87410411
87410420
87410553
87410562
87410608
87410618
87410650
87410659
87410798
87410807
87410817
87411010
87411020
87411096
87411107
87411281
87411291
87411373
87411382
87411447
87411456
87411628
87411639
87411742
87411751
87411793
87411802
87411932
87411941
87411973
87411983
87411992
87412040
87412049
87412187
87412198
87412298
87412307
87412381
87412391
87412562
87412571
87412577
87412642
87412651
87412742
87412752
87412758
87412936
87412945
87413015
87413026
87413057
87413066
87413206
87413215
87413271
87413280
87413398
87413407
87413562
87413572
87413606
87413615
87413707
87413725
87413817
87413826
87413889
87413898
87414067
87414076
87414143
87414187
87414193
87414200
87414269
87414276
87414283
87414448
87414454
87414460
87414517
87414526
87414532
87414657
87414663
87414669
87414804
87414813
87414822
87414885
87414894
87414933
87414942
87415105
87415114
87415192
87415201
87415266
87415276
87415446
87415455
87415570
87415576
87415583
87415720
87415725
87415729
87415932
87415935
87415939
87416048
87416051
87416054
87416129
87416136
87416139
87416271
87416281
87416290
87416358
87416367
87416376
87416424
87416433
87416443
87416604
87416613
87416625
87416684
87416693
87416703
87416761
87416770
87416781
87416987
87416996
87417002
87417087
87417097
87417106
87417163
87417169
87417175
87417334
87417343
87417352
87417399
87417408
87417414
87417453
87417462
87417472
87417623
87417632
87417641
87417688
87417697
87417706
87417752
87417762
87417900
87417910
87417973
87417982
87418033
87418043
87418217
87418250
87418256
87418327
87418333
87418340
87418462
87418478
87418576
87418582
87418588
87418663
87418669
87418805
87418814
87418887
87418897
87418944
87418953
87419099
87419108
87419186
87419194
87419200
87419335
87419339
87419342
87419550
87419560
87419664
87419671
87419678
87419748
87419754
87419763
87421923
87425398
87428044
87431154
87434466
87437596
87444834
87448873
87453133
87457136
87459901
87462851
87465969
87466470
87469617
87473654
87476710
87478943
87478944
87478945
87478946
87478947
87478949
87478950
87478951
87478952
87478954
87478955
87478956
87478957
87478960
87478961
87478962
87478963
87478964
87478966
87478967
87478968
87478969
87478970
87478971
87478972
87484284
87509443
87509444
87509445
87509446
87509447
87509449
87509450
87509451
87509452
87509453
87509454
87509455
87509456
87509457
87509458
87509459
87509460
87509461
87509463
87509464
87509465
87509466
87509467
87509468
87509469
87509745
87514090
87529595
87543598
87574120
87591995
87604035
87639440
87671903
87696724
87703663
87733485
87766254
87799383
87834063
87865596
87895427
87924792
87955906
87984597
88013682
88027126
88058404
88085138
88087222
88090490
88129511
88161056
88189922
88219371
88248628
88277810
88302599
88320583
88340157
88362914
88391716
88421049
88450462
88479244
88508806
88538374
88567357
88598823
88627537
88655997
88674042
88700671
88730447
88779843
88819703
88836150
88836159
88836168
88837074
88837083
88837150
88837764
88837773
88837782
88838677
88838686
88838696
88839681
88839690
88839699
88840643
88840652
88840707
88841743
88841752
88841819
88842715
88842771
88842790
88843804
88843825
88843839
88844882
88844911
88844957
88846054
88846063
88846073
88846985
88846994
88847004
88848029
88848038
88848055
88849123
88849132
88849142
88849699
88849708
88849767
88850791
88850800
88850819
88851450
88851459
88851528
88852539
88852548
88852557
88853160
88853169
88853235
88854163
88854207
88854238
88854829
88854865
88854908
88855947
88855978
88855987
88856540
88856562
88856571
88857701
88857711
88857726
88858253
88858319
88858329
88859420
88859430
88859439
88860065
88860074
88860140
88861156
88861222
88861231
88861453
88861947
88861956
88861965
88862893
88862902
88862911
88863560
88863569
88863578
88864473
88864482
88864551
88865371
88865380
88865389
88866182
88866191
88866200
88867099
88867108
88867117
88867856
88867865
88867874
88868950
88868960
88868969
88869637
88869646
88869656
88870611
88870620
88870629
88871369
88871379
88871388
88872354
88872363
88872372
88873009
88873018
88873027
88873953
88873963
88873972
88874620
88874629
88874641
88875567
88875576
88875585
88876250
88876259
88876269
88877225
88877235
88877296
88877962
88877971
88878017
88878926
88878935
88878998
88879600
88879666
88879676
88880687
88880696
88880706
88881435
88881498
88881507
88882320
88882378
88882387
88883240
88883249
88883259
88884123
88884134
88884197
88884970
88885024
88885046
88885871
88885880
88885935
88886900
88886910
88886919
88887753
88887763
88887826
88888616
88888625
88888634
88889459
88889533
88889545
88890646
88890655
88890665
88891572
88891583
88891593
88892342
88892351
88892360
88893235
88893267
88893310
88894018
88894027
88894036
88894947
88894956
88894965
88895681
88895690
88895699
88896561
88896570
88896579
88897423
88897451
88897501
88898230
88898239
88898248
88899164
88899173
88899183
88899849
88899858
88899867
88900817
88900826
88900836
88901519
88901528
88901538
88901733
88902497
88902506
88902521
88903252
88903261
88903270
88904197
88904206
88904215
88904862
88904872
88904881
88905811
88905820
88905829
88906481
88906491
88906500
88907495
88907504
88907514
88908187
88908197
88908220
88909192
88909202
88909247
88909891
88909900
88909909
88910992
88911001
88911012
88911708
88911717
88911784
88912746
88912755
88912821
88913490
88913499
88913508
88914459
88914468
88914534
88915187
88915198
88915264
88916198
88916207
88916216
88916884
88916907
88916957
88917869
88917879
88917888
88918617
88918626
88918635
88919579
88919645
88919654
88920315
88920325
88920385
88921346
88921415
88921425
88922104
88922115
88922178
88923184
88923193
88923202
88923838
88923888
88923897
88924841
88924850
88924859
88925549
88925558
88925568
88926465
88926475
88926485
88927296
88927305
88927314
88928106
88928115
88928125
88928985
88928994
88929003
88929809
88929819
88929828
88930681
88930744
88930751
88931473
88931482
88931491
88932421
88932430
88932439
88933174
88933183
88933192
88934125
88934134
88934143
88934811
88934820
88934830
88935720
88935730
88935739
88936453
88936462
88936472
88937339
88937348
88937357
88938154
88938165
88938175
88939015
88939024
88939033
88939788
88939798
88939807
88940703
88940731
88940776
88941604
88941614
88941623
88941696
88942442
88942452
88942469
88943289
88943300
88943309
88943962
88943974
88943987
88944030
88944039
88944049
88944106
88944115
88944125
88944242
88944253
88944264
88944349
88944359
88944368
88944429
88944445
88944472
88944660
88944667
88944673
88944740
88944747
88944753
88944842
88944848
88944855
88944950
88944960
88944967
88945027
88945039
88945049
88945102
88945108
88945114
88945155
88945164
88945173
88945201
88945210
88945220
88945236
88945245
88945254
88945311
88945321
88945332
88945407
88945417
88945426
88945495
88945505
88945516
88945625
88945635
88945644
88945692
88945701
88945710
88946450
88946459
88946468
88947579
88947589
88947598
88948489
88948520
88948529
88949367
88949376
88949385
88950322
88950347
88950400
88951225
88951234
88951244
88952059
88952068
88952077
88953105
88953114
88953123
88954137
88954146
88954155
88955133
88955142
88955151
88956099
88956109
88956118
88956939
88956948
88956958
88957977
88957990
88958057
88958866
88958894
88958941
88959957
88960024
88960033
88960734
88960743
88960752
88961857
88961866
88961875
88962647
88962656
88962665
88963647
88963657
88963666
88964666
88964723
88964743
88965769
88965778
88965845
88966665
88966729
88966739
88967840
88967893
88967915
88968755
88968764
88968773
88969451
88969711
88969722
88969731
88970747
88970757
88970766
88971553
88971563
88971572
88972462
88972472
88972482
88973172
88973214
88973248
88974218
88974227
88974236
88974923
88974932
88974941
88975912
88975921
88975930
88976614
88976630
88976693
88977601
88977610
88977620
88978404
88978432
88978441
88979299
88979308
88979317
88980388
88980397
88980407
88981065
88981074
88981083
88982044
88982094
88982104
88982723
88982732
88982741
88983816
88983825
88983834
88984376
88984386
88984395
88985458
88985468
88985477
88986087
88986151
88986161
88987003
88987012
88987021
88987822
88987832
88987893
88988933
88988943
88988953
88989627
88989636
88989645
88990677
88990744
88990753
88991306
88991370
88991379
88992351
88992420
88992429
88992933
88992943
88992952
88993929
88993939
88993986
88994680
88994726
88994735
88995648
88995671
88995721
88996467
88996476
88996485
88997368
88997377
88997394
88998287
88998297
88998307
88999197
88999206
88999253
89000099
89000109
89000118
89001025
89001034
89001044
89001773
89001782
89001791
89002690
89002699
89002708
89003398
89003407
89003416
89004328
89004337
89004346
89005186
89005196
89005256
89006068
89006077
89006087
89006927
89006936
89006946
89007699
89007709
89007718
89008732
89008742
89008823
89009618
89009627
89009637
89009774
89010581
89010591
89010600
89011538
89011556
89011565
89012391
89012400
89012409
89013345
89013354
89013363
89014333
89014343
89014352
89015180
89015212
89015253
89016162
89016231
89016241
89017155
89017166
89017175
89017904
89017968
89017978
89019051
89019060
89019069
89019734
89019794
89019803
89020914
89020927
89020937
89021607
89021613
89021621
89022772
89022783
89022842
89023474
89023480
89023486
89024688
89024694
89024700
89025358
89025422
89025431
89026442
89026451
89026462
89027176
89027186
89027219
89028151
89028163
89028172
89029045
89029058
89029067
89029821
89029830
89029839
89030716
89030777
89030786
89031569
89031578
89031587
89032562
89032631
89032637
89033327
89033334
89033341
89034408
89034414
89034420
89035045
89035051
89035057
89036125
89036134
89036143
89036740
89036751
89036760
89037844
89037853
89037862
89038437
89038446
89038457
89039521
89039530
89039599
89040107
89040117
89040126
89041329
89041338
89041347
89041948
89041954
89041960
89043070
89043082
89043126
89043714
89043723
89043732
89044823
89044830
89044836
89045467
89045499
89045539
89046613
89046622
89046631
89047228
89047238
89047247
89048327
89048333
89048339
89049035
89049046
89049052
89050202
89050209
89050262
89050914
89050923
89050932
89051811
89052124
89052131
89052137
89052809
89052836
89052845
89053912
89053921
89053930
89054489
89054562
89054571
89055578
89055587
89056341
89059995
89061847
89098728
89116410
89146043
89180917
89221396
89269074
89313022
89356600
89363619
89363711
89363728
89363747
89363764
89363783
89363858
89365673
89365692
89365713
89365733
89365750
89365768
89365784
89367086
89367146
89367664
89367682
89367701
89367721
89401047
89444890
89484205
89524610
89564757
89585017
89585019
89585021
89585023
89585025
89585800
89585802
89585804
89585806
89585808
89585810
89588440
89588443
89588445
89588447
89588449
89588639
89588641
89588643
89588645
89588647
89588649
89590130
89590132
89590134
89590136
89590559
89590562
89590564
89590566
89590569
89604251
89644508
89644512
89685669
89685682
89727113
89727119
89753861
89753864
89768614
89768616
89768618
89768620
89768622
89778604
89793716
89793724
89793731
89793735
89793737
89793739
89793816
89793818
89793820
89793822
89793824
89794805
89794807
89794809
89794813
89794816
89794819
89796803
89796805
89796807
89796810
89796812
89796814
89797785
89797796
89798594
89798596
89798598
89798601
89798605
89798607
89798789
89798791
89801727
89801729
89801731
89801734
89801736
89803561
89803564
89803566
89803568
89803570
89803572
89803855
89803858
89803860
89803863
89803865
89803868
89803870
89805675
89805677
89806538
89806577
89806614
89806616
89806792
89806794
89806796
89806798
89806800
89806802
89809744
89809792
89809804
89809806
89809808
89809810
89810047
89810049
89810051
89810053
89810055
89810059
89811749
89811752
89811754
89811756
89811760
89811764
89811906
89811941
89811965
89813687
89813689
89813691
89813884
89813887
89813890
89813893
89813896
89833957
89833963
89836838
89836849
89875196
89875212
89904519
89904529
89945202
89945260
89985469
89985475
90027025
90027035
90067930
90067941
90104312
90104331
90141098
90141165
90183258
90183272
90196163
90220160
90220162
90220165
90220168
90227387
90227398
