12.991
12.881
12.749
13.151
13.029
16.021
12.982
12.549
13.651
1.480
15.564
13.719
13.129
13.004
13.508
13.322
13.809
13.376
59.342
12.341
12.838
14.476
14.003
13.737
13.250
13.404
13.384
2.465
13.313
13.657
12.637
13.578
13.546
13.294
14.876
13.048
13.293
12.705
13.464
16.014
11.924
13.232
15.007
13.975
13.750
13.460
13.548
14.923
15.076
13.726
14.448
13.777
13.257
13.543
13.724
13.729
14.283
13.794
69.153
13.651
14.822
13.750
3.416
12.876
14.132
16.202
13.225
21.781
13.357
12.934
13.748
13.456
13.316
13.470
13.860
27.735
13.654
13.807
14.008
13.048
12.866
12.806
17.477
13.306
13.323
13.143
13.348
12.242
12.905
13.685
12.624
15.147
1.543
15.938
12.414
14.584
14.684
13.879
12.791
13.353
14.261
14.211
13.437
13.423
12.592
14.938
12.345
12.462
12.007
11.799
11.671
11.934
13.452
12.832
13.193
11.836
13.682
12.610
12.998
12.955
13.468
12.041
12.570
11.642
13.501
12.677
12.851
13.251
12.527
13.883
14.664
15.878
12.626
12.338
12.672
13.229
