65.777
68.982
68.631
74.458
72.812
77.719
66.379
65.671
66.024
67.839
67.120
73.071
78.021
69.550
72.923
70.017
74.244
75.050
74.254
74.447
82.210
69.114
67.577
69.378
74.633
72.451
72.845
68.233
79.814
69.633
69.892
68.244
73.947
76.119
75.896
75.971
80.554
68.603
68.985
67.088
70.401
71.856
76.514
78.691
86.447
68.968
71.911
71.813
69.151
73.263
83.765
70.439
76.415
74.673
79.862
77.045
78.311
83.139
83.142
88.776
78.096
73.576
71.038
72.256
76.538
78.606
73.744
75.768
72.524
72.464
74.670
70.452
76.677
84.864
73.283
73.721
71.603
75.216
196.990
82.938
74.036
67.867
71.179
70.096
72.617
73.313
70.611
75.415
79.027
72.008
71.364
71.489
68.957
72.218
71.358
73.906
71.112
68.954
70.157
70.973
72.115
68.756
69.015
70.544
70.164
81.994
231.348
68.393
68.201
70.731
70.538
73.762
71.588
72.157
73.149
79.099
77.564
82.666
81.023
74.381
73.097
69.568
71.419
