25.236
25.148
26.853
29.072
31.584
24.568
25.844
24.673
27.009
29.450
28.714
28.690
30.965
29.305
29.223
30.076
30.022
34.168
36.495
31.497
32.902
29.685
27.073
30.044
29.195
29.259
29.851
60.354
83.947
56.730
35.961
31.648
28.266
27.785
27.667
28.910
35.234
36.489
34.340
34.384
32.040
30.661
29.894
29.851
31.824
33.394
32.726
29.044
28.485
30.592
28.247
28.054
29.810
34.590
29.435
28.706
27.294
29.448
27.190
31.011
29.678
30.788
29.969
30.125
28.102
27.771
27.474
31.964
30.911
31.933
31.656
29.316
29.247
29.821
30.856
37.385
34.361
30.481
29.553
29.205
32.473
30.550
31.891
30.992
31.570
29.350
31.605
30.575
32.924
31.976
33.192
31.035
32.412
32.707
32.862
32.831
29.098
28.567
28.875
28.921
30.136
29.358
30.508
29.295
31.275
30.593
29.488
30.018
29.419
30.697
32.142
29.034
28.934
28.424
30.420
29.804
34.178
30.974
28.673
30.261
