16.342
16.201
17.852
17.420
15.961
2.369
20.497
2.304
15.935
15.966
15.796
16.137
17.370
17.632
16.050
54.958
4.738
22.564
22.005
6.495
37.379
4.696
6.592
17.985
2.580
16.384
16.231
2.501
15.146
15.852
55.321
24.723
18.146
17.099
18.034
19.202
16.221
33.189
20.553
16.628
15.367
15.235
16.545
17.484
48.765
38.681
17.868
15.560
48.510
15.739
48.750
24.170
15.616
15.782
15.710
15.815
16.752
18.409
15.897
41.945
75.059
62.044
15.273
16.699
79.908
17.505
16.915
3.196
14.567
15.184
17.791
15.385
42.006
34.059
20.566
16.615
16.378
16.364
17.040
15.762
15.801
15.301
17.508
16.578
19.990
15.833
32.319
15.933
17.520
17.093
42.128
17.254
46.605
18.023
16.061
15.751
42.043
19.473
16.834
16.374
18.219
42.155
44.493
34.563
34.721
12.584
9.353
17.389
16.336
17.953
17.631
17.562
15.545
16.046
17.959
20.060
19.024
19.466
17.982
18.603
18.959
15.837
15.746
16.249
16.709
16.555
16.616
16.064
18.668
19.703
21.914
20.984
25.759
17.821
18.543
16.855
17.510
