129261256
129261269
129261283
129261298
129261324
129261345
129261396
129261425
129261462
129261484
129261496
129261521
129261533
129261563
129261574
129261598
129261612
129261664
129261678
129261686
129262329
129262330
129262336
129262338
129262342
129262350
129262352
129262354
129262356
129262359
129262362
129262364
129262365
129262366
129262368
129263092
129263094
129263095
129263100
129263108
129263109
129263111
129263112
129263114
129263116
129263118
129263120
129263122
129264222
129264224
129264225
129264226
129264228
129264230
129264231
129264232
129264236
129264237
129264238
129264239
129264240
129264242
129264245
129264250
129264256
129264259
129264260
129264266
129265477
129265479
129265486
129265487
129265494
129265495
129265496
129265498
129265560
129265580
129265603
129265632
129265712
129265759
129265792
129265853
129266113
129266114
129266118
129267013
129267058
129267095
129267163
129267183
129267211
129267224
129267236
129267253
129267275
129267284
129267327
129267332
129267341
129267346
129267348
129267353
129267359
129267361
129267364
129267473
129267474
129267475
129267483
129267484
129268065
129268612
129268616
129268618
129268627
129268631
129268634
129268640
129268642
129268651
129268655
129268657
129268661
129268663
129268741
129268754
129268765
129268778
129268813
129269272
129269274
129269277
129269279
129269283
129269289
129269293
129269296
129269298
129269300
129269912
129269913
129269914
129269916
129269919
129269921
129269923
129269924
129269925
129269927
129269929
129269931
129269935
129269942
129270495
129270877
129270897
129270963
129270988
129270994
129271021
129271040
129271062
129271103
129271120
129271127
129271133
129271143
129271150
129271164
129271167
129271177
129271179
129271181
129271183
129271430
129271442
129271474
129271492
129271639
129271685
129271711
129271731
129271822
129271823
129271824
129271831
129271832
129271834
129271835
129271836
129271838
129271841
129272289
129272413
129272414
129272416
129272419
129272420
129272423
129272425
129272427
129272433
129272434
129272440
129272442
129272445
129272447
129272452
129272454
129272459
129273008
129273011
129273017
129273021
129273633
129273635
129273636
129273641
129273644
129273651
129273750
129273755
129273762
129273774
129273784
129273798
129273821
129273846
129273868
129273887
129273923
129273971
129274517
129274523
129274528
129274529
129274531
129274545
129274549
129274551
129274552
129274553
129274554
129274555
129274559
129274563
129274565
129274567
129274588
129274608
129275276
129275278
129275283
129275285
129275287
129275289
129275295
129275300
129275888
129275895
129275896
129275906
129275908
129275910
129275915
129275918
129275925
129275926
129275929
129275931
129275933
129275935
129275936
129275937
129275939
129276567
129276569
129276576
129276579
129276582
129756666
129756668
129756670
129756671
129756674
129756675
129756677
129756679
129756681
129756683
129756687
129756691
129756694
129756695
129756696
129756697
129756699
129756702
129756703
129756708
129757436
129757438
129757440
129757446
129757449
129757458
129757496
129758628
129758633
129758634
129758635
129758638
129758640
129759106
129759113
129759116
129759122
129759142
129759146
129759148
129759154
129759155
129759158
129759160
129759165
129759174
129759177
129759179
129759186
129759188
129759191
129759194
129759469
129759539
129759556
129759571
129759591
129759607
129759867
129759869
129759870
129759874
129759876
129760086
129760164
129760226
129760252
129760263
129760273
129760285
129760293
129760329
129760337
129760354
129760857
129760870
129760886
129760895
129760902
129760911
129760921
129760943
129760948
129761220
129761253
129761262
129761274
129761284
129761294
129761305
129761314
129761326
129761345
129761409
129761897
129761903
129761906
129761910
129761912
129761939
129761942
129762471
129762474
129762475
129762476
129762477
129762478
129762479
129762482
129762483
129762485
129762487
129762489
129762491
129762494
129762533
129762540
129762565
129762597
129762617
129762630
129763110
129763116
129763119
129763121
129763551
129763558
129763625
129763638
129763697
129763703
129763707
129763721
129763724
129763729
129763736
129763744
129763766
129763817
129763825
129763829
129763833
129764398
129764406
129764409
129764412
129764418
129764420
129764423
129764424
129764430
129764432
129764433
129764434
129764435
129764469
129764473
129764477
129764486
129764532
129764544
129764555
129764603
129764626
129764643
129764666
129764770
129765750
129765753
129765825
129765827
129765828
129765830
129765838
129765863
129765873
129765889
129765903
129766365
129766367
129766368
129766369
129766371
129766373
129766375
129766377
129766383
129766385
129766386
129766389
129766896
129766898
129766900
129766905
129766907
129766916
129766921
129766932
129767081
129767083
129767084
129767086
129767598
129767599
129767600
129767602
129767607
129767608
129767611
129767618
129767620
129767622
129767623
129767624
129767625
129767729
129767737
129767748
129767762
129767786
129767800
129767811
129767916
129768281
129768282
129768285
129768288
129768289
129768291
129768292
129768298
129768300
129768301
129768305
129768307
129768309
129768853
129768857
129768861
129768867
129768871
129768885
129768889
129768893
129769044
129769048
129769050
129769060
129769062
129769064
129769066
129769068
129769070
129769072
129769075
129770259
129770260
129770262
129770264
129770265
129770267
129770269
129770270
129770273
129770274
129770275
129770276
129770277
129770279
129770280
129770283
129770286
129770291
129770292
129770296
129770681
129770696
129770733
129770755
129770771
129770983
129770986
129770991
129770994
129770996
129770998
129771546
129771549
129771551
129771556
129771558
129771559
129771560
129772172
129772173
129772174
129772176
129772177
129772179
129772180
129772185
129772186
129772187
129772189
129772190
129772191
129772192
129772195
129772198
129772199
129772200
129772202
129772204
129772357
129772514
129772518
129772538
129772569
129870929
129870931
129870932
129870937
129870939
129870943
129870945
129870949
129870950
129870952
129870954
129870963
129870970
129870972
129870973
129870980
129870981
129870982
129870984
129870989
129871142
129871145
129871147
129871167
129871168
129871170
129871173
129871175
129871288
129871289
129871290
129871292
129871296
129871358
129871359
129871360
129871361
129871364
129871365
129871366
129871367
129871372
129871373
129871375
129871377
129871378
129871380
129871384
129871386
129871388
129871390
129871392
129871400
129871544
129871545
129871548
129871550
129871552
129871723
129871726
129871728
129871733
129871735
129871737
129871762
129871813
129871820
129871822
129871825
129871826
129871829
129871831
129871834
129871838
129871887
129871900
129871903
129871950
129871970
129872150
129872159
129872165
129872167
129872170
129872173
129872175
129872177
129872303
129872344
129872347
129872349
129872351
129872353
129872355
129872358
129872360
129872362
129872364
129872366
129872425
129872427
129872431
129872432
129872436
129872438
129872445
129872447
129872449
129872450
129872451
129872452
129872454
129872457
129872499
129872500
129872502
129872506
129872548
129872550
129872553
129872557
129872560
129872571
129872573
129872649
129872651
129872653
129872655
129872656
129872657
129872658
129872662
129872944
129872945
129872946
129872947
129872948
129872949
129872951
129872952
129872955
129872957
129872988
129872993
129873085
129873087
129873092
129873235
129873239
129873240
129873244
129873245
129873293
129873295
129873297
129873298
129873300
129873301
129873303
129873306
129873308
129873311
129873316
129873318
129873319
129873322
129873323
129873327
129873328
129873332
129873335
129873336
129873503
129873507
129873508
129873510
129873511
129873513
129873519
129873521
129873523
129873527
129873531
129873534
129873535
129873537
129873538
129873540
129873629
129873632
129873677
129873679
129873681
129873682
129873684
129873688
129873690
129873694
129873697
129873700
129873701
129873901
129873922
129873923
129873924
129873951
129874007
129874008
129874010
129874012
129874013
129874015
129874016
129874017
129874019
129874021
129874025
129874027
129874030
129874034
129874036
129874038
129874040
129874047
129874097
129874105
129874136
129874138
129874140
129874141
129874175
129874177
129874178
129874180
129874182
129874183
129874208
129874209
129874211
129874265
129874266
129874267
129874270
129874272
129874275
129874277
129874279
129874280
129874283
129874284
129874285
129874287
129874289
129874290
129874291
129874297
129874298
129874300
129874302
130138763
130138766
130138772
130138774
130138776
130138779
130138780
130138784
130138788
130138789
130138793
130138794
130138804
130138805
130138962
130138965
130138968
130138971
130138975
130138978
130138979
130138982
130138986
130138990
130139152
130139161
130139165
130139166
130139170
130139173
130139177
130139178
130139180
130139183
130139185
130139321
130139325
130139329
130139335
130139336
130139338
130139341
130139342
130139347
130139348
130139503
130139508
130139512
130139513
130139518
130139523
130139524
130139527
130139530
130139532
130139651
130139655
130139659
130139663
130139664
130139666
130139668
130139670
130139672
130139678
130139681
130139686
130139690
130139691
130139692
130139698
130139700
130139705
130139706
130139711
130139990
130139994
130139995
130140000
130140005
130140006
130140010
130140014
130140018
130140019
130140024
130140026
130140032
130140033
130140038
130140043
130140044
130140048
130140049
130140053
130140222
130140223
130140237
130140242
130140245
130140246
130140249
130140505
130140510
130140516
130140522
130140523
130140527
130140528
130140534
130140538
130140539
130140544
130140545
130140546
130140703
130140708
130140709
130140713
130140714
130140719
130140722
130140724
130140728
130140730
130140733
130140738
130140739
130140870
130140873
130140874
130140877
130140881
130140884
130140886
130140890
130140891
130140895
130140898
130140902
130140903
130141065
130141067
130141070
130141072
130141074
130141078
130141080
130141082
130141083
130141084
130141248
130141249
130141251
130141256
130141258
130141261
130141262
130141266
130141267
130141268
130141272
130141276
130141391
130141400
130141411
130141415
130141417
130141420
130141421
130141426
130141429
130141434
130141436
130141439
130141441
130141443
130141445
130141448
130141560
130141562
130141568
130141573
130141575
130141580
130141586
130141588
130141592
130141594
130141598
130141600
130141607
130141608
130141613
130141618
130141620
130141815
130141820
130141821
130141823
130141824
130141830
130141831
130141843
130141849
130141872
130141874
130141876
130141887
130141888
130244694
130244700
130244704
130244707
130244710
130244714
130244717
130244719
130244722
130244724
130244727
130244732
130244735
130244738
130244742
130244745
130244747
130244750
130244752
130246003
130246005
130246007
130246010
130246034
130246052
130246093
130246101
130246146
130246224
130246305
130246358
130246385
130246406
130246443
130246479
130246505
130246508
130246510
130246589
130246593
130246596
130246598
130246599
130247130
130247136
130247142
130247145
130247156
130247161
130247162
130247170
130247172
130247176
130247182
130247188
130247193
130247354
130247382
130247394
130247408
130247471
130248501
130248503
130248505
130248508
130248509
130248510
130248511
130248512
130248513
130248514
130248518
130248519
130248520
130248524
130248530
130248565
130248624
130248633
130248745
130249481
130249524
130249552
130249611
130249663
130249693
130249701
130249707
130249715
130249716
130249718
130249728
130249737
130249740
130249743
130249747
130249786
130249816
130249871
130249936
130249957
130250734
130250766
130250775
130250823
130250831
130250851
130250860
130250863
130250870
130251148
130251149
130251151
130251156
130251163
130251170
130251177
130251182
130251839
130251848
130251849
130251855
130251859
130251864
130251866
130251869
130251871
130251872
130251873
130251874
130251875
130251877
130252424
130252426
130252427
130252428
130252431
130252434
130252435
130252438
130252439
130252523
130252537
130252571
130252622
130252643
130252721
130252750
130252773
130252785
130253223
130253224
130253232
130253247
130253287
130253344
130253420
130253433
130253479
130253509
130253534
130253606
130253636
130253832
130253834
130253844
130253846
130253849
130253850
130254447
130254464
130254476
130254491
130254499
130254516
130254545
130254547
130255273
130255287
130255296
130255307
130255309
130255352
130255357
130255368
130255384
130255388
130255390
130255392
130256214
130256216
130256218
130256220
130256221
130256222
130256224
130256228
130256246
130256260
130256311
130256385
130256455
130256475
130256545
130256567
130256640
130256662
130256684
130256848
130256850
130256854
130256855
130256862
130256903
130256982
130257008
130257028
130257098
130257121
130257136
130257974
130257991
130258017
130258031
130258050
130258062
130258106
130258111
130258117
130258124
130258134
130258141
130258145
130258147
130258148
130258149
130258153
130258154
130258158
130258709
130258711
130258716
130258719
130258720
130258722
130258724
130258726
130258729
130258731
130258732
130258733
130258735
130259364
130259380
130259409
130259468
130259473
130259487
130260222
130260785
130260787
130260788
130260789
130260800
130260801
130260806
130260808
130260810
130260812
130260813
130261491
130261493
130261497
130261498
130261499
130261502
130261503
130261504
130261505
130261512
130261514
130261522
130262602
130262604
130262610
130262615
130262619
130262626
130262628
130262629
130262630
130262633
130262635
130262636
130262637
130262640
130262643
130262644
130262647
130262653
130262654
130263467
130263468
130263469
130263501
130263510
130263561
130263580
130263673
130263735
130263768
130263811
130263815
130263866
130263915
130263955
130263968
130263973
130263980
130263987
130264578
130264615
130264619
130264626
130264630
130264638
130264647
130264648
130264649
130264650
130264651
130264659
130264662
130264668
130264671
130264672
130264676
130264677
130265430
130265433
130265438
130265441
130265443
130265451
130265496
130265509
130265571
130265647
130265703
130265714
130265741
130265797
130265818
130265871
130265898
130265921
130265932
130266508
130266510
130266513
130266521
130266522
130266524
130266525
130266528
130266529
130266530
130266532
130266534
130266535
130266538
130266539
130266541
130266543
130266544
130266547
130267348
130267350
130267358
130267378
130267389
130267401
130267459
130267537
130267634
130267656
130267664
130267713
130267728
130267745
130267756
130267803
130267849
130267886
130267891
130268015
130268021
130268023
130268025
130268027
130268028
130268043
130269082
130269092
130269124
130269136
130269147
130269156
130269178
130269209
130467041
130467046
130467051
130467053
130467055
130467056
130467057
130467065
130467067
130467071
130467073
130467081
130467090
130467092
130467094
130467097
130467099
130467108
130467109
130467220
130467225
130467227
130467238
130467240
130467241
130467243
130467400
130467402
130467404
130467406
130467408
130467409
130467410
130467413
130467424
130467425
130467427
130467429
130467431
130467433
130467436
130467438
130467441
130467443
130467451
130467619
130467621
130467623
130467626
130467628
130467630
130467632
130467634
130467639
130467694
130467697
130467701
130467708
130467709
130467710
130467711
130467712
130467714
130467716
130467718
130467904
130468160
130468161
130468163
130468164
130468165
130468166
130468173
130468175
130468182
130468184
130468187
130468188
130468196
130468199
130468200
130468204
130468205
130468208
130468214
130468257
130468259
130468336
130468339
130468348
130468350
130468351
130468430
130468431
130468434
130468436
130468440
130468442
130468446
130468454
130468462
130468464
130468526
130468527
130468529
130468531
130468533
130468534
130468540
130468542
130468651
130468657
130468665
130468667
130468668
130468670
130468671
130468674
130468681
130468683
130468686
130468687
130468689
130468694
130468698
130468699
130468700
130468701
130468702
130468743
130468744
130468745
130468748
130468751
130468805
130468906
130468914
130468916
130468918
130468919
130468923
130468925
130468932
130468933
130468934
130468935
130468952
130468954
130468963
130468965
130468972
130468973
130468974
130468975
130468977
130468979
130469012
130469014
130469017
130469019
130469133
130469136
130469137
130469140
130469142
130469145
130469147
130469155
130469156
130469210
130469212
130469262
130469264
130469266
130469268
130469271
130469273
130469275
130469276
130469277
130469281
130469283
130469285
130469287
130469292
130469349
130469354
130469355
130469356
130469357
130469359
130469360
130469363
130469368
130469373
130469375
130469456
130469458
130469466
130469469
130469472
130469474
130469529
130469531
130469533
130469599
130469601
130469603
130469605
130469607
130469609
130469675
130469677
130469678
130469680
130469682
130469684
130469686
130469689
130469694
130469696
130469732
130469734
130469737
130469739
130469741
130469750
130469751
130469752
130469753
130469806
130469808
130469810
130469840
130469842
130469844
130469847
130469850
130469852
130469853
130469854
130469855
130469856
130469857
130469858
130594756
130594772
130594799
130594871
130594881
130594892
130594912
130594933
130594950
130594976
130594990
130595000
130595007
130595015
130595023
130595030
130595036
130595044
130595050
130595487
130595507
130595916
130595926
130595947
130595950
130595951
130595956
130595959
130595961
130595963
130595964
130595965
130595967
130595971
130595973
130595984
130595996
130596038
130596052
130596105
130596491
130596493
130596494
130596497
130596499
130596503
130597131
130597133
130597495
130597514
130597528
130597541
130597564
130597579
130597597
130597619
130597638
130597653
130597695
130597704
130597716
130598647
130598648
130598652
130598656
130598660
130598666
130598667
130598669
130598677
130598684
130598685
130598686
130598690
130598693
130598695
130598697
130598698
130598699
130598701
130599278
130599280
130599282
130599283
130599285
130599290
130599292
130599296
130599298
130599299
130599302
130599303
130599306
130599311
130599313
130599315
130599330
130599334
130599336
130600096
130600103
130600104
130600107
130600112
130600113
130600115
130600117
130600587
130600588
130600590
130600594
130600597
130600614
130600615
130600618
130600621
130600622
130600628
130600631
130600633
130600634
130600635
130600636
130601220
130601223
130601239
130601242
130601244
130601246
130601249
130601250
130601252
130601254
130601257
130601259
130601261
130601263
130601272
130601280
130601288
130601303
130601344
130602723
130602728
130602730
130602732
130602735
130602737
130602739
130602740
130603337
130603338
130603339
130603341
130603344
130603345
130603349
130603352
130603766
130603786
130603818
130603828
130603846
130603889
130603911
130603916
130603922
130603925
130603947
130603993
130603997
130604022
130604038
130604047
130604050
130604434
130604463
130604481
130604490
130604504
130604528
130604541
130604556
130604700
130604725
130604752
130604783
130604823
130605111
130605430
130605459
130605499
130605516
130605547
130605574
130605579
130605587
130605601
130605650
130605660
130606020
130606027
130606031
130606035
130606038
130606041
130606043
130606048
130606060
130606087
130606133
130606178
130606196
130606217
130606814
130606817
130606827
130606860
130606898
130606936
130606974
130607007
130607162
130607178
130607204
130607225
130607390
130607392
130607394
130607400
130607401
130607403
130607404
130607407
130607409
130607411
130607419
130607420
130607422
130607427
130607434
130608266
130608273
130608276
130608306
130608324
130608343
130608385
130608415
130608569
130608604
130608619
130608633
130608660
130608910
130608911
130608914
130608916
130608917
130608920
130608921
130608924
130608925
130608930
130608934
130608958
130608975
130609514
130609516
130609518
130609521
130609526
130610286
130610288
130610933
130610936
130610950
130610953
130610954
130610956
130610958
130610960
130610961
130610962
130610964
130610967
130611549
130611550
130611551
130611554
130611557
130611558
130611559
130611580
130611604
130611632
130611646
130611668
130611688
130611735
130611770
130611805
130611835
130611868
130611883
130612653
130612683
130612697
130612724
130612753
130612765
130612952
130612953
130612955
130612963
130612993
130613000
130613032
130613051
130613128
130613177
130613233
130613273
130613308
130613356
130613385
130613427
130613437
130613453
130613469
130614185
130614219
130614225
130614244
130614262
130614267
130614280
130614304
130614319
130614326
130614328
130614334
130614352
130614363
130614370
130614384
130614388
130614392
130614397
130615146
130615152
130615154
130615155
130615160
130615161
130615164
130615737
130615740
130615742
130615745
130615758
130615759
130615762
130615763
130615765
130615769
130615772
130615774
130615775
130615777
130615780
130615783
130615784
130615785
130615787
130616620
130616622
130616626
130616628
130616629
130616630
130616634
130616636
130616638
130616652
130616671
130616680
130616760
130616793
130616864
130616907
130616955
130616977
130851471
130851474
130851476
130851478
130851480
130851482
130851484
130851485
130851486
130851487
130851490
130851492
130851493
130851506
130851508
130851511
130851516
130851518
130851520
130851717
130851718
130851719
130851720
130851722
130851723
130851728
130851729
130851732
130851736
130851982
130851983
130851984
130851986
130851997
130852000
130852001
130852002
130852004
130852005
130852006
130852007
130852018
130852020
130852022
130852025
130852027
130852031
130852035
130852190
130852202
130852206
130852208
130852210
130852213
130852246
130852293
130852296
130852298
130852401
130852405
130852406
130852407
130852408
130852421
130852422
130852424
130852425
130852426
130852432
130852434
130852644
130852649
130852665
130852667
130852669
130852832
130852834
130852836
130852838
130852841
130852842
130852843
130852845
130852856
130852860
130852863
130852865
130852960
130852961
130852962
130852963
130852964
130852969
130853035
130853038
130853040
130853044
130853185
130853187
130853189
130853190
130853192
130853277
130853279
130853283
130853285
130853287
130853288
130853290
130853293
130853295
130853298
130853300
130853302
130853303
130853309
130853310
130853312
130853313
130853325
130853326
130853479
130853481
130853483
130853485
130853486
130853487
130853497
130853546
130853548
130853551
130853554
130853555
130853568
130853571
130853573
130853574
130853636
130853637
130853641
130853642
130853645
130853647
130853702
130853705
130853708
130853720
130853722
130853723
130853726
130853727
130853728
130853730
130853731
130853896
130853898
130853901
130853904
130853907
130853909
130853910
130853911
130853912
130853924
130853926
130853928
130853929
130853933
130853934
130853935
130853936
130853999
130854003
130854007
130854010
130854015
130854017
130854019
130854021
130854278
130854282
130854285
130854287
130854289
130854293
130854298
130854299
130854300
130854317
130854320
130854323
130854325
130854327
130854329
130854331
130854334
130854340
130854342
130854388
130854390
130854397
130854398
130854399
130854400
130854622
130854627
130854630
130854638
130854641
130854649
130854654
130854658
130854668
130854681
130854688
130854694
130854695
130854701
130854809
130854811
130854817
130854820
130854824
130854825
130854827
130854845
130854847
130854851
130854853
130855000
130855003
130855019
130855025
130855027
130855032
130855037
130855042
130855048
130855054
130855063
130855378
130855383
130855398
130855404
130855408
130855415
130855418
130855424
130855429
130855433
130855437
130855441
130855510
130855512
130855514
130855516
130855518
130855521
130855523
130855524
130855525
130855566
130855580
130855581
130855584
130855586
130855587
130855590
130855591
130855606
130855704
130855706
130855709
130855722
130855726
130855729
130855734
130855762
130855764
130855897
130855899
130855904
130855907
130855910
130855912
130855923
130856098
130856099
130856100
130856104
130856106
130856107
130856108
130856109
130856111
130856113
130856114
130856116
130856117
130856121
130856123
130856124
130856126
130856127
130856404
130856407
130856417
130856418
130856425
130856427
130856430
130856433
130856439
130856441
130856443
130856446
130856448
130856459
130856463
130856469
130856472
130856474
