122073123
122073503
122074056
122074757
122074938
122075530
122075627
122075758
122076183
122076398
122076565
122076702
122077349
122077574
122077653
122078035
122078317
122078425
122078522
122079071
122079223
122079302
122079404
122079807
122079946
122080034
122080070
122080163
122080237
122080377
122080638
122080722
122080730
122080745
122080755
122080763
122080859
122081142
122081242
122081256
122081263
122139820
122272462
122275835
122276268
122276601
122282333
122283866
122284100
122285258
122348849
122350423
122350638
122351841
122352000
122352649
122353565
122354453
122354522
122355164
122355348
122355750
122356390
122362310
122362379
122441912
122498729
122559066
122580911
122580913
122580914
122580917
122580921
122580931
122580968
122581034
122581115
122581197
122581263
122581324
122581365
122581407
122581412
122581417
122581422
122581427
122581430
122581433
122581437
122581442
122581446
122581448
122581453
122581474
122581515
122581579
122581661
122581750
122581874
122581912
122581936
122581944
122581946
122581949
122581956
122581960
122581969
122581972
122584139
122584140
122584141
122584142
122584143
122584144
122585617
122585619
122585623
122585625
122585627
122585628
122585629
122585630
122585631
122585632
122585635
122585636
122585639
122585641
122585643
122585644
122585647
122585655
122585694
122585839
122585920
122585989
122586046
122586084
122586108
122586117
122586123
122586128
122587721
122587761
122587824
122588697
122588699
122588701
122588704
122588705
122588707
122588709
122588712
122588718
122588722
122588725
122590293
122590294
122590297
122590300
122590301
122590303
122590305
122590306
122590383
122590538
122590611
122590668
122590712
122590768
122590771
122590805
122590806
122590807
122590811
122590812
122590817
122593327
122593334
122593338
122593339
122593341
122593344
122593346
122593347
122593349
122593353
122594216
122594278
122594324
122594380
122594382
122594386
122595491
122595564
122595646
122595730
122595782
122595839
122595899
122595908
122595909
122595912
122595918
122595924
122595927
122595932
122595934
122595936
122595938
122595940
122595942
122595959
122596001
122596071
122596154
122596237
122596321
122596362
122596447
122596461
122596463
122596472
122596475
122596479
122628592
122628598
122630064
122759444
122760083
122760517
122761573
122762658
122763023
122764539
122765528
122766480
122766883
122780178
122780435
122780485
122780552
122780597
122780678
122781331
122781533
122781603
122781648
122781940
122782187
122782284
122782396
122782533
122782595
122782831
122783207
122783337
122783544
122783799
122784249
122784597
122784751
122784881
122784928
122784969
122785026
122785440
122785615
122785656
122785798
122785954
122786183
122786526
122786641
122786691
122786742
122786789
122786999
122787366
122787565
122787662
122787713
122787759
122787804
122787891
122788236
122788466
122788619
122788688
122788724
122788776
122788871
122789306
122789406
122789498
122789614
122790841
122791601
122792640
122793079
122793237
122802655
122804518
122804662
122804795
122804961
122805548
122805595
122819881
122820583
122820796
122820891
122834144
122834694
122834779
122841784
122847786
122854117
122854135
122854433
122855145
122855796
122856901
122857043
122857137
122857690
122857937
122858060
122858236
122858860
122859050
122859146
122859263
122859772
122859949
122860222
122860757
122861022
122861217
122861859
122862061
122862072
122921832
123018388
123039253
123039472
123039553
123049695
123057492
123058615
123062352
123098604
123099964
123109520
123110103
123138360
123138361
123145383
123145385
123145387
123145389
123145393
123145422
123145485
123145575
123145680
123145774
123145855
123145928
123145979
123146029
123146041
123146046
123146050
123146083
123146085
123146088
123146090
123146092
123146095
123146098
123146103
123146127
123146168
123146235
123146322
123146408
123146529
123146568
123146597
123146630
123146653
123146676
123146721
123146745
123146788
123146812
123149641
123149663
123149679
123149680
123149681
123149687
123151448
123151470
123151476
123151477
123151479
123151481
123151483
123151485
123151488
123151492
123151493
123151497
123151498
123151500
123151502
123151503
123151566
123151642
123151725
123151867
123151919
123151952
123151965
123151968
123151971
123152047
123152070
123152094
123152121
123154420
123154470
123155649
123155671
123155691
123155716
123155739
123155742
123155746
123155749
123155751
123155753
123155755
123156685
123156974
123157967
123158122
123159077
123159114
123159122
123159125
123159133
123159148
123159192
123159381
123159579
123159670
123159713
123159749
123159771
123159811
123159893
123160045
123160155
123160176
123160192
123160313
123160378
123160390
123160660
123160994
123161639
123161980
123162047
123164636
123164927
123165700
123165730
123165759
123165790
123165838
123165867
123165892
123165916
123165922
123165945
123165971
123167072
123167498
123167539
123167543
123167608
123167688
123167752
123167783
123167785
123168037
123168334
123168727
123168857
123168965
123169468
123169900
123170017
123170291
123170599
123170708
123170767
123170824
123170836
123170858
123170903
123170971
123170997
123171025
123171061
123171145
123171156
123171202
123171214
123171230
123171287
123171298
123171302
123171356
123171401
123171498
123171579
123171643
123171787
123171842
123172031
123172118
123172143
123172150
123172185
123172249
123172259
123172290
123172321
123172583
123173011
123173142
123173304
123173368
123173480
123173844
123174067
123174101
123174107
123174118
123174123
123174141
123174412
123174603
123175312
123175314
123175315
123175317
123175318
123177766
123178375
123178572
123178707
123178761
123178996
123179262
123179401
123179504
123179564
123179573
123185651
123186532
123187077
123187226
123187235
123200687
123201188
123201486
123201658
123201806
123202282
123202554
123202603
123204443
123204821
123204887
123208944
123209134
123209460
123211425
123211605
123224828
123224913
123225639
123225890
123226040
123226763
123227097
123227500
123228886
123229129
123229267
123229364
123230363
123230567
123230824
123230938
123231451
123246769
123252620
123256638
123269561
123281756
123281929
123281965
123282704
123283187
123283384
123283830
123284197
123284303
123337684
123374034
123379479
123379519
123571372
123571635
123571636
123571672
123571703
123571746
123571803
123571858
123572235
123572239
123572243
123594203
123594923
123595895
123596539
123596831
123597035
123597083
123598146
123598911
123599392
123599578
123599627
123599631
123599819
123600000
123600990
123601564
123602432
123602664
123602775
123602785
123602789
123605133
123605771
123606482
123606882
123607276
123607597
123607957
123608511
123609244
123610468
123610725
123612109
123612726
123613408
123613857
123614476
123614834
123615047
123615184
123615269
123615354
123615444
123615790
123616040
123617563
123618159
123618606
123620270
123621334
123622027
123622644
123623551
123623618
123625092
123625803
123627369
123630802
123661323
123663794
123663831
123664452
123664777
123665082
123665365
123665449
123665611
123665832
123666091
123668152
123669108
123669843
123699968
123701074
123717708
123725756
123726716
123727317
123727735
123728696
123729430
123729819
123730527
123731353
123731951
123732657
123733213
123734040
123734783
123735322
123736020
123736804
123737359
123737784
123738880
123739454
123739806
123740604
123741497
123741912
123742609
123743309
123743977
123744699
123745230
123746050
123746799
123747354
123747951
123748855
123749460
123761646
123761753
123761831
123761927
123761994
123762868
123763079
123763180
123763586
123763794
123763865
123763954
123764057
123764214
123764569
123764708
123764788
123764859
123764901
123764917
123767369
123767638
123767798
123767888
123767966
123768063
123769699
123771102
123771601
123771713
123771884
123771959
123773990
123774421
123774500
123776399
123776462
123777720
123778163
123778436
123778882
123779511
123780849
123780926
123780989
123781075
123781166
123781623
123782695
123783677
123783765
123783842
123783923
123784288
123784589
123784733
123784832
123785013
123785670
123786048
123786603
123786687
123786767
123787109
123787372
123787440
123788563
123789291
123789394
123790022
123790126
123791939
123792400
123792597
123792648
123793698
123794111
123794162
123795649
123795744
123795816
123796133
123798426
123798514
123798604
123799176
123800504
123800632
123801440
123802127
123802186
123802722
123803400
123804000
123804102
123804212
123804521
123804797
123804904
123806738
123806925
123808523
123808575
123808945
123809292
123809528
123810224
123810420
123811144
123811229
123811296
123811635
123812056
123812986
123813552
123813845
123813930
123814818
123815641
123815764
123816008
123816426
123817562
123817729
123817801
123818602
123819088
123819221
123820187
123821931
123822117
123822701
123822811
123822896
123824472
123824819
123825180
123825412
123825659
123826143
123826305
123826386
123827326
123828306
123828886
123829117
123829229
123829295
123830210
123831177
123831907
123832019
123832089
123833960
123834404
123834655
123835475
123835677
123835930
123837153
123837766
123838103
123838486
123838627
123840219
123840373
123840463
123840545
123840611
123842919
123843078
123843406
123844249
123844335
123844395
123844639
123845156
123846025
123847074
123847136
123847538
123847814
123848682
123848843
123848970
123849067
123850810
123851335
123851557
123852311
123852553
123852627
123852880
123853147
123853493
123853573
123853680
123853811
123854169
123854399
123855426
123855600
123856585
123856936
123857549
123858291
123859739
123860080
123861052
123861252
123861377
123862647
123862921
123863941
123864135
123866475
123866559
123866640
123866700
123867347
123868716
123868851
123869517
123869574
123869645
123869667
123871093
123871162
123873325
123873399
123874677
123874816
123874898
123876459
123876519
123876621
123878013
123878062
123878313
123878686
123878746
123878929
123879301
123880989
123881352
123881715
123882295
123882441
123882632
123883936
123884002
123885248
123885405
123885476
123885529
123885730
123886088
123887445
123888917
123889159
123889271
123889855
123891288
123891873
123891941
123891996
123893491
123893539
123893724
123895122
123895737
123896140
123896526
123896630
123897562
123898227
123898320
123898324
123898462
123898988
123899851
123899931
123900009
123900371
123900650
123900802
123900937
123901628
123902342
123902580
123903817
123904424
123904728
123904821
123904896
123905018
123905588
123906739
123907066
123907326
123950598
123950600
123950601
123950603
123950605
123950610
123950644
123950706
123950790
123950870
123950942
123951007
123951043
123951086
123951098
123951104
123951133
123951142
123951145
123951147
123951150
123951154
123951157
123951159
123951164
123951179
123951212
123951273
123951356
123951434
123951546
123951594
123951635
123951655
123951664
123951668
123951673
123951677
123951683
123951685
123953837
123953838
123953841
123953842
123953843
123953845
123955367
123955375
123955389
123955397
123955409
123955413
123955414
123955415
123955416
123955417
123955418
123955419
123955421
123955424
123955425
123955460
123955521
123955600
123955742
123955794
123955844
123955872
123955886
123955893
123955897
123955899
123955902
123955905
123955906
123957515
123958440
123958453
123958456
123958459
123958461
123958464
123958465
123958469
123958471
123958473
123958475
123959081
123959131
123959280
123960627
123960641
123960649
123960657
123960682
123960695
123960761
123960924
123961011
123961086
123961163
123961240
123961255
123961332
123961337
123961348
123961359
123961377
123961399
123961874
123962095
123962687
123963218
123963390
123963458
123964223
123964894
123964898
123964900
123964904
123964908
123964916
123964927
123964945
123964954
123964960
123965685
123965755
123965806
123966371
123966389
123966397
123966438
123966444
123966448
123966723
123967354
123968355
123968434
123968503
123968564
123968611
123968651
123968655
123968669
123968679
123968685
123968702
123968709
123968712
123968745
123968761
123968763
123968807
123968839
123968840
123968850
123968881
123968931
123968985
123968996
123969088
123969313
123969358
123969456
123969513
123969525
123969527
123969536
123969556
123969573
123969582
123969586
123970237
123970588
123972005
123972007
123972009
123972014
123972035
123972170
123972686
123972815
123972878
123973585
123974379
123974441
123974714
123975370
123975531
123975786
123976120
123976234
123976313
123976358
123976419
123976728
123976999
123977067
123977134
123977215
123977326
123977658
123977850
123977917
123977973
123977988
123978826
123979060
123979359
123980951
123981322
123981479
123982198
123982240
123982305
123983794
123983913
123984303
123984449
123984505
123986574
123987008
123987195
123987287
123988710
123989386
123989484
123989622
123989982
123990153
123990206
123990257
123991187
124016608
124017176
124122456
124135173
124187683
124194996
124210703
124212122
124226584
124241683
124257251
124273069
124288602
124303855
124320888
124337369
124340492
124353310
124353323
124369538
124387149
124396826
124402657
124418151
124435356
124446417
124452206
124455137
124464679
124468756
124483589
124498774
124511381
124511382
124511384
124511391
124511412
124511439
124511493
124511571
124511673
124511773
124511856
124511923
124511964
124512009
124512016
124512019
124512045
124512058
124512062
124512064
124512070
124512073
124512076
124512079
124512086
124512100
124512138
124512198
124512276
124512362
124512487
124512548
124512598
124512636
124512665
124512693
124512703
124512707
124512712
124512716
124514025
124515490
124515491
124515492
124515494
124515496
124515498
124517346
124517364
124517378
124517384
124517390
124517398
124517401
124517402
124517403
124517405
124517407
124517410
124517412
124517414
124517419
124517431
124517467
124517531
124517687
124517738
124517802
124517846
124517878
124517892
124517946
124518047
124518050
124518052
124520140
124520250
124521178
124521188
124521193
124521197
124521199
124521202
124521203
124521206
124521219
124521257
124521278
124523112
124523114
124523115
124523116
124523117
124523118
124523120
124523155
124523288
124523379
124523445
124523501
124523577
124523610
124523722
124523743
124523764
124523771
124523772
124523774
124526790
124526824
124526849
124526871
124526893
124526910
124526913
124526915
124526917
124526918
124527930
124527990
124528021
124528055
124528059
124528062
124529446
124529572
124529651
124529727
124529783
124529831
124529868
124529915
124529923
124529927
124529930
124530011
124530077
124530095
124530099
124530102
124530103
124530105
124530117
124530157
124530224
124530303
124530385
124530429
124530512
124530550
124530605
124530619
124530632
124530644
124530651
124530656
124530657
124544943
124560218
124575133
124591136
124606576
124622291
124635878
124639744
124653670
124655496
124656497
124673573
124688892
124703026
124704317
124719070
124734514
124750008
124765564
124780795
124797866
124816386
124832973
124849923
124866171
124881968
124898081
124903101
