12.530
14.134
13.494
13.620
14.319
11.896
12.267
12.469
14.759
14.846
13.158
12.221
13.007
13.693
14.746
12.756
12.978
12.458
13.442
13.918
13.340
14.273
13.166
13.142
13.202
14.565
12.628
12.087
12.792
13.956
13.878
12.984
13.907
14.154
13.884
14.804
13.079
12.149
16.911
13.785
13.671
14.963
13.210
14.146
14.238
13.750
12.744
14.872
13.902
12.956
14.738
14.707
13.181
14.384
13.886
13.524
13.869
14.160
14.449
13.802
15.905
14.766
11.845
14.731
14.834
14.658
15.852
13.349
12.729
12.792
13.245
13.006
14.513
13.622
14.553
11.922
11.835
12.141
12.686
12.364
12.978
12.090
12.727
14.149
13.207
13.041
18.217
24.339
12.578
13.053
12.856
14.999
12.229
13.669
12.347
12.951
