17.161
18.451
19.835
19.035
19.056
17.728
17.121
17.882
19.033
18.391
19.569
17.834
17.786
18.673
19.400
17.944
18.578
17.553
18.825
18.045
18.326
18.078
18.592
17.132
18.834
17.857
18.882
17.302
18.210
17.553
17.264
17.468
17.146
20.375
20.007
17.941
18.151
18.658
18.180
18.817
19.691
17.164
18.603
18.846
18.522
18.167
19.266
19.328
18.621
19.679
20.079
18.750
19.299
18.712
19.001
18.962
18.080
19.573
18.448
20.945
17.796
17.252
17.763
20.501
22.426
17.429
18.637
17.646
18.394
17.842
20.789
18.876
19.816
18.565
18.735
18.392
20.624
19.524
18.957
17.409
19.586
19.509
18.802
20.951
19.671
19.283
16.362
20.013
20.167
18.645
17.597
17.349
