13.357
13.155
13.330
17.587
15.082
12.945
12.307
17.813
14.073
19.050
12.588
12.439
13.442
18.112
14.473
16.206
18.580
13.616
13.962
12.743
14.095
17.488
14.250
17.693
17.286
12.916
13.040
13.783
14.095
13.052
17.553
12.805
13.178
14.235
15.411
14.303
17.851
13.788
13.699
13.845
12.756
15.448
17.576
13.048
36.274
13.404
13.972
14.319
16.909
12.585
13.986
13.875
13.330
13.493
11.834
24.520
14.477
4.440
11.239
9.934
9.927
11.914
16.951
14.004
13.092
12.444
14.891
13.305
19.457
13.089
12.808
12.910
14.689
14.156
14.384
12.813
12.556
12.351
12.868
14.765
14.351
15.797
1.359
14.067
13.998
12.990
13.362
13.750
13.078
13.655
13.163
13.219
14.111
15.750
13.715
14.072
14.516
15.104
13.407
13.773
13.423
13.478
