49.392
49.528
53.508
50.327
50.753
47.986
45.567
53.692
31.540
30.697
29.434
27.043
27.337
30.062
31.447
28.900
28.476
29.250
30.243
30.329
28.114
50.509
46.219
48.932
48.430
48.507
50.263
33.083
32.743
32.238
32.142
51.085
52.139
46.994
51.290
36.449
20.475
49.419
49.436
48.086
65.253
63.039
63.755
64.409
65.274
60.498
63.735
62.929
61.372
62.422
63.093
64.141
64.461
60.769
62.487
61.198
62.307
61.110
60.578
63.432
62.408
61.325
65.938
62.178
61.227
61.772
64.445
65.561
78.333
87.888
70.148
67.939
69.283
69.261
72.344
61.594
64.259
65.198
65.444
65.507
70.305
67.195
66.994
58.542
61.784
60.694
59.841
66.212
60.818
71.582
70.965
71.509
71.678
77.300
71.125
71.103
