25.292
13.679
14.172
14.731
16.302
13.136
13.056
13.865
14.329
13.300
13.388
35.618
14.418
15.569
14.357
14.055
16.242
14.159
15.286
13.945
15.012
15.044
15.068
14.387
15.024
12.932
12.924
13.830
13.973
13.221
13.171
13.892
13.966
14.640
14.653
13.835
13.664
12.616
12.574
14.645
13.311
13.310
12.675
17.378
14.406
14.446
14.307
21.892
21.700
23.342
20.863
23.232
24.282
24.761
3.379
23.305
17.538
12.822
6.221
22.620
13.254
18.694
22.272
13.913
13.916
14.109
14.118
14.118
14.849
16.291
14.840
12.629
2.404
14.896
16.114
15.863
13.162
17.351
13.408
14.460
12.922
15.193
19.694
14.004
13.315
14.097
14.638
14.200
14.205
15.035
13.831
12.813
17.538
13.566
14.169
13.934
13.939
15.937
14.024
13.743
