27.806
29.838
17.516
15.667
17.163
14.313
15.268
14.785
15.263
13.976
14.647
13.070
16.238
14.297
15.599
14.252
15.306
17.356
15.831
16.829
15.115
31.973
16.094
16.350
18.310
17.046
16.479
14.928
16.095
17.884
15.591
15.579
14.469
16.114
16.453
18.028
14.825
14.928
15.667
15.468
11.856
10.879
12.885
11.361
11.493
12.134
15.597
15.272
12.340
10.766
21.907
23.328
20.411
23.862
22.254
23.435
21.286
16.937
13.244
21.876
13.583
16.662
17.326
16.790
13.784
12.794
15.102
16.101
17.105
13.911
17.230
12.511
12.715
14.405
15.465
13.404
13.489
12.170
12.589
14.166
13.743
12.901
12.639
12.193
12.525
11.457
11.190
12.307
12.024
15.875
13.761
12.636
13.679
12.874
12.075
