65.532
62.339
49.824
56.136
53.690
54.268
54.990
54.035
52.839
50.847
47.194
48.269
53.627
48.691
54.725
54.700
49.701
55.772
58.204
54.416
56.140
50.881
46.308
55.334
55.534
54.518
51.492
47.493
51.358
54.324
49.141
50.248
50.307
54.506
51.455
54.694
51.082
49.349
48.497
51.943
56.697
50.206
49.767
47.509
49.592
56.926
51.834
50.560
52.078
59.738
56.620
57.821
58.167
56.747
60.345
57.567
51.771
54.231
50.094
54.571
48.458
51.585
49.532
51.638
48.819
51.255
49.740
55.031
49.425
51.397
50.160
48.267
48.547
49.400
54.569
48.627
50.084
52.243
50.863
52.779
53.974
50.509
52.707
50.619
52.041
49.122
47.274
43.939
45.484
42.163
48.409
48.577
50.864
50.810
51.033
49.430
49.016
