72.638
74.750
71.536
70.768
74.884
74.433
77.448
79.342
72.523
73.766
71.897
71.977
73.182
73.176
79.924
76.683
84.037
82.446
80.370
81.674
70.589
71.535
66.929
69.394
68.938
71.804
76.968
57.462
65.091
69.314
78.566
70.791
69.011
70.039
68.572
68.384
70.023
70.867
76.997
77.774
79.947
76.720
81.247
84.585
5.848
74.595
75.622
76.230
75.905
71.983
70.263
70.616
70.954
81.995
74.619
76.329
82.287
68.884
69.573
66.562
66.827
70.367
71.454
70.716
71.255
81.306
80.425
77.818
85.335
72.793
71.085
68.445
67.780
66.180
65.837
70.062
68.135
66.926
66.742
82.304
70.636
68.752
65.318
67.865
66.733
65.237
68.895
69.872
69.003
69.103
81.009
78.373
75.038
72.218
71.233
73.035
74.081
71.812
72.059
91.352
82.735
74.926
80.693
73.530
72.711
71.776
72.032
72.663
71.542
73.647
74.410
74.829
76.929
78.668
77.853
77.238
73.869
73.723
76.403
74.594
75.201
77.116
75.888
76.977
79.416
77.667
75.483
74.968
75.930
77.398
73.750
74.735
74.372
75.742
82.602
81.370
74.262
78.082
69.331
69.268
71.017
71.142
72.889
71.525
59.242
57.738
231.571
75.853
74.770
81.476
77.769
71.383
71.875
73.328
76.220
72.879
74.676
71.416
70.717
71.125
76.024
82.794
83.246
74.930
74.390
76.108
75.807
71.796
71.933
70.644
77.544
76.783
84.696
82.675
78.805
88.368
75.232
76.675
