13.558
12.246
63.256
14.605
14.414
13.999
14.134
14.304
14.184
14.136
13.997
13.416
13.687
13.223
13.603
14.625
14.305
13.533
13.630
14.108
14.074
12.392
13.642
7.777
17.544
3.585
12.074
12.303
13.335
12.142
13.968
13.182
14.298
12.996
15.735
13.597
28.892
13.221
13.642
13.187
14.299
13.617
13.314
13.452
15.552
15.150
15.010
8.184
13.490
13.479
12.838
12.830
13.237
13.264
13.709
13.687
15.348
14.749
14.514
15.613
13.782
14.223
22.651
14.783
15.757
15.928
16.392
13.406
14.703
13.626
14.662
15.459
16.026
12.832
13.246
12.717
13.198
13.683
13.643
14.486
13.357
13.291
13.258
14.040
14.460
14.775
13.459
14.291
13.491
13.262
13.353
15.596
16.341
14.131
14.269
15.262
15.773
13.659
13.789
13.271
13.128
13.922
14.417
14.660
13.725
14.135
13.948
13.509
13.416
12.939
14.218
13.237
13.418
13.761
14.947
13.720
13.869
14.027
3.577
15.734
13.931
13.492
12.931
12.614
12.691
12.562
14.305
13.336
14.871
15.154
14.569
14.200
13.267
13.496
15.895
15.485
13.442
13.369
13.053
14.552
13.190
14.313
13.875
14.041
13.931
12.727
13.395
12.958
13.494
12.525
12.856
13.765
13.210
13.476
14.372
13.599
14.748
13.758
13.825
13.230
12.849
13.281
13.472
13.345
13.678
13.563
13.046
13.657
13.098
12.628
12.882
13.592
12.570
13.943
12.922
13.463
13.343
7.588
14.109
13.897
14.402
26.058
13.173
15.270
