19.494
18.723
23.744
21.560
21.372
21.555
20.927
20.825
20.767
19.959
20.659
19.191
18.976
23.925
23.436
21.702
21.706
20.384
21.952
19.253
19.613
18.858
18.655
19.648
19.336
21.027
20.921
19.865
20.251
16.258
16.865
16.391
16.347
16.920
16.338
17.273
16.719
17.181
16.993
17.735
20.630
18.980
16.355
17.659
15.591
16.919
20.203
19.623
19.531
20.639
19.823
19.810
19.630
19.997
16.892
18.651
17.107
19.129
18.292
16.344
18.838
17.563
17.862
20.418
21.663
15.695
15.561
15.805
15.790
15.823
15.341
16.354
16.447
15.719
16.076
17.083
19.372
16.579
17.730
17.839
17.502
16.002
15.986
18.436
18.337
16.784
18.221
21.046
19.841
16.179
15.660
16.111
15.971
16.112
16.067
16.626
17.406
17.253
21.298
22.031
16.710
16.609
17.456
17.198
17.104
16.788
18.243
18.161
18.333
18.547
19.535
20.611
17.095
17.650
16.062
15.976
15.970
15.896
18.141
17.821
17.506
18.057
17.176
17.933
17.855
17.398
16.852
16.530
16.591
18.084
17.825
17.515
17.120
16.095
16.805
15.919
16.131
18.556
17.627
17.279
16.557
16.245
16.044
17.919
18.342
16.556
17.217
17.034
17.625
16.247
17.485
18.281
17.758
16.875
17.111
16.624
18.211
16.681
16.879
16.268
16.931
16.430
16.023
16.055
16.937
17.512
17.004
20.086
22.536
15.592
15.706
17.029
18.613
