129756710
129756712
129756713
129756721
129756722
129756724
129756727
129756729
129756731
129756732
129756734
129756737
129756738
129756739
129756742
129756774
129756790
129756804
129756846
129756862
129757367
129757370
129757512
129757524
129757544
129757587
129757604
129757618
129757708
129757730
129757748
129757751
129757758
129757769
129757829
129757833
129757850
129757864
129757873
129757883
129757893
129757898
129758049
129758057
129758069
129758082
129758106
129758121
129758158
129758186
129758217
129758241
129758323
129758340
129758357
129758371
129758417
129758490
129758499
129758512
129759198
129759200
129759204
129759205
129759219
129759221
129759223
129759232
129759234
129759239
129759240
129759241
129759244
129759246
129759248
129759249
129759250
129759252
129759254
129759255
129759777
129759812
129759816
129759825
129759830
129759834
129759839
129759843
129759854
129759878
129759880
129759881
129759885
129760429
129760431
129760433
129760435
129760436
129760437
129761053
129761076
129761090
129761095
129761098
129761102
129761106
129761237
129761578
129761590
129761610
129761624
129761638
129761663
129761677
129761698
129761708
129761725
129761741
129761751
129761766
129761776
129761787
129761795
129762264
129762281
129762315
129762495
129762841
129763152
129763154
129763157
129763160
129763163
129763165
129763167
129763172
129763175
129763177
129763179
129763180
129763182
129763184
129763186
129763194
129763199
129763201
129763835
129763836
129763838
129763844
129763845
129763851
129763852
129763855
129763859
129763860
129763861
129763863
129763865
129763867
129763868
129763869
129763871
129763872
129763873
129763875
129764795
129764812
129764817
129764836
129765113
129765115
129765117
129765119
129765130
129765133
129765137
129765139
129765140
129765142
129765144
129765150
129765154
129765199
129765200
129765208
129765219
129765227
129765232
129765785
129765787
129765788
129765789
129765790
129765793
129765794
129765795
129766174
129766188
129766205
129766230
129766244
129766254
129766261
129766274
129766391
129766393
129766399
129766422
129766432
129766444
129766936
129766940
129766944
129766949
129767087
129767094
129767101
129767119
129767123
129767142
129767153
129767161
129767634
129767636
129767638
129767640
129767643
129767644
129767647
129767649
129767655
129767661
129767667
129767669
129767671
129767674
129767676
129767678
129767683
129767686
129767692
129767693
129768062
129768083
129768101
129768122
129768141
129768147
129768162
129768310
129768312
129768315
129768323
129768324
129768325
129768328
129768330
129768333
129768336
129768337
129768338
129768341
129768344
129768345
129768346
129768367
129768385
129768413
129768431
129768957
129768961
129768964
129768966
129768971
129768973
129769087
129769088
129769089
129769091
129769092
129769093
129769096
129769099
129769104
129769115
129769127
129769147
129769740
129769744
129769745
129769747
129769753
129769755
129769756
129770298
129770300
129770301
129770302
129770308
129770309
129770312
129770314
129770318
129770323
129770324
129770325
129770327
129770329
129770330
129770332
129770337
129770338
129770341
129770342
129771000
129771008
129771009
129771011
129771013
129771018
129771023
129771026
129771027
129771029
129771030
129771032
129771034
129771035
129771038
129771043
129771052
129771064
129771592
129771595
129771599
129771602
129771606
129772206
129772208
129772626
129772637
129772648
129772663
129772673
129772685
129772694
129772704
129772710
129772752
129772760
129772763
129772770
129772777
129772798
129772804
129772833
129772838
129772848
129772851
129772965
129772970
129772975
129772977
129772978
129772980
129772983
129772984
129772985
129772987
129772988
129772992
129772993
129772996
129772997
129772998
129772999
129870991
129870992
129870995
129870996
129870997
129870998
129871002
129871003
129871006
129871008
129871048
129871052
129871054
129871056
129871057
129871059
129871060
129871062
129871064
129871068
129871176
129871179
129871181
129871187
129871402
129871404
129871406
129871407
129871408
129871410
129871418
129871427
129871428
129871430
129871432
129871434
129871435
129871437
129871441
129871442
129871443
129871447
129871449
129871451
129871565
129871567
129871573
129871576
129871584
129871625
129871627
129871628
129871629
129871633
129871637
129871638
129871645
129871646
129871651
129871657
129871659
129871662
129871665
129871764
129871766
129871768
129871770
129871772
129871774
129871776
129871779
129871781
129871844
129871846
129871851
129871855
129871856
129871858
129871906
129871908
129871913
129871916
129871952
129871972
129871973
129871975
129871981
129871984
129871985
129871990
129871991
129871993
129871995
129871996
129872001
129872003
129872081
129872085
129872087
129872128
129872130
129872131
129872134
129872179
129872181
129872183
129872185
129872187
129872191
129872192
129872193
129872195
129872197
129872208
129872213
129872216
129872220
129872225
129872227
129872228
129872229
129872231
129872233
129872304
129872307
129872370
129872376
129872378
129872459
129872466
129872467
129872469
129872470
129872471
129872472
129872473
129872474
129872475
129872477
129872518
129872519
129872521
129872523
129872525
129872577
129872584
129872586
129872587
129872588
129872590
129872592
129872594
129872595
129872598
129872600
129872602
129872604
129872605
129872606
129872611
129872612
129872613
129872615
129872616
129872995
129872999
129873001
129873003
129873004
129873006
129873094
129873097
129873099
129873101
129873103
129873104
129873107
129873108
129873109
129873111
129873115
129873116
129873117
129873119
129873120
129873122
129873124
129873125
129873126
129873127
129873252
129873256
129873338
129873339
129873341
129873342
129873343
129873345
129873347
129873350
129873353
129873355
129873359
129873360
129873362
129873363
129873365
129873368
129873371
129873376
129873377
129873380
129873460
129873463
129873542
129873544
129873545
129873549
129873552
129873557
129873558
129873559
129873560
129873562
129873565
129873568
129873569
129873572
129873574
129873575
129873576
129873577
129873579
129873595
129873641
129873703
129873708
129873711
129873714
129873718
129873720
129873722
129873723
129873727
129873732
129873734
129873738
129873739
129873743
129873744
129873746
129873749
129873753
129873755
129873757
129873907
129873925
129873928
129873930
129873931
129873957
129874051
129874052
129874054
129874056
129874057
129874061
129874062
129874066
129874069
129874071
129874073
129874075
129874078
129874080
129874148
129874184
129874186
129874188
129874192
129874215
129874221
129874223
129874304
129874306
129874308
129874310
129874312
129874316
129874317
129874319
129874321
129874322
129874324
129874326
129874328
129874329
129874331
129874333
129874335
129874337
129874338
129874339
130138624
130138631
130138633
130138642
130138644
130138650
130138651
130138655
130138656
130138659
130138663
130138664
130138669
130138679
130138683
130138688
130138689
130138690
130138694
130138696
130138828
130138830
130138833
130138841
130138843
130138848
130138851
130138853
130138855
130138859
130138860
130138864
130138867
130138870
130138872
130138875
130138879
130138882
130138887
130138895
130139052
130139055
130139056
130139059
130139060
130139064
130139066
130139068
130139071
130139075
130139077
130139078
130139080
130139081
130139085
130139087
130139088
130139091
130139093
130139098
130139229
130139232
130139237
130139242
130139243
130139251
130139252
130139255
130139260
130139261
130139262
130139264
130139391
130139393
130139397
130139399
130139402
130139403
130139407
130139408
130139412
130139415
130139419
130139420
130139425
130139428
130139429
130139433
130139437
130139440
130139442
130139447
130139582
130139583
130139586
130139587
130139592
130139597
130139598
130139601
130139606
130139609
130139610
130139614
130139828
130139829
130139835
130139837
130139844
130139850
130139852
130139857
130139861
130139863
130139870
130139871
130139877
130139882
130139884
130139886
130139891
130139896
130139905
130139906
130140128
130140136
130140141
130140146
130140155
130140275
130140279
130140280
130140284
130140285
130140288
130140293
130140297
130140299
130140305
130140306
130140310
130140311
130140316
130140317
130140321
130140324
130140326
130140327
130140330
130140406
130140409
130140410
130140415
130140417
130140424
130140428
130140429
130140434
130140435
130140439
130140444
130140567
130140570
130140571
130140574
130140575
130140580
130140585
130140588
130140592
130140594
130140600
130140601
130140607
130140613
130140619
130140620
130140766
130140770
130140771
130140776
130140777
130140780
130140784
130140785
130140788
130140791
130140793
130140797
130140798
130140801
130140803
130140804
130140808
130140812
130140814
130140958
130140959
130140963
130140965
130140969
130140974
130140976
130140979
130140980
130140981
130140984
130140988
130140989
130141000
130141002
130141006
130141007
130141010
130141012
130141013
130141141
130141143
130141154
130141157
130141158
130141162
130141163
130141166
130141171
130141172
130141175
130141177
130141180
130141181
130141184
130141185
130141190
130141191
130141195
130141196
130141319
130141320
130141322
130141325
130141326
130141329
130141331
130141335
130141336
130141339
130141344
130141346
130141350
130141354
130141507
130141511
130141512
130141514
130141519
130141520
130141525
130141527
130141528
130141533
130141537
130141542
130141685
130141686
130141688
130141689
130141692
130141697
130141698
130141702
130141703
130141708
130141709
130141712
130141717
130141721
130141726
130141732
130141733
130141949
130141952
130141957
130141960
130141962
130141964
130141965
130141967
130141970
130141977
130141978
130244755
130244774
130244818
130244874
130244954
130245027
130245059
130245095
130245132
130245193
130245218
130245258
130245275
130245304
130245325
130245339
130245347
130245356
130245367
130246512
130246516
130246518
130246523
130246528
130246536
130246541
130246548
130246554
130246558
130246563
130246565
130246567
130246569
130246570
130246572
130246602
130246626
130246679
130246701
130246732
130246748
130247194
130247203
130247210
130247231
130247237
130247244
130247249
130247270
130247293
130247304
130247309
130247317
130247325
130247327
130247676
130247699
130247723
130247949
130247952
130247953
130247955
130247958
130247960
130247961
130247963
130247964
130247965
130247971
130247975
130247978
130247982
130247984
130247991
130248794
130248816
130248828
130248869
130248908
130248941
130248978
130249002
130249036
130249068
130249086
130249094
130249108
130249126
130249133
130249137
130249139
130249141
130249142
130249755
130249761
130249764
130250128
130250153
130250161
130250172
130250195
130250244
130250248
130250253
130250259
130250266
130250282
130250284
130250293
130250409
130250410
130250411
130250412
130250413
130250417
130250419
130250420
130250877
130251193
130251238
130251250
130251308
130251336
130251504
130251521
130251574
130251587
130251592
130251879
130251880
130251881
130251882
130251884
130251885
130251887
130251888
130251893
130251894
130251897
130251898
130251900
130252457
130252460
130252471
130252472
130252476
130252483
130252484
130252793
130252816
130252821
130252864
130252877
130252888
130252914
130252947
130252990
130253022
130253059
130253062
130253075
130253087
130253091
130253112
130253116
130253117
130253645
130253655
130253695
130253701
130253714
130253726
130253748
130253758
130253763
130254552
130254559
130254563
130254567
130254577
130254603
130254659
130254681
130254754
130254783
130255408
130255428
130255430
130255436
130255441
130255444
130255451
130255473
130255484
130255499
130255504
130255516
130255584
130255599
130255619
130255684
130255721
130255764
130255813
130256707
130256757
130256767
130256773
130256784
130256790
130256794
130256795
130256796
130256797
130256801
130256803
130256806
130256807
130256808
130256810
130256812
130256813
130256815
130257152
130257171
130257207
130257219
130257262
130257307
130257349
130257398
130257401
130257405
130257409
130257412
130257441
130257466
130257486
130257502
130257519
130257533
130257535
130258160
130258161
130258163
130258164
130258165
130258168
130258169
130258173
130258175
130258176
130258177
130258178
130258182
130258183
130258184
130258185
130258186
130258187
130258736
130258737
130258740
130258746
130258748
130258753
130258756
130258757
130258758
130258762
130258765
130258766
130258770
130258773
130258774
130259500
130259513
130259524
130259530
130259531
130259536
130259538
130259542
130259547
130259548
130259550
130259552
130259554
130259555
130259556
130259557
130259584
130259632
130259735
130260225
130260227
130260229
130260230
130260232
130260234
130260235
130260236
130260237
130260245
130260254
130260263
130260295
130260384
130260407
130260419
130260820
130260827
130260830
130260834
130260837
130260852
130261529
130261541
130261563
130261646
130261695
130261715
130261725
130261875
130262655
130262656
130262658
130262661
130262663
130262664
130262668
130262670
130262676
130262681
130262693
130262726
130262782
130262830
130262877
130262930
130262945
130262951
130262957
130263997
130264003
130264008
130264022
130264024
130264034
130264070
130264071
130264072
130264077
130264078
130264079
130264081
130264082
130264084
130264089
130264090
130264092
130264094
130264678
130264687
130264714
130264734
130264737
130264739
130264741
130264747
130264748
130264750
130264752
130264756
130264758
130264761
130264762
130264763
130264764
130264765
130264767
130265936
130265938
130265939
130265941
130265943
130265944
130265945
130265947
130265951
130265952
130265953
130265954
130265957
130265958
130265962
130265967
130265969
130266552
130266553
130266554
130266559
130266561
130266562
130266563
130266566
130266567
130266594
130266638
130266656
130266700
130266759
130266807
130266819
130266852
130266857
130267896
130267900
130267901
130267904
130267925
130267954
130267958
130267961
130267962
130267973
130267982
130268306
130268335
130268344
130268400
130268445
130268482
130268493
130268503
130268512
130268523
130268531
130268535
130268536
130268538
130268539
130268541
130268542
130268544
130268545
130467119
130467121
130467122
130467123
130467124
130467126
130467128
130467129
130467136
130467141
130467142
130467143
130467144
130467147
130467154
130467155
130467156
130467157
130467158
130467195
130467247
130467249
130467252
130467254
130467261
130467264
130467266
130467268
130467271
130467272
130467274
130467282
130467453
130467454
130467456
130467458
130467461
130467462
130467463
130467464
130467466
130467467
130467468
130467472
130467474
130467475
130467476
130467477
130467478
130467479
130467480
130467595
130467598
130467600
130467602
130467753
130467756
130467757
130467761
130467812
130467818
130467819
130467820
130467825
130467832
130467837
130467842
130467848
130467854
130467856
130467857
130467859
130467861
130467862
130467863
130467864
130467865
130467967
130468017
130468019
130468020
130468022
130468026
130468050
130468052
130468054
130468056
130468058
130468059
130468061
130468064
130468065
130468066
130468067
130468073
130468074
130468076
130468081
130468120
130468122
130468124
130468126
130468128
130468130
130468131
130468132
130468133
130468134
130468135
130468137
130468215
130468218
130468222
130468224
130468226
130468228
130468230
130468232
130468266
130468268
130468270
130468275
130468276
130468277
130468280
130468281
130468282
130468284
130468291
130468398
130468400
130468471
130468474
130468477
130468481
130468483
130468485
130468486
130468490
130468492
130468494
130468498
130468500
130468564
130468565
130468567
130468704
130468706
130468711
130468713
130468715
130468717
130468719
130468720
130468721
130468725
130468726
130468727
130468728
130468732
130468733
130468734
130468735
130468736
130468761
130468765
130468766
130468813
130468815
130468817
130468819
130468821
130468825
130468826
130468828
130468829
130468830
130468939
130468942
130468945
130469027
130469034
130469161
130469169
130469171
130469175
130469178
130469182
130469186
130469190
130469192
130469296
130469298
130469300
130469301
130469302
130469303
130469305
130469306
130469380
130469383
130469385
130469388
130469390
130469394
130469396
130469398
130469407
130469409
130469476
130469504
130469507
130469508
130469613
130469614
130469615
130469617
130469619
130469621
130469623
130469707
130469709
130469716
130469718
130469755
130469756
130469758
130469760
130469860
130469865
130469872
130469874
130595053
130595060
130595063
130595071
130595085
130595086
130595091
130595092
130595093
130595108
130595113
130595129
130595136
130595138
130595143
130595145
130595147
130595150
130595153
130595517
130595535
130596160
130596176
130596198
130596240
130596276
130596504
130596505
130596507
130596510
130596513
130596515
130596519
130596520
130596521
130596537
130596541
130596544
130596546
130596547
130596552
130596556
130597141
130597142
130597753
130597769
130597790
130597812
130597824
130597839
130597842
130597875
130597888
130597896
130597899
130597907
130598702
130598704
130598705
130598706
130598707
130598708
130598709
130598710
130598712
130598713
130598730
130598732
130598734
130598736
130598738
130598744
130598746
130598747
130598748
130599339
130599341
130599343
130599346
130599351
130599359
130599369
130599384
130599408
130599431
130599481
130599503
130599531
130599592
130599634
130599640
130599643
130599660
130599677
130600124
130600639
130600641
130600644
130600649
130600652
130600657
130600658
130600659
130600661
130600664
130601408
130601477
130601495
130601511
130601525
130601530
130601551
130601557
130601577
130601608
130601625
130601660
130601701
130601714
130601722
130601747
130601751
130601768
130601774
130602092
130602097
130602116
130602131
130602195
130602222
130602240
130602266
130602351
130602355
130602743
130602745
130602748
130602750
130602751
130602769
130602772
130602779
130602781
130602784
130602785
130603353
130603355
130603356
130603359
130603374
130603376
130603378
130604058
130604063
130604065
130604068
130604071
130604075
130604078
130604580
130604587
130604607
130604609
130604611
130604626
130604627
130604630
130604633
130604637
130605126
130605146
130605170
130605191
130605207
130605210
130605212
130605216
130605233
130605236
130605239
130605242
130605244
130605245
130605248
130605249
130606364
130606370
130606397
130606405
130606445
130606479
130606497
130606508
130606523
130606544
130606568
130606617
130606628
130606633
130606639
130606653
130606658
130606686
130606703
130607326
130607329
130607445
130607451
130607469
130607503
130607541
130607559
130607588
130607651
130607685
130607699
130607714
130607737
130607751
130607780
130607803
130607820
130607880
130607895
130607905
130608694
130608705
130608735
130608764
130608797
130608803
130608817
130609184
130609227
130609272
130609305
130609319
130609358
130609373
130609383
130609396
130609406
130609418
130609430
130609443
130609451
130609454
130609455
130609459
130609540
130609579
130609600
130609626
130609703
130609714
130609766
130609772
130609785
130609801
130609817
130609823
130609832
130609847
130609911
130609931
130609963
130609977
130610309
130610322
130610331
130610385
130610969
130610971
130610974
130610975
130610977
130610979
130610980
130610983
130610986
130610991
130610993
130611901
130611918
130611934
130611940
130611991
130612006
130612029
130612040
130612054
130612060
130612063
130612102
130612107
130612134
130612138
130612142
130612171
130612204
130612211
130612847
130612852
130612853
130612855
130612856
130613477
130613483
130613494
130613505
130613512
130613515
130613516
130613521
130613526
130613527
130613528
130613529
130613531
130613536
130613538
130613539
130613540
130613543
130614402
130614405
130614411
130614416
130614418
130614426
130614429
130614431
130614432
130614434
130614437
130614442
130614463
130614464
130614466
130614468
130614470
130614472
130615166
130615173
130615175
130615186
130615193
130615195
130615198
130615203
130615215
130615263
130615295
130615791
130615797
130615802
130615803
130615805
130615810
130615811
130615817
130615853
130615887
130615951
130615971
130615992
130616075
130616080
130616118
130616127
130616144
130616174
130617019
130617023
130617027
130617096
130617099
130617106
130617111
130851522
130851524
130851529
130851530
130851532
130851535
130851537
130851554
130851557
130851563
130851565
130851574
130851576
130851578
130851580
130851590
130851592
130851595
130851599
130851655
130851658
130851659
130851660
130851662
130851663
130851664
130851666
130851669
130851670
130851672
130851679
130851680
130851683
130851685
130851742
130851746
130851747
130851749
130851752
130851765
130851768
130851769
130851772
130851774
130851775
130851777
130851779
130851780
130851783
130852037
130852039
130852048
130852050
130852053
130852057
130852059
130852061
130852066
130852069
130852074
130852076
130852077
130852078
130852079
130852080
130852095
130852096
130852101
130852223
130852226
130852228
130852305
130852307
130852308
130852312
130852315
130852317
130852325
130852331
130852332
130852333
130852335
130852344
130852345
130852350
130852557
130852559
130852676
130852678
130852683
130852684
130852694
130852695
130852697
130852701
130852704
130852707
130852708
130852709
130852712
130852738
130852739
130852758
130852762
130852763
130852774
130852777
130852780
130852971
130852977
130852978
130852979
130852991
130852992
130852993
130852997
130852998
130852999
130853001
130853046
130853058
130853060
130853062
130853063
130853065
130853068
130853070
130853071
130853072
130853075
130853077
130853079
130853081
130853088
130853089
130853090
130853092
130853094
130853193
130853194
130853195
130853197
130853198
130853199
130853208
130853210
130853211
130853213
130853215
130853328
130853329
130853330
130853331
130853333
130853334
130853344
130853347
130853350
130853359
130853360
130853361
130853362
130853363
130853375
130853376
130853377
130853415
130853420
130853422
130853423
130853425
130853427
130853435
130853436
130853439
130853441
130853443
130853445
130853447
130853448
130853528
130853530
130853532
130853533
130853534
130853535
130853576
130853577
130853583
130853590
130853591
130853593
130853595
130853597
130853600
130853602
130853603
130853604
130853651
130853655
130853674
130853732
130853733
130853734
130853737
130853741
130853743
130853750
130853752
130853753
130853755
130853765
130853767
130853768
130853771
130853773
130853774
130853775
130853776
130853788
130853937
130853938
130854029
130854033
130854035
130854088
130854090
130854092
130854096
130854097
130854098
130854104
130854107
130854109
130854112
130854114
130854116
130854118
130854119
130854122
130854123
130854124
130854140
130854141
130854346
130854351
130854354
130854357
130854359
130854365
130854368
130854369
130854405
130854409
130854411
130854412
130854417
130854420
130854424
130854428
130854429
130854434
130854442
130854448
130854450
130854718
130854725
130854728
130854732
130854857
130854860
130854862
130854864
130854865
130854866
130854868
130854874
130854877
130854880
130854881
130854883
130854885
130854887
130854889
130854892
130854893
130855084
130855088
130855091
130855096
130855101
130855181
130855187
130855205
130855206
130855207
130855208
130855210
130855211
130855212
130855214
130855215
130855217
130855567
130855608
130855769
130855771
130855772
130855776
130855777
130855780
130855782
130855784
130855785
130855786
130855789
130855792
130855794
130855796
130855797
130855799
130855801
130855802
130855803
130855925
130855927
130855931
130855932
130855933
130856128
130856130
130856134
130856136
130856144
130856146
130856147
130856151
130856154
130856158
130856160
130856162
130856166
130856170
130856171
130856172
130856174
130856175
130856178
130856479
130856482
130856484
130856485
130856487
130856490
130856491
130856494
130856495
130856496
130856497
130856499
130856500
130856502
