122166155
122442278
122723933
122962527
122995861
123062348
123278046
123337710
123399626
123448769
123449103
123524993
123566040
123809670
123898348
124134963
124187812
124194999
124210699
124226586
124241680
124257247
124273066
124288603
124303857
124320884
124337364
124353321
124369539
124387151
124397889
124402660
124418158
124435361
124452205
124452851
124468754
124483593
124498777
124514026
124529448
124544938
124560219
124575138
124591138
124606566
124622286
124639743
124656505
124673570
124688899
124704314
