130467119
130467121
130467122
130467123
130467124
130467126
130467128
130467129
130467136
130467141
130467142
130467143
130467144
130467147
130467154
130467155
130467156
130467157
130467158
130467195
130467247
130467249
130467252
130467254
130467261
130467264
130467266
130467268
130467271
130467272
130467274
130467282
130467453
130467454
130467456
130467458
130467461
130467462
130467463
130467464
130467466
130467467
130467468
130467472
130467474
130467475
130467476
130467477
130467478
130467479
130467480
130467595
130467598
130467600
130467602
130467753
130467756
130467757
130467761
130467812
130467818
130467819
130467820
130467825
130467832
130467837
130467842
130467848
130467854
130467856
130467857
130467859
130467861
130467862
130467863
130467864
130467865
130467967
130468017
130468019
130468020
130468022
130468026
130468050
130468052
130468054
130468056
130468058
130468059
130468061
130468064
130468065
130468066
130468067
130468073
130468074
130468076
130468081
130468120
130468122
130468124
130468126
130468128
130468130
130468131
130468132
130468133
130468134
130468135
130468137
130468215
130468218
130468222
130468224
130468226
130468228
130468230
130468232
130468266
130468268
130468270
130468275
130468276
130468277
130468280
130468281
130468282
130468284
130468291
130468398
130468400
130468471
130468474
130468477
130468481
130468483
130468485
130468486
130468490
130468492
130468494
130468498
130468500
130468564
130468565
130468567
130468704
130468706
130468711
130468713
130468715
130468717
130468719
130468720
130468721
130468725
130468726
130468727
130468728
130468732
130468733
130468734
130468735
130468736
130468761
130468765
130468766
130468813
130468815
130468817
130468819
130468821
130468825
130468826
130468828
130468829
130468830
130468939
130468942
130468945
130469027
130469034
130469161
130469169
130469171
130469175
130469178
130469182
130469186
130469190
130469192
130469296
130469298
130469300
130469301
130469302
130469303
130469305
130469306
130469380
130469383
130469385
130469388
130469390
130469394
130469396
130469398
130469407
130469409
130469476
130469504
130469507
130469508
130469613
130469614
130469615
130469617
130469619
130469621
130469623
130469707
130469709
130469716
130469718
130469755
130469756
130469758
130469760
130469860
130469865
130469872
130469874
130595053
130595060
130595063
130595071
130595085
130595086
130595091
130595092
130595093
130595108
130595113
130595129
130595136
130595138
130595143
130595145
130595147
130595150
130595153
130595517
130595535
130596160
130596176
130596198
130596240
130596276
130596504
130596505
130596507
130596510
130596513
130596515
130596519
130596520
130596521
130596537
130596541
130596544
130596546
130596547
130596552
130596556
130597141
130597142
130597753
130597769
130597790
130597812
130597824
130597839
130597842
130597875
130597888
130597896
130597899
130597907
130598702
130598704
130598705
130598706
130598707
130598708
130598709
130598710
130598712
130598713
130598730
130598732
130598734
130598736
130598738
130598744
130598746
130598747
130598748
130599339
130599341
130599343
130599346
130599351
130599359
130599369
130599384
130599408
130599431
130599481
130599503
130599531
130599592
130599634
130599640
130599643
130599660
130599677
130600124
130600639
130600641
130600644
130600649
130600652
130600657
130600658
130600659
130600661
130600664
130601408
130601477
130601495
130601511
130601525
130601530
130601551
130601557
130601577
130601608
130601625
130601660
130601701
130601714
130601722
130601747
130601751
130601768
130601774
130602092
130602097
130602116
130602131
130602195
130602222
130602240
130602266
130602351
130602355
130602743
130602745
130602748
130602750
130602751
130602769
130602772
130602779
130602781
130602784
130602785
130603353
130603355
130603356
130603359
130603374
130603376
130603378
130604058
130604063
130604065
130604068
130604071
130604075
130604078
130604580
130604587
130604607
130604609
130604611
130604626
130604627
130604630
130604633
130604637
130605126
130605146
130605170
130605191
130605207
130605210
130605212
130605216
130605233
130605236
130605239
130605242
130605244
130605245
130605248
130605249
130606364
130606370
130606397
130606405
130606445
130606479
130606497
130606508
130606523
130606544
130606568
130606617
130606628
130606633
130606639
130606653
130606658
130606686
130606703
130607326
130607329
130607445
130607451
130607469
130607503
130607541
130607559
130607588
130607651
130607685
130607699
130607714
130607737
130607751
130607780
130607803
130607820
130607880
130607895
130607905
130608694
130608705
130608735
130608764
130608797
130608803
130608817
130609184
130609227
130609272
130609305
130609319
130609358
130609373
130609383
130609396
130609406
130609418
130609430
130609443
130609451
130609454
130609455
130609459
130609540
130609579
130609600
130609626
130609703
130609714
130609766
130609772
130609785
130609801
130609817
130609823
130609832
130609847
130609911
130609931
130609963
130609977
130610309
130610322
130610331
130610385
130610969
130610971
130610974
130610975
130610977
130610979
130610980
130610983
130610986
130610991
130610993
130611901
130611918
130611934
130611940
130611991
130612006
130612029
130612040
130612054
130612060
130612063
130612102
130612107
130612134
130612138
130612142
130612171
130612204
130612211
130612847
130612852
130612853
130612855
130612856
130613477
130613483
130613494
130613505
130613512
130613515
130613516
130613521
130613526
130613527
130613528
130613529
130613531
130613536
130613538
130613539
130613540
130613543
130614402
130614405
130614411
130614416
130614418
130614426
130614429
130614431
130614432
130614434
130614437
130614442
130614463
130614464
130614466
130614468
130614470
130614472
130615166
130615173
130615175
130615186
130615193
130615195
130615198
130615203
130615215
130615263
130615295
130615791
130615797
130615802
130615803
130615805
130615810
130615811
130615817
130615853
130615887
130615951
130615971
130615992
130616075
130616080
130616118
130616127
130616144
130616174
130617019
130617023
130617027
130617096
130617099
130617106
130617111
130851522
130851524
130851529
130851530
130851532
130851535
130851537
130851554
130851557
130851563
130851565
130851574
130851576
130851578
130851580
130851590
130851592
130851595
130851599
130851655
130851658
130851659
130851660
130851662
130851663
130851664
130851666
130851669
130851670
130851672
130851679
130851680
130851683
130851685
130851742
130851746
130851747
130851749
130851752
130851765
130851768
130851769
130851772
130851774
130851775
130851777
130851779
130851780
130851783
130852037
130852039
130852048
130852050
130852053
130852057
130852059
130852061
130852066
130852069
130852074
130852076
130852077
130852078
130852079
130852080
130852095
130852096
130852101
130852223
130852226
130852228
130852305
130852307
130852308
130852312
130852315
130852317
130852325
130852331
130852332
130852333
130852335
130852344
130852345
130852350
130852557
130852559
130852676
130852678
130852683
130852684
130852694
130852695
130852697
130852701
130852704
130852707
130852708
130852709
130852712
130852738
130852739
130852758
130852762
130852763
130852774
130852777
130852780
130852971
130852977
130852978
130852979
130852991
130852992
130852993
130852997
130852998
130852999
130853001
130853046
130853058
130853060
130853062
130853063
130853065
130853068
130853070
130853071
130853072
130853075
130853077
130853079
130853081
130853088
130853089
130853090
130853092
130853094
130853193
130853194
130853195
130853197
130853198
130853199
130853208
130853210
130853211
130853213
130853215
130853328
130853329
130853330
130853331
130853333
130853334
130853344
130853347
130853350
130853359
130853360
130853361
130853362
130853363
130853375
130853376
130853377
130853415
130853420
130853422
130853423
130853425
130853427
130853435
130853436
130853439
130853441
130853443
130853445
130853447
130853448
130853528
130853530
130853532
130853533
130853534
130853535
130853576
130853577
130853583
130853590
130853591
130853593
130853595
130853597
130853600
130853602
130853603
130853604
130853651
130853655
130853674
130853732
130853733
130853734
130853737
130853741
130853743
130853750
130853752
130853753
130853755
130853765
130853767
130853768
130853771
130853773
130853774
130853775
130853776
130853788
130853937
130853938
130854029
130854033
130854035
130854088
130854090
130854092
130854096
130854097
130854098
130854104
130854107
130854109
130854112
130854114
130854116
130854118
130854119
130854122
130854123
130854124
130854140
130854141
130854346
130854351
130854354
130854357
130854359
130854365
130854368
130854369
130854405
130854409
130854411
130854412
130854417
130854420
130854424
130854428
130854429
130854434
130854442
130854448
130854450
130854718
130854725
130854728
130854732
130854857
130854860
130854862
130854864
130854865
130854866
130854868
130854874
130854877
130854880
130854881
130854883
130854885
130854887
130854889
130854892
130854893
130855084
130855088
130855091
130855096
130855101
130855181
130855187
130855205
130855206
130855207
130855208
130855210
130855211
130855212
130855214
130855215
130855217
130855567
130855608
130855769
130855771
130855772
130855776
130855777
130855780
130855782
130855784
130855785
130855786
130855789
130855792
130855794
130855796
130855797
130855799
130855801
130855802
130855803
130855925
130855927
130855931
130855932
130855933
130856128
130856130
130856134
130856136
130856144
130856146
130856147
130856151
130856154
130856158
130856160
130856162
130856166
130856170
130856171
130856172
130856174
130856175
130856178
130856479
130856482
130856484
130856485
130856487
130856490
130856491
130856494
130856495
130856496
130856497
130856499
130856500
130856502
131164391
131164392
131164394
131164395
131164398
131164402
131164416
131164418
131164421
131164423
131164429
131164432
131164433
131164434
131164436
131164455
131164499
131164511
131164525
131165196
131165199
131165206
131165215
131165262
131165282
131165450
131165457
131165482
131165494
131165513
131166545
131166547
131166555
131166571
131166587
131166588
131166590
131166593
131166595
131166604
131166607
131166611
131166614
131166625
131166627
131166629
131166631
131166632
131166634
131167341
131167345
131167851
131167853
131167856
131167859
131167864
131167868
131167871
131167934
131167935
131167936
131167937
131167938
131167939
131167947
131167950
131167952
131167955
131168625
131168649
131168651
131168654
131168754
131168762
131168795
131168804
131168873
131168962
131168978
131169003
131170029
131170031
131170033
131170035
131170037
131170039
131170040
131170045
131170047
131170049
131170051
131170052
131170097
131170098
131170099
131170422
131170688
131170693
131170697
131170704
131170727
131170734
131170739
131170742
131170745
131170752
131170754
131170764
131170765
131170766
131170776
131170786
131170793
131170798
131170801
131171308
131171333
131171348
131171536
131171543
131171545
131171556
131171558
131171561
131171563
131171565
131171566
131171567
131171569
131171573
131171574
131171576
131171578
131171582
131171583
131171584
131171587
131172214
131172215
131172224
131172228
131172229
131172230
131172231
131172233
131172235
131172238
131172240
131172244
131172245
131172248
131172249
131172251
131172282
131172283
131172288
131172290
131172291
131172845
131172857
131172872
131172880
131173138
131173187
131173199
131173218
131173810
131173811
131173813
131173876
131173884
131173898
131173927
131173982
131173997
131174024
131174066
131174094
131174108
131174420
131174424
131174426
131174428
131174429
131174431
131174442
131174803
131174816
131174819
131174826
131174830
131174839
131174845
131174861
131174879
131174887
131174890
131174899
131175238
131175240
131175248
131175254
131175258
131175271
131175276
131175279
131175284
131175286
131175288
131175290
131175292
131175293
131176521
131176532
131176534
131176535
131176538
131176541
131176545
131176547
131176549
131176551
131176553
131176555
131176556
131176558
131176625
131176627
131176628
131176630
131176631
131176636
131176637
131176640
131176654
131176655
131176656
131176658
131177226
131177258
131177265
131177296
131177304
131177513
131177524
131177534
131177537
131178175
131178178
131178180
131178182
131178190
131178717
131178719
131178721
131178723
131178725
131178726
131178727
131178729
131178737
131178738
131178741
131178742
131178743
131178750
131178756
131178758
131178759
131178761
131178762
131179511
131179515
131179517
131179527
131179528
131179530
131179532
131179534
131179536
131179538
131179552
131180073
131180077
131180079
131180080
131180081
131180091
131180988
131180996
131181005
131181008
131181011
131181018
131181033
131181072
131181081
131181086
131181092
131181129
131181141
131181150
131181174
131181231
131181242
131182320
131182322
131182325
131182327
131182329
131182330
131182331
131182339
131182342
131182346
131182349
131182351
131182808
131182814
131182825
131182845
131182847
131182849
131182852
131182855
131182858
131182860
131182861
131182864
131182865
131182866
131182867
131182868
131182871
131182872
131182873
131237515
131237755
131253852
131328301
131328302
131328306
131328309
131328313
131328315
131328316
131328317
131328318
131328319
131328322
131328325
131328332
131328333
131328335
131328337
131328338
131328340
131328341
131328893
131328894
131328895
131328896
131328897
131328898
131330278
131330297
131330322
131330326
131330337
131330341
131330343
131330350
131330353
131330355
131330356
131330357
131330359
131330953
131330955
131330956
131330958
131330959
131330961
131330962
131330965
131330968
131330969
131330974
131330984
131330985
131330988
131330989
131330991
131330995
131330997
131331000
131331881
131332440
131332446
131332452
131332456
131332460
131332471
131332477
131332480
131332482
131332486
131332489
131332493
131332495
131332497
131332500
131332859
131332905
131332940
131332970
131332984
131332998
131333044
131333048
131333055
131333061
131333063
131333067
131333072
131333075
131333077
131333080
131333085
131333090
131333092
131333158
131333161
131333173
131333189
131333201
131333841
131333848
131333855
131333861
131333866
131333870
131333871
131333877
131333884
131333889
131333892
131333898
131334507
131334509
131334511
131335076
131335081
131335082
131335084
131335086
131335087
131335088
131335090
131335435
131335465
131335476
131335484
131335492
131335515
131335580
131335594
131335608
131336002
131336005
131336008
131336011
131336013
131336015
131336711
131336715
131336721
131336725
131336726
131336728
131336730
131336733
131336737
131336746
131337284
131337300
131337307
131337310
131337319
131337321
131337324
131337325
131337328
131337330
131337337
131337344
131337345
131337350
131337355
131337356
131337359
131337361
131337367
131337760
131337772
131337784
131337811
131337838
131338319
131338347
131338371
131338410
131338435
131338460
131338497
131338562
131338590
131338608
131338630
131338682
131338702
131338727
131338729
131338743
131338755
131338758
131338760
131338881
131338882
131338886
131338893
131338922
131338944
131339236
131339272
131339298
131339480
131339481
131339487
131339499
131339529
131339540
131339553
131339567
131339624
131339655
131339784
131340260
131340267
131340270
131340272
131340274
131340279
131340286
131340297
131340300
131340301
131340303
131340305
131341530
131341533
131341536
131341539
131341543
131341544
131341546
131341548
131341549
131341550
131341553
131341555
131341557
131341559
131341560
131341911
131341922
131341946
131341958
131341972
131342019
131342051
131342082
131342100
131342113
131342146
131342156
131342195
131342209
131342212
131342234
131342256
131342277
131342897
131342902
131342904
131342908
131342910
131342911
131342916
131342918
131342933
131343515
131343517
131343519
131343520
131343521
131343523
131343524
131343527
131343531
131343535
131343536
131343537
131343540
131343628
131343643
131343670
131343685
131343720
131343790
131343841
131343880
131343915
131343959
131343966
131343985
131344023
131344035
131344057
131344081
131344091
131344103
131344134
131344817
131344839
131344876
131344908
131344933
131344955
131344981
131345005
131345029
131345034
131345040
131345042
131345045
131345047
131345049
131345055
131345056
131345058
131345060
131345749
131345752
131345753
131345754
131345756
131345757
131345763
131345764
131345766
131345768
131345771
131345785
131345788
131345789
131345792
131345794
131345798
131345801
131346553
131346558
131346584
131346588
131346589
131346598
131346603
131346606
131346611
131346612
131346617
131346619
131346621
131346624
131346626
131346629
131346631
131346633
131346635
131347296
131347297
131347322
131347349
131347404
131347490
131347536
131347613
131347643
131347676
131347704
131347733
131347757
131347771
131347852
131348282
131348294
131348302
131348324
131348335
131348390
131348464
131348488
131348527
131348529
131348555
131348573
131348586
131348603
131348622
131348645
131348676
131348693
131348714
131349577
131349579
131349583
131349586
131349587
131349606
131349607
131349608
131349610
131349612
131349614
131349616
131350806
131350812
131350854
131350862
131350867
131350870
131350898
131350899
131350907
131350911
131350915
131350920
131350923
131350930
131350934
131350939
131350947
131350958
131351635
131351638
131351641
131351642
131351644
131351645
131351647
131351649
131351650
131352202
131353356
131354090
131354751
131355333
131494182
131494184
131494186
131494193
131494194
131494197
131494198
131494200
131494201
131494204
131494206
131494208
131494210
131494212
131494214
131494218
131494221
131494223
131494224
131494841
131494848
131494849
131494850
131494856
131494859
131494867
131494870
131494872
131494874
131494876
131494878
131495721
131495785
131495819
131495828
131495847
131495865
131495897
131495920
131495932
131495938
131495948
131496040
131496041
131496042
131496044
131496047
131496049
131496051
131496054
131496056
131496058
131496060
131496069
131496077
131496096
131496108
131496117
131496150
131496182
131496201
131496727
131496728
131496731
131496733
131496737
131496738
131496743
131496744
131496748
131496751
131496755
131496757
131496759
131496763
131496820
131497298
131497299
131497301
131497303
131497305
131497306
131497307
131497309
131497310
131497311
131497318
131497319
131497321
131497790
131497819
131497846
131497851
131497854
131497866
131497868
131497869
131498435
131498437
131498438
131498440
131498946
131498949
131498952
131498955
131498983
131498986
131499496
131499497
131499500
131499502
131499503
131499507
131499511
131499532
131499533
131499534
131499539
131499543
131499545
131499546
131499548
131499555
131499558
131499560
131499561
131500256
131500263
131500281
131500310
131500375
131500422
131500436
131500456
131500652
131500842
131500843
131500845
131500847
131500849
131500850
131500852
131500855
131500870
131500872
131500874
131500880
131500886
131500889
131500890
131500892
131500893
131500898
131500899
131501517
131501532
131501536
131501538
131501542
131501547
131501549
131501617
131501618
131501620
131501622
131501624
131501626
131501629
131501631
131501634
131501635
131501637
131501644
131501650
131501660
131501665
131501692
131501744
131501782
131501798
131502300
131502301
131502303
131502833
131502836
131502837
131502838
131502841
131502844
131502845
131502847
131502848
131502889
131502901
131502902
131502908
131502913
131502915
131502916
131502917
131502921
131502923
131502924
131502925
131502927
131502928
131502930
131503490
131503502
131503503
131503505
131503508
131503976
131504227
131504237
131504238
131504240
131504851
131504854
131504855
131504857
131504858
131504862
131504865
131504866
131504867
131504869
131504871
131504873
131505486
131505487
131505491
131505496
131505498
131505748
131505765
131505791
131505824
131505882
131505893
131505907
131505922
131505957
131505984
131506021
131506037
131506063
131506069
131506075
131506078
131506092
131506100
131506700
131506716
131506718
131506720
131506725
131506732
131506737
131506744
131506747
131506748
131506749
131506751
131506753
131506755
131506756
131506758
131506761
131506762
131506773
131507380
131507384
131507394
131507400
131507403
131507405
131507867
131507924
131507944
131508002
131508019
131508034
131508066
131508072
131508076
131508103
131508125
131508152
131508156
131508164
131508167
131508178
131508187
131508193
131508196
131508829
131508834
131508838
131508840
131508843
131508850
131508856
131509047
131509063
131509145
131509171
131509249
131509292
131509330
131509365
131509398
131509433
131509453
131509466
131509486
131509493
131509499
131509505
131509508
131509512
131509517
131509642
131509656
131509664
131509696
131509727
131509781
131509813
131509982
131510001
131510021
131510075
131510182
131510186
131510189
131510191
131510193
131510195
131510197
131510200
131510204
131510207
131510863
131511406
131511417
131511419
131511421
131511424
131511429
131511882
131512113
131512120
131512121
131512122
131512123
131512124
131512126
131512127
131512130
131512132
131512133
131512136
131512137
131512139
131512142
131512152
131512153
131512154
131512156
131512804
131513386
131513389
131513390
131513759
131513813
131513826
131513844
131513868
131513891
131513906
131513916
131513937
131513946
131514073
131514097
131514157
131514628
131514630
131514632
131514646
131514650
131514652
131514653
131514654
131514655
131514660
131514662
131514667
131514668
131514671
131514674
131514676
131514678
131514679
131514695
131616268
131616270
131616274
131616277
131616281
131616287
131616295
131616296
131616299
131616303
131616306
131616308
131616309
131616312
131616315
131616316
131616317
131616318
131616320
131616376
131616381
131616393
131616673
131616678
131616682
131616685
131616687
131616688
131616693
131616694
131616696
131616700
131616701
131616702
131616705
131616712
131616714
131616715
131616716
131616718
131616872
131616875
131616879
131616882
131616885
131616886
131616888
131616892
131616903
131616904
131616906
131616909
131616912
131616913
131616917
131616920
131616921
131616973
131616985
131616987
131616990
131616992
131616998
131616999
131617001
131617003
131617005
131617007
131617014
131617015
131617182
131617186
131617187
131617188
131617196
131617197
131617202
131617203
131617205
131617207
131617209
131617211
131617216
131617226
131617233
131617235
131617238
131617242
131617249
131617427
131617428
131617430
131617432
131617434
131617437
131617438
131617439
131617444
131617446
131617447
131617454
131617456
131617457
131617460
131617463
131617467
131617470
131617472
131617628
131617630
131617632
131617633
131617638
131617639
131617657
131617658
131617659
131617664
131617666
131617668
131617837
131617840
131617843
131617845
131617853
131617854
131617856
131617857
131617860
131617861
131617862
131617863
131617864
131617865
131617868
131617869
131617871
131617877
131617878
131618058
131618059
131618062
131618064
131618065
131618066
131618070
131618077
131618079
131618083
131618089
131618093
131618096
131618098
131618106
131618108
131618109
131618110
131618113
131618347
131618352
131618355
131618359
131618360
131618361
131618366
131618368
131618371
131618372
131618376
131618589
131618594
131618596
131618606
131618610
131618613
131618615
131618619
131618624
131618627
131618637
131618638
131618864
131618870
131618874
131618918
131618925
131618955
131618996
131618997
131619001
131619004
131619011
131619016
131619017
131619018
131619162
131619164
131619166
131619201
131619233
131619247
131619258
131619304
131619329
131619332
131619848
131619852
131619856
131619859
131619861
131619864
131619865
131619866
131619869
131619871
131619872
131619873
131619878
131619879
131620093
131620094
131620095
131620097
131620099
131620102
131620104
131620109
131620111
131620114
131620116
131620121
131620123
131620125
131620128
131620129
131620136
131620137
131620141
131620431
131620436
131620441
131620443
131620449
131620459
131620462
131620463
131620465
131620612
131620615
131620617
131620620
131620622
131620623
131620630
131620633
131620638
131620641
131620644
131620650
131620654
131620658
131620664
131620678
131620684
131620694
131620701
131620907
131620910
131620924
131620927
131620935
131620940
131620943
131620947
131620948
131620949
131620965
131620968
131620970
131620982
131620984
131620989
131621211
131621212
131621214
131621217
131621226
131621238
131621243
131621246
131621250
131621253
131621255
131621256
131621258
131621260
131621261
131621265
131621266
131621269
131621274
131621473
131621478
131621482
131621483
131621484
131621612
131621619
131621624
131621755
131621756
131621757
131621760
131621761
131621767
131621773
131621774
131621868
131621873
131621874
131621876
131621882
131621884
131621887
131621888
131621890
131621895
131622008
131622010
131622012
131622014
131622016
131622026
131622029
131622030
131622091
131622100
131622102
131622105
131622113
131622118
131622122
131622123
131622125
131622126
131622128
131622130
131622131
131622132
131622133
131622135
131622137
131622143
131622145
131622498
131622500
131622501
131622502
131622504
131622507
131622510
131622511
131622599
131622601
131622603
131622605
131622609
131622907
131622913
131622922
131622974
131622978
131622990
131623010
131623012
131623014
131623015
131623017
131623018
131623021
131623027
131623032
131623034
131623038
131759023
131759076
131759096
131759128
131759131
131759145
131759154
131759161
131759165
131759169
131759175
131759179
131759195
131759199
131759205
131759209
131759210
131759222
131759897
131759902
131759904
131759906
131759907
131759909
131759911
131759913
131759915
131759916
131759920
131759921
131759922
131759923
131759924
131760531
131760537
131760550
131760554
131760559
131760561
131760740
131760743
131760755
131760763
131760771
131760772
131760791
131760796
131760811
131760821
131761409
131761411
131761414
131761418
131761428
131761430
131761431
131762065
131762071
131762081
131762087
131762099
131762111
131762138
131762173
131762231
131763581
131763582
131763585
131763586
131763590
131763593
131763596
131763598
131763599
131763601
131763602
131763607
131763609
131763611
131763612
131763613
131763618
131763619
131763620
131764226
131764228
131764236
131764240
131764241
131764278
131764280
131764283
131764288
131764291
131764295
131764938
131764943
131764945
131764951
131764952
131765098
131765108
131765121
131765160
131765180
131765206
131765220
131765318
131765330
131765364
131765377
131765395
131765405
131765423
131765440
131765457
131765636
131765661
131765678
131765730
131765783
131765835
131765946
131765972
131765982
131766008
131766054
131766071
131766083
131766093
131766865
131766871
131766876
131767475
131767482
131767489
131767494
131767531
131767544
131767705
131767877
131767879
131767882
131767889
131767890
131767892
131767896
131767898
131767899
131767901
131767904
131767907
131767908
131768429
131768432
131768436
131768437
131768438
131768439
131768440
131768441
131768870
131768947
131768956
131768958
131769005
131769021
131769040
131769075
131769096
131769125
131769135
131769154
131769159
131769175
131769181
131769191
131769200
131769204
131769212
131769898
131769900
131769903
131769911
131769971
131769973
131769974
131769975
131769976
131769978
131769984
131769985
131769986
131769987
131769990
131769992
131769994
131770627
131770643
131770644
131770646
131770648
131770653
131771203
131771209
131771214
131771223
131771228
131771246
131771255
131771260
131772105
131772109
131772127
131772134
131772136
131772261
131772262
131772275
131772295
131772354
131772433
131772462
131772508
131772566
131772608
131772623
131772697
131772702
131772711
131772718
131772830
131772834
131772836
131772840
131772842
131772863
131772868
131773657
131773681
131773690
131773707
131773721
131773740
131773760
131774314
131774318
131774319
131774320
131774321
131774343
131774353
131774406
131774459
131774497
131774533
131774567
131774602
131774631
131774656
131774677
131774732
131774761
131774773
131775265
131775270
131775283
131775317
131775329
131775344
131775400
131775414
131775471
131775486
131775512
131775851
131775857
131775860
131775863
131775866
131775868
131775873
131775884
131775891
131775893
131775895
131775898
131775907
131775928
131775940
131775967
131775999
131776029
131776697
131776721
131776747
131776771
131776804
131776846
131776880
131776938
131776986
131777021
131777043
131777104
131777141
131777181
131777193
131777199
131777202
131777204
131777888
131777909
131777910
131777921
131778149
131778168
131778197
131778225
131778251
131778274
131778344
131778379
131778421
131778468
131778508
131778578
131778588
131778599
131779177
131779197
131779204
131779225
131779241
131779251
131779269
131779294
131779306
131779317
131779325
131779326
131779327
131779338
131779341
131779350
131779354
131779358
131779917
131779974
131779984
131779999
131780028
131780039
131780047
131780060
131780061
131780068
131780093
131780143
131780157
131780189
131780191
131780207
131780214
131780220
131780228
131781005
131781007
131781009
131781011
131781015
131781021
131781027
131781029
131781032
131781034
131781036
131781037
131781038
131781041
131781042
131781043
131781581
131781585
131781587
131781588
131781590
131781593
131781598
131781600
131781602
131781603
131781604
131781612
131781614
131781616
131782984
131782989
131782992
131782995
131783003
131783007
131783015
131783017
131783021
131783029
131783030
131783031
131783032
131783045
131783046
131783051
131783053
131783057
131783058
131783413
131783427
131783448
131783464
131783509
131783519
131783533
131783560
131783601
131783621
131783637
131783660
132058434
132058437
132058439
132058440
132058441
132058449
132058450
132058452
132058455
132058457
132058459
132058461
132058463
132058465
132058467
132058469
132058471
132058473
132059007
132059009
132059010
132059011
132059012
132059015
132059017
132059018
132059156
132059193
132059206
132059704
132059706
132059708
132059709
132059710
132059712
132059713
132059715
132059717
132059719
132059721
132059723
132059725
132059731
132059733
132060420
132060421
132060422
132060423
132060450
132060503
132060514
132060541
132060576
132060609
132060634
132060650
132060711
132060732
132060762
132060777
132060809
132060835
132061052
132061054
132061858
132061859
132061863
132061873
132061876
132061879
132061881
132061883
132061888
132061891
132062543
132062545
132062563
132062567
132062572
132062579
132062585
132062596
132062597
132062600
132063698
132063872
132063880
132063882
132063883
132063890
132063891
132063892
132063894
132063896
132063898
132064510
132064513
132064515
132064516
132064519
132064565
132064591
132065739
132065742
132065745
132065757
132065771
132065972
132065974
132065977
132065988
132066009
132066703
132066705
132066729
132066739
132066809
132066822
132066863
132066899
132066921
132066959
132066982
132067007
132067017
132067034
132067053
132067075
132067106
132067120
132067648
132067656
132067670
132067695
132067723
132067736
132067746
132067761
132067777
132067790
132067801
132067806
132067812
132067974
132068004
132068026
132068450
132068455
132068456
132068459
132068461
132068463
132068465
132068467
132068469
132068471
132068473
132068475
132068479
132069019
132069024
132069037
132069039
132069044
132069046
132069687
132069695
132069705
132069714
132069724
132069741
132069751
132069754
132069778
132069781
132069783
132069785
132069787
132069795
132069800
132071026
132071060
132071086
132071112
132071146
132071230
132071239
132071270
132071311
132071319
132071332
132071361
132071369
132071396
132071400
132071405
132071408
132071423
132072280
132072281
132072285
132072290
132072291
132072299
132072334
132072405
132072484
132072548
132072563
132072612
132072655
132072713
132072759
132072785
132072789
132072806
132073452
132073453
132073455
132073465
132073468
132073472
132073474
132073477
132073481
132073482
132073485
132073498
132073500
132073501
132073504
132074383
132074490
132074500
132074516
132074588
132074593
132074621
132074630
132074678
132074732
132074747
132074793
132074812
132074831
132074838
132074867
132074876
132074907
132075556
132075563
132075566
132075567
132075568
132075569
132075576
132075578
132075579
132075581
132075583
132075585
132075598
132075600
132075602
132075604
132075605
132075609
132076819
132076825
132076837
132076854
132076860
132076864
132076874
132076876
132076880
132076883
132076884
132076887
132076890
132076891
132076901
132076902
132076903
132076907
132077727
132077747
132077800
132077837
132077845
132077869
132077896
132077956
132078018
132078044
132078078
132078129
132078133
132078144
132078182
132078207
132078261
132078313
132080426
132080458
132080504
132080546
132080575
132080609
132080640
132080658
132080689
132080715
132080737
132080754
132080771
132080784
132080795
132080807
132080814
132080821
132082102
132082109
132082114
132082124
132082128
132082129
132082130
132082134
132082146
132082147
132082148
132082149
132082153
132082211
132082220
132082303
132082335
132082363
132091487
