94584311
94584390
94616491
94616614
94648083
94648174
94674828
94674911
94701601
94701690
94738307
94738399
94773763
94773858
94809195
94809299
94847226
94847312
94881049
94881200
94918778
94918871
94983998
94984132
95368037
95368138
95395713
95395834
95423876
95423980
95452141
95452250
95478580
95478669
95505498
95505604
95538110
95538217
95566317
95566430
95593437
95593540
95634784
95634978
95672837
95672955
95700133
95700248
96051018
96051123
96079325
96079430
96109131
96109233
96136923
96137031
96163581
96163671
96191056
96191151
96217791
96245116
96245227
96279342
96279438
96308377
96368152
96368268
96777190
96777288
96807707
96807753
96810646
96837374
96837477
96852084
96865518
96892891
96919783
96919880
96945542
96970850
96997393
96997515
97023753
97023875
97050123
97077023
97077108
97126081
97129846
97129934
97157318
97157427
97184224
97184310
97211882
97211974
97242820
97242922
