13.563
13.524
13.174
14.667
13.305
14.471
13.875
14.258
14.314
13.188
13.800
13.227
13.712
12.833
13.163
13.767
13.210
13.651
14.632
13.813
14.871
13.406
13.953
13.402
13.007
13.654
13.823
13.565
13.912
13.716
13.322
13.956
13.401
12.816
13.100
13.822
12.742
14.169
13.114
13.733
13.613
7.588
14.391
14.125
14.739
26.886
13.334
15.252
14.342
13.413
13.507
13.464
14.043
13.714
14.135
14.099
17.127
16.279
16.636
14.158
13.153
13.939
16.205
14.222
14.931
15.695
15.684
13.034
13.333
14.062
13.594
14.601
13.300
13.074
14.759
13.224
13.626
13.546
15.877
16.725
13.992
14.361
12.863
13.729
12.661
13.804
14.525
14.308
13.707
15.173
13.572
14.589
13.204
13.078
12.899
13.963
12.997
13.613
14.057
13.794
13.568
13.501
13.866
14.166
13.559
13.462
12.906
11.917
14.205
13.815
15.006
15.779
13.246
13.086
12.797
13.421
13.372
12.541
14.718
14.347
12.086
13.409
14.737
14.011
14.131
16.897
13.690
13.431
15.483
13.292
13.669
13.814
13.852
14.989
49.878
14.365
12.517
12.424
12.651
13.532
12.745
13.937
13.436
12.415
13.637
12.901
12.974
12.828
13.457
13.405
13.577
13.465
13.170
13.679
14.643
12.897
13.426
13.223
13.160
13.024
13.034
11.931
12.901
12.750
12.585
12.741
13.450
12.896
30.672
13.741
12.775
