18.946
19.603
19.778
21.005
21.840
21.005
21.370
17.889
17.824
17.259
18.163
16.945
19.939
19.529
18.130
16.861
19.860
20.376
18.796
18.423
18.229
17.344
19.027
20.528
18.846
18.734
18.966
22.289
18.313
17.819
18.225
18.909
18.662
16.743
20.605
21.097
18.723
18.877
22.713
23.235
19.680
16.299
16.867
17.910
18.100
17.059
20.003
19.771
24.583
21.189
22.122
15.590
16.186
17.522
20.290
18.670
18.486
19.820
18.167
9.193
22.719
23.144
18.670
17.927
17.140
16.741
16.476
18.720
17.384
20.188
19.830
23.031
23.955
18.938
18.746
15.806
15.495
16.612
17.103
18.746
17.752
18.449
19.549
19.682
17.614
17.954
17.224
16.441
16.603
18.356
16.901
17.362
20.882
21.144
23.117
17.809
18.616
19.421
19.214
16.767
16.565
17.838
18.121
22.299
21.810
20.218
18.033
16.041
16.444
16.666
16.101
16.361
19.724
18.331
14.390
17.821
17.650
19.496
18.993
17.682
17.684
16.125
18.314
16.029
16.106
18.674
18.755
18.807
18.250
59.531
20.673
15.333
15.976
15.604
15.448
17.372
16.569
16.825
14.891
18.695
17.586
19.625
17.673
18.348
16.923
15.304
15.949
16.055
16.888
15.950
15.293
16.550
16.150
17.079
19.189
17.870
16.868
15.594
17.416
14.825
17.733
16.601
17.025
15.988
16.502
33.698
16.386
15.159
