17.465
16.850
16.539
16.614
18.421
18.148
17.851
17.465
16.496
17.196
16.409
16.567
18.998
18.076
17.307
16.665
16.558
16.367
18.241
18.432
16.890
17.549
17.396
17.971
17.076
16.588
16.295
17.178
18.057
19.313
18.889
19.930
19.820
17.212
17.000
18.034
18.838
19.672
17.548
19.930
19.400
19.452
20.675
17.329
16.340
17.695
16.575
16.503
16.285
17.268
16.992
17.320
17.017
17.950
18.688
16.384
19.748
16.961
17.141
15.343
17.009
17.946
18.658
18.673
38.472
16.965
17.360
18.424
16.940
18.847
16.964
17.171
19.727
18.979
17.886
18.399
18.158
16.622
16.687
16.741
16.605
16.928
17.048
17.956
17.915
17.919
24.964
15.525
15.843
16.633
16.794
16.917
16.545
16.896
16.860
17.190
16.586
17.386
16.808
