74.351
75.330
73.014
74.331
85.003
83.996
76.807
79.672
71.042
70.932
70.993
71.188
73.287
71.848
58.824
57.163
231.571
77.593
76.022
81.734
78.663
73.702
73.832
75.550
78.154
75.199
76.858
76.208
75.090
74.702
79.144
84.280
85.056
78.105
77.262
77.655
77.383
73.009
73.425
71.648
72.469
79.045
78.266
86.666
84.687
79.500
90.092
76.731
78.123
78.850
79.223
83.323
80.763
78.495
82.497
87.662
86.616
79.215
77.720
76.564
80.325
59.819
63.612
82.965
85.066
85.736
84.137
73.405
71.215
72.788
73.894
72.412
79.496
79.143
79.747
79.138
83.904
83.889
74.172
75.153
73.392
73.757
75.429
75.079
78.684
74.758
76.772
79.133
88.522
87.129
78.494
80.042
78.051
77.575
77.934
76.119
75.891
75.182
76.336
81.149
82.939
77.387
74.239
74.473
75.120
75.544
82.925
80.666
63.066
57.716
73.035
85.851
77.339
74.986
75.197
74.832
74.164
74.203
72.254
62.408
77.586
79.269
75.156
76.532
77.239
77.762
79.493
75.837
76.071
79.082
80.105
76.525
76.913
122.826
81.712
79.836
84.354
89.322
83.355
84.180
79.446
80.568
91.207
86.896
79.296
79.433
83.084
83.819
80.400
80.643
75.399
75.988
80.817
76.989
80.359
81.108
80.737
81.103
79.179
78.060
77.387
76.997
79.878
79.825
76.611
78.950
80.023
79.312
80.427
83.117
82.296
