86901914
86901977
86901981
86901985
86902033
86902169
86902171
86902204
86902205
86902225
86902228
86902236
86902238
86902242
86902302
86902304
86902313
86902314
86902347
86902350
86902364
86902367
86902379
86902381
86902393
86902402
86902408
86902412
86902445
86902449
86902502
86902521
86902524
86902527
86902538
86902566
86902567
86902627
86902629
86902630
86902634
86902664
86902676
86902681
86902682
86902695
86902701
86902706
86902710
86902711
86902713
86902714
86902732
86902735
86903270
86903273
86903274
86903888
86903891
86903893
86903896
86903899
86903911
86903916
86903923
86903936
86903944
86903982
86903986
86903990
86903991
86903996
86903997
86903999
86904011
86904019
86904027
86904028
86904082
86904127
86904133
86904163
86904164
86904167
86904180
86904184
86904186
86904190
86904192
86904198
86904231
86904239
86904246
86904253
86904261
86904264
86904265
86904266
86904268
86904272
86904276
86904284
86905080
86905082
86905084
86905089
86905090
86905096
86905108
86905119
86905123
86905127
86905137
86905146
86905150
86905184
86905185
86905188
86905196
86905208
86905210
86905212
86905316
86905326
86905335
86905340
86905342
86905344
86905345
86905349
86905358
86905362
86905371
86905377
86905379
86905384
86905385
86905386
86905391
86905398
86905399
86905428
86905445
86905446
86905449
86905450
86905469
86905472
86905474
86906053
86906251
86906260
86906261
86906264
86906303
86906304
86906305
86906310
86906320
86906329
86906339
86906340
86906341
86906342
86906353
86906356
86906364
86906369
86906381
86906396
86906513
86906515
86906536
86906543
86906548
86906550
86906558
86906562
86906569
86906570
86906581
86906588
86906594
86906595
86906597
86906604
86906607
86906615
86906618
86906643
86906644
86906658
86906700
86907432
86907440
86907441
86907443
86907444
86907449
86907450
86907459
86907464
86907467
86907483
86907508
86907519
86907530
86907532
86907548
86907555
86907561
86907675
86907725
86907726
86907736
86907738
86907749
86907751
86907754
86907801
86907816
86907817
86907820
86907825
86907833
86907836
86907837
86907850
86907872
86907875
86907876
86907886
86907905
86907926
86908395
86908405
86909431
86910873
86912061
86912064
86912065
86912066
86912240
86912361
86912374
86912411
86912413
86912415
86912419
86912428
86912431
86912472
86912473
86912510
86912518
86912529
86912546
86912547
86912549
86912772
86912774
86912779
86912909
86913135
86913143
86913151
86913162
86913166
86913172
86913174
86913176
86913184
86913798
86913799
86913802
86914681
86914682
86914683
86914684
86914724
86914729
86914742
86914749
86914753
86914765
86914766
86914772
86914776
86914791
86914800
86914811
86914848
86914851
86914858
86914871
86914874
86914884
86914889
86914891
86914903
86914942
86914948
86914967
86914969
86914973
86915079
86915081
86915097
86915106
86915110
86915118
86915146
86915182
86915183
86915218
86915229
86915231
86915234
86915235
86915238
86915242
86915268
86915276
86915277
86915284
86915285
86915289
86915324
86915328
86915354
86915357
86915415
86915470
86915471
86915475
86915476
86915491
86915531
86915532
86915534
86915542
86915544
86915547
86915557
86915572
86915575
86915576
86915577
86915583
86915592
86915594
86915609
86915613
86915621
86915658
86915659
86915807
86915906
86915907
86916022
86916030
86916034
86916473
86919263
86919279
86919284
86919307
86919314
86919321
86919323
86919370
86919375
86919376
86919383
86919391
86919392
86919399
86919409
86919514
86919525
86919587
86919599
86919605
86919611
86919615
86919628
86919630
86919634
86919649
86919653
86919655
86919656
86919671
86919698
86919705
86919708
86919731
86919741
86919747
86919811
86919820
86919841
86919843
86919845
86919943
86919946
86919981
86919988
86919997
86920013
86920021
86920022
86920029
86920033
86920049
86920050
86920051
86920056
86920065
86920066
86920097
86920098
86920109
86920110
86920120
86920129
86920131
86920138
86920142
86920286
86920288
86920321
86920324
86920331
86920332
86920373
86920572
86920573
86920593
86920594
86920597
86920599
86920604
86920607
86920636
86920641
86920660
86920664
86920669
86920673
86920678
86920682
86920708
86920813
86920819
86920820
86920826
86920829
86920846
86920851
86920885
86920886
86920893
86920896
86920907
86920915
86920927
86920954
86920984
86921007
86921038
86921093
86921112
86921114
86921115
86921246
86921251
86921252
86921255
86921257
86921258
86921260
86921266
86921294
86921303
86921304
86921307
86921311
86921321
86921368
86921370
86921386
86921415
86921435
86921441
86921562
86921630
86921634
86921635
86921650
86921652
86921653
86921660
86921679
86921700
86921706
86921713
86921722
86921724
86921745
86921750
86921802
86921803
86921848
86921989
86922072
86922093
86922094
86922103
86922108
86922118
86922125
86922128
86922134
86922161
86922175
86922177
86922190
86922233
86922307
86922308
86922321
86922324
86922329
86922340
86922356
86922358
86922374
86922375
86922380
86922384
86922388
86922390
86922414
86922415
86922416
86922491
86922499
86922531
86922538
86922546
86922554
86922755
86922816
86922848
86922860
86922864
86922875
86922885
86922937
86923016
86923018
86923020
86923029
86923060
86923064
86923068
86923094
86923097
86923098
86923103
86923128
86923142
86923166
86923173
86923232
86923236
86923246
86923309
86923377
86923415
86923416
86923434
86923487
86923511
86923512
86923516
86923519
86923522
86923534
86923567
86923573
86923604
86923613
86923623
86923681
86923743
86923766
86923772
86923773
86923776
86923777
86923784
86923844
86923849
86923874
86923875
86923880
86923882
86923899
86923901
86923913
86923916
86923944
86923950
86923955
86923957
86923990
86923994
86923997
86924004
86924011
86924018
86924025
86924034
86924063
86924074
86924080
86924187
86924234
86924241
86924256
86924260
86924265
86924284
86924291
86924300
86924322
86924326
86924331
86924336
86924339
86924342
86924344
86924345
86924350
86924355
86924363
86924389
86924411
86924466
86924520
86924525
86924544
86924557
86924572
86924580
86924585
86924596
86924598
86924605
86924609
86924619
86924635
86924638
86924639
86924641
86924647
86924656
86924664
86924670
86924677
86924678
86924682
86924728
86924729
86924731
86924743
86925979
86925980
86925993
86926010
86926026
86926041
86926054
86926074
86926084
86926098
86926113
86926131
86926144
86926147
86926167
86926169
86926172
86926218
86926219
86926232
86926246
86926277
86926295
86926297
86926302
86926304
86926309
86926333
86926469
86926485
86926549
86926558
86926595
86926605
86926611
86926634
86926639
86926654
86926663
86926665
86926683
86926701
86926737
86926757
86926774
86926778
86926780
86926804
86928392
86928393
86928395
86928408
86928428
86928434
86928462
86928463
86928538
86928541
86928549
86928566
86928592
86928606
86928607
86928643
86928681
86928686
86928687
86928690
86928812
86928814
86928823
86928827
86928871
86928875
86928885
86928896
86928908
86928922
86928924
86928925
86928934
86928937
86928954
86929064
86929076
86929082
86929088
86929106
86929147
86929164
86929174
86929182
86929191
86929193
86929208
86929242
86929254
86930175
86930177
86930191
86930505
86930924
86930930
86930943
86930977
86931001
86931009
86931060
86931065
86931070
86931073
86931130
86931196
86931210
86931215
86931218
86931219
86931226
86931228
86931231
86931232
86931239
86931249
86931256
86931258
86931263
86931271
86931275
86931278
86931325
86931337
86931338
86931345
86931346
86931352
86931381
86932099
86932126
86932128
86932129
86932135
86932148
86932150
86932157
86932159
86932160
86932166
86932171
86932180
86932189
86932210
86932214
86932215
86932220
86932223
86932227
86932241
86932311
86932353
86932357
86932359
86932364
86932365
86932412
86932413
86932414
86932419
86932432
86932433
86932434
86932438
86932439
86932458
86932460
86932461
86932464
86932477
86932482
86932497
86932500
86932504
86932507
86932518
86932717
86932721
86932726
86932737
86932750
86932760
86932761
86932793
86932800
86932803
86932807
86932825
86932826
86932828
86932832
86932836
86932837
86932848
86932863
86932870
86932898
86932905
86932910
86932914
86932921
86932923
86932928
86932932
86933041
86933042
86933051
86933053
86933112
86933117
86933125
86933129
86933136
86933142
86933146
86933147
86933151
86933164
86933167
86933189
86933190
86933192
86933198
86933231
86933237
86933239
86933240
86933247
86933248
86933250
86933251
86933295
86933345
86933358
86933359
86933360
86933370
86933439
86933463
86933470
86933475
86933492
86933506
86933510
86933515
86933526
86933527
86933531
86933538
86933540
86933552
86934191
86934199
86934206
86934216
86934228
86934230
86934246
86934255
86934274
86934279
86934294
86934297
86934305
86934306
86934349
86934352
86934355
86934371
86934381
86934384
86934390
86934396
86934398
86934402
86934411
86934424
86934461
86934462
86934463
86934470
86934583
86934584
86934590
86934663
86934666
86934674
86934679
86934687
86934694
86934700
86934704
86934705
86934709
86934716
86934725
86935453
86935457
86935640
86935643
86935650
86935655
86935663
86935679
86935691
86935704
86935711
86935712
86935713
86935715
86935729
86935731
86935732
86935745
86935753
86964865
86964885
86964904
86964906
86964910
86964928
86965023
86965030
86965031
86965036
86965055
86965083
86965086
86965089
86965092
86965093
86965102
86965108
86965111
86965119
86965122
86965150
86965463
86965816
86965818
86965822
86965828
86965833
86965842
86965843
86965845
86965846
86965856
86965860
86965864
86965868
86965877
86965879
86965884
86965920
86965922
86965924
86965930
86965938
86965939
86965941
86965959
86965998
86966003
86966062
86966097
86966105
86966109
86966209
86966244
86966245
86966246
86966249
86966253
86966255
86966263
86966264
86966303
86966306
86966310
86966315
86966317
86967307
86967313
86967316
86967324
86967326
86967329
86967341
86967343
86967347
86967350
86967351
86967353
86967360
86967364
86967376
86967378
86967386
86967387
86967401
86967408
86967424
86967429
86967431
86967455
86967485
86967487
86967489
86967509
86967510
86967515
86967516
86967666
86967724
86967726
86967730
86967733
86967744
86967745
86967779
86967780
86967793
86967797
86968167
86968287
86968289
86968290
86968342
86968349
86968353
86968361
86968365
86968367
86968369
86968373
86968521
86968522
86968524
86968530
86968541
86968542
86968556
86968658
86968952
86969066
86969095
86969123
86969276
86969621
86969622
86970540
86970541
86971832
86971876
86971878
86971920
86971924
86971969
86971974
86971975
86971976
86971977
86971980
86971989
86972122
86972181
86972184
86972185
86972242
86972336
86972349
86972370
86972388
86972408
86972415
86972416
86972422
86972424
86972427
86972466
86972545
86972554
86972662
86972850
86972854
86972856
86972863
86972867
86972871
86972872
86972877
86972896
86972900
86972921
86972922
86972989
86973100
86973104
86973113
86973122
86973127
86973129
86973164
86973184
86973185
86973187
86973194
86973270
86973298
86973510
86973514
86973515
86973517
86973527
86973619
86973622
86973631
86973660
86973673
86973738
86973942
86974007
86974017
86974041
86974043
86974164
86974178
86974184
86974268
86974294
86974298
86974300
86974324
86974346
86974348
86974354
86974480
86974503
86974509
86974561
86974783
86974786
86974800
86974805
86974807
86974813
86975086
86975094
86975095
86975098
86975100
86975117
86975155
86975158
86975166
86975168
86975593
86975596
86975605
86975607
86975610
86975636
86976000
86976001
86976002
86976014
86976018
86976029
86976276
86976278
86976281
86976285
86976291
86976298
86976300
86976301
86976495
86976502
86976521
86976522
86976536
86976650
86976905
86976908
86977482
86977491
86977576
86977792
86977849
86977858
86977863
86977865
86977869
86977870
86977877
86977942
86977944
86977947
86977952
86978860
86978864
86978905
86978907
86978947
86979053
86979071
86979087
86979088
86979095
86979099
86979102
86979154
86979160
86979178
86979183
86979186
86979199
86979243
86979331
86979345
86979346
86979347
86979351
86979376
86979378
86979383
86979387
86979392
86979395
86979396
86979402
86979410
86979417
86979422
86979431
86979441
86979473
86979557
86979582
86979584
86979589
86979600
86979625
86979643
86979657
86979658
86979665
86979677
86979686
86979695
86979728
86979733
86979746
86979760
86979779
86979780
86979782
86979785
86979790
86979809
86979940
86979943
86979947
86979948
86979953
86979956
86979961
86979993
86979995
86980003
86980004
86980007
86980009
86980013
86980015
86980023
86980050
86980061
86980064
86980071
86980078
86980084
86980087
86980090
86980097
86980106
86980116
86980244
86980254
86980266
86980287
86980288
86980296
86980306
86980316
86980323
86980331
86980332
86980336
86980337
86980375
86980384
86980436
86980507
86980544
86980549
86980573
86980575
86980585
86980594
86980599
86980619
86980622
86980638
86980655
86980656
86980658
86980665
86980686
86980687
86980690
86980716
86980723
86980738
86980745
86980754
86980763
86980775
86980777
86980778
86980904
86980924
86980938
86980947
86980960
86980962
86980976
86981117
86981142
86981151
86981161
86981170
86981186
86981233
86981234
86981294
86981327
86981354
86981356
86981381
86981516
86981518
86981519
86981603
86981614
86981624
86981633
86981663
86981722
86981753
86981763
86981768
86981777
86981787
86981802
86981820
86981821
86981960
86981974
86981984
86981995
86982123
86982169
86982176
86982250
86982263
86982272
86982286
86982289
86982407
86982416
86982423
86982433
86982443
86982449
86982474
86982557
86982610
86982621
86982622
86982639
86982644
86982795
86982796
86982810
86982855
86982862
86982871
86982880
86982895
86982898
86982902
86982910
86982911
86982931
86982940
86982968
86983015
86983032
86983045
86983125
86983140
86983160
86983166
86983169
86983170
86983177
86983186
86983196
86983207
86983218
86983238
86983249
86983258
86983267
86983269
86983285
86983355
86983356
86983397
86983452
86983467
86983482
86983493
86983494
86983512
86983517
86983530
86983534
86983535
86983536
86983537
86983559
86983563
86983564
86983578
86983587
86983591
86983602
86983611
86983622
86983634
86983637
86983664
86983751
86983760
86983769
86983775
86983777
86983781
86983785
86983806
86983815
86983826
86983828
86983862
86983867
86983877
86983886
86983893
86983894
86983899
86983907
86984061
86984063
86984064
86984070
86984089
86984093
86984097
86984122
86984127
86984137
86984146
86984152
86984155
86984160
86984165
86984174
86984188
86984205
86984215
86984237
86984246
86984253
86984260
86984385
86984390
86984401
86984410
86984419
86984426
86984450
86984456
86984457
86984469
86984480
86984486
86984512
86984529
86984544
86984550
86984560
86984570
86984579
86984588
86984601
86984755
86984761
86984762
86984763
86984770
86984775
86984788
86984802
86984837
86984842
86984849
86984858
86984867
86984873
86984876
86984878
86984909
86984917
86984930
86984954
86984972
86984973
86984993
86985075
86985083
86985099
86985108
86985120
86985123
86985142
86985144
86985147
86985148
86985156
86985158
86985163
86985165
86985178
86985212
86985214
86985216
86985220
86985225
86985233
86985238
86985248
86985262
86985276
86985419
86985437
86985446
86985458
86985462
86985468
86985475
86985476
86985494
86985503
86985510
86985512
86985513
86985520
86985550
86985558
86985567
86985592
86985602
86985624
86985720
86985752
86985774
86985783
86985792
86985799
86985800
86985810
86985819
86985824
86985828
86985848
86985863
86985871
86985880
86985889
86985895
86985905
86985921
86985922
86985923
86985980
86985989
86986019
86986040
86986047
86986050
86986052
86986053
86986185
86986194
86986203
86986210
86986217
86986219
86986226
86986246
86986255
86986264
86986284
86986294
86986339
86986349
86986358
86986364
86986380
86986475
86986478
86986482
86986504
86986513
86986524
86986525
86986538
86986542
86986563
86986565
86986570
86986579
86986588
86986605
86986620
86986641
86986657
86986666
86986683
86986801
86986832
86986844
86986854
86986894
86986909
86986918
86986928
86986942
86986945
86986956
86986966
86986968
86986989
86987000
86987010
86987143
86987152
86987154
86987159
86987162
86987176
86987185
86987195
86987245
86987255
86987265
86987279
86987280
86987340
86987350
86987359
86987368
86987479
86987481
86987489
86987501
86987510
86987519
86987528
86987540
86987553
86987558
86987573
86987576
86987586
86987597
86987606
86987613
86987623
86987647
86987648
86987663
86987695
86987705
86987788
86987797
86987798
86987799
86987805
86987822
86987823
86987830
86987833
86987834
86987844
86987862
86987865
86987871
86987876
86987890
86987896
86987904
86987908
86987910
86987911
86987916
86987934
86987941
86987946
86987949
86987967
86987971
86987974
86987999
86988107
86988161
86988171
86988180
86988220
86988229
86988238
86988377
86988386
86988396
86988436
86988443
86988453
86988462
86988487
86988488
86988513
86988522
86988531
86988542
86988551
86988552
86988553
86988560
86988562
86988563
86988565
86988573
86988606
86988719
86988722
86988739
86988767
86988770
86988780
86988782
86988783
86988789
86988790
86988793
86988803
86988810
86988835
86988842
86988845
86988852
86988854
86988855
86988859
86988870
86988872
86988877
86988878
86988884
86988917
86988930
86988931
86988932
86988935
86988937
86988939
86988940
86988945
86989060
86989061
86989083
86989087
86989103
86989112
86989121
86989158
86989167
86989176
86989342
86989351
86989360
86989397
86989407
86989417
86989443
86989446
86989454
86989465
86989473
86989475
86989478
86989489
86989494
86989527
86989529
86989533
86989546
86989562
86989658
86989665
86989671
86989686
86989707
86989713
86989719
86989725
86989733
86989737
86989738
86989756
86989762
86989763
86989767
86989772
86989783
86989802
86989826
86989842
86989843
86989848
86989853
86989854
86989864
86989874
86989875
86989881
86989901
86989907
86989962
86989980
86989983
86990061
86990103
86990111
86990114
86990127
86990152
86990154
86990176
86990181
86990187
86990197
86990200
86990209
86990211
86990216
86990268
86990277
86990286
86990409
86990418
86990427
86990458
86990469
86990478
86990502
86990511
86990520
86990671
86990680
86990689
86990726
86990735
86990744
86990779
86990788
86990797
86990916
86990921
86990922
86990925
86990941
86990942
86990945
86990951
86990959
86990978
86990979
86990987
86991009
86991031
86991033
86991040
87027865
87027874
87027883
87028023
87028032
87028033
87028035
87028041
87028053
87028062
87028076
87028078
87028089
87028092
87028117
87028136
87028144
87028154
87028163
87028166
87028174
87028189
87028228
87028242
87028251
87028259
87028261
87028272
87028274
87028310
87028415
87028416
87028422
87028430
87028432
87028441
87028453
87028454
87028455
87028502
87028524
87028533
87028542
87028548
87028559
87028590
87028596
87028636
87028645
87028773
87028782
87028791
87028795
87028806
87028815
87028824
87028840
87028847
87028850
87028851
87028855
87028861
87028870
87028897
87028922
87028981
87028982
87029000
87029001
87029006
87029007
87029013
87029032
87029034
87029039
87029059
87029062
87029071
87029080
87029089
87029232
87029241
87029250
87029373
87029382
87029428
87029438
87029447
87029571
87029591
87029611
87029940
87029949
87030029
87030038
87030047
87030194
87030203
87030244
87030253
87030262
87030283
87030292
87030304
87030306
87030307
87030311
87030325
87030326
87030429
87030438
87030449
87030472
87030481
87030496
87030508
87030518
87030520
87030522
87030527
87030534
87030543
87030552
87030561
87030564
87030567
87030579
87030580
87030598
87030621
87030651
87030781
87030859
87030873
87030880
87030889
87030892
87030900
87030905
87030906
87030911
87030921
87030930
87030941
87030947
87030962
87030964
87030977
87030979
87030991
87030992
87030994
87031064
87031082
87031084
87031149
87031168
87031200
87031205
87031212
87031221
87031241
87031286
87031296
87031306
87031362
87031372
87031381
87031553
87031564
87031601
87031611
87031620
87031675
87031684
87031694
87031813
87031822
87031855
87031864
87031873
87031877
87031886
87031887
87031889
87031891
87031897
87031898
87031906
87031912
87031914
87031919
87031942
87031946
87031974
87031982
87031986
87031995
87032030
87032099
87032100
87032102
87032107
87032121
87032154
87032155
87032156
87032160
87032169
87032178
87032180
87032185
87032195
87032200
87032201
87032206
87032249
87032255
87032256
87032257
87032259
87032268
87032274
87032281
87032286
87032302
87032328
87032329
87032339
87032349
87032358
87032370
87032509
87032518
87032527
87032578
87032587
87032596
87032693
87032713
87032722
87032732
87032918
87032927
87032936
87032990
87032999
87033010
87033038
87033047
87033056
87033064
87033174
87033183
87033192
87033211
87033220
87033230
87033242
87033247
87033248
87033263
87033276
87033278
87033292
87033306
87033341
87033363
87033390
87033404
87033495
87033559
87033575
87033578
87033587
87033588
87033590
87033598
87033609
87033622
87033626
87033628
87033650
87033669
87033670
87033680
87033685
87033691
87033719
87033735
87033754
87033793
87033800
87033801
87033808
87033809
87033819
87033893
87033900
87033944
87033990
87033999
87034081
87034090
87034099
87034200
87034215
87034231
87034342
87034352
87034361
87034407
87034418
87034427
87034734
87034743
87034752
87034782
87034791
87034800
87034851
87034853
87034854
87034862
87034871
87034880
87034892
87034896
87034898
87034910
87034912
87034919
87035060
87035067
87035094
87035105
87035106
87035109
87035131
87035134
87035135
87035137
87035143
87035153
87035164
87035175
87035202
87035203
87035208
87035212
87035227
87035235
87035251
87035257
87035259
87035260
87035264
87035283
87035301
87035304
87035318
87035327
87035338
87035339
87035343
87035390
87035393
87035461
87035482
87035485
87035488
87035654
87035663
87035717
87035727
87035737
87035989
87035999
87036008
87036043
87036052
87036061
87036088
87036097
87036106
87036335
87036344
87036353
87036383
87036393
87036402
87036421
87036425
87036428
87036436
87036439
87036446
87036455
87036466
87036476
87036477
87036479
87036603
87036604
87036610
87036714
87036721
87036728
87036751
87036759
87036760
87036764
87036770
87036778
87036789
87036790
87036812
87036813
87036815
87036819
87036825
87036874
87036876
87036882
87036883
87036898
87036899
87036907
87036910
87037016
87037028
87037040
87037072
87037086
87037087
87037088
87037094
87037102
87037103
87037104
87037106
87037217
87037220
87037226
87037239
87037319
87037330
87037339
87037403
87037412
87037422
87037440
87037615
87037625
87037634
87037727
87037736
87037745
87038088
87038097
87038184
87038311
87038324
87038648
87038790
87038797
87038803
87038842
87038949
87038969
87040465
87041029
87041125
87041134
87041143
87041283
87041293
87041521
87041528
87041536
87041546
87041553
87041554
87041558
87041566
87041570
87041572
87041588
87041597
87041711
87041727
87041737
87041753
87041783
87041794
87041927
87041945
87042084
87042093
87042145
87042154
87042266
87042283
87042352
87042363
87042429
87042438
87042525
87042690
87042699
87042732
87042741
87042779
87042788
87043011
87043021
87043051
87043060
87043095
87043105
87043429
87043505
87043511
87043517
87043565
87043574
87043583
87043822
87043831
87043840
87043875
87043884
87043893
87044047
87044057
87044066
87044097
87044227
87044236
87044268
87044277
87044405
87044415
87044424
87044539
87044549
87044576
87044585
87044628
87044637
87044646
87044799
87044808
87044858
87044867
87044876
87044961
87044970
87045123
87045132
87045142
87045199
87045208
87045269
87045283
87045296
87045448
87045457
87045488
87045497
87045507
87045538
87045547
87045672
87045681
87045702
87045703
87045718
87045727
87045736
87045789
87045798
87045934
87045943
87045996
87046006
87046015
87046074
87046083
87046109
87046217
87046240
87046249
87046258
87046347
87046356
87046439
87046449
87046586
87046595
87046604
87046635
87046647
87046713
87046730
87046746
87046827
87046836
87046866
87046875
87047041
87047059
87047072
87047121
87047130
87047141
87047198
87047207
87047216
87047358
87047367
87047376
87047432
87047442
87047451
87047497
87047507
87047551
87047559
87047684
87047694
87047703
87047750
87047759
87047768
87047810
87047820
87047830
87047958
87047967
87047976
87048003
87048013
87048022
87048056
87048065
87048074
87048223
87048232
87048241
87048244
87048245
87048251
87048261
87048274
87048275
87048279
87048302
87048311
87048330
87048335
87048340
87048350
87048356
87048380
87048386
87048387
87048399
87048407
87048409
87048426
87048431
87048461
87048465
87048470
87048472
87048480
87048481
87048487
87048491
87048598
87048605
87048606
87048612
87048614
87048620
87048666
87048678
87048680
87048681
87048690
87048700
87048707
87048736
87048760
87048767
87048769
87048777
87048778
87048787
87048794
87048802
87048831
87048840
87049011
87049021
87049030
87049044
87049056
87049057
87049071
87049083
87049092
87049101
87049162
87049171
87049181
87049205
87049322
87049326
87049327
87049328
87049349
87049358
87049422
87049431
87049440
87049468
87049482
87049498
87049764
87049773
87049784
87049789
87049797
87049804
87049806
87049816
87049823
87049864
87049871
87049882
87049913
87049926
87050054
87050068
87050070
87050078
87050087
87050095
87050099
87050193
87050214
87050228
87050237
87050247
87050264
87050274
87050281
87050316
87050317
87050318
87050323
87050333
87050342
87050359
87050371
87050377
87050410
87050446
87050451
87050475
87050514
87050610
87050619
87050630
87050658
87050761
87050770
87050784
87050785
87050794
87050804
87050809
87050816
87050831
87050838
87050875
87050884
87050893
87051018
87051050
87051082
87051110
87051120
87051129
87051138
87051148
87051152
87051171
87051199
87051208
87051217
87051228
87051244
87051280
87051292
87051301
87051319
87051547
87051606
87051619
87051640
87051649
87051658
87051679
87051687
87051698
87051709
87051711
87051720
87051731
87051747
87051760
87051764
87051829
87051835
87051840
87051842
87051851
87051976
87051993
87052003
87052004
87052032
87052037
87052046
87052059
87052065
87052076
87052102
87052105
87052106
87052115
87052155
87052166
87052231
87052247
87052355
87052387
87052404
87052421
87052444
87052477
87052494
87052503
87052516
87052518
87052521
87052535
87052537
87052540
87052554
87052568
87052577
87052591
87052595
87052599
87052654
87052724
87052733
87052755
87052761
87052764
87052765
87052773
87052775
87052776
87052782
87052791
87052802
87052809
87052813
87052816
87052862
87052871
87052890
87052891
87052892
87052900
87052909
87052919
87052921
87052923
87052925
87052974
87053050
87053058
87053059
87053065
87053089
87053090
87053129
87053138
87053149
87053159
87053173
87053174
87053180
87053188
87053199
87053208
87053217
87053232
87053245
87053248
87053254
87053361
87053373
87053407
87053409
87053418
87053421
87053422
87053450
87053460
87053469
87053476
87053477
87053478
87053491
87053522
87053529
87053543
87053544
87053558
87053559
87053582
87053583
87053594
87053638
87053641
87053673
87053687
87053742
87053748
87053763
87053773
87053782
87053796
87053807
87053809
87053810
87053821
87053825
87053830
87053838
87053839
87053868
87053880
87053888
87053892
87053894
87053927
87053931
87053937
87053943
87053957
87054113
87054122
87054131
87054141
87054289
87054298
87054307
87054346
87054355
87054364
87054527
87054536
87054545
87054578
87054581
87054588
87054601
87054604
87054606
87054619
87054625
87054635
87054770
87054781
87054800
87054801
87054804
87054808
87054818
87054841
87054848
87054850
87102230
87102241
87102250
87102393
87102402
87102411
87102463
87102472
87102482
87102562
87102606
87102619
87102631
87102632
87102637
87102643
87102649
87102658
87102660
87102679
87102810
87102839
87102856
87102867
87102873
87102883
87102889
87102903
87102904
87102908
87102937
87102944
87102953
87102971
87102981
87103053
87103057
87103154
87103155
87103161
87103170
87103180
87103187
87103196
87103200
87103201
87103254
87103263
87103392
87103401
87103410
87103530
87103539
87103548
87103574
87103583
87103592
87103845
87103855
87103864
87104013
87104023
87104032
87104073
87104082
87104091
87104162
87104175
87104187
87104402
87104438
87104493
87104513
87104618
87104624
87104625
87104634
87104655
87104663
87104671
87104675
87104723
87104740
87104745
87104747
87104750
87104775
87104784
87104797
87104800
87104806
87104837
87104851
87104882
87104883
87104885
87104932
87105022
87105023
87105074
87105083
87105093
87105102
87105107
87105108
87105116
87105120
87105151
87105160
87105189
87105191
87105192
87105193
87105209
87105212
87105214
87105241
87105243
87105246
87105248
87105250
87105304
87105325
87105329
87105351
87105356
87105357
87105369
87105370
87105373
87105374
87105418
87105421
87105425
87105438
87105444
87105446
87105453
87105462
87105471
87105478
87105488
87105492
87105512
87105514
87105557
87105561
87105567
87105659
87105788
87105795
87105801
87105806
87105807
87105808
87105810
87105815
87105821
87105830
87105848
87105850
87105893
87105903
87106054
87106064
87106073
87106137
87106146
87106155
87106247
87106256
87106266
87106440
87106449
87106458
87106580
87106586
87106614
87106615
87106623
87106666
87106740
87106746
87106755
87106761
87106770
87106773
87106775
87106776
87106782
87106785
87106796
87106798
87106803
87106804
87106846
87106848
87106865
87106872
87106877
87106879
87106881
87106889
87106899
87106908
87106915
87106923
87106950
87106962
87106964
87106965
87106969
87107065
87107131
87107132
87107144
87107157
87107158
87107160
87107163
87107164
87107183
87107192
87107210
87107223
87107228
87107232
87107233
87107263
87107412
87107422
87107431
87107485
87107494
87107503
87107562
87107571
87107580
87107592
87107748
87107757
87107767
87107815
87107824
87107833
87107861
87107870
87107880
87107886
87107887
87107888
87107891
87107899
87107900
87108021
87108026
87108036
87108053
87108055
87108095
87108105
87108114
87108121
87108122
87108128
87108130
87108132
87108140
87108186
87108197
87108229
87108250
87108252
87108406
87108411
87108421
87108424
87108431
87108448
87108455
87108462
87108463
87108515
87108524
87108556
87108694
87108703
87108712
87108859
87108868
87108878
87108920
87108930
87108939
87109140
87109150
87109159
87109319
87109328
87109338
87109374
87109383
87109392
87109548
87109564
87109571
87109581
87109590
87109697
87109698
87109729
87109731
87109737
87109755
87109766
87109778
87109789
87109792
87109813
87109814
87109816
87109817
87109824
87109834
87109857
87109865
87109869
87109990
87109993
87109997
87110034
87110060
87110104
87110171
87110199
87110208
87110209
87110211
87110214
87110223
87110248
87110255
87110266
87110293
87110317
87110327
87110336
87110353
87110568
87110587
87110653
87110662
87110671
87110731
87110740
87111012
87111022
87111067
87111076
87111085
87111120
87111129
87111253
87111257
87111281
87111299
87111359
87111360
87111365
87111399
87111401
87111409
87111416
87111428
87111431
87111438
87111450
87111471
87111474
87111475
87111500
87111501
87111507
87111509
87111511
87111519
87111546
87111555
87111556
87111704
87111705
87111732
87111793
87111845
87111869
87111876
87111890
87111902
87111903
87111911
87111919
87111924
87111946
87111979
87111994
87111995
87112001
87112013
87112018
87112026
87112035
87112087
87112103
87112105
87112123
87112127
87112128
87112144
87112444
87112455
87112512
87112522
87112583
87112592
87112601
87112607
87112610
87112618
87112632
87112666
87112668
87112812
87112886
87112892
87112897
87112959
87112960
87112962
87112975
87112978
87112987
87112990
87113003
87113004
87113013
87113015
87113058
87113073
87113078
87113091
87113093
87113094
87113099
87113127
87113132
87113134
87113272
87113278
87113280
87113282
87113283
87113284
87113293
87113295
87113397
87113399
87113406
87113412
87113419
87113464
87113473
87113525
87113534
87113543
87113908
87113917
87113926
87113969
87113979
87113989
87114064
87114074
87114083
87114232
87114241
87114250
87114309
87114322
87114331
87114407
87114409
87114415
87114416
87114426
87114438
87114456
87114475
87114504
87114506
87114762
87114770
87114779
87114799
87114807
87114813
87114817
87114824
87114880
87114887
87114897
87114905
87114909
87114913
87114915
87114934
87114963
87114964
87114966
87114972
87114981
87115000
87115003
87115100
87115102
87115262
87115271
87115314
87115323
87115401
87115410
87115655
87115665
87115694
87115728
87115737
87115833
87115842
87116130
87116140
87116198
87116207
87116216
87116265
87116267
87116282
87116309
87116313
87116323
87116326
87116342
87116353
87116456
87116471
87116608
87116625
87116626
87116632
87116633
87116641
87116647
87116665
87116669
87116696
87116704
87116709
87116713
87116717
87116720
87116729
87116741
87116756
87116758
87116769
87116774
87116797
87116802
87116812
87116814
87116819
87116821
87116889
87116949
87116953
87117090
87117099
87117110
87117155
87117161
87117168
87117353
87117362
87117372
87117543
87117552
87117609
87117619
87117630
87117790
87117799
87117808
87117957
87117966
87118032
87118042
87118051
87118069
87118071
87118111
87118117
87118126
87118137
87118198
87118239
87118240
87118244
87118247
87118253
87118254
87118255
87118281
87118296
87118312
87118321
87118322
87118348
87118378
87118459
87118466
87118484
87118485
87118495
87118514
87118518
87118519
87118522
87118524
87118525
87118541
87118555
87118556
87118557
87118568
87118586
87118600
87118623
87118630
87118688
87118738
87118746
87118754
87118774
87118783
87118784
87118794
87118949
87118958
87118967
87119009
87119020
87119029
87119186
87119195
87119204
87119345
87119354
87119447
87119456
87119609
87119618
87119627
87119782
87119791
87119862
87119871
87119880
87119904
87119905
87119928
87119931
87119944
87120042
87120049
87120055
87120059
87120066
87120071
87120073
87120075
87120083
87120091
87120100
87120112
87120114
87120181
87120190
87120209
87120214
87120227
87120232
87120238
87120244
87120245
87120251
87120252
87120264
87120271
87120293
87120294
87120306
87120429
87120439
87120448
87120458
87120486
87120495
87120561
87120575
87120586
87120715
87120724
87120790
87120799
87120860
87120870
87121020
87121031
87121040
87121089
87121098
87121107
87121192
87121201
87121353
87121363
87121372
87121389
87121397
87121409
87121414
87121416
87121425
87121439
87121441
87121443
87121489
87121491
87121498
87121500
87121503
87121504
87121537
87121628
87121637
87121638
87121651
87121663
87121674
87121675
87121686
87121695
87121713
87121725
87121735
87121761
87121772
87121775
87121777
87121784
87121797
87121815
87121816
87121858
87121890
87121892
87121899
87121941
87121958
87122057
87122066
87122076
87122122
87122132
87122142
87122273
87122282
87122344
87122354
87122363
87122425
87122435
87122476
87122623
87122633
87122643
87122715
87122725
87122748
87122755
87122760
87122766
87122782
87122783
87122784
87122785
87122793
87122795
87122799
87122841
87122854
87122856
87122857
87122864
87122869
87122871
87122883
87122981
87123009
87123016
87123017
87123044
87123045
87123055
87123064
87123080
87123087
87123090
87123120
87123129
87123138
87123170
87123291
87123293
87123294
87123302
87123311
87123330
87123337
87123341
87123355
87123358
87123373
87123374
87123379
87123385
87123392
87123396
87123398
87123439
87123449
87123457
87123465
87123492
87123498
87123502
87123505
87123516
87123522
87123549
87123550
87123564
87123571
87123584
87123591
87123595
87123596
87123684
87123708
87123709
87123715
87123720
87123768
87123784
87123787
87123788
87123802
87123820
87123822
87123823
87123833
87123837
87123838
87123957
87123966
87123976
87124162
87124171
87124181
87124198
87124215
87124218
87124228
87124234
87124243
87124252
87124259
87124288
87124295
87124304
87124342
87124343
87124344
87124453
87124521
87124533
87124542
87124608
87124617
87124627
87124672
87124682
87124691
87124879
87124887
87124891
87124893
87124898
87124915
87124929
87124945
87124947
87124950
87124961
87124976
87124982
87124987
87124989
87125000
87125007
87125016
87125038
87125040
87125057
87125058
87125108
87125117
87125126
87125242
87125249
87125261
87125278
87125289
87125299
87125310
87125378
87125387
87125408
87125409
87125435
87125436
87125440
87125450
87125455
87125513
87125527
87125537
87125545
87125659
87125704
87125716
87125733
87125738
87125743
87125752
87125754
87125755
87125756
87125795
87125802
87125812
87125824
87125827
87125847
87125882
87125891
87125901
87125910
87125913
87125940
87126051
87126061
87126069
87126078
87126083
87126113
87126123
87126132
87126140
87126151
87126200
87126210
87126219
87126319
87126324
87126328
87126340
87126346
87126367
87126369
87126389
87126393
87253525
87253534
87253543
87253576
87253585
87253594
87253728
87253738
87253747
87253784
87253794
87253806
87253841
87253850
87253859
87253992
87254001
87254010
87254055
87254084
87254093
87254102
87254133
87254142
87254151
87254259
87254260
87254263
87254268
87254278
87254287
87254296
87254320
87254329
87254338
87254356
87254365
87254374
87254383
87254389
87254393
87254404
87254507
87254508
87254512
87254525
87254530
87254677
87254679
87254693
87254695
87254696
87254703
87254708
87254717
87254727
87254736
87254746
87254747
87254798
87254799
87254807
87254816
87254826
87254845
87254848
87254852
87254854
87254858
87254996
87254997
87255010
87255020
87255046
87255047
87255404
87255415
87255424
87255451
87255453
87255455
87255460
87255462
87255515
87255522
87255531
87255553
87255554
87255555
87255697
87255709
87255726
87255741
87255756
87255766
87255772
87255786
87255806
87255815
87255839
87255840
87255854
87255863
87255873
87255875
87255883
87255885
87255890
87256000
87256001
87256003
87256004
87256009
87256034
87256053
87256060
87256064
87256068
87256072
87256078
87256088
87256093
87256101
87256102
87256105
87256116
87256143
87256152
87256161
87256276
87256285
87256286
87256287
87256330
87256340
87256349
87256397
87256436
87256438
87256458
87256467
87256476
87256485
87256489
87256491
87256501
87256513
87256521
87256523
87256531
87256537
87256539
87256666
87256672
87256677
87256699
87256707
87256713
87256724
87256730
87256740
87256751
87256755
87256758
87256791
87256794
87256804
87256810
87256813
87256822
87256827
87256850
87256851
87256858
87256894
87256904
87256905
87256917
87256919
87256920
87256956
87257055
87257056
87257061
87257118
87257128
87257137
87257177
87257186
87257195
87257307
87257320
87257329
87257351
87257360
87257369
87257386
87257391
87257401
87257410
87257429
87257430
87257436
87257543
87257552
87257561
87257611
87257620
87257630
87257668
87257677
87257686
87257693
87257697
87257701
87257707
87257715
87257719
87257727
87257739
87257741
87257745
87257747
87257799
87257800
87257886
87257889
87257918
87257921
87257928
87257929
87257946
87257948
87257957
87257967
87257974
87257998
87258001
87258014
87258025
87258030
87258031
87258042
87258043
87258049
87258066
87258069
87258088
87258094
87258109
87258112
87258128
87258142
87258143
87258248
87258253
87258254
87258259
87258274
87258314
87258353
87258363
87258372
87258411
87258420
87258429
87258555
87258564
87258573
87258591
87258600
87258609
87258630
87258639
87258649
87258766
87258775
87258784
87258834
87258843
87258853
87258890
87258898
87258907
87258916
87259046
87259047
87259058
87259067
87259077
87259101
87259103
87259120
87259122
87259129
87259138
87259153
87259157
87259167
87259175
87259179
87259191
87259202
87259203
87259207
87259210
87259219
87259223
87259224
87259237
87259246
87259268
87259271
87259274
87259384
87259385
87259413
87259422
87259431
87259468
87259475
87259486
87259487
87259519
87259527
87259537
87259551
87259554
87259561
87259562
87259594
87259600
87259610
87259619
87259632
87259640
87259645
87259779
87259789
87259799
87259848
87259857
87259866
87259914
87259923
87259932
87260094
87260103
87260112
87260156
87260166
87260175
87260227
87260236
87260245
87260405
87260414
87260424
87260469
87260488
87260500
87260514
87260523
87260540
87260549
87260609
87260618
87260628
87260630
87260636
87260639
87260647
87260703
87260737
87260793
87260827
87260845
87260848
87260877
87260887
87260913
87260914
87260927
87260929
87260983
87260995
87261005
87261016
87261021
87261023
87261032
87261048
87261083
87261091
87261100
87261110
87261226
87261230
87261260
87261263
87261276
87261289
87261298
87261303
87261317
87261322
87261390
87261400
87261512
87261528
87261545
87261652
87261662
87261671
87261715
87261716
87261717
87261720
87261728
87261738
87261754
87261769
87261770
87261771
87261803
87261892
87261914
87261918
87261992
87262001
87262010
87262031
87262053
87262083
87262092
87262118
87262119
87262150
87262162
87262174
87262207
87262247
87262280
87262288
87262309
87262315
87262317
87262340
87262382
87262405
87262408
87262416
87262447
87262451
87262455
87262471
87262480
87262487
87262489
87262491
87262549
87262568
87262578
87262651
87262672
87262673
87262674
87262687
87262799
87262800
87262803
87262863
87262865
87262876
87262886
87262896
87262905
87262910
87262913
87262915
87262929
87262935
87262944
87262949
87262952
87262956
87262957
87262959
87262978
87262988
87263110
87263256
87263264
87263273
87263284
87263301
87263313
87263403
87263405
87263423
87263456
87263495
87263505
87263507
87263515
87263516
87263540
87263593
87263602
87263611
87263636
87263643
87263648
87263649
87263842
87263853
87263859
87263947
87263956
87263965
87263994
87264032
87264043
87264053
87264067
87264068
87264069
87264081
87264084
87264101
87264103
87264120
87264128
87264203
87264257
87264260
87264284
87264306
87264307
87264329
87264330
87264331
87264334
87264374
87264386
87264403
87264422
87264436
87264441
87264449
87264450
87264476
87264477
87264489
87264510
87264512
87264513
87264514
87264570
87264627
87264702
87264710
87264716
87264719
87264749
87264750
87264757
87264778
87264794
87264795
87264798
87264815
87264839
87264854
87264866
87264869
87264889
87264890
87264895
87264897
87264915
87264929
87264947
87264949
87264953
87264964
87264968
87264994
87264999
87265007
87265008
87265029
87265039
87265048
87265055
87265057
87265273
87265296
87265307
87265316
87265329
87265333
87265362
87265381
87265467
87265475
87265484
87265492
87265498
87265544
87265552
87265579
87265584
87265590
87265600
87265613
87265618
87265771
87265781
87265790
87265803
87265810
87265814
87265847
87265852
87265861
87265871
87265937
87265942
87265945
87265948
87265983
87265986
87265998
87266006
87266018
87266039
87266151
87266153
87266155
87266190
87266212
87266225
87266241
87266250
87266303
87266310
87266311
87266324
87266339
87266351
87266354
87266362
87266396
87266397
87266406
87266415
87266455
87266456
87266457
87266472
87266479
87266653
87266662
87266671
87266733
87266737
87266773
87266783
87266794
87266816
87266818
87266826
87266828
87266894
87266916
87266925
87266939
87266968
87267003
87267708
87267795
87267833
87267842
87267851
87268099
87268164
87268520
87268532
87268545
87268561
87268571
87268573
87268771
87268773
87268910
87269090
87269110
87269127
87269325
87269401
87269742
87269866
87269876
87269886
87270489
87270498
87270508
87270569
87270817
87270832
87271191
87271208
87271228
87271229
87271230
87271389
87271949
87271958
87271967
87272424
87272434
87273269
87273279
87273288
87273707
87273716
87274461
87274470
87274979
87274988
87275795
87275804
87276138
87276147
87276156
87277054
87277063
87277434
87277444
87277453
87278403
87278420
87278686
87278695
87278704
87279574
87279643
87279892
87279917
87279926
87279936
87281052
87281061
87281102
87281111
87281120
87282181
87282190
87282259
87282261
87282396
87282405
87283533
87283542
87283603
87283612
87284751
87284752
87284861
87284885
87284895
87284911
87284929
87284937
87284940
87284946
87284952
87284955
87284964
87284965
87285008
87286068
87286069
87286076
87286087
87286097
87286100
87286113
87286118
87286119
87286313
87286322
87287187
87287196
87287265
87287408
87287417
87288313
87288322
87288746
87288755
87289415
87289429
87289490
87289775
87289777
87289968
87289979
87290622
87290691
87291239
87291248
87291257
87292079
87292088
87292416
87292425
87293108
87293122
87293415
87293698
87293708
87293734
87293896
87293956
87293957
87294137
87294140
87294141
87294145
87294385
87294391
87294448
87294521
87294527
87294593
87294892
87294896
87294905
87294922
87294942
87295034
87295036
87295047
87295377
87295445
87295509
87295512
87295636
87295697
87295781
87295790
87296040
87296112
87296122
87296722
87296724
87296922
87296928
87296940
87297474
87297483
87297730
87298110
87298121
87298126
87298131
87298146
87298148
87298150
87298158
87298349
87298467
87298469
87298470
87298636
87298645
87298654
87298656
87298785
87299148
87299151
87299207
87299452
87299453
87299461
87299481
87300224
87300230
87300255
87300308
87300371
87300432
87300443
87300448
87300457
87300655
87300780
87300781
87300814
87300819
87300906
87300921
87300934
87300935
87300957
87301159
87301460
87301527
87301588
87301779
87301781
87301790
87301792
87301861
87301919
87302045
87302104
87302161
87302172
87302175
87302191
87302208
87302210
87302213
87302280
87302516
87302519
87302642
87302745
87302847
87303103
87303372
87303381
87304216
87304225
87304232
87304661
87304670
87305611
87305672
87305678
87305842
87305851
87306955
87306964
87306973
87307094
87307103
87308127
87308189
87308257
87308267
87308334
87308336
87308342
87308359
87308364
87308381
87308467
87308495
87308501
87308516
87308575
87308799
87308800
87308982
87309467
87309528
87309529
87309650
87309716
87309788
87309825
87309851
87309858
87309869
87309870
87309871
87309894
87309895
87309906
87309916
87309923
87310065
87310070
87310257
87310258
87310840
87310898
87310956
87311075
87311254
87311326
87311390
87311511
87311751
87312004
87312013
87398989
87398999
87399008
87399041
87399050
87399059
87399192
87399201
87399210
87399256
87399265
87399274
87399319
87399328
87399337
87399475
87399484
87399493
87399539
87399563
87399572
87399581
87399604
87399613
87399622
87399739
87399748
87399757
87399786
87399795
87399804
87399826
87399835
87399844
87399968
87399977
87399986
87400137
87400146
87400155
87400206
87400215
87400225
87400372
87400381
87400390
87400708
87400722
87400736
87400815
87400824
87400833
87400999
87401015
87401031
87401062
87401071
87401080
87401103
87401112
87401122
87401243
87401252
87401261
87401282
87401291
87401300
87401319
87401328
87401337
87401480
87401489
87401499
87401592
87401601
87401611
87401645
87401654
87401663
87401795
87401804
87401813
87401861
87401870
87401926
87401943
87401961
87402105
87402115
87402162
87402171
87402180
87402302
87402319
87402333
87402365
87402374
87402383
87402416
87402425
87402435
87402561
87402570
87402579
87402641
87402651
87402660
87402933
87402942
87402948
87403010
87403079
87403088
87403098
87403592
87403601
87403610
87403834
87404242
87404251
87404260
87404811
87404820
87404829
87405343
87405352
87405956
87405965
87405974
87406525
87406534
87406543
87406664
87406673
87406682
87406735
87406744
87406753
87406790
87406799
87406808
87406953
87406962
87406971
87407021
87407031
87407040
87407080
87407090
87407099
87407248
87407259
87407268
87407333
87407343
87407349
87407375
87407385
87407395
87407541
87407551
87407563
87407607
87407616
87407625
87407649
87407659
87407668
87407792
87407801
87407810
87408323
87408333
87408342
87408788
87408798
87408807
87408945
87408956
87408965
87409015
87409024
87409034
87409077
87409087
87409097
87409262
87409271
87409280
87409319
87409329
87409338
87409360
87409377
87409394
87409502
87409511
87409520
87409546
87409555
87409564
87409664
87409681
87409698
87409753
87409763
87409772
87409813
87409822
87409960
87409969
87409978
87410027
87410037
87410046
87410091
87410100
87410246
87410255
87410265
87410288
87410338
87410348
87410357
87410408
87410417
87410550
87410559
87410568
87410605
87410614
87410647
87410656
87410666
87410795
87410804
87410813
87411007
87411017
87411093
87411103
87411113
87411278
87411288
87411369
87411379
87411389
87411444
87411453
87411462
87411625
87411636
87411645
87411739
87411748
87411790
87411799
87411808
87411929
87411938
87411970
87411980
87411989
87412037
87412046
87412184
87412193
87412207
87412270
87412271
87412277
87412287
87412288
87412295
87412304
87412317
87412322
87412331
87412342
87412378
87412388
87412397
87412481
87412484
87412527
87412551
87412554
87412559
87412568
87412589
87412596
87412600
87412604
87412606
87412639
87412648
87412657
87412666
87412672
87412711
87412714
87412723
87412730
87412739
87412749
87412770
87412828
87412876
87412932
87412942
87412965
87412977
87412978
87412985
87412986
87412989
87413002
87413012
87413023
87413032
87413054
87413063
87413072
87413203
87413212
87413268
87413277
87413286
87413395
87413404
87413413
87413559
87413569
87413603
87413612
87413621
87413701
87413719
87413737
87413814
87413823
87413833
87413835
87413842
87413872
87413886
87413895
87413904
87413923
87413941
87413947
87413952
87414064
87414073
87414086
87414088
87414098
87414101
87414113
87414115
87414147
87414164
87414180
87414183
87414184
87414185
87414206
87414224
87414228
87414234
87414235
87414244
87414257
87414260
87414266
87414288
87414294
87414322
87414329
87414332
87414333
87414338
87414445
87414462
87414463
87414464
87414476
87414492
87414496
87414514
87414523
87414538
87414542
87414549
87414550
87414636
87414640
87414646
87414648
87414649
87414654
87414676
87414687
87414689
87414801
87414810
87414819
87414882
87414891
87414930
87414939
87414948
87415102
87415111
87415189
87415198
87415263
87415273
87415303
87415313
87415426
87415427
87415443
87415452
87415465
87415471
87415504
87415505
87415507
87415524
87415527
87415528
87415541
87415565
87415592
87415593
87415600
87415602
87415626
87415640
87415757
87415783
87415957
87415984
87415995
87415998
87416073
87416086
87416089
87416105
87416109
87416112
87416115
87416117
87416268
87416278
87416287
87416355
87416364
87416373
87416420
87416430
87416440
87416601
87416610
87416621
87416681
87416690
87416700
87416758
87416767
87416778
87416792
87416793
87416800
87416801
87416865
87416926
87416983
87416993
87417013
87417024
87417034
87417037
87417083
87417094
87417103
87417109
87417110
87417112
87417121
87417122
87417141
87417149
87417153
87417159
87417180
87417181
87417182
87417191
87417319
87417322
87417331
87417340
87417349
87417364
87417365
87417367
87417368
87417396
87417405
87417417
87417418
87417421
87417422
87417440
87417450
87417459
87417469
87417620
87417629
87417638
87417685
87417694
87417703
87417749
87417759
87417897
87417907
87417917
87417969
87417979
87418030
87418040
87418151
87418155
87418157
87418163
87418175
87418182
87418189
87418216
87418228
87418235
87418241
87418247
87418264
87418268
87418270
87418271
87418274
87418302
87418304
87418317
87418318
87418324
87418348
87418350
87418354
87418357
87418369
87418370
87418371
87418376
87418378
87418455
87418472
87418515
87418522
87418546
87418559
87418562
87418566
87418567
87418573
87418590
87418608
87418610
87418618
87418623
87418627
87418639
87418644
87418647
87418651
87418660
87418671
87418677
87418685
87418802
87418811
87418820
87418884
87418894
87418941
87418950
87419095
87419105
87419440
87419516
87419526
87419527
87419534
87419539
87419545
87419555
87419557
87419614
87419615
87419616
87419629
87419634
87419647
87419676
87419680
87419703
87419710
87419715
87419720
87419726
87419729
87419731
87419745
87419760
87419787
87419792
87419801
87419826
87419907
87419927
87419934
87419947
87419951
87419954
87419960
87419971
87419976
87419981
87419982
87420003
87420004
87420028
87420043
87420050
87420057
87420064
87420069
87420074
87420076
87420104
87420181
87420196
87420198
87421042
87421053
87421059
87421061
87421066
87421070
87421080
87421081
87421185
87421187
87421189
87421200
87421204
87421215
87421239
87421260
87421269
87421297
87421299
87421301
87421303
87421305
87421319
87421324
87421349
87421352
87421358
87421364
87421366
87421370
87421412
87421430
87421434
87421436
87421485
87421505
87421520
87421528
87421573
87421582
87421583
87421620
87421623
87421625
87421629
87421631
87421642
87421652
87421657
87421668
87421670
87421680
87421681
87421696
87421705
87421926
87422198
87422200
87422213
87422222
87422230
87422319
87422365
87422389
87422392
87422396
87422405
87422409
87422418
87422419
87422425
87422431
87422462
87422490
87422495
87422511
87422518
87422531
87422536
87422546
87422551
87422552
87422561
87422562
87422573
87422594
87422597
87422600
87422609
87422712
87422719
87422728
87422739
87422746
87422754
87422756
87422768
87422769
87422770
87422772
87422779
87422795
87422801
87422812
87422831
87422834
87422840
87422845
87423033
87423050
87423054
87423087
87423094
87423106
87423108
87423115
87423137
87423161
87423166
87423170
87423179
87423182
87423186
87423187
87423206
87423209
87423324
87423338
87423351
87423355
87423380
87423383
87423504
87423526
87423538
87423540
87423545
87423555
87423575
87423582
87423583
87423587
87423694
87423695
87423696
87423702
87423759
87423777
87424260
87424264
87424311
87424315
87424324
87424325
87424336
87424345
87424361
87424362
87424389
87424390
87424407
87424431
87424437
87424553
87424571
87424576
87424583
87424591
87424595
87424597
87424604
87424610
87424612
87424618
87424625
87424638
87424639
87424641
87424642
87424643
87424648
87424654
87424664
87424690
87424698
87424730
87424759
87424813
87424814
87424823
87424824
87424869
87424888
87424892
87424932
87424947
87424951
87424952
87425396
87425405
87425410
87425438
87425460
87425470
87425475
87425476
87425491
87425497
87425508
87425517
87425523
87425525
87425526
87425527
87425529
87425539
87425541
87425582
87425674
87425694
87425696
87425705
87425707
87425712
87425720
87425736
87425740
87425743
87425760
87425763
87425774
87425776
87425778
87425787
87428047
87428677
87428678
87428684
87428693
87428697
87428708
87428711
87428713
87428724
87428734
87428745
87428751
87428762
87428777
87428779
87428791
87428914
87428921
87428925
87428932
87428937
87428940
87428941
87428943
87428988
87428989
87428992
87429000
87429004
87429011
87429012
87429016
87429033
87429042
87429046
87429056
87429058
87429065
87429081
87429082
87429083
87429090
87429097
87429102
87429105
87429111
87429231
87429246
87429248
87429260
87429267
87429276
87429283
87429286
87429298
87429304
87429777
87429783
87429787
87429811
87429828
87429831
87429834
87429840
87429843
87429857
87429868
87429870
87429877
87429883
87429890
87429947
87430002
87430004
87430015
87430027
87430038
87430039
87430043
87430046
87430081
87430103
87430108
87430110
87430138
87430145
87430150
87430170
87430178
87430179
87430188
87430196
87430205
87430210
87430244
87430465
87430496
87430508
87430511
87430516
87430518
87430929
87430941
87430955
87430964
87430967
87430969
87430987
87430998
87431007
87431011
87431015
87459904
87462853
87463963
87463967
87463981
87463987
87463988
87463994
87463995
87464003
87464026
87464033
87464035
87464045
87464054
87464055
87464056
87464070
87464071
87464077
87464079
87464095
87464106
87464107
87464215
87464216
87464217
87464227
87464234
87464235
87464241
87464280
87464282
87464286
87464298
87464300
87464307
87464313
87464314
87464315
87464316
87464332
87464343
87464350
87464362
87464363
87464372
87464380
87464383
87464389
87464400
87464410
87464430
87465117
87465128
87465138
87465139
87465146
87465157
87465158
87465166
87465167
87465170
87465203
87465209
87465214
87465217
87465230
87465370
87465371
87465429
87465442
87465456
87465474
87465485
87465486
87465503
87465504
87465516
87465541
87465542
87465552
87465553
87465590
87465604
87465607
87465615
87465623
87465970
87466198
87466199
87466204
87466205
87466206
87466216
87466229
87466238
87466244
87466245
87466248
87466253
87466254
87466256
87466257
87466287
87466290
87466304
87466310
87466385
87466461
87466463
87466546
87466549
87466588
87466592
87466617
87466619
87466626
87466628
87466629
87466631
87466636
87466659
87466664
87466668
87466679
87466681
87466692
87466700
87467166
87467188
87467191
87467193
87467194
87467199
87467213
87467237
87467238
87467240
87467246
87467251
87467259
87467269
87467285
87467290
87467296
87467300
87467409
87467410
87467413
87467421
87467429
87467444
87467452
87467464
87467465
87467479
87467480
87467481
87467483
87467489
87467493
87467499
87467509
87467518
87467519
87467520
87467522
87467534
87467535
87467539
87467588
87467634
87467659
87467674
87467685
87467688
87467694
87467696
87467697
87467698
87467703
87467756
87467771
87467774
87467778
87467780
87467790
87467796
87467798
87467801
87467806
87467815
87467824
87467830
87467834
87467847
87467850
87467869
87467872
87467876
87467882
87467883
87467884
87467890
87467999
87468007
87468026
87468035
87468036
87468048
87468053
87468062
87468067
87468074
87468075
87468076
87468084
87468088
87468109
87468124
87468125
87468127
87468144
87468148
87468151
87468169
87468172
87468183
87468186
87468198
87468199
87468209
87468321
87468329
87468332
87468339
87468340
87468352
87468368
87468378
87468422
87468431
87468446
87468452
87468457
87468462
87468465
87468478
87468522
87468523
87468537
87468548
87468549
87468564
87468704
87468715
87468723
87468727
87468729
87468735
87468738
87468743
87468751
87468756
87468764
87468769
87468778
87468784
87468785
87468786
87468790
87468808
87468818
87468820
87468823
87468889
87468935
87468941
87468942
87468978
87468993
87469001
87469003
87469005
87469012
87469020
87469026
87469027
87469040
87469041
87469056
87469069
87469073
87469085
87469086
87469090
87469109
87469110
87469199
87469235
87469248
87469267
87469282
87469291
87469296
87469297
87469359
87469370
87469372
87469373
87469383
87469558
87469563
87469567
87469569
87469570
87469611
87469613
87469628
87469644
87469650
87469679
87469680
87469682
87469683
87469688
87469695
87469697
87469699
87469701
87469714
87469725
87469729
87469730
87469732
87469742
87469750
87469852
87469856
87469858
87469863
87469869
87469877
87469889
87469891
87469898
87469902
87469912
87469927
87469929
87469930
87469941
87469943
87469951
87469958
87469961
87469962
87469970
87469977
87469979
87469996
87470019
87470025
87470140
87470141
87470150
87470153
87470205
87470213
87470214
87470217
87470222
87470230
87470240
87470241
87470261
87470263
87470267
87470268
87470289
87470300
87470328
87470329
87470332
87470335
87470345
87470403
87470469
87470480
87470500
87470508
87470512
87470516
87470528
87470539
87470540
87470545
87470555
87470560
87470643
87470797
87470805
87470820
87470823
87470841
87470870
87470874
87470901
87470909
87470912
87470921
87470925
87470937
87470955
87470956
87470962
87470965
87470978
87470994
87471000
87471006
87471115
87471126
87471134
87471155
87471166
87471180
87471183
87471194
87471206
87471233
87471246
87471257
87471278
87471317
87471323
87471403
87471411
87471415
87471418
87471423
87471435
87471463
87471464
87471478
87471491
87471574
87471585
87471596
87471673
87471675
87471691
87471730
87471731
87471749
87471768
87471772
87471775
87471779
87471841
87471883
87471922
87471928
87471930
87471943
87471957
87471988
87471989
87472005
87472006
87472011
87472012
87472052
87472080
87472082
87472090
87472092
87472100
87472101
87472117
87472120
87472125
87472158
87472163
87472164
87472165
87472176
87472281
87472286
87472300
87472304
87472312
87472328
87472389
87472396
87472400
87472411
87472415
87472425
87472426
87472438
87472447
87472608
87472611
87472614
87472618
87472663
87472673
87472675
87472684
87472689
87472716
87472723
87472726
87472733
87472736
87472737
87472759
87472761
87472841
87472867
87472868
87472884
87472888
87472892
87472894
87472897
87472954
87472958
87472964
87472967
87472972
87472977
87472980
87472985
87473014
87473016
87473022
87473027
87473030
87473037
87473047
87473048
87473051
87473069
87473083
87473085
87473106
87473112
87473218
87473221
87473228
87473232
87473233
87473244
87473255
87473262
87473290
87473297
87473298
87473311
87473313
87473321
87473339
87473344
87473354
87473359
87473374
87473381
87473399
87473414
87473434
87473437
87473458
87473459
87473465
87473468
87473479
87473596
87473599
87473600
87473609
87473613
87473619
87473656
87473671
87473687
87473693
87473701
87473736
87473741
87473742
87473749
87473752
87473758
87473766
87473780
87473915
87474691
87474692
87474707
87474710
87474712
87475008
87475039
87475154
87475228
87475240
87475244
87475256
87475276
87475284
87475303
87475311
87475317
87475321
87475524
87475777
87476063
87476433
87476457
87476476
87476486
87476502
87476514
87476529
87476550
87476553
87476555
87476591
87476712
87476721
87476732
87476785
87476807
87476815
87476817
87476835
87476838
87476867
87476868
87476870
87476940
87476941
87476942
87476970
87476983
87477081
87477144
87477160
87477178
87477182
87477188
87477193
87477195
87477453
87477471
87477494
87477508
87477511
87477554
87477557
87477558
87477564
87477585
87477604
87477822
87477881
87477902
87477917
87477918
87477947
87478080
87478081
87478083
87478089
87478090
87478093
87478132
87478134
87478138
87478139
87478140
87478144
87478146
87478149
87478158
87478166
87478168
87478174
87478176
87478197
87478203
87478211
87478222
87478268
87478440
87478452
87478462
87478465
87478476
87478479
87478481
87478499
87478519
87478530
87478539
87478569
87478597
87478726
87478747
87478771
87478813
87478817
87478863
87478865
87478866
87478870
87478871
87478872
87478873
87478874
87478875
87478876
87478877
87478878
87478879
87478880
87478882
87478883
87478884
87478885
87478886
87478887
87478888
87479021
87479272
87479300
87479581
87479595
87479601
87479608
87479613
87479619
87479629
87479633
87479640
87479650
87479658
87479697
87479701
87479705
87479710
87479721
87479836
87479838
87479843
87479865
87479867
87479869
87479872
87479887
87479890
87479896
87479904
87479906
87479911
87479915
87479916
87479929
87479931
87479935
87479945
87479962
87479974
87479977
87479981
87479982
87479986
87479987
87480000
87480007
87480013
87480018
87480240
87480277
87480300
87483230
87483881
87483884
87483885
87483892
87483894
87484279
87485679
87485681
87485691
87485698
87485700
87485704
87485708
87485720
87485725
87485728
87485742
87485744
87485749
87486047
87486166
87486325
87486462
87486852
87486970
87487265
87487268
87487445
87487567
87487569
87487574
87487579
87487587
87487593
87487607
87487617
87487627
87487630
87487636
87487644
87487645
87487653
87487805
87488085
87488199
87488490
87488491
87488613
87488730
87489015
87489017
87489322
87489326
87489327
87489340
87489341
87489381
87489450
87489453
87489454
87489465
87489470
87489480
87489481
87489778
87489899
87489922
87490048
87490353
87490469
87492101
87492212
87492241
87495003
87495130
87495132
87495134
87495141
87495142
87495159
87495160
87495205
87495348
87495561
87495636
87495736
87495738
87495930
87495949
87495951
87496068
87496121
87496270
87496675
87496761
87496767
87496768
87496769
87496808
87496809
87496880
87496881
87496965
87497583
87497584
87497588
87497592
87497596
87497743
87497819
87497879
87497954
87497955
87498057
87498346
87498375
87498382
87498386
87498390
87498498
87498527
87498548
87498742
87498773
87498775
87498874
87499135
87499227
87499228
87499229
87499285
87500102
87500255
87500369
87500456
87500474
87501845
87501909
87501910
87503262
87504113
87504116
87504208
87505019
87505021
87505022
87505029
87505031
87505037
87505044
87505055
87505057
87505071
87505073
87505084
87505138
87505169
87505216
87505219
87505225
87505236
87505237
87505238
87505242
87505260
87505275
87505282
87505293
87505297
87505298
87505299
87505305
87505326
87505332
87505334
87505346
87505362
87505370
87505373
87505374
87505375
87505442
87505464
87505632
87505688
87505764
87505862
87505865
87505995
87506288
87506329
87506367
87506445
87506909
87507014
87507075
87507077
87507081
87507086
87507305
87507307
87507412
87507503
87507686
87508286
87508288
87509333
87509335
87509365
87509366
87509367
87733487
87766257
87793177
87793251
87799384
87834066
87865599
87895428
87901854
87901861
87901869
87901999
87915990
87924793
87935738
87935773
87935828
87935883
87939827
87955901
