26.598
27.596
32.257
29.814
25.856
27.177
25.582
26.736
26.652
26.001
31.482
29.472
27.662
27.317
26.525
27.896
27.009
26.242
26.820
28.492
27.811
27.892
27.541
28.326
26.435
27.533
29.739
29.124
29.638
27.991
26.901
27.868
26.791
28.690
30.943
29.115
30.398
30.095
28.784
28.687
29.253
31.808
35.479
34.432
31.901
28.967
29.674
30.323
30.217
33.840
32.881
28.362
29.437
27.632
29.241
28.018
28.193
34.635
35.233
35.268
29.442
28.437
28.221
29.802
34.525
30.011
33.613
25.057
25.553
25.430
27.753
26.464
31.169
34.160
27.850
25.964
25.324
25.664
25.600
27.625
29.594
32.036
25.245
26.593
25.277
27.845
30.420
29.044
28.259
31.055
29.067
29.105
29.994
30.002
33.572
35.941
31.756
33.009
29.778
27.390
29.632
29.370
29.627
30.012
60.354
83.947
56.730
35.961
31.641
28.095
27.823
27.743
28.948
35.235
36.509
34.253
34.324
32.047
30.921
