12.490
13.300
15.342
13.365
12.591
13.216
12.773
13.103
13.027
13.364
14.815
13.608
12.687
12.525
13.467
12.627
12.434
13.170
14.200
13.472
13.782
13.094
13.338
12.459
12.697
13.346
12.946
13.490
13.505
6.647
13.125
14.171
12.616
13.382
12.404
13.041
12.848
13.005
12.318
12.579
12.809
13.306
12.559
12.882
13.010
16.946
13.364
13.267
12.981
13.424
13.335
16.102
13.396
12.992
14.013
1.480
15.564
14.088
13.613
13.400
13.164
13.498
13.957
13.805
59.342
12.725
13.149
14.746
14.231
14.028
13.505
13.767
13.747
13.239
13.428
13.055
13.994
13.837
13.497
14.983
13.189
13.546
13.055
13.803
16.202
11.924
13.828
15.209
14.167
13.965
13.820
13.418
