62.482
79.398
80.379
81.806
83.151
79.855
68.210
68.010
69.574
70.024
74.035
81.678
84.420
79.241
68.657
64.455
66.557
68.419
73.409
74.885
74.075
76.712
69.469
68.829
64.213
67.716
72.954
70.079
73.913
74.163
69.753
70.964
68.409
72.248
75.177
74.488
70.019
66.312
66.782
70.859
77.024
71.525
77.572
75.750
91.942
80.344
85.303
67.616
67.438
66.633
73.143
62.450
62.736
67.497
67.740
65.052
70.857
65.771
64.417
67.088
69.040
65.767
66.071
69.122
68.654
73.961
70.760
77.024
67.460
66.984
67.329
69.064
68.433
71.552
76.723
67.928
72.504
69.652
73.927
75.348
74.034
72.804
81.196
68.128
67.246
69.048
73.987
72.361
72.221
66.559
79.055
67.576
69.998
68.506
75.008
75.263
74.755
74.239
79.331
66.996
66.617
68.364
