131895257
131923918
131949467
131976928
131989324
131993009
131996951
132002974
132010172
132017127
132020403
132023634
132027298
132049244
132081557
132110995
132140629
132183002
132225027
132258513
132335485
132366267
132397526
132428812
132454043
132483275
132511850
132526029
132555958
132584838
132617730
132648518
132649934
132678978
132692527
132723070
132754155
132755639
132784273
132812798
132840325
132846398
132860710
132880176
132908853
132938386
132969626
132975215
132995035
133024479
133054775
133084851
133111900
133143133
133169457
133200938
133230210
133254823
133255076
133276087
133283131
133305294
133333538
133363156
133392260
133420994
133449712
133475531
133501902
133519372
133549555
133579020
133580119
133603597
133633583
133663292
133689236
133719297
133749295
133774627
133803612
133832755
133833789
133861156
133891749
133893115
133914839
133915235
133936681
133957933
133979177
133979894
133995569
134022780
134051228
134080536
134108230
