19.720
19.485
18.721
20.939
19.686
19.587
16.473
20.237
20.396
18.094
17.618
17.427
18.267
21.126
21.341
21.468
20.545
18.795
18.574
18.729
19.559
20.708
19.351
19.949
21.392
20.639
19.677
19.644
20.239
18.926
18.512
20.448
21.553
20.666
24.191
18.163
19.061
16.629
18.616
19.715
18.417
17.725
19.744
18.151
18.839
21.027
20.937
20.455
17.166
19.447
20.295
18.915
20.691
19.600
18.248
17.656
20.200
20.001
18.485
18.702
20.502
20.594
21.689
18.865
18.516
17.936
19.485
19.418
20.181
17.832
20.578
18.828
18.703
20.189
18.352
19.188
17.265
18.675
17.672
18.378
16.139
16.224
14.684
17.497
18.687
18.333
18.305
16.510
17.791
17.835
18.188
16.723
19.927
17.151
17.597
16.814
18.524
