13.314
13.416
14.268
15.978
13.886
14.127
14.681
15.275
13.465
13.356
13.502
13.418
13.670
14.438
15.426
14.044
24.049
13.750
13.224
14.216
12.400
13.374
13.519
15.115
14.184
15.145
12.092
13.736
13.795
12.294
13.328
14.308
13.099
15.334
14.480
15.493
16.689
14.153
16.511
16.369
15.275
13.999
13.928
15.386
15.321
14.664
14.549
15.199
15.103
13.318
16.404
14.830
15.918
15.942
15.177
15.134
17.555
16.025
13.955
14.141
13.444
14.370
17.846
15.224
14.724
15.474
13.778
13.673
49.371
14.580
13.832
14.612
15.070
14.175
16.285
14.454
13.748
13.905
13.468
16.864
16.605
12.797
13.445
12.680
14.084
13.783
14.230
14.302
13.756
14.668
13.252
15.645
16.655
13.358
15.431
13.544
1.237
14.144
12.903
