58.418
61.538
60.322
59.440
65.923
60.528
72.425
71.808
72.408
72.916
78.891
72.486
72.293
73.599
72.904
76.997
78.678
71.294
71.157
72.960
71.812
76.956
82.682
76.880
60.148
60.426
74.716
61.994
65.798
63.541
63.468
62.303
63.962
61.942
62.794
61.120
64.313
62.672
43.727
64.339
59.911
61.901
65.496
61.552
60.738
59.629
67.269
66.758
70.830
62.597
60.834
62.595
69.331
66.541
68.924
61.483
63.567
62.315
63.625
61.132
65.684
63.686
61.237
63.658
68.312
65.977
83.991
77.328
74.700
75.672
75.831
81.319
78.637
81.520
76.218
75.174
74.209
77.242
84.688
83.669
76.037
73.577
75.314
81.278
78.415
84.815
77.199
74.511
76.228
80.091
81.954
88.665
73.990
70.463
