18.548
17.013
22.499
19.233
22.133
18.974
35.735
36.111
19.211
19.673
20.345
20.781
20.521
19.885
20.510
20.392
19.927
20.951
21.544
18.546
25.857
20.665
21.059
18.803
19.332
19.509
20.925
21.744
20.729
21.101
17.597
17.571
17.017
17.909
16.714
19.630
19.224
17.834
16.572
19.841
20.415
18.711
18.358
18.119
17.251
18.951
20.185
18.467
18.628
18.854
22.190
18.246
17.759
18.181
18.859
18.551
16.679
20.191
20.679
18.648
18.768
22.907
23.438
19.624
16.288
16.810
17.837
18.012
17.002
19.735
17.289
18.556
19.633
24.855
24.284
21.099
22.001
15.578
16.160
17.487
20.210
18.348
18.159
19.812
18.183
9.193
22.808
23.434
18.714
17.926
17.137
16.698
16.431
18.054
17.416
20.350
20.087
23.066
23.868
18.860
18.726
15.947
15.643
16.830
17.300
18.689
17.689
18.435
19.541
19.487
17.376
17.732
16.945
16.174
16.430
18.198
16.737
17.198
20.710
20.975
22.922
17.863
18.667
19.545
19.326
16.914
16.724
18.055
18.372
22.555
22.064
20.661
18.457
16.180
16.589
16.783
16.205
16.483
19.795
18.371
14.368
17.984
17.773
19.631
19.056
17.711
17.723
16.165
18.346
16.079
16.140
18.547
18.634
18.741
18.183
59.541
20.978
15.121
15.866
15.598
15.447
17.355
16.887
17.158
15.380
18.971
17.672
19.540
17.922
18.512
16.955
15.384
15.999
