13.385
13.760
13.904
13.955
14.072
14.234
3.577
15.774
14.040
13.625
13.217
12.918
13.086
12.881
14.365
13.372
14.909
15.165
14.630
14.387
13.310
14.625
15.904
15.514
13.440
13.380
12.936
14.428
13.263
14.405
13.875
13.971
14.050
12.937
13.550
12.990
13.478
12.598
12.931
13.528
12.968
13.345
14.311
14.792
13.858
13.315
12.930
13.384
13.562
13.484
13.821
13.737
13.841
13.445
12.755
13.031
13.734
12.684
13.911
12.870
13.600
13.463
7.588
14.268
13.995
14.569
26.534
13.258
15.142
14.005
13.261
13.277
13.219
14.434
13.905
13.960
13.978
17.127
16.125
16.500
14.020
13.186
16.023
13.921
14.608
15.506
15.483
13.016
13.088
13.813
13.360
14.358
13.067
12.840
14.201
12.983
13.510
13.399
15.720
16.562
13.887
14.290
12.962
13.833
12.782
13.923
14.470
14.246
13.616
15.078
13.371
14.400
12.980
12.872
12.743
13.807
12.846
13.476
13.913
13.654
13.420
13.354
13.681
13.988
13.644
13.550
13.008
12.026
14.163
13.785
14.974
15.908
13.353
13.199
12.902
13.503
13.449
12.626
14.676
14.313
12.840
13.755
15.160
13.934
14.046
16.920
13.733
13.479
15.531
13.332
13.699
13.821
13.945
14.916
49.686
14.431
12.367
12.509
12.681
13.580
12.801
14.052
13.566
12.304
13.701
12.990
13.060
12.875
13.509
13.462
