75.532
74.632
76.067
79.676
78.152
78.522
83.563
87.083
77.688
77.082
75.468
75.470
78.358
76.432
76.716
78.282
77.357
78.169
81.156
79.586
76.926
77.284
77.952
78.683
75.419
76.358
72.985
74.288
84.089
83.110
76.714
79.560
70.978
70.869
70.873
71.079
73.145
71.730
58.856
57.214
231.571
77.524
75.952
82.825
79.840
73.595
73.733
75.440
78.039
75.106
76.746
74.227
73.203
73.886
78.228
85.390
86.130
77.611
76.877
78.777
78.508
74.163
74.564
71.494
72.319
80.132
79.366
87.637
85.701
80.646
91.081
77.906
79.269
80.005
80.372
83.118
80.544
78.295
83.576
88.634
87.587
80.297
78.890
77.720
81.371
59.855
63.616
83.176
84.603
84.952
83.490
71.910
71.339
72.125
73.673
71.966
76.716
76.255
79.376
78.762
83.468
83.524
73.702
74.552
73.099
73.042
74.652
74.430
78.290
74.266
77.056
79.441
87.598
86.045
77.245
80.378
78.390
77.954
78.310
76.486
76.267
75.564
76.718
80.815
83.329
77.288
74.349
74.477
75.008
75.868
81.646
80.584
63.376
57.932
73.372
75.325
86.680
77.568
74.683
75.379
74.947
74.268
72.928
71.175
63.965
75.387
77.128
74.086
74.268
75.448
76.147
77.861
74.208
74.429
77.208
77.855
74.473
75.504
120.246
80.172
77.464
80.778
86.085
81.360
80.814
78.009
79.179
88.429
88.442
80.207
80.329
83.954
84.021
