16.223
16.134
20.276
18.484
15.209
16.418
16.382
17.226
15.849
15.326
17.497
15.464
15.243
16.703
16.198
15.947
16.947
55.636
59.056
15.218
15.321
15.278
17.649
16.093
18.074
16.064
16.567
18.858
18.093
17.300
17.793
17.674
16.062
16.148
16.205
15.878
16.478
16.627
17.131
16.794
17.165
24.653
14.743
15.692
15.713
15.905
16.044
15.629
16.061
16.034
16.333
15.714
16.687
16.046
15.939
17.477
16.077
16.521
15.282
17.210
16.627
20.351
18.383
16.883
15.714
16.038
15.408
17.404
16.134
16.306
16.711
15.273
22.871
20.414
16.046
16.118
16.637
16.095
17.642
16.702
17.064
16.587
17.850
17.312
17.212
18.935
15.113
16.550
17.418
16.557
15.507
18.018
19.999
19.003
17.405
18.103
17.523
17.042
17.408
15.763
14.792
15.485
15.683
15.863
16.553
16.218
16.481
17.447
18.588
16.246
16.293
17.389
15.014
15.713
15.778
15.736
15.947
18.304
16.094
15.711
14.729
15.006
15.530
17.448
15.352
15.511
15.181
22.947
19.918
17.905
17.514
15.549
14.472
14.595
17.838
18.618
19.314
17.460
17.065
17.033
17.245
16.477
15.805
15.584
15.405
19.938
19.058
17.056
17.901
17.779
16.513
16.220
15.563
16.259
14.872
21.082
16.339
15.295
15.638
15.347
17.239
17.477
15.897
16.518
16.939
15.604
15.837
16.544
16.813
