96051022
96051117
96079319
96079428
96109129
96109228
96136927
96137022
96163673
96191054
96191158
96217786
96217884
96245120
96245226
96279336
96279441
96308284
96308387
96334784
96334892
96368147
96368272
96397017
96397129
96425957
96426065
96450039
96454386
96454484
96482882
96510399
96510494
96540056
96540143
96571831
96571934
96602090
96602182
96632035
96632145
96662305
96742149
96742182
96777289
96807710
96807752
96810650
96837372
96837464
96852087
96865525
96892883
96892988
96919782
96919891
96945450
96945541
96970844
96970943
96997388
96997511
97023746
97023868
97050122
97050226
97077017
97077107
97104021
97126084
97129845
97129938
97157323
97157425
97184222
97184313
97211975
97242826
97242921
97272545
97272645
97299658
97299781
97328121
97331005
97360191
97360293
97386980
97412758
97412852
97441043
97441145
97451628
97469027
97469135
97497494
97497616
97498362
97565275
97590822
97590923
97617153
97617244
97642691
97642784
97660787
97669888
97670000
97679727
97698725
97728627
97728704
97754119
97754205
97779784
97779889
97788769
97806060
97806150
97833519
97833622
97834446
97864076
97896367
97929919
97929987
97961155
97961210
97986924
97987014
98012210
98012289
98012968
98039396
98039497
98071140
98071313
98133397
98133543
98195257
98195403
98257297
98257446
98319955
98320107
98392846
98392969
98462709
98532464
98532596
98597836
98597988
98657923
98658078
98680359
98680362
98703189
98731908
98761698
98791098
98791178
98817235
98817316
98844489
98844570
98845760
98861739
98877457
98877533
98917795
98917889
99000251
99000334
