13.051
13.689
14.187
13.968
13.620
13.634
13.831
14.266
13.698
13.589
13.054
12.036
14.458
14.047
15.331
16.299
13.530
13.367
13.068
13.621
13.555
12.829
14.963
14.576
13.122
14.081
15.512
14.230
14.366
17.175
13.923
13.622
15.706
13.444
13.849
13.907
14.076
15.169
50.875
14.647
12.470
12.625
12.793
13.736
12.927
14.284
13.774
12.518
13.864
13.164
13.243
13.129
13.799
13.741
13.910
13.762
13.453
13.895
14.893
13.200
13.698
13.445
13.393
13.258
13.233
12.179
13.081
12.902
12.689
12.764
13.563
12.991
31.390
13.894
12.896
13.383
12.971
13.801
13.567
14.088
13.846
12.927
17.005
13.983
13.494
13.096
13.844
13.517
13.395
10.759
14.788
14.140
14.957
13.633
13.370
14.057
13.411
12.291
15.931
14.302
13.041
14.276
13.476
13.903
14.388
15.991
15.198
15.119
13.335
12.943
12.501
12.468
13.218
13.719
14.304
13.324
12.526
15.580
13.721
13.408
14.021
12.612
12.559
13.498
12.823
13.177
13.179
15.620
12.687
11.989
12.159
13.059
13.306
14.493
14.094
13.356
31.251
13.244
13.826
12.729
14.469
13.726
15.268
13.859
13.293
12.740
12.444
12.264
12.437
14.025
12.623
14.253
12.841
20.318
13.583
13.389
13.391
12.709
13.919
12.415
11.858
12.471
14.983
14.491
14.110
13.626
13.403
13.258
13.420
12.604
12.566
12.805
12.660
