16.478
18.243
16.809
17.289
20.439
20.815
22.608
17.764
18.565
19.309
19.132
16.635
16.488
18.292
18.549
22.735
22.260
20.721
18.597
16.280
16.681
16.642
16.111
16.549
20.289
18.839
14.183
18.138
17.946
19.813
19.416
17.746
17.889
16.169
18.383
15.989
16.110
18.430
18.530
18.772
18.224
60.491
21.197
15.139
15.897
15.626
15.487
17.426
17.024
17.315
15.597
18.977
17.772
19.907
18.136
18.780
17.089
15.549
16.228
16.332
17.012
16.207
15.594
16.806
16.283
17.394
19.080
17.871
16.805
15.219
17.563
14.944
17.665
16.575
16.962
15.894
16.326
34.053
16.236
14.967
15.715
15.541
16.948
15.335
17.556
16.680
16.455
19.430
17.439
21.688
18.855
16.315
15.658
16.310
13.818
16.921
16.110
18.958
17.542
16.853
22.757
18.075
22.492
16.476
16.591
17.238
15.996
17.129
16.670
18.969
18.338
17.544
18.162
16.225
18.311
16.927
17.070
15.302
15.850
17.415
16.200
18.318
16.541
14.365
15.585
15.565
17.219
16.257
15.780
16.334
16.969
15.679
14.975
16.609
13.652
16.293
16.964
17.626
17.274
16.991
16.552
17.383
17.000
18.898
18.267
17.162
16.354
28.154
16.130
16.530
17.215
17.500
19.456
16.512
60.212
23.238
32.336
22.574
17.475
16.094
15.733
21.268
15.950
26.322
24.442
18.228
20.832
19.074
18.058
18.025
17.358
16.296
