17.345
17.051
17.231
17.049
17.979
18.610
16.456
19.845
16.911
17.104
15.325
17.136
18.327
19.031
19.199
39.375
16.977
17.418
17.194
17.093
21.249
19.574
16.084
17.370
17.802
18.565
16.997
16.207
18.345
16.209
15.994
17.528
17.036
16.813
17.817
55.984
59.672
15.813
16.059
16.010
18.633
17.117
19.354
17.372
18.135
20.235
19.143
18.023
18.838
18.575
17.009
17.083
17.139
16.940
17.378
17.641
18.189
18.314
18.101
25.342
15.734
16.082
16.761
16.906
16.842
16.457
16.893
16.849
17.137
16.557
17.467
16.851
16.747
18.233
16.837
17.418
16.443
17.966
17.410
21.195
19.396
17.867
16.726
16.962
16.312
18.097
16.811
17.011
17.423
15.723
23.471
21.076
16.615
16.674
17.401
16.855
18.354
17.455
18.117
17.613
18.802
17.972
18.091
19.757
15.928
17.335
18.147
17.345
16.315
18.511
20.769
19.775
17.867
18.903
18.226
17.919
18.271
16.571
15.807
16.301
16.482
17.227
16.595
16.901
17.150
18.145
19.324
17.295
18.109
16.292
16.630
16.609
17.781
16.936
18.112
19.377
17.528
16.962
15.679
15.987
16.498
18.381
16.329
16.313
15.962
24.151
21.095
19.162
18.418
16.509
15.471
15.559
19.050
20.365
20.288
19.533
18.968
18.104
18.489
17.301
16.658
16.362
16.211
