87064808
87065373
87065382
87065392
87065546
87065555
87065564
87065858
87066027
87066038
87066047
87066193
87066202
87066268
87066277
87066286
87066372
87066388
87066405
87066592
87066601
87066611
87066644
87066653
87066663
87066698
87066707
87066717
87067167
87067177
87067186
87067244
87067253
87067262
87067338
87067348
87067357
87067588
87067597
87067606
87067670
87067739
87067748
87067757
87068015
87068088
87068097
87068169
87068179
87068193
87068408
87068417
87068426
87068459
87068468
87068477
87068565
87068581
87068598
87068820
87068831
87068840
87068881
87068890
87068899
87069049
87069058
87069068
87069109
87069119
87069129
87069367
87069524
87069691
87069700
87069709
87069740
87069750
87069759
87069809
87069818
87069828
87069975
87069984
87069993
87070049
87070058
87070067
87070106
87070116
87070125
87070383
87070392
87070401
87070454
87070463
87070806
87070964
87071136
87071145
87071154
87071304
87071321
87071392
87071400
87071410
87071418
87071426
87071435
87071443
87071547
87071551
87071552
87071566
87071570
87071572
87071679
87071682
87071684
87071689
87071693
87071700
87071703
87071709
87071716
87071717
87071841
87071854
87071882
87071883
87072085
87072092
87072100
87072148
87072150
87072152
87072217
87072225
87072238
87072241
87072244
87072341
87072348
87072356
87072393
87072395
87072397
87072398
87072400
87072515
87072522
87072531
87072561
87072570
87072579
87072588
87072612
87072651
87072660
87072669
87072788
87072804
87072814
87072823
87072860
87072881
87072890
87072901
87072933
87072947
87072956
87072966
87073123
87073150
87073223
87073248
87073258
87073323
87073374
87073383
87073504
87073530
87073555
87073580
87073625
87073634
87073643
87073704
87073721
87073737
87073799
87073808
87073817
87073847
87073856
87073865
87074073
87074082
87074091
87074133
87074142
87074151
87074209
87074220
87074230
87074385
87074396
87074406
87074592
87074602
87074895
87074905
87074915
87074967
87074976
87075128
87075177
87075187
87075198
87075233
87075242
87075251
87075505
87075514
87075562
87075572
87075628
87075637
87075810
87075820
87076019
87076030
87076417
87076426
87076435
87076556
87076565
87076597
87076606
87076640
87076649
87076824
87076834
87076843
87076882
87076948
87076957
87077119
87077131
87077227
87077236
87077329
87077338
87077512
87077521
87077588
87077597
87077679
87077689
87077858
87077868
87077935
87077944
87077998
87078009
87078177
87078186
87078195
87078230
87078240
87078302
87078312
87078466
87078475
87078484
87078510
87078558
87078567
87078591
87078729
87078747
87078807
87078839
87078848
87078857
87078863
87078883
87078892
87078905
87079054
87079064
87079104
87079214
87079224
87079267
87079358
87079369
87079409
87079633
87079644
87079674
87079783
87079792
87079804
87079832
87079975
87079985
87080034
87080252
87080262
87080305
87080434
87080445
87080454
87080482
87080550
87080561
87080597
87080756
87080765
87080775
87080787
87080820
87080829
87080843
87080870
87080879
87080889
87080890
87081008
87081017
87081026
87081028
87081078
87081087
87081096
87081105
87081390
87082043
87082052
87082220
87082229
87082239
87082268
87082277
87082288
87082338
87082347
87082356
87082478
87082487
87082496
87082530
87082540
87082549
87082573
87082582
87082591
87082747
87082756
87082765
87082838
87082848
87082931
87082943
87082952
87083131
87083140
87083242
87083251
87083261
87083373
87083383
87083545
87083554
87083564
87083607
87083616
87083694
87083704
87083837
87083846
87083855
87083881
87083891
87083900
87083974
87083991
87084010
87084132
87084142
87084221
87084231
87084397
87084413
87084540
87084651
87084661
87084863
87084872
87084937
87084946
87084955
87085008
87085157
87085167
87085176
87085226
87085289
87085298
87085307
87085479
87085485
87085510
87085555
87085564
87085591
87085592
87085593
87085599
87085600
87085601
87085603
87085605
87085607
87085613
87085615
87085616
87085734
87085754
87085758
87085760
87085884
87085893
87085927
87085946
87086020
87086041
87086079
87086103
87086144
87086272
87086281
87086300
87086312
87086346
87086355
87086373
87086391
87086465
87086480
87086608
87086633
87086644
87086652
87086682
87086708
87086723
87086761
87086771
87086814
87086825
87086964
87086999
87087012
87087056
87087072
87087083
87087096
87087141
87087150
87087159
87087181
87087194
87087327
87087336
87087345
87087358
87087368
87087405
87087415
87087424
87087434
87087535
87087550
87087565
87087712
87087721
87087730
87087737
87087772
87087781
87087790
87087797
87087844
87087853
87087862
87087864
87088015
87088024
87088036
87088072
87088081
87088091
87088180
87088191
87088367
87088376
87088459
87088468
87088542
87088551
87088744
87088846
87088855
87088962
87088972
87089143
87089225
87089235
87089373
87089389
87089477
87089486
87089495
87089566
87089576
87089585
87089814
87089823
87089834
87089976
87090157
87090166
87090321
87090330
87090339
87090397
87090407
87090416
87090582
87090592
87090827
87090836
87090902
87090911
87091020
87091030
87091040
87091174
87091183
87091192
87091275
87091284
87091293
87091353
87091362
87091371
87091690
87091876
87092145
87092158
87092289
87092298
87092489
87092507
87092516
87092746
87092756
87092766
87092834
87092843
87092852
87093182
87093193
87093561
87093570
87093579
87093599
87093600
87093601
87093604
87093624
87093684
87093686
87093689
87093693
87093695
87093697
87093710
87093719
87093728
87093852
87093870
87093879
87093882
87093885
87094057
87094059
87094061
87094063
87094072
87094082
87094091
87094133
87094146
87094155
87094455
87094464
87094474
87094539
87094548
87094558
87094628
87094638
87095028
87095338
87095348
87095354
87095450
87095460
87095579
87095588
87095597
87095799
87095809
87095818
87095918
87095927
87095936
87095996
87096006
87096015
87096193
87096203
87096213
87096248
87096257
87096266
87096319
87096328
87096345
87096347
87096349
87096351
87096516
87096525
87096532
87096551
87096625
87096634
87096645
87096703
87096710
87096756
87096765
87096774
87096882
87096906
87096921
87096930
87096998
87097029
87097120
87097158
87097169
87097334
87097358
87097369
87097436
87097464
87097474
87097484
87097561
87097606
87097617
87097627
87097805
87097814
87097823
87097859
87097868
87097877
87097925
87097939
87097956
87098080
87098089
87098098
87098154
87098164
87098174
87098552
87098561
87098698
87098944
87099442
87099453
87099465
87099706
87099716
87099725
87099930
87099937
87100144
87100252
87100258
87100439
87100448
87101709
87101718
87101727
87101847
87101856
87101865
87102008
87102017
87102026
87102055
87102064
87102073
87102229
87102240
87102249
87102392
87102401
87102410
87102462
87102471
87102481
87102648
87102657
87102809
87102838
87102855
87102952
87103160
87103169
87103179
87103234
87103253
87103262
87103385
87103391
87103400
87103409
87103515
87103529
87103538
87103547
87103563
87103573
87103582
87103591
87103727
87103844
87103854
87103863
87104000
87104012
87104022
87104031
87104056
87104072
87104081
87104090
87104128
87104161
87104174
87104186
87104633
87104774
87104783
87104931
87105073
87105082
87105092
87105150
87105159
87105303
87105452
87105461
87105470
87105820
87105829
87105892
87105902
87106053
87106063
87106072
87106136
87106145
87106154
87106246
87106255
87106265
87106439
87106448
87106457
87106487
87106488
87106489
87106490
87106491
87106493
87106494
87106495
87106496
87106497
87106498
87106499
87106501
87106511
87106522
87106579
87106585
87106745
87106754
87106760
87106888
87106898
87106907
87107182
87107191
87107262
87107411
87107421
87107430
87107484
87107493
87107502
87107561
87107570
87107579
87107747
87107756
87107766
87107814
87107823
87107832
87107860
87107869
87107879
87108025
87108035
87108094
87108104
87108113
87108185
87108196
87108410
87108420
87108430
87108514
87108523
87108693
87108702
87108711
87108858
87108867
87108877
87108919
87108929
87108938
87109139
87109149
87109158
87109166
87109318
87109327
87109337
87109343
87109373
87109382
87109391
87109394
87109570
87109576
87109580
87109589
87109750
87109754
87109827
87109833
87109861
87110000
87110043
87110059
87110166
87110206
87110221
87110250
87110291
87110310
87110326
87110335
87110349
87110477
87110485
87110567
87110585
87110607
87110630
87110642
87110652
87110661
87110670
87110678
87110713
87110723
87110730
87110739
87110752
87110901
87110941
87111011
87111021
87111034
87111056
87111059
87111066
87111075
87111084
87111091
87111107
87111112
87111119
87111128
87111140
87111250
87111307
87111364
87111376
87111429
87111441
87111449
87111497
87111510
87111526
87111711
87111801
87111838
87111844
87111912
87111932
87111950
87112021
87112059
87112194
87112430
87112443
87112454
87112490
87112502
87112506
87112511
87112521
87112552
87112568
87112574
87112582
87112591
87112600
87112674
87112896
87112972
87113006
87113135
87113408
87113456
87113463
87113472
87113514
87113524
87113533
87113542
87113895
87113907
87113916
87113925
87113953
87113968
87113978
87113988
87114039
87114063
87114073
87114082
87114213
87114231
87114240
87114249
87114290
87114308
87114321
87114330
87114391
87114425
87114437
87114769
87162949
87163176
87163185
87163222
87163386
87163523
87163532
87163541
87163684
87163871
87163881
87163890
87164055
87164309
87164318
87164327
87164469
87164645
87164668
87164810
87164957
87164966
87164975
87165192
87165423
87165432
87165566
87165763
87165772
87165781
87165917
87166107
87166116
87166125
87166272
87166529
87166538
87166547
87166613
87166796
87166805
87166814
87166943
87167233
87167250
87167264
87167506
87167704
87167714
87167785
87168044
87168054
87168063
87168134
87168394
87168403
87168412
87168662
87169128
87169137
87169146
87169157
87169210
87169219
87169228
87169341
87169350
87169360
87169488
87169497
87169506
87169536
87169545
87169554
87169585
87169603
87169622
87169733
87169742
87169751
87169786
87169787
87169788
87169789
87169790
87169791
87169797
87169798
87169799
87169803
87169809
87169823
87169825
87169976
87169994
87170093
87170102
87170113
87170355
87170364
87170374
87170441
87170540
87170549
87170726
87170735
87170806
87170815
87171116
87171126
87171135
87171197
87171516
87171525
87172551
87172564
87174254
87174668
87174677
87175014
87175024
87175033
87175330
87175339
87175405
87175803
87175813
87175823
87176163
87176172
87176181
87176551
87176560
87176569
87177096
87177107
87177117
87177432
87177441
87177911
87177921
87178384
87178397
87178406
87178750
87178759
87179164
87179174
87179185
87179651
87180013
87180023
87180032
87180327
87180430
87180803
87180873
87180882
87180891
87181103
87181225
87181235
87181244
87181481
87181564
87181938
87182012
87182021
87182031
87182299
87182380
87182389
87182654
87182842
87182859
87183096
87183099
87183102
87183103
87183104
87183105
87183108
87183110
87183112
87183171
87183172
87183479
87183489
87183530
87183548
87183549
87184007
87184016
87184025
87184311
87184320
87184659
87184668
87185056
87185061
87185070
87185419
87185429
87185440
87185449
87185791
87185801
87185810
87186200
87186269
87186278
87186585
87186647
87186656
87186965
87186972
87186981
87187036
87187381
87187447
87187457
87187739
87187812
87187821
87188103
87188171
87188181
87188532
87188599
87188608
87188619
87188809
87188877
87188886
87188952
87189206
87189279
87189754
87189819
87189828
87189837
87190123
87190459
87190591
87190600
87190609
87190918
87191002
87191048
87191312
87191381
87191391
87191653
87191760
87191769
87192120
87192261
87192272
87192282
87192513
87192642
87192652
87192944
87192953
87193382
87193391
87193725
87193736
87194163
87194173
87194564
87194573
87194958
87194971
87195376
87195385
87195875
87195885
87196274
87196283
87196293
87196644
87196654
87197100
87197109
87197460
87197470
87197473
87197735
87197739
87197808
87197817
87198199
87198204
87198552
87198565
87198574
87198583
87198964
87199017
87199032
87199381
87199450
87199778
87200215
87200263
87200276
87200287
87200646
87201029
87201100
87201570
87201634
87201967
87201988
87202379
87202813
87203190
87203262
87203586
87203655
87203668
87204103
87204425
87204501
87204510
87204847
87205361
87205368
87205705
87205780
87205790
87206102
87206187
87206587
87206664
87206674
87206683
87206950
87207015
87207024
87207033
87207237
87207367
87207376
87207385
87207699
87207766
87207782
87208062
87208377
87208510
87208880
87209017
87209026
87209035
87209411
87209421
87209739
87209749
87209801
87210167
87210177
87210556
87210565
87210974
87210984
87211465
87211474
87211483
87211791
87211800
87212166
87212176
87212631
87212640
87213010
87213020
87213029
87213410
87213445
87213858
87213869
87213879
87214174
87214183
87214286
87214295
87214305
87214488
87214497
87214605
87214616
87214784
87214942
87214953
87215069
87215246
87215255
87215272
87215349
87215371
87215475
87215482
87215486
87215674
87216058
87216063
87216072
87216451
87216937
87216950
87217313
87217715
87217722
87217731
87218217
87218621
87218631
87218973
87219456
87219838
87220177
87220239
87220240
87220241
87220243
87220245
87221212
87221544
87221550
87222049
87222140
87222142
87222149
87222153
87222159
87222167
87222581
87222585
87223033
87223179
87223198
87223212
87223214
87223217
87223761
87223776
87224139
87224149
87224158
87224678
87225051
87225060
87225070
87225394
87225403
87225923
87225932
87225941
87226359
87226370
87226455
87226459
87226791
87226800
87226806
87229754
87229763
87229775
87229839
87229844
87229887
87229891
87229895
87229897
87229911
87229916
87229992
87229994
87230003
87230004
87230006
87230007
87230008
87230612
87230618
87230624
87231340
87231349
87231412
87231846
87232250
87232259
87232268
87232990
87233140
87233149
87233158
87233329
87233712
87233969
87234207
87234375
87234614
87234785
87234961
87235208
87235446
87235829
87235950
87236090
87236173
87236211
87236268
87236318
87236384
87236605
87236711
87236758
87236817
87237000
87237057
87237095
87237135
87237144
87237153
87237173
87237340
87237355
87237364
87237373
87237394
87237430
87237572
87237582
87237591
87237670
87237679
87237688
87237760
87237769
87237935
87237944
87237954
87238016
87238026
87238035
87238167
87238176
87238185
87238331
87238350
87238364
87239370
87239379
87239671
87239734
87239743
87240660
87240723
87240732
87240941
87241007
87241844
87241854
87241863
87242294
87242358
87242368
87243197
87243206
87243625
87243689
87243698
87244433
87244947
87244957
87244966
87245590
87246255
87246265
87246907
87246916
87247029
87247047
87247065
87247156
87247219
87247228
87247237
87247386
87247395
87247405
87247486
87247495
87247547
87247556
87247565
87247723
87247732
87247794
87247803
87247812
87248906
87249081
87249090
87249191
87249201
87249445
87250332
87250525
87250535
87250897
87250907
87250917
87250956
87250965
87250974
87250993
87251003
87251012
87251132
87251141
87251155
87251208
87251217
87251226
87251278
87251287
87251296
87251456
87251466
87251475
87251539
87251548
87251557
87251615
87251624
87251634
87251807
87251817
87251826
87251865
87251874
87251884
87251902
87251911
87251920
87252039
87252048
87252057
87252091
87252100
87252109
87252133
87252142
87252151
87252280
87252281
87252287
87252288
87252294
87252429
87252438
87252477
87252478
87252479
87252481
87252520
87252527
87252533
87252628
87252643
87252659
87252741
87252750
87252760
87252808
87252817
87252826
87252961
87252970
87252979
87253056
87253066
87253075
87253109
87253118
87253127
87253249
87253258
87253268
87253285
87253294
87253303
87253324
87253333
87253342
87253456
87253465
87253474
87253524
87253533
87253542
87253575
87253584
87253593
87253727
87253737
87253746
87253783
87253793
87253805
87253840
87253849
87253858
87253991
87254000
87254009
87254083
87254092
87254101
87254132
87254141
87254150
87254277
87254286
87254295
87254319
87254328
87254337
87254364
87254373
87254382
87254529
87254716
87254726
87254735
87254806
87254815
87254825
87255009
87255019
87255403
87255414
87255423
87255521
87255530
87255725
87255739
87255755
87255805
87255814
87255862
87255874
87255884
87256008
87256077
87256087
87256151
87256160
87256329
87256339
87256348
87256457
87256466
87256475
87256538
87256729
87256739
87256826
87256955
87257117
87257127
87257136
87257176
87257185
87257194
87257306
87257319
87257328
87257350
87257359
87257368
87257390
87257400
87257409
87257542
87257551
87257560
87257610
87257619
87257629
87257667
87257676
87257685
87257973
87258273
87258352
87258362
87258371
87258410
87258419
87258428
87258554
87258563
87258572
87258590
87258599
87258608
87258629
87258638
87258648
87258765
87258774
87258783
87258833
87258842
87258852
87258897
87258906
87258915
87259057
87259066
87259075
87259128
87259137
87259201
87259236
87259245
87259412
87259421
87259430
87259526
87259536
87259599
87259609
87259618
87259778
87259788
87259798
87259834
87259847
87259856
87259865
87259913
87259922
87259931
87260093
87260102
87260111
87260127
87260140
87260155
87260165
87260174
87260181
87260186
87260190
87260214
87260226
87260235
87260244
87260307
87260357
87260387
87260404
87260413
87260423
87260436
87260441
87260473
87260513
87260522
87260604
87260646
87260828
87260886
87260957
87260994
87261004
87261081
87261099
87261109
87261252
87261288
87261297
87261364
87261389
87261399
87261426
87261511
87261527
87261544
87261615
87261651
87261661
87261670
87261711
87261727
87261737
87261774
87261891
87261964
87261991
87262000
87262009
87262052
87262082
87262091
87262163
87262287
87262415
87262567
87262577
87262885
87262895
87262904
87263263
87263272
87263283
87263592
87263601
87263610
87263840
87263852
87263858
87263946
87263955
87263964
87264080
87264283
87264569
87264756
87264914
87265028
87265038
87265047
87265295
87265306
87265315
87265474
87265483
87265589
87265599
87265612
87265770
87265780
87265789
87265860
87265870
87266005
87266017
87266240
87266249
87266350
87266361
87266478
87266652
87266661
87266670
87266772
87266782
87266793
87266915
87266924
87267832
87267841
87267850
87268519
87268531
87268544
87269109
87269125
87269865
87269875
87269885
87270488
87270497
87270507
87271190
87271206
87271948
87271957
87271966
87272423
87272433
87273268
87273278
87273287
87273706
87273715
87274460
87274469
87274978
87274987
87275794
87275803
87276137
87363792
87363801
87363810
87364486
87364495
87364504
87364510
87364511
87364513
87364514
87364515
87364516
87365323
87365329
87365348
87365349
87365351
87365352
87365354
87365356
87365357
87365359
87365360
87365361
87365363
87365364
87365365
87365366
87365368
87365370
87365504
87365510
87365516
87365677
87365682
87365691
87365692
87365699
87365706
87365707
87365711
87365714
87365832
87365838
87365888
87365894
87365900
87366049
87366058
87366067
87366102
87366111
87366121
87366152
87366161
87366170
87366294
87366303
87366312
87366461
87366470
87366479
87366520
87366530
87366539
87366668
87366677
87366686
87367020
87367034
87367048
87367108
87367118
87367127
87367270
87367285
87367300
87367344
87367353
87367362
87367373
87367381
87367390
87367399
87367504
87367506
87367507
87367508
87367509
87367534
87367543
87367587
87367593
87367602
87367611
87367617
87367630
87367631
87367641
87367651
87367660
87367766
87367767
87367817
87367826
87367835
87367891
87367907
87367931
87367940
87367949
87367963
87367965
87367983
87367992
87368001
87368112
87368115
87368136
87368145
87368154
87368176
87368179
87368200
87368210
87368219
87368234
87368237
87368293
87368515
87368525
87368612
87368728
87368747
87368869
87368878
87368920
87368929
87368938
87369069
87369078
87369087
87369158
87369167
87369176
87369224
87369233
87369244
87369394
87369404
87369413
87369465
87369475
87369485
87369535
87369544
87369554
87369711
87369720
87369730
87369805
87369814
87369824
87369854
87369863
87369983
87369992
87370001
87370020
87370030
87370039
87370062
87370071
87370080
87370195
87370204
87370214
87370264
87370273
87370282
87370313
87370322
87370331
87370475
87370484
87370493
87370534
87370543
87370552
87370593
87370603
87370612
87370750
87370759
87370768
87370831
87370842
87370851
87370874
87370883
87370892
87371039
87371048
87371058
87371117
87371126
87371135
87371176
87371185
87371196
87371342
87371351
87371360
87371390
87371399
87371409
87371472
87371482
87371491
87371657
87371666
87371676
87371744
87371753
87371762
87371830
87371839
87371849
87372034
87372043
87372052
87372126
87372135
87372141
87372189
87372198
87372207
87372352
87372361
87372370
87372393
87372402
87372411
87372444
87372461
87372478
87372604
87372613
87372654
87372663
87372673
87372787
87372805
87372863
87372872
87372881
87372922
87372931
87373071
87373080
87373090
87373170
87373179
87373231
87373241
87373250
87373388
87373397
87373435
87373444
87373454
87373485
87373494
87373503
87373635
87373644
87373810
87373819
87373830
87373891
87373901
87373939
87374069
87374078
87374088
87374117
87374149
87374158
87374203
87374236
87374245
87374255
87374283
87374399
87374411
87374420
87374441
87374478
87374507
87374517
87374540
87374545
87374565
87374574
87374583
87374587
87374589
87374694
87374703
87374712
87374721
87374723
87374729
87374738
87374747
87374759
87374764
87374776
87374785
87374796
87374800
87374905
87374914
87374923
87374932
87374965
87374982
87374991
87375000
87375009
87375015
87375033
87375042
87375051
87375062
87375069
87375200
87375209
87375218
87375224
87375230
87375256
87375265
87375274
87375285
87375294
87375323
87375332
87375341
87375347
87375371
87375504
87375514
87375526
87375533
87375555
87375564
87375573
87375576
87375578
87375596
87375605
87375614
87375653
87375728
87375737
87375747
87375750
87375752
87375768
87375777
87375786
87375789
87375809
87375818
87375824
87375828
87375965
87375969
87375978
87375988
87376016
87376021
87376030
87376066
87376075
87376218
87376227
87376271
87376280
87376289
87376349
87376367
87376503
87376513
87376522
87376550
87376559
87376681
87376695
87376725
87376734
87376743
87376763
87376772
87376910
87376919
87376929
87376994
87377003
87377048
87377057
87377218
87377228
87377237
87377296
87377305
87377362
87377372
87377566
87377579
87377675
87377726
87377735
87377744
87377877
87377886
87377939
87377948
87377957
87377989
87377999
87378132
87378142
87378152
87378222
87378231
87378282
87378291
87378302
87378449
87378458
87378523
87378532
87378602
87378613
87378623
87378784
87378795
87378859
87378869
87378878
87378904
87378913
87378922
87379044
87379053
87379077
87379086
87379095
87379116
87379125
87379134
87379280
87379289
87379299
87379328
87379337
87379367
87379376
87379512
87379523
87379571
87379580
87379625
87379634
87379643
87379815
87379825
87379876
87379885
87379916
87379926
87380052
87380061
87380085
87380094
87380133
87380150
87380281
87380290
87380325
87380335
87380455
87380472
87380519
87380528
87380537
87380582
87380594
87380782
87380792
87380895
87380904
87380950
87380959
87381080
87381089
87381122
87381132
87381157
87381166
87381175
87381181
87381291
87381300
87381310
87381363
87381373
87381385
87381410
87381419
87381429
87381437
87381558
87381563
87381572
87381584
87381610
87381616
87381625
87381639
87381669
87381674
87381683
87381695
87381823
87381830
87381840
87381852
87381908
87381914
87381923
87381936
87381955
87381962
87381971
87381982
87382099
87382105
87382115
87382126
87382152
87382158
87382167
87382177
87382198
87382206
87382216
87382227
87382338
87382348
87382357
87382379
87382422
87382434
87382443
87382455
87382493
87382503
87382512
87382522
87382656
87382670
87382680
87382686
87382715
87382726
87382736
87382746
87382783
87382802
87382811
87382814
87382961
87383012
87383017
87383026
87383081
87383105
87383114
87383163
87383174
87383183
87383312
87383321
87383330
87383345
87383362
87383371
87383428
87383585
87383594
87383636
87383645
87383685
87383694
87383835
87383844
87383902
87383911
87383956
87383974
87384135
87384144
87384185
87384195
87384300
87384318
87384389
87384398
87384438
87384447
87384568
87384577
87384642
87384651
87384691
87384701
87384856
87384866
87384929
87384938
87385023
87385032
87385180
87385189
87385258
87385267
87385291
87385306
87385315
87385399
87385550
87385640
87385755
87385807
87385816
87385874
87385892
87385901
87385933
87385949
87385958
87385967
87386079
87386113
87386122
87386156
87386176
87386185
87386194
87386215
87386232
87386241
87386250
87386370
87386386
87386395
87386404
87386470
87386509
87386518
87386533
87386573
87386609
87386621
87386807
87386816
87386826
87386903
87386989
87386999
87387008
87387208
87387222
87387313
87387326
87387336
87387439
87387619
87387628
87387639
87387698
87387707
87387716
87387783
87387793
87387802
87387965
87387979
87388060
87388069
87388078
87388114
87388123
87388132
87388250
87388259
87388268
87388304
87388313
87388617
87388626
87388636
87388973
87389036
87389066
87389983
87389992
87390001
87390691
87390700
87390736
87391266
87391275
87391284
87391969
87392035
87392478
87392488
87392495
87392847
87392856
87392865
87392888
87392897
87392906
87392945
87393011
87393217
87393317
87393414
87393529
87393538
87393572
87393931
87393941
87393950
87394422
87394842
87394851
87394861
87395285
87395403
87395413
87395474
87395494
87395504
87395513
87395530
87395544
87395553
87395562
87395570
87395679
87395688
87395697
87395710
87395718
87395727
87395736
87395749
87395780
87395831
87395961
87395971
87396090
87396099
87396105
87396258
87396268
87396474
87396485
87396491
87396562
87396571
87396651
87396660
87396671
87396842
87396930
87396941
87396950
87397007
87397016
87397163
87397172
87397181
87397252
87397261
87397356
87397365
87397736
87397745
87398063
87398073
87398083
87398136
87398145
87398155
87398289
87398306
87398326
87398441
87398451
87398461
87398521
87398530
87398540
87398563
87398667
87398677
87398686
87398710
87398716
87398725
87398734
87398758
87398766
87398775
87398784
87398803
87398904
87398913
87398922
87398973
87398988
87398998
87399007
87399026
87399040
87399049
87399058
87399078
87399191
87399200
87399209
87399235
87399255
87399264
87399273
87399297
87399318
87399327
87399336
87399362
87399474
87399483
87399492
87399546
87399562
87399571
87399580
87399594
87399603
87399612
87399621
87399630
87399738
87399747
87399756
87399775
87399785
87399794
87399803
87399818
87399825
87399834
87399843
87399860
87399967
87399976
87399985
87400122
87400136
87400145
87400154
87400178
87400205
87400214
87400224
87400257
87400371
87400380
87400389
87400425
87400706
87400720
87400735
87400814
87400823
87400832
87400998
87401014
87401030
87401061
87401070
87401079
87401102
87401111
87401121
87401242
87401251
87401260
87401281
87401290
87401299
87401318
87401327
87401336
87401479
87401488
87401498
87401591
87401600
87401610
87401644
87401653
87401662
87401794
87401803
87401812
87401860
87401869
87401925
87401942
87401960
87402104
87402113
87402161
87402170
87402179
87402301
87402318
87402332
87402364
87402373
87402382
87402415
87402424
87402434
87402560
87402569
87402578
87402640
87402650
87402659
87402674
87402676
87402678
87402679
87402680
87402681
87402684
87402685
87402688
87402689
87402691
87402693
87402695
87402796
87402798
87402799
87402801
87402803
87402807
87402932
87402941
87402947
87402975
87402976
87402978
87402980
87403009
87403058
87403078
87403087
87403097
87403123
87403591
87403600
87403609
87403894
87404241
87404250
87404259
87404448
87404449
87404810
87435486
87435659
87435730
87435790
87435955
87436036
87436084
87436221
87436254
87436280
87436288
87436293
87436341
87436419
87436421
87436425
87436429
87436463
87436477
87436482
87436486
87436491
87436494
87436499
87436513
87436522
87436526
87436532
87436539
87436545
87436600
87436673
87436680
87436690
87436695
87436700
87436718
87436763
87436777
87436797
87436850
87436859
87436954
87437022
87437043
87437085
87437113
87437124
87437154
87437177
87437182
87437283
87437312
87437319
87437334
87437363
87437369
87437415
87437440
87437449
87437556
87437583
87437623
87437638
87437666
87437674
87437680
87437719
87437729
87437849
87437904
87437928
87437977
87438003
87438050
87438171
87438287
87438371
87438426
87442516
87442518
87442549
87442552
87442690
87442692
87442777
87442786
87442871
87442877
87443052
87443056
87443130
87443139
87443217
87443228
87443452
87443460
87443547
87443551
87443634
87443645
87443804
87443806
87443813
87443861
87443862
87443868
87443928
87443938
87444063
87444113
87444116
87444121
87444192
87444199
87444211
87444241
87444286
87444296
87444422
87444445
87444465
87444475
87444480
87444487
87444494
87444513
87444528
87444533
87444547
87444551
87444594
87444622
87444637
87444737
87444753
87444792
87444878
87444885
87444904
87444978
87444996
87445021
87445143
87445146
87445178
87445265
87445277
87445297
87445331
87445342
87445380
87445587
87445590
87445615
87445669
87445675
87445687
87445728
87445747
87445807
87445989
87445993
87446011
87446078
87446098
87446130
87446191
87446207
87446277
87446485
87446494
87446567
87446578
87446603
87446648
87446828
87446839
87446872
87451477
87451479
87451482
87451483
87451484
87451486
87451488
87451489
87451490
87451492
87451493
87451495
87451500
87451501
87451502
87451503
87451504
87451507
87451512
87451514
87453084
87453208
87453236
87453238
87453252
87453256
87453286
87453300
87453302
87453422
87453449
87453453
87453459
87453461
87453463
87453492
87453494
87453497
87453498
87453499
87453500
87453503
87453505
87453507
87453508
87453509
87453510
87453511
87453512
87453515
87453516
87453519
87453522
87453524
87453674
87453682
87453683
87453684
87453686
87453836
87453857
87453962
87453971
87453991
87454183
87454190
87454276
87454290
87454366
87454373
87454544
87454558
87454653
87454664
87454714
87454720
87454861
87454864
87454867
87454910
87454915
87454941
87454942
87454947
87455085
87455186
87455262
87455424
87455508
87455590
87455749
87455857
87455859
87455861
87455863
87455864
87455865
87455868
87455869
87455870
87455871
87455873
87455875
87455877
87455878
87455880
87455881
87455884
87455886
87455887
87455889
87456058
87456062
87456063
87456064
87456129
87456132
87456135
87456136
87456137
87456139
87456142
87456143
87456144
87456146
87456148
87456149
87456150
87456155
87456156
87456158
87456160
87456162
87456164
87456166
87456168
87456170
87456172
87456173
87456206
87456436
87456532
87456571
87456574
87456635
87456816
87456890
87456988
87457149
87457189
87457229
87457335
87457358
87457431
87457602
87457699
87457812
87457948
87458031
87458170
87458270
87458287
87458314
87458320
87458322
87458334
87458442
87458455
87458461
87458472
87458480
87458488
87458590
87458638
87458652
87458691
87458706
87458726
87458732
87458839
87458860
87458864
87458878
87458895
87458902
87458924
87458951
87458959
87459072
87459122
87459125
87459134
87459159
87459162
87459169
87459177
87459184
87459285
87459291
87459295
87459301
87459309
87459311
87459318
87459330
87459359
87459440
87459482
87459486
87459492
87459507
87459513
87459526
87459608
87459673
87459692
87459730
87459836
87459931
87459960
87460070
87460085
87463549
87463583
87463717
87463777
87463803
87463939
87464014
87464080
87464256
87464339
87464436
87464559
87464560
87464562
87464563
87464564
87464565
87464567
87464568
87464569
87464571
87464573
87464575
87464594
87464598
87464611
87464626
87464636
87464640
87464642
87464652
87464664
87464675
87464709
87464719
87464723
87464725
87464733
87464735
87464759
87464854
87464865
87464867
87464871
87464898
87464907
87464911
87464924
87464936
87464941
87464946
87464948
87464949
87464950
87464952
87464960
87464964
87464966
87464969
87464970
87464971
87464973
87465016
87465077
87465091
87465094
87465102
87465103
87465104
87465107
87465109
87465126
87465137
87465145
87465148
87465149
87465154
87465160
87465169
87465206
87465215
87465224
87465228
87465233
87465366
87465374
87465389
87465419
87465521
87465528
87465532
87465538
87465546
87465592
87465598
87465601
87465614
87465619
87465742
87465745
87465747
87465750
87465753
87465776
87465778
87465782
87465789
87465792
87465826
87465829
87465833
87465842
87465845
87465964
87465966
87465973
87465997
87466016
87466038
87466039
87466041
87466043
87466045
87466054
87466056
87466062
87466064
87466066
87466174
87466176
87466183
87466186
87466187
87466213
87466221
87466228
87466237
87466241
87466289
87466291
87466296
87466308
87466469
87466481
87466653
87466658
87466734
87466736
87466869
87466913
87466965
87467111
87467212
87467289
87468550
87468552
87468677
87468678
87468713
87468714
87468761
87468762
87468924
87468925
87469006
87469007
87469064
87469065
87469227
87469288
87469295
87469298
87469299
87469300
87469302
87469304
87469306
87469308
87469309
87469312
87469313
87469315
87469554
87469557
87469655
87469720
87469873
87469924
87469992
87470147
87470236
87470298
87470507
87470597
87470601
87470659
87470663
87470812
87470815
87470928
87470930
87470983
87470985
87471148
87471151
87471243
87471245
87471432
87471434
87471605
87471688
87471753
87471960
87471961
87472041
87472042
87472136
87472137
87472333
87472432
87472476
87472598
87472631
87472728
87472901
87472988
87473073
87473267
87473368
87473451
87473624
87473728
87473787
87473907
87473949
87474133
87475029
87475053
87475064
87475070
87475102
87475109
87475247
87475254
87475295
87475305
87475343
87475355
87475511
87475518
87475564
87475573
87475608
87475613
87475739
87475746
87475779
87475784
87475812
87475837
87475977
87475985
87476031
87476042
87476102
87476148
87476236
87476237
87476238
87476242
87476245
87476247
87476249
87476250
87476251
87476252
87476256
87476281
87476468
87476479
87476684
87476820
87476914
87477097
87477164
87477231
87477374
87477477
87477567
87477740
87490670
87490710
87490766
87490767
87491221
87491222
87491224
87491226
87491227
87491229
87491230
87491231
87491232
87491236
87491238
87491240
87491241
87491242
87491244
87491246
87491260
87491262
87491313
87491317
87669092
87671771
87674401
87674620
87674821
87675014
87675015
87675016
87675017
87675018
87675019
87675020
87675021
87675022
87675023
87800163
87800170
87800242
87800304
87800311
87800372
87800431
87800496
87800559
87800625
87800761
87800763
87800765
87800767
87800768
87800770
87800777
87802104
87802115
87802122
87802134
87802142
87802153
87802159
87802168
87802177
87802184
87802878
87802880
87802916
87863572
87863573
87863574
87863575
87863576
87863577
87863578
87863579
87863580
87863581
87903058
88026154
88026162
88026165
88026170
88026172
88026175
88026180
88026183
88026186
88026189
88026192
88026195
88027393
88027788
88031160
88031162
88031194
88031296
88031360
88031480
88031540
88340249
88340251
88340252
88340253
88340255
88340256
88340258
88340259
88340260
88340263
88340265
88340268
88340269
88340270
88340271
88340272
88340273
88340274
88487964
88488031
88488092
88567143
88567147
88567206
88567348
88567364
88567480
88567484
88567600
88567661
88567664
88567725
88567844
88567848
88567906
88567959
88567961
88567963
88567965
88713973
88721343
88721402
88721417
88721464
88721522
88721577
88723808
88742241
88742243
88836146
88836155
88836164
88837070
88837079
88837107
88837760
88837769
88837778
88838673
88838682
88838692
88839677
88839686
88839695
88840639
88840648
88840657
88841739
88841748
88841796
88842711
88842720
88842786
88843761
88843821
88843835
88844877
88844887
88844953
88846050
88846059
88846069
88846981
88846990
88847000
88848025
88848034
88848044
88849119
88849128
88849138
88849695
88849704
88849713
88850787
88850796
88850805
88851446
88851455
88851524
88852535
88852544
88852553
88853156
88853165
88853203
88854159
88854168
88854234
88854822
88854835
88854903
88855908
88855974
88855983
88856493
88856558
88856567
88857697
88857706
88857722
88858249
88858296
88858324
88859416
88859426
88859435
88860061
88860070
88860101
88861152
88861208
88861227
88861942
88861952
88861961
88862889
88862898
88862907
88863556
88863565
88863574
88864469
88864478
88864547
88865367
88865376
88865385
88866178
88866187
88866196
88867095
88867104
88867113
88867852
88867861
88867870
88868936
88868956
88868965
88869633
88869642
88869652
88870607
88870616
88870625
88871365
88871374
88871384
88872350
88872359
88872368
88873005
88873014
88873023
88873949
88873959
88873968
88874616
88874625
88874637
88875563
88875572
88875581
88876246
88876265
88877221
88877231
88877254
88877958
88877967
88877987
88878922
88878931
88878966
88879596
88879662
88879671
88880683
88880692
88880701
88881431
88881487
88881503
88882308
88882374
88882383
88883236
88883245
88883255
88884119
88884129
88884164
88884966
88884976
88885042
88885866
88885876
88885889
88886895
88886906
88886915
88887748
88887758
88887822
88888612
88888621
88888630
88889455
88889526
88889540
88890642
88890651
88890661
88891535
88891579
88891589
88892338
88892347
88892356
88893231
88893240
88893306
88894014
88894023
88894032
88894943
88894952
88894961
88895677
88895686
88895695
88896557
88896566
88896575
88897418
88897429
88897496
88898226
88898235
88898244
88899160
88899169
88899179
88899845
88899854
88899863
88900813
88900822
88900831
88901515
88901524
88901533
88902493
88902502
88902511
88903248
88903257
88903266
88904193
88904202
88904211
88904858
88904868
88904877
88905807
88905816
88905825
88906477
88906487
88906496
88907491
88907500
88907510
88908183
88908193
88908203
88909188
88909198
88909225
88909887
88909896
88909905
88910988
88910997
88911007
88911704
88911713
88911746
88912741
88912751
88912777
88913486
88913495
88913504
88914455
88914464
88914502
88915183
88915194
88915256
88916147
88916203
88916212
88916880
88916889
88916953
88917864
88917874
88917884
88918613
88918622
88918631
88919575
88919641
88919650
88920311
88920321
88920381
88921342
88921411
88921420
88922100
88922109
88922174
88923180
88923189
88923198
88923817
88923884
88923893
88924837
88924846
88924855
88925545
88925554
88925563
88926461
88926471
88926481
88927292
88927301
88927310
88928102
88928111
88928120
88928981
88928990
88928999
88929805
88929815
88929824
88930677
88930740
88930747
88931469
88931478
88931487
88932417
88932426
88932435
88933170
88933179
88933188
88934121
88934130
88934139
88934807
88934816
88934826
88935716
88935726
88935735
88936449
88936458
88936468
88937335
88937344
88937353
88938150
88938160
88938171
88939011
88939020
88939029
88939784
88939794
88939803
88940699
88940708
88940771
88941565
88941610
88941619
88942438
88942448
88942457
88943285
88943296
88943305
88943958
88943970
88943983
88944026
88944035
88944045
88944102
88944111
88944120
88944235
88944248
88944259
88944345
88944355
88944364
88944423
88944439
88944463
88944656
88944663
88944669
88944736
88944742
88944749
88944810
88944813
88944821
88944823
88944827
88944828
88944831
88944834
88944838
88944857
88944860
88944863
88944866
88944946
88944955
88945017
88945023
88945030
88945035
88945044
88945052
88945055
88945058
88945060
88945062
88945080
88945098
88945151
88945160
88945169
88945197
88945206
88945216
88945232
88945241
88945250
88945307
88945316
88945328
88945403
88945413
88945422
88945491
88945501
88945511
88945621
88945631
88945640
88945688
88945697
88945706
88946446
88946455
88946464
88947575
88947585
88947594
88948444
88948515
88948525
88949363
88949372
88949381
88950318
88950327
88950396
88951221
88951230
88951240
88952055
88952064
88952073
88953101
88953110
88953119
88954133
88954142
88954151
88955129
88955138
88955147
88956095
88956105
88956114
88956934
88956944
88956953
88957973
88957982
88958053
88958862
88958871
88958937
88959953
88960020
88960029
88960730
88960739
88960748
88961853
88961862
88961871
88962643
88962652
88962661
88963643
88963652
88963662
88964662
88964672
88964739
88965763
88965774
88965805
88966659
88966725
88966735
88967836
88967847
88967910
88968751
88968760
88968769
88969706
88969717
88969727
88970743
88970753
88970762
88971489
88971558
88971568
88972458
88972468
88972477
88973168
88973178
88973244
88974214
88974223
88974232
88974919
88974928
88974937
88975908
88975917
88975926
88976610
88976619
88976689
88977597
88977606
88977616
88978368
88978428
88978437
88979294
88979304
88979313
88980384
88980393
88980402
88981061
88981070
88981079
88982021
88982090
88982099
88982719
88982728
88982737
88983812
88983821
88983830
88984372
88984382
88984391
88985454
88985464
88985473
88986083
88986110
88986157
88986999
88987008
88987017
88987818
88987828
88987864
88988928
88988939
88988949
88989623
88989632
88989641
88990673
88990740
88990749
88991300
88991366
88991375
88992347
88992393
88992425
88992929
88992938
88992948
88993925
88993935
88993953
88994653
88994722
88994731
88995644
88995654
88995717
88996435
88996472
88996481
88997364
88997373
88997383
88998283
88998293
88998303
88999193
88999202
88999211
89000095
89000104
89000114
89001021
89001030
89001040
89001769
89001778
89001787
89002686
89002695
89002704
89003394
89003403
89003412
89004324
89004333
89004342
89005182
89005192
89005252
89006064
89006073
89006082
89006923
89006932
89006941
89007695
89007704
89007714
89008717
89008737
89008747
89009614
89009623
89009632
89010576
89010587
89010596
89011490
89011552
89011561
89012387
89012396
89012405
89013341
89013350
89013359
89014329
89014338
89014348
89015176
89015202
89015237
89016158
89016178
89016236
89017151
89017162
89017171
89017900
89017923
89017974
89019030
89019056
89019065
89019730
89019773
89019799
89020909
89020922
89020933
89021603
89022768
89022778
89024684
89025354
89025364
89025427
89026438
89026447
89026458
89027172
89027181
89027209
89028147
89028157
89028168
89029041
89029050
89029063
89029816
89029826
89029835
89030706
89030773
89030782
89031565
89031574
89031583
89034404
89036121
89036130
89036139
89036736
89036747
89036756
89037840
89037849
89037858
89038433
89038442
89038453
89039517
89039526
89039538
89040103
89040112
89040122
89041300
89041334
89041343
89041927
89043064
89043077
89043710
89043719
89043728
89044818
89045463
89045472
89045535
89046609
89046618
89046627
89047223
89047234
89047243
89048323
89049016
89049042
89050910
89050919
89050928
89052766
89052832
89052841
89053908
89053917
89053926
89054485
89054558
89054567
89055574
89055583
89056304
89057334
89058162
89059991
89060972
89062746
