87064805
87064814
87064820
87064898
87064904
87064910
87065007
87065014
87065022
87065308
87065314
87065320
87065370
87065379
87065389
87065543
87065552
87065561
87065763
87065769
87065776
87065843
87065849
87065855
87066024
87066035
87066044
87066190
87066199
87066208
87066265
87066274
87066283
87066366
87066383
87066399
87066589
87066598
87066608
87066641
87066650
87066660
87066695
87066704
87066714
87067164
87067174
87067183
87067241
87067250
87067259
87067335
87067345
87067354
87067584
87067594
87067603
87067667
87067676
87067682
87067736
87067745
87067754
87068012
87068021
87068027
87068085
87068094
87068103
87068166
87068175
87068187
87068405
87068414
87068423
87068456
87068465
87068474
87068561
87068576
87068592
87068817
87068828
87068837
87068878
87068887
87068896
87069046
87069055
87069064
87069106
87069115
87069126
87069199
87069205
87069364
87069375
87069444
87069450
87069458
87069520
87069530
87069536
87069688
87069697
87069706
87069737
87069747
87069756
87069806
87069815
87069824
87069972
87069981
87069990
87070046
87070055
87070064
87070103
87070113
87070122
87070380
87070389
87070398
87070451
87070460
87070469
87070535
87070541
87070548
87070803
87070812
87070818
87070891
87070897
87070903
87070961
87070970
87070976
87071133
87071142
87071151
87071227
87071234
87071242
87071301
87071311
87071318
87071493
87071494
87071495
87071496
87071498
87071500
87071501
87071502
87071503
87071505
87071506
87071507
87071510
87071511
87071512
87071548
87071558
87071592
87071595
87071599
87071685
87071697
87071710
87071748
87071751
87071752
87071753
87071754
87071757
87071836
87071849
87071896
87071898
87071899
87072059
87072060
87072061
87072062
87072063
87072064
87072065
87072066
87072067
87072070
87072071
87072073
87072076
87072078
87072079
87072205
87072207
87072208
87072209
87072210
87072212
87072213
87072307
87072308
87072310
87072311
87072314
87072316
87072318
87072321
87072323
87072326
87072328
87072332
87072334
87072335
87072336
87072337
87072519
87072528
87072566
87072576
87072585
87072648
87072657
87072666
87072801
87072811
87072820
87072878
87072887
87072898
87072944
87072953
87072963
87073147
87073156
87073163
87073245
87073255
87073265
87073371
87073380
87073389
87073552
87073561
87073567
87073622
87073631
87073640
87073698
87073715
87073731
87073796
87073805
87073814
87073844
87073853
87073862
87073952
87074070
87074079
87074088
87074114
87074130
87074139
87074148
87074187
87074206
87074217
87074227
87074263
87074381
87074393
87074402
87074457
87074485
87074491
87074497
87074551
87074589
87074598
87074608
87074670
87074819
87074825
87074832
87074877
87074892
87074902
87074912
87074941
87074964
87074973
87074982
87075008
87075125
87075134
87075141
87075163
87075174
87075184
87075195
87075219
87075230
87075239
87075248
87075346
87075502
87075511
87075535
87075559
87075569
87075594
87075625
87075634
87075644
87075667
87075807
87075816
87075872
87075873
87075911
87075919
87075925
87075931
87075969
87075972
87076013
87076016
87076025
87076123
87076129
87076257
87076264
87076270
87076277
87076320
87076328
87076359
87076363
87076369
87076391
87076407
87076414
87076423
87076432
87076520
87076549
87076553
87076562
87076584
87076590
87076594
87076603
87076629
87076634
87076636
87076646
87076793
87076809
87076821
87076831
87076840
87076860
87076872
87076879
87076914
87076935
87076945
87076954
87077073
87077104
87077116
87077125
87077168
87077200
87077224
87077233
87077264
87077283
87077326
87077335
87077344
87077467
87077491
87077509
87077518
87077553
87077573
87077585
87077594
87077624
87077662
87077676
87077686
87077814
87077835
87077855
87077865
87077884
87077911
87077932
87077941
87077975
87077985
87077995
87078005
87078174
87078183
87078192
87078227
87078236
87078246
87078298
87078309
87078318
87078463
87078472
87078481
87078555
87078564
87078574
87078723
87078740
87078758
87078836
87078845
87078854
87078880
87078889
87078898
87079051
87079061
87079071
87079211
87079220
87079231
87079354
87079365
87079375
87079630
87079641
87079650
87079780
87079789
87079800
87079972
87079981
87079993
87080249
87080259
87080268
87080431
87080442
87080451
87080546
87080556
87080569
87080753
87080762
87080772
87080817
87080826
87080836
87080867
87080876
87080885
87081005
87081014
87081023
87081075
87081084
87081093
87081163
87081169
87081175
87081387
87081396
87081402
87081481
87081488
87081494
87081601
87081607
87081613
87081814
87081820
87081826
87081951
87081957
87081963
87081978
87082040
87082049
87082058
87082217
87082226
87082236
87082265
87082274
87082284
87082334
87082344
87082353
87082475
87082484
87082493
87082527
87082537
87082546
87082570
87082579
87082588
87082744
87082753
87082762
87082835
87082845
87082854
87082928
87082940
87082949
87083128
87083137
87083146
87083239
87083248
87083258
87083370
87083380
87083389
87083538
87083541
87083551
87083560
87083599
87083600
87083604
87083613
87083622
87083671
87083678
87083690
87083701
87083711
87083831
87083832
87083834
87083843
87083852
87083874
87083876
87083878
87083888
87083897
87083940
87083955
87083969
87083986
87084004
87084119
87084120
87084129
87084138
87084193
87084194
87084218
87084228
87084239
87084308
87084310
87084390
87084409
87084425
87084505
87084509
87084536
87084546
87084552
87084627
87084628
87084648
87084658
87084667
87084746
87084748
87084859
87084869
87084922
87084924
87084934
87084943
87084952
87084980
87084982
87085005
87085014
87085020
87085039
87085042
87085154
87085163
87085173
87085208
87085209
87085223
87085232
87085238
87085268
87085269
87085286
87085295
87085304
87085356
87085358
87085359
87085459
87085460
87085461
87085462
87085476
87085552
87085561
87085570
87085657
87085661
87085665
87085667
87085669
87085672
87085676
87085679
87085683
87085684
87085687
87085692
87085702
87085881
87085890
87085901
87085989
87085995
87086002
87086076
87086085
87086091
87086269
87086278
87086288
87086342
87086352
87086361
87086439
87086445
87086451
87086605
87086614
87086620
87086678
87086690
87086696
87086757
87086768
87086778
87086961
87086970
87086976
87087053
87087062
87087069
87087137
87087147
87087156
87087324
87087333
87087342
87087402
87087411
87087421
87087526
87087544
87087559
87087709
87087718
87087727
87087769
87087778
87087787
87087841
87087850
87087859
87088012
87088021
87088030
87088069
87088078
87088088
87088177
87088187
87088197
87088363
87088373
87088382
87088456
87088465
87088475
87088539
87088548
87088557
87088737
87088750
87088756
87088843
87088852
87088862
87088958
87088969
87088982
87089097
87089140
87089149
87089155
87089174
87089222
87089232
87089241
87089267
87089367
87089384
87089401
87089431
87089474
87089483
87089492
87089520
87089563
87089573
87089582
87089607
87089610
87089810
87089820
87089831
87089871
87089874
87089973
87089982
87089988
87090017
87090124
87090154
87090163
87090172
87090301
87090318
87090327
87090336
87090379
87090394
87090403
87090413
87090449
87090451
87090579
87090588
87090598
87090742
87090822
87090833
87090842
87090865
87090884
87090899
87090908
87090917
87090935
87090945
87091017
87091027
87091037
87091147
87091154
87091171
87091180
87091189
87091198
87091202
87091272
87091281
87091290
87091307
87091350
87091359
87091368
87091476
87091596
87091602
87091608
87091630
87091687
87091699
87091705
87091733
87091870
87091888
87091904
87091984
87092142
87092152
87092165
87092185
87092286
87092295
87092304
87092316
87092483
87092501
87092513
87092526
87092743
87092753
87092762
87092780
87092831
87092840
87092849
87092866
87093095
87093101
87093107
87093115
87093179
87093189
87093199
87093211
87093346
87093352
87093358
87093376
87093558
87093567
87093576
87093585
87093621
87093631
87093638
87093645
87093706
87093716
87093725
87093741
87093909
87093923
87093935
87094069
87094078
87094088
87094143
87094152
87094162
87094452
87094461
87094471
87094536
87094545
87094554
87094625
87094635
87094645
87094883
87094889
87094895
87094912
87094917
87094919
87094921
87095024
87095036
87095043
87095069
87095075
87095076
87095078
87095081
87095141
87095204
87095206
87095208
87095210
87095213
87095217
87095335
87095344
87095397
87095447
87095457
87095466
87095507
87095555
87095562
87095576
87095585
87095594
87095777
87095795
87095806
87095815
87095915
87095924
87095933
87095993
87096002
87096012
87096190
87096200
87096209
87096245
87096254
87096263
87096316
87096325
87096334
87096475
87096477
87096478
87096479
87096481
87096483
87096513
87096522
87096621
87096631
87096641
87096752
87096762
87096771
87096917
87096927
87096939
87097025
87097035
87097041
87097154
87097166
87097177
87097355
87097365
87097375
87097461
87097470
87097481
87097603
87097614
87097624
87097802
87097811
87097820
87097856
87097865
87097874
87097921
87097933
87097950
87098077
87098086
87098095
87098151
87098161
87098171
87098388
87098403
87098417
87098549
87098558
87098695
87098706
87098714
87099045
87099052
87099058
87099203
87099438
87099449
87099461
87099642
87099703
87099713
87099722
87099967
87100141
87100150
87100156
87100164
87100248
87100436
87100445
87100454
87162869
87162995
87163172
87163182
87163191
87163259
87163388
87163520
87163529
87163538
87163609
87163747
87163868
87163877
87163887
87164103
87164306
87164315
87164324
87164472
87164606
87164665
87164674
87164818
87164954
87164963
87164972
87165134
87165289
87165420
87165429
87165438
87165564
87165572
87165760
87165769
87165778
87165851
87165918
87165919
87166104
87166113
87166122
87166200
87166345
87166526
87166535
87166544
87166612
87166668
87166670
87166793
87166802
87166811
87166941
87167008
87167227
87167244
87167259
87167382
87167572
87167701
87167710
87167720
87167782
87167914
87168041
87168050
87168060
87168131
87168350
87168400
87168409
87168525
87169125
87169134
87169143
87169153
87169207
87169216
87169225
87169244
87169338
87169347
87169357
87169436
87169485
87169494
87169503
87169510
87169533
87169542
87169551
87169565
87169580
87169598
87169616
87169697
87169730
87169739
87169748
87169758
87169800
87169810
87169816
87169826
87169969
87169987
87170006
87170090
87170099
87170109
87170192
87170200
87170206
87170352
87170361
87170370
87170399
87170438
87170447
87170453
87170465
87170537
87170546
87170555
87170577
87170723
87170732
87170741
87170750
87170803
87170812
87170822
87170832
87170885
87170892
87170898
87170910
87171061
87171067
87171073
87171088
87171113
87171123
87171132
87171141
87171194
87171203
87171210
87171223
87171402
87171408
87171418
87171430
87171513
87171522
87171531
87171543
87171688
87171696
87171703
87171713
87172150
87172156
87172163
87172169
87172548
87172561
87172571
87172581
87172995
87173002
87173008
87173015
87173471
87173478
87173482
87173486
87173882
87173883
87173889
87173895
87174249
87174251
87174260
87174266
87174664
87174665
87174674
87174683
87175011
87175021
87175030
87175327
87175336
87175401
87175799
87175810
87175819
87176159
87176169
87176178
87176548
87176557
87176566
87177093
87177104
87177114
87177429
87177438
87177494
87177907
87177917
87177927
87178380
87178393
87178403
87178747
87178756
87178765
87179150
87179171
87179181
87179647
87179659
87179666
87180009
87180020
87180029
87180427
87180436
87180442
87180870
87180879
87180888
87181222
87181232
87181241
87181561
87181570
87181581
87182009
87182018
87182027
87182377
87182386
87182395
87182836
87182853
87182870
87183241
87183247
87183253
87183564
87183565
87183571
87183577
87183775
87184004
87184013
87184022
87184308
87184317
87184326
87184448
87184656
87184665
87184675
87184747
87185058
87185067
87185092
87185219
87185425
87185436
87185446
87185584
87185797
87185807
87185816
87185950
87186266
87186275
87186284
87186370
87186643
87186653
87186662
87186737
87186969
87186978
87186987
87187125
87187444
87187454
87187463
87187586
87187809
87187818
87187827
87187905
87188168
87188177
87188187
87188259
87188596
87188605
87188614
87188685
87188874
87188883
87188949
87188985
87189055
87189275
87189285
87189293
87189376
87189815
87189825
87189834
87189909
87190213
87190219
87190225
87190302
87190586
87190597
87190606
87190678
87190998
87191011
87191080
87191098
87191378
87191387
87191397
87191465
87191757
87191766
87191775
87191879
87192258
87192268
87192279
87192296
87192639
87192649
87192658
87192666
87192941
87192950
87192959
87193022
87193379
87193388
87193398
87193471
87193722
87193733
87193752
87194160
87194170
87194180
87194186
87194561
87194570
87194579
87194642
87194954
87194964
87194978
87194994
87195373
87195382
87195392
87195402
87195872
87195882
87195891
87195902
87196271
87196280
87196290
87196304
87196640
87196651
87196717
87197097
87197106
87197115
87197457
87197467
87197736
87197803
87197814
87198201
87198210
87198216
87198562
87198571
87198580
87199012
87199028
87199044
87199446
87199457
87199463
87199819
87199851
87199857
87200260
87200272
87200284
87200652
87200660
87200666
87200832
87201097
87201106
87201112
87201279
87201631
87201641
87201647
87201797
87201985
87201994
87202058
87202147
87202384
87202391
87202397
87202558
87202880
87202890
87202897
87203035
87203259
87203268
87203274
87203414
87203652
87203664
87203674
87203767
87204124
87204131
87204137
87204283
87204498
87204507
87204517
87204654
87204934
87204941
87204948
87205104
87205445
87205451
87205457
87205546
87205777
87205786
87205840
87205952
87206183
87206193
87206199
87206337
87206661
87206670
87206680
87206825
87207012
87207021
87207030
87207104
87207364
87207373
87207382
87207465
87207763
87207772
87207838
87207915
87208144
87208150
87208157
87208277
87208507
87208520
87208526
87208637
87209014
87209023
87209032
87209408
87209418
87209427
87209736
87209746
87209771
87210164
87210174
87210183
87210545
87210553
87210562
87210573
87210971
87210981
87210991
87211462
87211471
87211480
87211788
87211797
87211807
87212163
87212173
87212182
87212628
87212637
87212647
87213007
87213017
87213026
87213379
87213442
87213451
87213695
87213855
87213865
87213876
87214132
87214171
87214180
87214189
87214244
87214283
87214292
87214302
87214439
87214485
87214494
87214503
87214548
87214598
87214612
87214622
87214664
87214778
87214795
87214810
87214899
87214939
87214950
87214959
87215007
87215066
87215076
87215082
87215114
87215242
87215252
87215261
87215289
87215290
87215346
87215355
87215364
87215403
87215405
87215472
87215483
87215492
87215517
87215518
87215675
87215681
87215687
87215828
87215829
87216060
87216069
87216079
87216231
87216233
87216455
87216462
87216469
87216603
87216605
87216947
87216958
87216969
87217063
87217119
87217377
87217384
87217390
87217478
87217480
87217719
87217728
87217737
87217876
87217877
87218227
87218233
87218239
87218386
87218387
87218628
87218637
87218644
87218730
87218785
87219038
87219044
87219050
87219145
87219518
87219524
87219531
87219626
87219849
87219855
87219861
87220005
87220253
87220260
87220267
87220404
87220445
87220770
87220777
87220783
87220871
87220886
87220891
87220949
87220951
87220955
87220957
87220960
87220965
87220968
87220969
87220971
87220974
87221305
87221546
87221556
87221648
87222055
87222062
87222068
87222155
87222468
87222474
87222481
87222577
87222889
87222895
87222901
87223356
87223362
87223383
87223758
87223767
87223773
87224135
87224145
87224155
87224673
87224685
87224691
87225047
87225057
87225067
87225391
87225400
87225412
87225920
87225929
87225938
87226338
87226342
87226344
87226354
87226356
87226366
87226377
87226458
87226461
87226464
87226468
87226788
87226797
87229756
87229764
87229773
87229838
87229845
87229853
87230021
87230023
87230025
87230028
87230033
87230035
87230038
87230096
87230097
87230098
87230099
87230101
87230104
87230105
87230107
87230111
87230112
87230113
87230609
87231018
87231024
87231032
87231043
87231045
87231048
87231337
87231346
87231364
87231503
87231524
87231843
87231852
87231858
87231932
87231939
87231940
87231943
87232247
87232256
87232265
87232691
87232704
87232718
87233137
87233146
87233155
87233485
87233491
87233498
87233966
87233975
87233982
87234371
87234382
87234388
87234782
87234793
87234799
87235205
87235256
87235279
87235601
87235607
87235613
87235885
87235891
87235898
87236087
87236097
87236105
87236206
87236217
87236223
87236315
87236324
87236331
87236535
87236541
87236549
87236663
87236670
87236677
87236755
87236764
87236772
87236958
87236965
87236972
87237054
87237063
87237069
87237132
87237141
87237150
87237298
87237304
87237310
87237352
87237361
87237370
87237427
87237436
87237442
87237569
87237579
87237588
87237667
87237676
87237685
87237757
87237766
87237775
87237932
87237941
87237951
87238013
87238023
87238032
87238164
87238173
87238182
87238327
87238345
87238359
87239353
87239376
87239385
87239661
87239731
87239740
87240657
87240685
87240729
87240938
87241004
87241013
87241841
87241850
87241860
87242291
87242348
87242365
87243194
87243203
87243213
87243622
87243686
87243695
87244430
87244439
87244445
87244894
87244954
87244963
87245587
87245597
87245606
87246252
87246262
87246271
87246904
87246913
87246923
87246933
87247024
87247041
87247059
87247107
87247153
87247162
87247168
87247176
87247215
87247225
87247234
87247245
87247383
87247392
87247401
87247402
87247482
87247483
87247492
87247501
87247543
87247544
87247553
87247562
87247718
87247720
87247729
87247738
87247789
87247791
87247800
87247809
87248900
87248903
87248917
87248924
87249074
87249078
87249087
87249096
87249181
87249188
87249197
87249208
87249266
87249270
87249276
87249282
87249432
87249442
87249451
87249457
87249514
87249523
87249529
87249535
87249592
87249605
87249611
87249617
87249764
87249778
87249784
87249790
87249870
87249885
87249892
87249898
87249958
87249975
87249981
87249989
87250145
87250161
87250167
87250174
87250254
87250261
87250267
87250329
87250338
87250344
87250522
87250532
87250541
87250647
87250653
87250659
87250720
87250726
87250732
87250894
87250904
87250914
87250951
87250962
87250971
87250990
87251000
87251009
87251129
87251138
87251151
87251205
87251214
87251223
87251275
87251284
87251293
87251452
87251462
87251472
87251536
87251545
87251554
87251612
87251621
87251630
87251804
87251814
87251823
87251862
87251871
87251881
87251899
87251908
87251917
87252036
87363789
87363798
87363807
87364482
87364492
87364501
87364713
87364774
87364775
87364776
87364835
87364836
87364837
87364895
87364896
87364899
87364944
87364959
87364960
87364961
87365025
87365397
87365398
87365400
87365403
87365404
87365405
87365407
87365409
87365410
87365456
87365457
87365458
87365460
87365462
87365464
87365465
87365467
87365468
87365471
87365473
87365476
87365478
87365480
87365481
87365679
87365688
87365787
87365789
87365791
87365792
87365794
87365796
87365797
87365800
87365801
87365804
87365806
87365808
87365812
87365814
87365815
87365818
87365820
87365885
87366044
87366055
87366064
87366099
87366108
87366118
87366149
87366158
87366167
87366291
87366300
87366309
87366458
87366467
87366476
87366517
87366526
87366536
87366665
87366674
87366683
87367016
87367029
87367043
87367105
87367114
87367124
87367266
87367280
87367294
87367341
87367350
87367359
87367378
87367387
87367396
87367530
87367540
87367550
87367560
87367561
87367562
87367565
87367566
87367567
87367599
87367608
87367638
87367648
87367657
87367814
87367823
87367832
87367928
87367937
87367946
87367979
87367989
87367998
87368133
87368142
87368151
87368197
87368206
87368216
87368290
87368299
87368305
87368511
87368522
87368532
87368609
87368618
87368626
87368723
87368740
87368758
87368866
87368875
87368884
87368917
87368926
87368935
87369066
87369075
87369084
87369155
87369164
87369173
87369221
87369230
87369239
87369391
87369401
87369410
87369462
87369472
87369482
87369532
87369541
87369551
87369708
87369717
87369726
87369802
87369811
87369820
87369851
87369860
87369869
87369980
87369989
87369998
87370017
87370027
87370036
87370059
87370068
87370077
87370192
87370201
87370210
87370261
87370270
87370279
87370310
87370319
87370328
87370334
87370342
87370471
87370474
87370481
87370490
87370502
87370530
87370531
87370540
87370549
87370561
87370589
87370590
87370600
87370609
87370618
87370745
87370747
87370756
87370765
87370774
87370826
87370828
87370837
87370841
87370848
87370868
87370869
87370871
87370880
87370889
87371028
87371032
87371036
87371045
87371054
87371108
87371111
87371114
87371123
87371132
87371168
87371170
87371173
87371182
87371193
87371306
87371309
87371337
87371348
87371357
87371379
87371384
87371387
87371396
87371406
87371448
87371456
87371460
87371469
87371479
87371488
87371638
87371646
87371654
87371663
87371672
87371714
87371719
87371722
87371741
87371750
87371759
87371808
87371814
87371827
87371836
87371846
87371988
87371996
87372031
87372040
87372049
87372097
87372107
87372121
87372132
87372175
87372186
87372195
87372204
87372322
87372349
87372358
87372367
87372390
87372399
87372408
87372439
87372455
87372472
87372601
87372610
87372619
87372651
87372660
87372670
87372781
87372799
87372816
87372860
87372869
87372878
87372919
87372928
87372938
87373067
87373077
87373086
87373166
87373176
87373185
87373228
87373237
87373247
87373385
87373394
87373403
87373432
87373441
87373450
87373482
87373491
87373500
87373632
87373641
87373650
87373807
87373816
87373826
87373887
87373898
87373907
87374066
87374075
87374085
87374146
87374155
87374164
87374233
87374242
87374252
87374396
87374407
87374417
87374504
87374514
87374523
87374562
87374571
87374580
87374691
87374700
87374709
87374726
87374735
87374744
87374773
87374782
87374791
87374902
87374911
87374920
87374979
87374988
87374997
87375030
87375039
87375048
87375197
87375206
87375215
87375253
87375262
87375271
87375320
87375329
87375338
87375500
87375510
87375520
87375552
87375561
87375570
87375593
87375602
87375611
87375725
87375734
87375744
87375765
87375774
87375783
87375806
87375815
87375825
87375966
87375975
87375985
87376018
87376027
87376036
87376063
87376072
87376081
87376215
87376224
87376233
87376267
87376277
87376286
87376345
87376361
87376378
87376500
87376509
87376519
87376547
87376556
87376565
87376675
87376692
87376701
87376722
87376731
87376740
87376760
87376769
87376778
87376907
87376916
87376926
87376991
87377000
87377010
87377045
87377054
87377063
87377215
87377225
87377234
87377293
87377302
87377313
87377359
87377368
87377378
87377563
87377572
87377585
87377670
87377672
87377681
87377687
87377720
87377722
87377732
87377741
87377872
87377873
87377883
87377892
87377934
87377936
87377945
87377954
87377977
87377983
87377986
87377996
87378079
87378124
87378129
87378139
87378149
87378204
87378215
87378219
87378228
87378237
87378264
87378273
87378279
87378288
87378298
87378415
87378438
87378446
87378455
87378464
87378495
87378510
87378520
87378529
87378538
87378568
87378580
87378599
87378609
87378620
87378632
87378761
87378773
87378781
87378792
87378801
87378843
87378851
87378856
87378866
87378875
87378892
87378897
87378901
87378910
87378919
87379028
87379037
87379041
87379050
87379064
87379068
87379074
87379083
87379092
87379101
87379104
87379113
87379122
87379131
87379235
87379239
87379277
87379286
87379296
87379311
87379314
87379325
87379334
87379349
87379355
87379364
87379373
87379486
87379509
87379520
87379529
87379540
87379567
87379577
87379597
87379622
87379631
87379640
87379755
87379812
87379821
87379873
87379882
87379891
87379913
87379923
87379932
87380049
87380058
87380081
87380091
87380100
87380127
87380145
87380161
87380278
87380287
87380322
87380332
87380341
87380448
87380467
87380516
87380525
87380534
87380579
87380589
87380779
87380789
87380799
87380892
87380901
87380911
87380947
87380956
87380966
87381077
87381086
87381119
87381129
87381154
87381163
87381172
87381288
87381297
87381360
87381370
87381407
87381416
87381425
87381560
87381569
87381613
87381622
87381631
87381671
87381680
87381827
87381837
87381846
87381911
87381920
87381930
87381959
87381968
87381977
87382102
87382112
87382121
87382155
87382164
87382203
87382213
87382222
87382345
87382354
87382363
87382431
87382440
87382449
87382500
87382509
87382667
87382677
87382723
87382733
87382742
87382799
87382808
87383013
87383023
87383033
87383102
87383111
87383171
87383180
87383189
87383318
87383327
87383359
87383368
87383377
87383424
87383435
87383441
87383582
87383591
87383600
87383633
87383642
87383682
87383691
87383700
87383831
87383841
87383899
87383908
87383952
87383968
87383985
87384132
87384141
87384150
87384182
87384191
87384294
87384312
87384330
87384386
87384395
87384435
87384444
87384453
87384564
87384574
87384639
87384648
87384688
87384697
87384853
87384863
87384872
87384913
87384926
87384935
87384946
87384994
87385020
87385029
87385038
87385065
87385177
87385186
87385244
87385255
87385264
87385273
87385285
87385303
87385312
87385340
87385479
87385485
87385491
87385514
87385572
87385578
87385584
87385605
87385653
87385659
87385666
87385682
87385804
87385813
87385822
87385834
87385889
87385898
87385907
87385920
87385946
87385955
87385964
87385980
87386110
87386119
87386128
87386139
87386173
87386182
87386191
87386200
87386229
87386238
87386247
87386259
87386383
87386392
87386401
87386438
87386505
87386515
87386529
87386544
87386606
87386617
87386628
87386640
87386804
87386813
87386823
87386835
87386900
87386909
87386915
87386926
87386985
87386996
87387005
87387011
87387203
87387217
87387230
87387239
87387310
87387320
87387329
87387333
87387435
87387436
87387445
87387451
87387616
87387625
87387636
87387695
87387704
87387713
87387780
87387789
87387799
87387961
87387974
87387989
87388057
87388066
87388075
87388111
87388120
87388129
87388247
87388256
87388265
87388299
87388310
87388319
87388404
87388418
87388432
87388613
87388623
87388633
87388707
87388713
87388720
87388968
87388989
87389059
87389980
87389989
87389998
87390011
87390688
87390697
87390706
87390840
87391262
87391272
87391281
87391290
87391966
87392016
87392041
87392160
87392475
87392485
87392507
87392844
87392853
87392862
87392869
87392885
87392894
87392903
87392910
87392942
87392952
87392961
87392970
87393127
87393133
87393139
87393150
87393245
87393251
87393258
87393268
87393355
87393362
87393368
87393375
87393526
87393535
87393545
87393546
87393927
87393928
87393937
87393947
87394838
87394839
87394848
87394857
87395399
87395400
87395410
87395419
87395487
87395491
87395501
87395510
87395539
87395541
87395550
87395559
87395675
87395676
87395685
87395694
87395713
87395715
87395724
87395733
87395769
87395777
87395786
87395792
87395956
87395967
87395977
87396255
87396265
87396275
87396471
87396481
87396559
87396568
87396578
87396648
87396657
87396668
87396838
87396848
87396927
87396938
87396947
87397004
87397013
87397160
87397169
87397178
87397249
87397258
87397353
87397362
87397371
87397591
87397597
87397733
87397742
87397751
87397854
87397860
87398060
87398070
87398080
87398133
87398142
87398152
87398284
87398300
87398320
87398438
87398448
87398457
87398517
87398527
87398537
87398664
87398674
87398683
87398692
87398713
87398722
87398731
87398740
87398763
87398772
87398781
87398790
87398901
87398910
87398919
87398929
87398985
87398994
87398997
87399004
87399036
87399037
87399046
87399055
87399185
87399187
87399197
87399206
87399249
87399252
87399261
87399270
87399311
87399315
87399324
87399333
87399465
87399470
87399480
87399489
87399555
87438915
87438923
87438934
87439054
87439057
87439068
87439113
87439118
87439126
87439287
87439289
87439292
87439328
87439330
87439335
87439377
87439382
87439387
87439510
87439521
87439524
87439596
87439599
87439606
87439669
87439672
87439677
87439818
87439830
87439834
87439879
87439883
87439888
87439941
87439945
87439954
87439958
87440083
87440086
87440110
87440124
87440170
87440176
87440185
87440195
87440244
87440248
87440252
87440258
87440375
87440378
87440384
87440393
87440409
87440412
87440417
87440423
87440432
87440444
87440459
87440471
87440477
87440484
87440493
87440512
87440622
87440635
87440641
87440675
87440684
87440694
87440706
87440720
87440723
87440730
87440732
87440738
87440754
87440776
87440812
87440899
87440927
87440934
87440948
87440973
87440981
87440999
87441032
87441096
87441161
87441211
87441217
87441231
87441254
87441262
87441287
87441302
87441374
87441407
87441431
87441435
87441440
87441465
87441467
87441471
87441481
87441567
87441589
87441641
87441646
87441656
87441681
87441701
87441849
87441877
87441923
87441948
87441997
87442012
87442158
87443195
87447451
87447464
87447496
87447498
87447546
87447551
87447701
87447703
87447786
87447790
87447831
87447836
87447980
87447983
87448032
87448033
87448079
87448081
87448209
87448213
87448294
87448302
87448353
87448358
87448368
87448516
87448519
87448535
87448579
87448583
87448595
87448657
87448662
87448674
87448810
87448818
87448826
87448879
87448887
87448891
87448911
87448919
87448931
87448945
87448952
87448970
87448978
87449009
87449118
87449122
87449131
87449138
87449163
87449182
87449188
87449199
87449210
87449240
87449286
87449291
87449312
87449443
87449446
87449489
87449508
87449511
87449528
87449546
87449550
87449561
87449690
87449696
87449709
87449733
87449737
87449764
87449797
87449803
87449824
87449952
87449962
87450012
87450040
87450044
87450053
87450091
87450102
87450159
87450299
87450313
87450342
87450405
87450427
87450485
87450553
87450643
87450704
87450779
87450791
87450846
87451683
87451684
87451688
87451689
87451693
87451694
87451700
87451701
87451705
87451707
87451710
87451711
87451713
87451714
87451715
87451716
87451717
87451718
87451720
87451721
87451722
87451723
87451725
87451908
87452151
87452248
87452429
87452483
87452557
87452738
87452819
87452903
87453085
87453209
87453287
87453289
87453424
87453457
87453496
87453679
87453773
87453777
87453778
87453779
87453783
87453785
87453787
87453789
87453791
87453792
87453794
87453801
87453809
87453812
87453816
87453818
87453819
87453821
87453823
87453827
87453844
87453965
87454244
87454247
87454250
87454253
87454342
87454347
87454482
87454496
87454547
87454549
87454553
87454554
87454661
87454718
87454725
87454870
87454871
87454872
87454874
87454876
87455917
87455918
87455919
87455920
87455921
87455922
87455923
87455924
87455926
87455927
87455928
87455942
87455970
87455983
87455995
87456009
87456019
87456032
87456034
87456035
87456056
87456067
87456074
87456075
87456181
87456183
87456184
87456185
87456187
87456188
87456189
87456192
87456193
87456194
87456196
87456197
87456198
87456200
87456201
87456202
87456213
87456219
87456220
87456221
87456223
87456224
87456225
87456379
87456513
87456617
87456791
87456800
87456802
87456805
87456807
87456809
87456810
87456812
87456814
87456817
87456818
87456820
87456822
87456878
87456898
87456899
87456906
87456909
87456911
87456912
87456916
87456920
87456974
87457146
87457183
87457217
87457330
87457355
87457391
87457581
87457688
87457748
87457929
87458017
87458085
87458275
87459736
87459870
87459935
87459963
87460076
87460087
87460105
87460215
87460354
87460406
87460541
87460741
87460923
87461081
87461148
87461178
87461297
87461317
87461328
87461333
87461395
87461444
87461445
87461508
87461577
87461598
87461631
87461767
87461802
87461826
87461848
87461901
87461915
87462027
87462052
87462105
87462109
87462121
87462139
87462143
87462152
87462257
87462259
87462262
87462271
87462274
87462277
87462288
87462290
87462293
87462402
87462405
87462409
87462450
87462454
87462459
87462475
87462483
87462504
87462633
87462638
87462652
87462671
87462676
87462687
87462704
87462709
87462717
87462835
87462839
87462847
87462964
87462980
87463000
87463152
87463171
87463181
87463291
87463343
87463373
87464666
87464667
87464669
87464670
87464671
87464672
87464674
87464676
87464678
87464680
87464681
87464684
87464685
87464687
87464689
87464690
87464694
87464695
87464696
87464697
87465428
87465432
87465434
87465437
87465440
87465443
87465445
87465447
87465448
87465450
87465451
87465454
87465458
87465460
87465461
87465462
87465468
87465470
87465472
87465473
87465475
87465509
87465568
87465588
87465729
87465740
87465763
87465774
87465802
87465821
87465951
87465962
87466026
87466032
87466050
87466053
87466167
87466171
87466193
87466212
87466261
87466283
87466425
87466453
87466623
87466649
87466707
87466729
87466853
87466865
87466893
87466905
87466933
87466953
87467084
87467100
87467174
87467207
87467236
87467252
87467282
87467299
87467411
87467454
87467463
87467507
87467516
87467554
87467661
87467714
87467755
87467811
87467831
87467888
87467995
87468064
87468078
87468129
87468149
87468212
87468322
87468326
87468435
87468517
87469411
87469412
87469413
87469414
87469556
87471146
87471241
87471430
87471603
87471686
87471751
87471958
87471962
87472040
87472043
87472135
87472139
87472145
87472332
87472334
87472431
87472434
87472477
87472478
87472599
87472600
87472632
87472633
87472729
87472730
87472902
87472903
87472989
87472990
87473074
87473075
87473268
87473269
87473369
87473370
87473453
87473625
87473729
87473788
87473789
87473908
87473909
87473951
87473952
87473969
87474095
87474158
87474201
87474202
87474348
87474349
87474390
87474395
87474463
87474466
87474646
87474647
87474677
87474678
87474708
87474709
87474832
87474833
87474859
87474860
87474874
87474875
87475018
87475020
87475021
87475056
87475057
87475058
87475104
87475250
87475299
87475346
87475513
87475565
87475566
87475609
87475610
87475740
87475741
87475780
87475813
87475978
87476033
87476104
87476467
87476691
87476831
87476921
87476963
87477103
87477126
87477171
87477205
87477237
87477262
87477378
87477454
87477482
87477532
87477571
87477614
87477745
87477775
87477820
87477871
87477912
87477948
87478077
87478150
87478200
87478230
87478255
87478302
87478411
87478436
87478496
87478524
87478559
87478653
87478757
87478804
87478824
87478861
87479104
87479241
87480150
87480223
87480287
87482172
87482401
87483877
87484195
87485677
87485990
87487577
87487844
87489329
87489720
87491141
87491142
87491144
87491145
87491146
87491150
87491152
87491155
87491156
87491157
87491159
87491161
87491162
87491164
87491166
87491167
87491168
87491169
87491172
87491176
87491178
87491319
87491380
87491395
87491841
87493229
87493551
87494928
87495133
87593357
87675338
87675339
87675340
87675341
87675342
87675343
87675344
87675345
87675346
87675347
87799245
87799284
87799319
87799376
87799392
87799511
87799573
87799629
87799644
87799727
87799790
87799860
87799986
87800049
87800114
87800122
87800134
87800140
87800146
87800154
87831877
87836095
87837268
87838485
87839399
87839503
87849286
87849287
87849288
87849290
87849337
87849349
87849350
87849351
87849352
87849355
87854807
87864073
87864074
87864075
87864076
87864077
87864078
87864079
87864080
87864081
87864082
88032333
88034454
88034456
88034459
88034582
88035491
88035550
88036676
88036741
88037072
88055880
88055883
88055943
88056006
88056066
88056129
88056193
88056252
88056293
88056311
88078254
88286611
88286669
88286703
88286729
88286781
88286783
88286784
88286785
88286787
88286790
88286792
88286793
88291141
88309806
88340354
88340362
88340363
88340366
88340368
88340370
88340372
88340375
88527947
88706682
88706687
88706778
88706814
88706872
88706888
88706931
88706991
88707051
88707058
88707064
88707069
88707074
88707079
88707085
88709740
88709744
88712071
88712553
88748717
88836143
88836152
88836161
88837067
88837076
88837086
88837757
88837766
88837775
88838670
88838679
88838688
88839674
88839683
88839692
88840636
88840645
88840654
88841736
88841745
88841754
88842708
88842717
88842783
88843755
88843818
88843830
88844874
88844884
88844950
88846047
88846056
88846065
88846978
88846987
88846996
88848022
88848031
88848041
88849116
88849125
88849134
88849692
88849701
88849710
88850784
88850793
88850802
88851443
88851452
88851476
88852532
88852541
88852550
88853153
88853162
88853171
88854156
88854165
88854231
88854819
88854831
88854898
88855905
88855971
88855980
88856486
88856555
88856564
88857681
88857703
88857718
88858246
88858255
88858321
88859413
88859422
88859432
88860057
88860067
88860076
88861149
88861163
88861224
88861939
88861949
88861958
88862886
88862895
88862904
88863553
88863562
88863571
88864466
88864475
88864513
88865364
88865373
88865382
88866175
88866184
88866193
88867092
88867101
88867110
88867849
88867858
88867867
88868900
88868952
88868962
88869630
88869639
88869649
88870604
88870613
88870622
88871362
88871371
88871381
88872347
88872356
88872365
88873002
88873011
88873020
88873946
88873956
88873965
88874613
88874622
88874634
88875560
88875569
88875578
88876243
88876262
88877218
88877227
88877237
88877955
88877964
88877973
88878919
88878928
88878937
88879593
88879630
88879668
88880680
88880689
88880698
88881428
88881437
88881500
88882305
88882359
88882380
88883219
88883242
88883252
88884115
88884126
88884136
88884963
88884972
88885039
88885863
88885873
88885882
88886892
88886903
88886912
88887745
88887755
88887790
88888609
88888618
88888627
88889450
88889513
88889536
88890639
88890648
88890657
88891510
88891576
88891585
88892335
88892344
88892353
88893228
88893237
88893303
88894011
88894020
88894029
88894938
88894949
88894958
88895674
88895683
88895692
88896554
88896563
88896572
88897415
88897425
88897488
88898223
88898232
88898241
88899157
88899166
88899175
88899842
88899851
88899860
88900810
88900819
88900828
88901512
88901521
88901530
88902490
88902499
88902508
88903245
88903254
88903263
88904190
88904199
88904208
88904855
88904865
88904874
88905804
88905813
88905822
88906474
88906484
88906493
88907488
88907497
88907506
88908180
88908190
88908199
88909185
88909194
88909205
88909884
88909893
88909902
88910985
88910994
88911003
88911700
88911710
88911719
88912738
88912748
88912757
88913483
88913492
88913501
88914452
88914461
88914470
88915180
88915190
88915218
88916134
88916200
88916209
88916877
88916886
88916949
88917861
88917871
88917881
88918610
88918619
88918628
88919572
88919581
88919647
88920308
88920318
88920357
88921339
88921389
88921417
88922096
88922106
88922153
88923134
88923186
88923195
88923814
88923868
88923890
88924834
88924843
88924852
88925542
88925551
88925560
88926458
88926467
88926478
88927289
88927298
88927307
88928099
88928108
88928117
88928978
88928987
88928996
88929802
88929811
88929821
88929841
88929843
88929844
88929846
88929848
88929852
88930673
88930717
88931466
88931475
88931484
88932414
88932423
88932432
88933167
88933176
88933185
88934118
88934127
88934136
88934804
88934813
88934823
88935713
88935722
88935732
88936446
88936455
88936465
88937332
88937341
88937350
88938147
88938157
88938168
88939008
88939017
88939026
88939781
88939791
88939800
88940695
88940705
88940768
88941543
88941606
88941616
88942435
88942444
88942454
88943282
88943292
88943302
88943955
88943964
88943979
88944023
88944032
88944042
88944099
88944108
88944117
88944230
88944244
88944255
88944342
88944351
88944361
88944417
88944432
88944455
88944631
88944633
88944635
88944639
88944642
88944645
88944646
88944650
88944652
88944655
88944675
88944677
88944680
88944720
88944725
88944733
88944835
88944844
88944850
88944943
88944952
88944963
88945020
88945031
88945041
88945095
88945104
88945110
88945148
88945157
88945166
88945194
88945203
88945212
88945229
88945238
88945247
88945304
88945313
88945325
88945400
88945409
88945419
88945488
88945497
88945508
88945618
88945628
88945637
88945685
88945694
88945703
88946443
88946452
88946461
88947572
88947582
88947591
88948440
88948511
88948522
88949360
88949369
88949378
88950315
88950324
88950380
88951218
88951227
88951236
88952052
88952061
88952070
88953098
88953107
88953116
88954130
88954139
88954148
88955126
88955135
88955144
88956092
88956102
88956111
88956931
88956941
88956950
88957970
88957979
88958036
88958859
88958868
88958934
88959950
88959971
88960026
88960727
88960736
88960745
88961850
88961859
88961868
88962640
88962649
88962658
88963603
88963649
88963659
88964659
88964668
88964736
88965760
88965771
88965780
88966656
88966722
88966731
88967831
88967842
88967907
88968748
88968757
88968766
88969703
88969714
88969724
88970739
88970749
88970759
88971486
88971555
88971565
88972418
88972464
88972474
88973165
88973175
88973241
88974211
88974220
88974229
88974916
88974925
88974934
88975905
88975914
88975923
88976605
88976616
88976686
88977594
88977603
88977612
88978365
88978425
88978434
88978743
88979291
88979301
88979310
88980380
88980390
88980399
88981058
88981067
88981076
88982018
88982073
88982096
88982716
88982725
88982734
88983809
88983818
88983827
88984369
88984379
88984388
88985451
88985461
88985470
88986080
88986090
88986153
88986996
88987005
88987014
88987814
88987825
88987834
88988925
88988935
88988946
88989620
88989629
88989638
88990670
88990705
88990746
88991297
88991341
88991372
88992344
88992353
88992422
88992926
88992935
88992945
88993922
88993931
88993941
88994650
88994712
88994728
88995641
88995651
88995714
88996401
88996469
88996478
88997360
88997370
88997379
88998280
88998290
88998299
88999190
88999199
88999208
89000092
89000101
89000111
89001018
89001027
89001037
89001766
89001775
89001784
89002683
89002692
89002701
89003391
89003400
89003409
89004321
89004330
89004339
89005179
89005188
89005216
89006061
89006070
89006079
89006920
89006929
89006938
89007692
89007701
89007711
89008665
89008734
89008744
89009611
89009620
89009629
89010572
89010584
89010593
89011483
89011549
89011558
89012384
89012393
89012402
89013338
89013347
89013356
89014290
89014335
89014345
89015173
89015184
89015223
89016155
89016164
89016233
89017148
89017159
89017168
89017897
89017907
89017970
89018990
89019053
89019062
89019727
89019736
89019796
89020906
89020917
89020929
89021592
89021609
89021616
89022765
89022775
89022785
89023470
89023476
89023482
89024681
89024690
89024696
89025351
89025361
89025424
89026435
89026444
89026455
89027169
89027178
89027200
89028144
89028154
89028165
89028995
89029047
89029060
89029813
89029823
89029832
89030703
89030758
89030779
89031561
89031571
89031580
89032558
89032564
89032633
89033323
89033330
89033336
89034401
89034410
89034416
89035041
89035047
89035053
89036118
89036127
89036136
89036733
89036744
89036753
89037837
89037846
89037855
89038430
89038439
89038450
89039514
89039523
89039533
89040100
89040109
89040119
89041264
89041331
89041340
89041892
89041950
89041956
89043060
89043073
89043084
89043707
89043716
89043725
89044815
89044825
89044832
89045460
89045469
89045532
89046606
89046615
89046624
89047220
89047230
89047240
89048320
89048329
89048335
89048973
89049039
89049048
89050197
89050205
89050212
89050906
89050916
89050925
89052086
89052126
89052133
89052763
89052829
89052838
89053905
89053914
89053923
89054482
89054519
89054564
89055571
89055580
89056276
89057325
89057330
89058159
89059174
89059988
89060969
89061843
89061849
89062742
