14.326
16.101
16.314
17.886
14.684
14.931
15.654
15.455
11.919
10.951
11.377
11.517
12.154
15.593
15.182
12.266
10.766
21.833
23.268
20.228
23.636
22.194
23.377
21.216
16.885
13.091
21.842
13.534
16.656
17.270
16.662
13.627
12.580
14.926
15.953
16.952
13.766
17.083
12.377
12.651
14.335
15.387
13.150
13.335
12.093
12.421
14.113
13.735
12.764
12.531
12.011
12.419
11.331
11.076
12.164
11.817
15.699
13.580
12.402
13.500
12.792
11.857
14.748
16.614
12.818
18.710
14.470
11.245
11.503
12.465
12.508
11.930
12.530
12.445
12.336
11.937
12.096
13.012
14.583
13.757
11.835
12.209
12.220
15.407
15.759
12.667
12.463
13.610
12.539
13.342
12.670
12.937
12.643
