17.218
19.368
18.547
19.593
17.296
17.470
18.739
17.956
18.926
17.505
17.831
17.303
18.178
17.588
19.498
18.923
17.364
17.004
26.758
27.047
24.328
28.969
27.407
25.762
25.337
23.144
27.789
26.295
16.573
26.000
19.927
18.534
19.315
20.972
23.112
17.519
17.853
17.547
20.610
28.974
20.173
18.761
17.220
19.034
19.839
24.972
17.209
19.848
20.604
19.368
18.998
18.816
17.552
18.068
19.620
18.965
17.106
18.358
17.683
18.002
18.268
22.609
19.120
17.251
17.607
17.781
20.957
22.304
18.167
18.383
18.683
17.308
17.134
18.548
18.458
19.239
17.573
17.871
18.100
17.138
18.219
18.984
20.013
20.143
18.793
17.738
18.411
18.471
18.974
19.282
18.398
18.550
17.855
18.403
17.804
17.627
18.401
18.710
