13.768
13.960
14.494
14.512
17.951
13.913
13.741
12.754
12.710
12.967
14.709
13.389
13.304
12.671
17.338
14.369
14.384
14.230
21.810
21.618
23.172
20.725
23.002
24.198
24.576
3.379
23.121
17.391
12.669
6.221
22.474
13.441
13.165
18.596
22.128
13.815
13.744
14.057
14.082
13.952
14.671
16.284
14.827
12.491
2.404
14.822
16.041
15.794
13.089
17.351
13.152
14.308
12.851
15.193
19.694
14.045
13.374
13.953
14.501
14.134
14.086
15.129
13.907
12.901
17.377
13.421
14.069
13.831
13.718
15.837
13.849
13.569
15.779
16.656
13.655
13.318
23.400
13.412
13.213
13.676
14.220
13.592
13.120
13.170
13.707
13.162
12.935
13.874
19.896
15.140
13.448
13.363
14.318
8.695
14.249
19.770
12.934
12.599
13.797
17.716
17.765
14.054
17.996
13.368
13.970
