94400130
94400263
94420380
94420382
94423054
94423058
94423083
94423088
94423090
94423092
94423094
94423099
94423101
94423108
94431970
94432060
94462597
94462687
94485967
94494317
94494398
94524945
94525022
94552052
94552055
94552056
94552058
94552079
94552129
94552212
94552300
94552387
94552460
94552512
94552554
94552565
94552572
94552575
94552579
94552582
94552588
94552589
94552594
94552597
94552600
94552603
94552606
94552610
94552628
94552672
94552748
94552835
94555348
94555440
94556873
94556874
94556881
94556883
94556914
94556968
94557019
94557084
94557174
94557225
94557246
94557249
94557250
94557335
94557421
94557585
94557654
94558859
94558860
94558863
94558866
94558867
94558872
94558876
94558910
94558976
94559065
94559166
94559247
94559310
94559351
94559383
94559387
94559391
94559394
94559398
94559404
94559410
94559416
94559422
94559427
94559442
94559459
94559495
94559561
94561678
94562335
94562419
94562515
94562595
94562663
94562710
94562750
94562773
94562778
94562787
94562792
94564378
94564381
94564384
94564386
94564387
94564388
94564389
94564390
94564393
94564403
94564447
94564521
94564609
94564819
94564888
94564893
94564896
94564897
94564898
94564901
94567541
94567544
94567546
94567548
94567551
94567555
94567556
94567558
94567560
94568601
94568603
94568605
94568609
94568611
94568613
94570200
94570201
94570203
94570205
94570206
94570207
94570212
94570213
94570216
94570302
94570478
94570629
94570673
94570703
94570707
94570708
94570710
94570711
94570712
94570714
94570715
94570717
94570719
94570723
94570725
94570746
94573425
94573430
94573432
94574524
94574599
94574669
94574753
94574802
94574806
94574812
94574821
94574829
94584316
94584393
94616473
94616621
94648081
94648172
94669816
94674821
94674913
94701425
94701608
94701696
94710720
94710725
94710736
94710793
94738316
94738401
94773764
94773850
94785053
94785061
94809201
94809295
94813409
94847219
94847311
94881057
94918867
94984003
94984131
95015618
95030661
95037856
95037997
95076139
95076236
95105441
95105543
95132824
95132920
95137795
95158450
95158545
95181407
95181409
95181410
95181412
95181432
95181485
95181568
95181656
95181741
95181819
95181867
95181908
95181924
95181931
95181935
95181938
95181940
95181945
95181951
95181953
95181957
95181959
95181965
95181968
95181972
95181992
95182033
95182105
95182196
95183858
95183954
95185338
95185339
95185341
95185343
95185345
95185348
95185349
95185350
95185353
95185356
95185358
95185360
95185361
95185431
95185512
95185680
95185758
95186965
95186967
95186969
95186972
95186973
95186975
95186978
95186980
95187004
95187060
95187144
95187233
95187315
95187384
95187435
95187468
95187497
95187503
95187508
95187523
95187529
95187538
95187539
95187542
95187547
95187569
95189805
95189809
95189814
95190442
95190484
95190558
95190651
95190743
95190816
95190877
95190945
95190953
95190967
95190974
95192628
95192630
95192639
95192641
95192647
95192650
95192655
95192659
95192664
95192666
95192667
95192692
95192747
95193000
95193162
95193166
95193169
95193171
95193175
95193182
95195908
95195910
95195913
95195915
95195918
95195924
95195925
95195928
95195933
95196995
95196997
95197001
95197009
95197010
95197012
95198662
95198666
95198673
95198679
95198680
95198682
95198683
95198686
95198698
95198779
95198949
95199092
95199158
95199190
95199211
95199220
95199221
95199224
95199226
95199227
95199228
95199237
95199242
95199261
95199269
95199290
95202059
95202066
95202070
95203126
95203174
95203202
95203230
95203261
95203341
95203357
95203369
95203382
95203393
95209873
95209984
95236275
95236379
95264803
95264900
95285045
95290559
95290648
95305510
95311285
95316315
95316416
95341812
95341911
95368035
95368132
95395711
95395828
95423877
95423977
95429435
95429444
95447553
95452125
95452247
95455492
95460273
95473283
95478577
95478667
95490005
95490507
95505491
95505605
95538114
95538210
95566311
95566423
95593438
95593539
95611429
95634786
95650844
95661183
95672846
95672952
95700135
95700247
95714432
95714447
95728704
95728796
95754675
95754773
95780559
95780663
95806480
95806583
95832314
95832412
95861463
95861465
95861468
95861470
95861486
95861531
95861607
95861699
95861794
95861860
95861921
95861956
95861985
95861997
95862004
95862009
95862013
95862018
95862021
95862024
95862027
95862029
95862032
95862036
95862043
95862089
95862153
95862237
95862331
95864001
95864096
95865438
95865442
95865445
95865447
95865448
95865452
95865453
95865455
95865464
95865465
95865467
95865470
95865471
95865521
95865591
95865774
95865851
95867125
95867127
95867130
95867133
95867135
95867137
95867142
95867144
95867151
95867191
95867267
95867371
95867464
95867548
95867608
95867651
95867691
95867693
95867696
95867699
95867705
95867707
95867711
95867712
95867718
95869949
95869955
95869957
95869959
95870531
95870533
95870562
95870625
95870712
95870807
95870897
95871033
95871061
95871063
95871067
95871604
95872636
95872639
95872643
95872646
95872650
95872651
95872653
95872655
95872656
95872658
95872659
95872660
95872667
95872850
95873089
95873124
95873148
95873162
95873166
95873168
95875924
95875925
95875927
95875930
95875938
95875939
95875942
95875945
95875947
95875951
95876996
95877035
95877064
95877088
95877089
95877092
95878716
95878752
95878774
95878782
95878786
95878790
95878802
95878803
95878807
95878823
95878829
95878830
95878853
95878906
95878989
95879080
95879157
95879234
95879291
95879327
95879345
95879354
95879358
95879363
95879367
95882117
95882162
95882206
95882208
95882211
95883052
95883069
95883087
95883178
95883441
95883506
95883561
95883634
95883651
95883670
95891386
95891484
95917757
95917853
95935355
95935382
95944912
95945012
95971200
95971315
95997345
95997449
96014766
96014819
96014914
96022962
96023054
96051024
96051122
96061825
96075372
96079327
96079425
96088440
96097306
96109127
96109225
96115521
96136930
96137026
96167996
96191059
96191160
96205835
96206379
96206626
96206860
96208589
96210048
96210568
96210891
96217783
96217880
96220764
96245119
96245229
96279341
96279440
96308278
96308388
96326799
96327892
96334885
96365553
96365556
96365557
96365560
96365584
96365636
96365715
96365810
96365892
96365965
96366023
96366056
96366080
96366088
96366095
96366100
96366103
96366112
96366114
96366117
96366121
96366124
96366127
96366130
96366133
96366158
96366196
96366272
96366358
96368149
96368265
96369613
96369617
96369619
96369626
96369629
96369631
96369636
96369639
96369649
96369652
96369655
96369657
96369659
96369717
96369793
96369967
96370043
96371331
96371333
96371336
96371338
96371340
96371350
96371351
96371352
96371378
96371428
96371501
96371595
96371683
96371763
96371837
96371877
96371907
96371913
96371927
96371945
96371949
96371953
96371956
96371960
96371968
96371997
96373583
96374321
96374326
96374329
96374939
96374958
96375002
96375072
96375168
96375266
96375358
96375456
96375484
96375492
96375502
96377118
96377120
96377124
96377130
96377131
96377133
96377134
96377136
96377138
96377143
96377145
96377146
96377179
96377403
96377631
96377645
96377647
96377659
96377660
96377661
96380630
96380633
96380636
96380644
96380649
96380653
96380656
96380657
96380659
96380661
96381696
96381723
96381746
96381757
96381760
96381771
96383607
96383634
96383651
96383653
96383655
96383662
96383670
96383672
96383679
96383680
96383686
96383694
96383750
96383826
96383913
96384012
96384090
96384144
96384188
96384205
96384215
96384218
96384221
96384222
96384228
96387283
96387320
96387337
96387341
96387346
96388276
96388307
96388369
96388454
96388559
96388783
96388823
96388847
96388857
96388873
96388877
96397138
96399066
96399070
96405112
96425961
96426059
96445325
96445336
96450038
96454387
96454486
96482879
96482966
96508348
96510397
96510487
96510698
96511181
96540055
96540141
96548625
96553551
96571834
96571930
96594593
96602087
96602183
96632153
96662303
96662396
96697458
96711801
96742146
96742183
96777187
96777284
96807705
96807755
96810637
96810648
96830283
96837375
96837467
96852086
96885466
96885467
96892987
96905327
96919785
96919892
96945547
96966174
96970845
96970940
96997386
96997505
97023752
97023869
97050224
97074336
97074337
97074342
97074345
97074362
97074406
97074481
97074579
97074669
97074741
97074812
97074854
97074875
97074881
97074885
97074889
97074894
97074901
97074903
97074906
97074912
97074914
97074918
97074921
97074926
97074967
97075030
97075116
97075211
97077026
97077111
97078376
97078379
97078382
97078385
97078388
97078391
97078392
97078398
97078400
97078402
97078404
97078407
97078409
97078428
97078472
97078641
97078727
97080054
97080059
97080061
97080064
97080069
97080070
97080071
97080074
97080077
97080095
97080136
97080204
97080294
97080403
97080490
97080558
97080621
97080637
97080639
97080642
97080649
97080654
97080660
97080663
97080672
