20.461
19.784
20.521
20.512
19.963
20.957
21.540
18.551
25.850
20.601
20.960
18.772
19.548
19.739
20.894
21.758
20.647
21.031
17.629
17.579
17.034
17.969
16.753
19.830
19.384
17.941
16.582
19.732
20.455
18.797
18.408
18.160
17.319
19.005
20.254
18.571
18.665
18.932
22.226
18.290
17.812
18.167
18.925
18.556
16.724
20.303
20.847
18.740
18.846
22.455
22.880
19.597
16.297
16.873
17.913
18.056
17.034
19.319
16.997
18.066
19.297
24.283
23.584
21.120
21.987
15.578
16.169
17.522
20.206
18.412
18.245
19.636
18.037
9.193
22.154
22.660
18.729
17.897
17.171
16.780
16.485
18.637
17.285
19.751
19.439
22.299
23.130
18.831
18.681
15.773
15.501
16.592
17.154
18.709
17.782
18.405
19.484
19.467
17.401
17.723
16.992
16.181
16.399
18.120
16.595
17.038
20.589
20.871
22.721
17.677
18.491
19.313
19.135
16.720
16.572
18.044
18.364
22.107
21.666
19.761
17.862
15.980
16.352
16.536
16.004
16.247
19.840
18.434
14.184
18.038
17.817
19.640
19.184
17.633
17.648
16.083
18.247
15.967
16.073
18.556
18.669
18.564
18.053
58.388
20.027
15.083
15.722
15.485
15.393
17.247
16.770
17.032
15.321
18.816
17.516
19.365
17.423
18.150
16.876
15.303
15.924
16.048
16.835
15.955
15.272
16.530
16.152
16.951
19.036
17.809
