76.483
74.682
74.533
76.136
75.194
76.136
79.133
77.400
74.984
75.497
75.886
76.868
73.239
74.217
73.496
74.830
84.131
82.950
74.619
77.676
68.898
68.831
70.645
71.165
72.903
71.533
58.847
57.363
231.571
74.852
73.762
80.955
77.662
72.791
73.285
74.646
77.553
74.320
76.089
73.021
72.235
73.639
78.188
83.607
83.994
77.128
76.418
76.625
76.335
72.306
72.404
70.693
71.542
77.873
85.246
83.247
78.783
88.841
77.211
78.377
79.088
79.651
81.520
78.747
76.271
81.582
86.709
85.632
78.600
77.325
76.148
79.823
60.012
63.653
82.293
84.276
85.116
83.285
72.486
71.472
72.053
73.185
71.732
78.932
77.483
78.712
78.312
82.428
82.615
74.752
75.658
73.968
74.319
74.488
74.311
77.880
73.989
75.912
78.059
86.418
84.813
76.491
77.561
75.635
75.693
76.075
74.209
74.001
73.160
74.323
78.033
79.751
76.708
74.849
74.874
76.003
76.212
81.746
79.689
62.272
56.948
72.796
74.720
85.216
76.950
74.113
74.830
74.276
73.381
74.099
72.653
61.149
76.872
78.684
74.851
75.503
79.168
75.365
78.147
79.308
76.010
76.405
122.134
81.003
78.535
83.601
87.647
83.304
83.305
78.567
80.250
87.669
87.950
78.918
79.040
82.659
82.743
79.325
80.254
74.979
75.545
80.267
76.293
78.855
80.388
79.909
80.549
79.764
78.522
