12.805
12.673
14.322
13.365
14.898
15.192
14.568
14.190
13.281
14.580
15.883
15.494
13.458
13.370
13.118
14.592
13.237
14.344
13.875
13.875
13.938
12.734
13.412
12.950
13.500
12.561
12.903
13.643
13.102
13.295
14.298
13.695
14.828
13.321
13.926
13.342
12.956
13.341
13.525
13.385
13.725
13.728
13.209
13.805
13.266
12.714
12.967
13.703
12.663
14.047
12.978
13.645
13.520
7.588
14.301
14.068
14.537
26.557
13.381
15.219
14.158
13.452
13.267
13.214
14.393
13.854
13.997
14.024
17.127
16.155
16.472
14.038
13.014
13.778
16.012
13.938
14.633
15.556
15.463
12.878
13.231
13.920
13.385
14.386
13.112
12.941
14.546
12.966
13.640
13.597
15.612
16.515
14.032
14.358
12.909
13.758
12.510
13.679
14.456
14.224
13.523
14.948
13.300
14.324
12.907
12.799
12.591
13.646
12.666
13.327
13.732
13.462
13.318
13.238
13.589
13.861
13.579
13.465
12.958
11.955
14.086
13.724
14.893
15.809
13.098
12.957
12.647
13.230
13.179
12.375
14.498
14.159
12.595
13.617
14.963
13.772
13.936
16.631
13.513
13.251
15.286
13.086
13.506
13.622
13.781
14.790
49.297
14.168
12.223
12.262
12.471
13.288
12.566
13.836
13.350
12.089
13.401
12.757
12.884
12.700
13.331
13.224
13.460
13.324
13.030
13.533
14.444
12.851
13.319
13.010
13.191
13.076
