15.879
15.809
17.945
17.219
17.353
17.727
17.021
17.749
17.680
17.026
16.498
16.248
16.313
18.050
17.786
17.348
16.928
15.904
16.610
15.837
16.040
18.464
17.081
16.378
16.087
17.848
18.216
16.610
17.239
17.004
17.606
16.295
17.552
18.265
17.743
16.969
17.191
16.636
18.223
16.872
17.053
16.277
16.972
16.432
16.041
16.094
16.972
17.566
17.059
20.142
22.587
15.632
15.751
17.356
18.655
16.983
16.543
15.699
16.634
17.565
17.502
18.998
18.437
19.495
19.398
16.851
16.641
17.639
18.393
19.071
16.989
19.529
19.022
19.223
20.521
17.029
16.064
17.354
16.252
17.079
16.494
19.971
18.666
18.269
19.941
20.142
16.685
16.737
15.424
16.044
16.557
16.530
17.490
17.907
18.231
17.267
18.470
16.515
16.992
15.662
17.021
15.931
15.703
16.668
16.435
16.740
16.466
17.321
18.035
16.018
19.349
16.893
17.088
15.354
16.730
17.794
18.407
18.542
38.095
16.507
16.915
16.617
16.500
20.622
19.039
15.424
16.843
17.235
18.025
16.500
15.898
17.968
15.877
15.654
17.174
16.735
16.499
17.483
54.485
58.083
15.402
15.540
15.467
18.080
16.605
18.722
16.848
17.610
19.608
18.515
17.320
18.262
17.820
16.282
16.367
16.415
16.311
16.771
16.918
17.586
17.697
17.432
24.678
15.520
