15.608
16.664
16.260
16.033
16.521
17.921
19.119
27.173
25.193
15.852
15.433
15.998
16.244
15.285
25.096
17.294
16.534
17.358
17.597
16.657
16.953
16.500
18.135
16.274
16.095
15.905
15.601
16.106
15.452
16.640
19.521
17.760
21.937
15.922
20.578
18.469
16.694
17.229
16.184
15.968
15.052
16.991
18.058
18.099
17.614
17.672
18.653
19.062
18.182
16.363
15.953
17.858
16.971
17.194
17.956
17.217
19.303
18.944
20.068
19.334
20.135
16.169
18.656
19.421
16.244
15.858
15.968
18.508
16.834
18.664
18.886
18.728
18.460
17.516
16.041
16.234
15.847
17.308
17.032
18.867
17.092
19.239
17.778
22.405
17.601
16.869
16.117
17.331
16.391
16.470
16.476
17.063
16.892
17.681
15.997
17.277
19.103
16.571
17.588
18.743
17.522
16.827
15.921
16.176
16.075
18.502
17.203
15.836
18.640
16.503
18.691
16.070
16.830
15.817
16.250
16.584
16.188
17.276
15.606
19.694
16.793
16.133
17.561
16.925
21.470
17.435
18.217
17.490
