6.121
24.792
53.416
54.969
44.006
52.400
59.521
59.041
64.152
67.675
62.099
62.107
72.705
55.402
57.209
52.918
51.770
52.486
53.656
58.303
55.354
57.177
56.957
54.659
54.195
53.744
58.392
53.834
54.434
53.206
52.974
52.526
53.665
56.296
54.079
56.031
50.057
53.300
51.916
51.766
49.694
50.997
52.111
50.167
50.004
55.954
55.827
54.869
54.905
53.902
56.892
54.124
54.954
55.859
54.686
56.075
55.786
58.316
51.600
52.691
53.803
17.162
52.349
53.435
49.544
55.239
54.302
52.646
50.200
52.632
55.151
51.578
50.720
53.535
48.013
52.283
54.594
51.319
53.388
54.732
56.198
56.159
53.748
59.183
58.322
61.450
60.993
54.165
55.265
49.874
52.846
57.111
58.094
54.185
53.177
56.286
50.332
54.498
54.410
56.646
55.286
56.104
57.918
54.274
52.247
48.705
49.779
51.625
51.331
45.523
48.546
51.022
51.889
55.332
49.674
52.864
56.130
53.261
54.025
54.725
53.161
54.699
52.985
49.064
52.852
49.890
52.844
52.149
50.507
51.723
52.657
48.310
45.838
50.825
