12.505
2.072
11.837
16.916
45.487
11.993
12.688
12.763
12.960
6.778
15.428
14.446
14.223
21.594
12.431
12.986
12.599
13.940
12.736
13.270
12.755
13.959
13.540
14.368
13.207
8.063
8.108
14.113
13.005
12.436
12.640
12.622
11.691
12.477
14.863
13.124
18.084
12.566
15.774
13.220
13.216
13.562
12.830
12.474
12.427
12.795
13.180
13.188
14.015
13.341
12.833
14.463
12.243
13.933
13.349
14.875
13.642
14.329
11.818
8.621
15.974
14.152
14.498
15.472
17.800
15.564
14.296
15.013
12.645
11.815
13.142
12.307
0.000
13.400
13.504
13.487
15.795
12.557
15.319
14.764
13.757
13.907
13.669
12.482
12.947
13.095
12.598
12.724
14.451
13.980
14.974
13.803
14.852
15.126
13.644
12.583
13.310
13.504
13.719
12.729
15.950
12.685
13.597
13.564
15.260
13.213
13.054
14.060
12.308
13.918
13.319
12.555
13.819
15.043
13.412
14.737
14.090
14.129
13.412
12.822
13.329
12.997
13.791
13.250
12.329
13.067
14.462
14.864
13.335
13.154
12.969
17.750
14.661
15.461
13.326
