25.147
0.000
14.142
13.492
15.003
14.692
16.263
17.278
14.952
24.597
13.330
15.106
14.123
13.997
14.327
14.904
15.584
14.685
15.933
15.192
15.665
29.992
7.981
16.682
14.253
14.123
14.508
13.446
13.654
13.284
10.959
15.164
15.590
23.966
16.890
9.785
2.003
2.836
15.503
20.670
14.252
17.216
15.681
14.345
14.927
13.427
14.544
14.070
13.625
15.670
16.064
14.967
14.248
15.655
13.895
13.788
13.541
14.710
16.435
13.990
14.536
18.466
14.883
11.582
10.561
15.468
17.598
17.226
20.159
15.441
17.364
14.436
14.880
21.506
14.434
15.738
14.803
15.675
13.560
16.227
16.383
15.562
18.629
13.784
16.296
14.086
14.363
13.423
15.329
17.186
15.101
14.410
19.076
14.736
14.152
13.902
15.830
14.700
14.917
14.581
13.549
14.256
16.994
14.734
15.046
20.291
14.505
14.409
17.415
15.886
16.105
16.915
15.189
16.243
17.962
14.163
15.962
16.723
19.389
16.011
16.235
14.509
14.880
15.178
15.094
14.709
14.808
14.745
14.228
14.715
15.434
16.134
14.963
27.065
1.915
14.990
17.275
23.675
16.393
15.274
