51.191
52.454
53.935
3.505
5.720
6.121
27.796
53.621
55.313
44.006
48.230
52.629
59.550
58.868
66.092
68.810
63.539
63.454
73.468
56.648
58.706
54.557
53.290
54.059
54.796
59.555
56.603
58.448
57.959
55.907
55.190
54.774
59.509
54.405
55.890
54.680
54.105
53.691
53.582
56.207
53.445
55.551
49.857
52.764
51.431
51.254
49.539
50.807
51.600
49.717
49.487
55.435
55.200
54.237
54.297
53.288
56.277
53.513
54.182
55.072
53.910
55.275
55.185
59.261
52.112
53.909
54.918
17.581
53.345
54.446
50.535
54.259
54.958
