31.073
12.105
12.259
2.526
12.579
2.072
11.837
16.916
45.487
23.575
12.615
12.823
12.670
13.796
6.778
15.581
14.518
14.440
21.788
12.697
13.225
12.892
14.184
12.962
13.232
12.727
14.136
13.643
14.501
13.139
11.467
8.108
14.230
13.142
12.739
12.889
12.826
11.879
12.577
14.801
13.320
18.130
13.042
16.127
13.962
13.188
12.909
12.792
13.120
13.494
13.565
14.355
13.666
13.239
14.866
12.537
14.098
13.491
15.016
13.809
14.498
11.818
8.621
16.027
14.325
14.658
15.574
17.904
15.695
14.513
15.205
12.879
12.122
