15.835
3.255
12.515
13.098
53.013
26.907
0.000
14.394
0.000
46.333
13.696
14.980
15.765
16.594
17.335
15.276
24.904
13.691
15.593
14.579
14.387
14.874
15.258
15.511
15.088
15.994
15.633
15.997
32.685
7.981
17.065
14.602
14.244
15.035
13.793
14.005
13.594
10.959
15.430
15.918
23.966
16.890
9.785
2.003
2.836
15.889
20.649
14.640
17.489
36.764
16.136
14.783
15.414
13.854
14.982
14.407
14.014
15.967
16.491
15.406
14.345
15.967
14.269
14.112
13.929
14.771
16.882
14.375
14.861
18.753
15.190
11.582
10.561
16.096
18.230
17.468
20.259
15.707
17.815
14.905
