95071844
95071850
95071969
95071980
95072282
95072298
95072309
95072415
95072424
95072438
95072439
95072554
95072675
95072694
95072707
95072791
95073035
95073195
95073226
95073230
95076561
95076563
95076586
95076726
95076968
95077091
95077095
95077173
95077190
95077218
95077219
95077225
95077231
95077233
95077239
95077245
95077333
95077582
95077829
95078005
95081633
95081640
95081642
95081644
95081755
95081763
95081821
95081822
95082028
95082270
95082379
95082380
95082389
95082390
95082391
95082400
95082409
95082418
95082426
95082436
95085648
95085681
95085682
95085695
95085701
95085705
95085712
95085855
95086099
95086107
95086119
95086215
95086219
95086221
95086223
95086226
95086234
95086236
95086241
95086249
95088947
95088953
95088958
95088963
95088969
95088973
95089042
95089284
95089448
95089484
95089492
95089497
95089502
95089507
95089512
95089525
95089708
95089939
95090023
95090032
95092782
95092787
95092788
95092794
95092797
95092803
95092806
95092853
95093090
95093268
95093308
95093312
95093317
95093321
95093324
95093325
95093328
95093336
95093514
95093741
95096307
95096437
95096679
95096802
95096819
95096827
95096833
95096840
95096842
95096847
95096855
95096856
95096917
95097158
95097323
95097363
95097364
95097370
95097376
95097382
95100382
95100385
95100394
95100399
95100402
95100406
95100411
95100418
95100607
95100829
95100911
95100919
95100927
95101018
95101033
95101038
95101043
95101044
95101048
95101149
95104003
95104013
95104015
95104022
95104122
95104134
95104382
95104513
95104540
95104547
95104553
95104559
95104560
95104562
95104564
95104573
95104574
95104661
95104761
95105014
95108184
95108258
95108259
95108268
95108276
95108336
95108386
95108395
95108396
95108398
95108403
95108404
95108560
95108792
95108904
95108907
95108910
95108918
95108922
95108928
95111970
95111971
95111982
95111989
95111991
95112000
95112001
95112013
95112023
95112181
95112430
95112444
95112600
95112641
95112650
95112659
95112661
95112662
95112663
95112664
95115579
95115582
95115583
95115699
95115715
95115955
95116078
95116086
95116090
95116093
95116096
95116099
95116100
95116102
95116106
95116108
95116177
95116424
95116583
95116629
95119378
95119389
95119395
95119401
95119402
95119408
95119421
95119429
95119623
95119841
95119851
95119929
95119949
95119951
95119969
95119972
95119973
95119980
95119988
95119991
95122682
95122924
95123092
95123129
95123143
95123156
95123168
95123169
95123172
95123178
95123194
95123202
95123206
95123419
95123619
95123688
95123694
95123699
95123702
95123704
95233041
95233056
95233069
95235513
95235593
95235825
95235846
95236011
95236060
95236068
95236074
95236075
95236083
95236087
95236091
95236099
95236284
95236527
95236536
95236626
95236647
95236648
95236652
95239367
95239590
95239684
95239690
95239695
95239701
95239707
95239711
95239712
95239720
95239721
95239827
95239844
95240091
95240109
95240235
95240263
95240283
95240302
95240314
95243532
95243555
95243757
95243773
95243788
95243806
95244003
95244072
95244091
95244111
95244123
95244134
95244140
95244150
95244152
95244321
95244555
95244647
95247274
95247289
95247521
95247641
95247661
95247663
95247664
95247679
95247680
95247686
95247690
95247694
95247697
95247779
95247791
95248035
95248175
95248205
95248211
95248212
95405308
95405311
95405312
95405314
95405473
95405491
95405725
95405809
95405828
95405918
95405963
95405969
95405974
95405980
95406056
95406068
95406085
95406326
95409259
95409441
95409485
95409486
95409505
95409518
95409623
95409628
95409634
95409639
95409813
95410042
95410138
95410155
95410163
95410167
95410172
95410177
95410179
95410251
95413625
95413714
95413724
95413734
95413742
95413749
95413756
95413773
95413775
95413884
95413901
95414149
95414282
95414289
95414291
95414303
95414412
95414423
95414437
95414448
95417589
95417596
95417627
95417636
95417871
95418058
95418110
95418117
95418122
95418128
95418130
95418131
95418137
95418138
95418196
95418416
95418648
95418734
95418735
95418743
95421688
95421697
95421707
95421708
95421709
95421711
95421718
95421749
95421976
95422172
95422326
95422334
95422335
95422345
95422353
95422362
95422369
95422370
95422379
95422547
95425408
95425496
95425742
95425897
95425919
95425927
95425932
95425939
95425946
95425950
95425975
95426187
95426199
95426416
95426475
95426484
95426490
95426491
95426492
95426501
95429481
95429491
95429502
95429509
95429602
95429619
95429639
95429888
95430018
95430036
95430046
95430055
95430056
95430057
95430066
95430082
95430091
95430149
95430159
95430411
95433495
95433498
95433499
95433502
95433505
95433508
95433623
95433864
95433882
95433996
95434017
95434024
95434029
95434032
95434083
95434139
95434204
95434448
95434603
95434607
95437527
95437580
95437587
95437597
95437603
95437608
95437617
95437625
95437797
95438063
95438069
95438154
95438155
95438161
95438171
95438181
95438196
95438204
95438209
95438222
95441210
95441468
95441642
95441700
95441705
95441711
95441718
95441728
95441817
95441840
95441841
95441846
95442023
95442250
95442262
95442343
95442344
95442350
95442356
95442357
95445548
95445676
95445911
95446043
95446058
95446067
95446073
95446077
95446083
95446087
95446135
95446378
95446552
95446589
95446590
95446596
95446597
95446598
95446604
95446614
95453589
95453590
95453591
95453592
95453593
95555115
95555122
95555124
95555128
95555131
95555137
95555143
95555214
95555467
95555660
95555668
95555700
95555714
95555726
95555727
95555740
95555741
95555756
95555809
95555820
95559399
95559429
95559433
95559439
95559441
95559453
95559548
95559551
95559557
95559558
95559620
95559863
95560026
95560050
95560066
95560070
95560071
95560077
95560081
95560087
95563273
95563513
95563627
95563638
95563649
95563655
95563659
95563664
95563670
95563732
95563978
95564149
95564185
95564265
95564299
95564300
95564301
95564307
95564314
95564321
95567428
95567674
95567819
95567851
95567858
95567860
95567869
95567877
95567887
95567896
95567897
95567954
95567962
95568208
95568220
95568404
95568445
95568459
95568460
95568466
95571340
95571349
95571356
95571446
95571695
95571838
95571870
95571871
95571874
95571882
95571893
95571902
95571909
95571919
95571957
95572193
95572210
95572393
95572446
95572448
95575280
95575295
95575296
95575302
95575311
95575314
95575316
95575320
95575400
95575649
95575802
95575841
95575852
95575861
95575870
95575881
95575883
95575893
95575920
95575927
95579370
95579372
95579390
95579598
95579615
95579626
95579643
95579829
95579896
95579898
95579912
95579920
95579921
95579930
95579932
95579939
95579942
95579954
95580134
95580151
95582685
95582687
95582692
95582837
95583071
95583181
95583192
95583197
95583202
95583207
95583208
95583209
95583211
95583214
95583292
95583565
95583717
95583740
95583746
95583749
95586306
95586464
95586494
95586513
95586520
95586541
95586546
95586551
95586571
95586768
95587010
95587085
95587093
95587098
95587105
95587106
95587108
95587116
95587119
95587122
95589790
95589795
95589868
95590138
95590297
95590329
95590334
95590338
95590343
95590354
95590361
95590378
95590566
95590794
95590875
95590877
95590880
95590888
95590890
95590892
95593790
95593791
95593792
95593800
95593808
95593881
95594133
95594291
95594324
95594325
95594333
95594341
95594348
95594354
95594355
95594357
95594363
95594402
95597759
95597769
95597793
95597798
95598012
95598233
95598288
95598297
95598304
95598314
95598321
95598330
95598340
95598465
95598721
95598849
95598860
95598861
95598868
95598876
95601692
95601694
95601695
95601701
95601714
95601904
95602122
95602194
95602202
95602211
95602214
95602219
95602223
95602228
95602323
95602336
95602580
95602707
95602732
95602740
95606168
95606169
95606181
95606186
95606187
95606193
95606200
95606750
95606765
95607319
95607797
95609768
95609971
95610092
95610154
95610159
95610181
95610202
95610209
95610227
95610228
95610235
95610236
95610411
95610659
95610786
95610789
95610807
95610811
95610832
95610838
95616565
95616695
95616817
95616965
95617319
95617361
95617687
95617907
95618067
95618075
95618080
95618086
95618111
95618113
95618369
95618381
95618398
95618758
95618979
95619101
95910104
95910111
95910286
95910523
95910621
95910623
95910637
95910645
95910647
95910655
95910661
95910669
95910670
95910679
95910794
95910811
95911055
95911071
95911184
95911196
95913380
95913384
95913387
95913392
95913393
95913535
95913547
95913786
95913887
95913895
95913901
95913905
95913911
95913917
95913921
95913986
95913997
95914244
95914430
95914461
95917453
95917455
95917473
95917489
95917504
95917506
95917516
95917521
95917675
95917939
95918062
95918064
95918065
95918066
95918075
95918076
95918086
95918093
95918094
95918102
95921112
95921337
95921445
95921471
95921500
95921522
95921524
95921526
95921549
95921552
95921569
95921571
95921572
95921594
95921785
95922023
95922103
95922110
95922119
95922127
95925019
95925030
95925037
95925038
95925041
95925069
95925077
95925302
95925499
95925561
95925569
95925571
95925576
95925577
95925586
95925592
95925597
95925601
95928798
95928804
95928806
95928812
95928817
95928822
95928828
95928836
95928841
95929029
95929251
95929342
95929349
95929351
95929352
95929357
95929365
95929374
95929384
95929391
95932199
95932433
95932611
95932640
95932641
95932642
95932644
95932649
95932656
95932659
95932661
95932663
95932666
95932667
95932695
95932918
95933117
95933166
95933170
95935366
95935371
95935405
95935413
95935642
95935655
95935841
95935884
95935886
95935893
95935894
95935898
95935905
95935913
95935922
95935931
95936113
95936341
95936430
95936440
95939596
95939601
95939605
95939611
95939614
95939615
95939621
95939649
95939868
95939887
95940069
95940117
95940122
95940125
95940134
95940136
95940139
95940143
95940146
95940302
95942891
95942900
95942908
95942909
95942910
95942911
95942919
95942927
95942945
95943141
95943368
95943437
95943444
95943447
95943448
95943457
95943467
95943474
95943476
95943484
95946358
95946359
95946368
95946375
95946460
95946702
95946851
95946880
95946884
95946887
95946893
95946897
95946904
95946911
95946913
95946948
95947174
95947379
95947427
95947439
95950340
95950341
95950342
95950357
95950359
95950360
95950368
95950455
95950713
95950871
95950877
95950897
95950905
95950906
95950907
95950927
95950928
95950930
95950949
95950960
95954211
95954212
95954216
95954222
95954223
95954227
95954228
95954232
95954272
95954503
95954685
95954733
95954734
95954740
95954745
95954746
95954747
95954748
95954751
95954752
95957567
95957816
95957978
95957997
95958003
95958010
95958012
95958013
95958023
95958046
95958063
95958103
95958109
95958336
95958354
95958570
95958614
95958620
95958627
95958631
95961281
95961284
95961291
95961296
95961299
95961400
95961691
95961703
95961833
95961837
95961851
95961852
95961856
95961861
95961865
95961867
95961868
95961871
95961872
95961876
95964666
95964667
96079663
96079817
96079827
96080067
96080177
96080289
96080296
96080298
96080307
96080312
96080322
96080328
96080402
96080650
96080806
96080833
96080839
96080843
96080852
96080858
96084372
96084533
96084564
96084577
96084586
96084587
96084588
96084597
96084605
96084608
96084618
96084656
96084666
96084679
96084927
96085106
96085248
96085255
96085266
96085274
96088495
96088743
96088756
96088926
96088937
96088963
96088968
96088974
96088976
96089031
96089084
96089089
96089090
96089119
96089130
96089361
96089378
96089556
96089597
96089605
96092503
96092505
96092508
96092513
96092522
96092527
96092528
96092625
96092881
96093026
96093047
96093054
96093059
96093070
96093072
96093080
96093086
96093217
96093448
96093636
96096800
96096805
96096806
96096809
96096814
96096843
96097064
96097262
96097314
96097316
96097324
96097330
96097332
96097339
96097340
96097344
96097345
96097346
96097362
96097573
96100417
96100428
96100436
96100442
96100509
96100739
96100758
96100774
96100992
96101056
96101064
96101078
96101090
96101101
96101108
96101112
96101227
96101502
96101517
96101646
96104698
96104886
96105027
96105028
96105032
96105052
96105053
96105078
96105081
96105082
96105083
96105090
96105126
96105374
96105580
96105640
96105647
96105649
96105655
96105659
96108694
96108709
96108718
96108726
96108736
96108842
96108849
96108959
96109241
96109391
96109396
96109429
96109453
96109463
96109470
96109479
96109487
96109520
96109528
96109759
96113282
96113305
96113324
96113342
96113363
96113381
96113436
96113684
96113870
96113938
96113963
96113987
96114008
96114027
96114047
96114064
96114067
96114258
96114504
96114599
96117581
96117585
96117588
96117589
96117756
96118004
96118114
96118129
96118135
96118147
96118155
96118156
96118163
96118165
96118243
96118407
96118542
96118704
96118745
96121326
96121339
96121500
96121536
96121545
96121549
96121551
96121565
96121572
96121577
96121579
96121580
96121585
96121587
96121634
96121871
96121886
96122060
96122095
96122096
96124358
96124360
96124365
96124370
96124372
96124513
96124755
96124861
96124871
96124876
96124878
96124880
96124886
96124892
96124945
96125185
96125364
96125400
96125403
96125410
96128158
96128167
96128176
96128177
96128185
96128322
96128567
96128680
96128694
96128703
96128708
96128716
96128722
96128733
96128734
96128735
96128805
96129058
96129066
96129083
96131660
96131674
96131679
96132214
96132225
96132226
96132236
96247127
96247133
96247140
96247147
96247152
96247253
96247261
96247263
96247264
96247269
96247419
96247666
96247768
96247780
96247786
96247803
96247805
96247927
96248048
96248072
96251631
96251635
96251658
96251708
96251952
96252162
96252220
96252221
96252242
96252244
96252263
96252266
96252291
96252313
96252335
96256256
96256272
96256288
96256290
96256305
96256331
96256534
96256765
96256773
96256848
96256866
96256880
96256894
96256909
96256924
96256939
96256940
96257066
96257079
96260299
96260354
96260497
96260759
96260764
96260929
96260976
96260978
96260980
96260998
96261000
96261019
96261038
96261039
96261058
96261072
96261128
96261369
96261388
96261599
96265349
96265601
96265712
96265714
96265736
96265776
96265798
96265837
96265853
96265858
96265889
96265891
96266047
96266349
96266504
96266512
96266541
96266573
96266606
96266628
96270431
96270432
96270451
96270468
96270469
96270471
96270474
96270490
96270491
96270570
96270582
96270867
96270884
96271035
96271069
96271185
96271202
96271220
96271243
96271257
96274591
96274685
96274702
96274704
96274720
96274722
96274764
96275001
96275020
96275237
96275297
96275298
96275299
96275318
96275333
96275334
96275350
96275365
96275367
96275384
96279030
96279209
96279229
96279262
96279534
96279624
96279645
96279652
96279660
96279770
96279772
96279790
96279811
96279813
96279833
96279835
96279855
96279857
96279863
96280055
96283151
96283156
96283162
96283167
96283198
96283400
96283419
96283643
96283654
96283716
96283723
96283729
96283735
96283736
96283743
96283744
96283749
96283756
96283763
96283944
96287209
96287215
96287222
96287223
96287229
96287230
96287235
96287237
96287263
96287477
96287674
96287738
96287743
96287744
96287747
96287753
96287759
96287763
96287764
96287769
96290417
96290419
96290422
96290429
96290435
96290440
96290448
96290597
96290840
96290958
96290982
96290998
96291020
96291021
96291033
96291055
96291056
96291069
96291157
96294304
96294489
96294536
96294542
96294545
96294552
96294553
96294554
96294559
96294563
96294572
96294757
96294983
96294989
96295058
96295060
96295074
96295086
96298341
96298370
96298376
96298380
96298426
96298427
96298442
96298487
96298620
96298635
96298909
96299029
96299072
96299075
96299085
96299119
96299134
96299166
96299186
96299277
96302418
96302424
96302434
96302459
96302665
96302883
96427642
96427649
96427808
96427827
96427829
96427832
96427838
96427845
96427852
96427856
96427857
96427889
96428115
96428318
96428373
96428381
96428388
96428396
96428404
96428411
96432088
96432101
96432112
96432121
96432129
96432138
96432148
96432258
96432518
96432660
96432676
96432684
96432685
96432686
96432687
96432702
96432709
96432815
96432825
96432890
96436399
96436400
96436405
96436408
96436412
96436415
96436477
96436489
96436500
96436779
96436794
96436943
96436946
96436958
96436965
96436966
96436969
96436970
96436972
96436973
96439730
96439848
96439887
96439889
96439891
96439892
96439900
96439908
96439913
96440021
96440022
96440025
96440109
96440381
96440540
96440560
96440562
96440568
96440576
96442928
96442933
96443006
96443253
96443409
96443535
96443544
96443550
96443551
96443552
96443554
96443557
96443561
96443566
96443598
96443830
96444045
96444097
96444104
96444108
96447100
96447107
96447115
96447124
96447226
96447236
96447237
96447311
96447581
96447741
96447746
96447770
96447776
96447778
96447779
96447783
96447784
96447785
96447789
96447792
96450805
96451057
96451188
96451191
96451205
96451211
96451219
96451222
96451223
96451227
96451231
96451292
96451539
96451712
96451739
96451744
96451748
96451754
96451758
96451765
96454672
96454679
96454680
96454689
96454695
96454826
96455064
96455186
96455223
96455230
96455237
96455239
96455247
96455254
96455262
96455314
96455326
96455336
96455578
96455743
96458625
96458626
96458644
96458653
96458665
96458674
96458676
96458686
96458694
96458808
96459061
96459195
96459198
96459211
96459219
96459235
96459243
96459244
96459255
96459363
96462394
96462402
96462404
96462426
96462646
96462661
96462858
96462906
96462911
96462912
96462913
96462918
96462925
96462926
96462929
96462930
96462937
96462938
96462977
96465839
96465847
96465855
96465861
96465873
96465978
96465980
96466008
96466209
96466426
96466431
96466439
96466495
96466506
96466516
96466526
96466532
96466533
96466542
96466543
96469624
96469684
96469693
96469946
96469958
96470107
96470131
96470140
96470146
96470147
96470152
96470162
96470171
96470195
96470200
96470413
96470430
96470621
96473785
96473797
96473803
96473808
96473810
96473819
96473820
96473827
96473883
96474129
96474298
96474406
96474450
96474456
96474465
96474466
96474473
96474475
96474482
96474483
96477486
96477493
96477497
96477632
96477868
96477988
96477999
96478000
96478011
96478019
96478021
96478124
96478125
96478134
96478136
96478142
96478231
96478492
96478645
96478677
96478685
96478686
96478692
96481966
96483750
96711260
96711261
96711262
96711265
96711268
96711273
96711275
96711280
96711284
96711288
96711290
96711292
96711299
96711304
96711306
96711313
96711315
96711320
96711325
96711328
96711329
96711331
96711336
96711340
96711342
96711345
96711347
96711350
96711353
96711357
96711358
96711364
96711367
96711373
96711375
96711380
96711383
96711389
96711392
96711397
96711399
96711405
96796090
96796178
96796184
96796235
96796244
96796253
96796263
96796272
96796276
96796430
96796632
96796754
96796805
96796815
96796826
96796827
96796832
96796834
96796922
96796955
96800831
96800880
96800921
96801016
96801021
96801022
96801026
96801028
96801187
96801352
96801471
96801476
96801528
96801533
96801565
96801568
96801578
96801583
96801592
96801599
96804707
96804712
96804719
96804720
96804830
96804832
96804938
96804951
96805146
96805266
96805332
96805379
96805394
96805404
96805410
96805415
96805451
96805682
96805808
96805887
96808749
96808751
96808753
96808789
96809017
96809153
96809159
96809241
96809302
96809327
96809329
96809343
96809350
96809356
96809362
96809518
96809702
96809802
96809862
96809912
96813299
96813307
96813315
96813327
96813329
96813336
96813522
96813539
96813711
96813715
96813815
96813861
96813887
96813970
96814009
96814010
96814011
96814021
96814033
96817071
96817076
96817077
96817151
96817392
96817512
96817585
96817616
96817633
96817634
96817640
96817644
96817645
96817649
96817667
96817872
96818015
96818109
96818161
96818183
96820824
96820830
96820837
96821072
96821270
96821276
96821325
96821335
96821341
96821349
96821355
96821363
96821369
96821370
96821374
96821565
96821787
96821884
96821898
96821906
96824941
96824945
96824947
96824951
96824985
96825217
96825417
96825465
96825466
96825469
96825470
96825472
96825480
96825481
96825482
96825486
96825493
96825510
96825701
96825924
96829083
96829098
96829105
96829127
96829136
96829355
96829378
96829414
96829592
96829601
96829606
96829631
96829632
96829635
96829640
96829648
96829751
96829756
96829763
96832652
96832661
96832666
96832670
96832675
96832683
96832703
96832907
96832923
96833118
96833125
96833137
96833145
96833187
96833294
96833297
96833301
96833302
96833303
96833304
96836353
96836363
96836364
96836373
96836374
96836537
96836781
96836791
96836800
96836892
96836905
96836914
96836915
96836929
96837037
96837041
96837047
96837152
96837442
96837450
96840105
96840106
96840118
96840128
96840232
96840485
96840626
96840644
96840659
96840748
96840753
96840760
96840761
96840763
96840769
96840776
96840778
96840779
96840860
96841141
96844302
96844310
96844311
96844321
96844329
96844340
96844351
96844352
96844361
96844519
96844766
96844893
96844907
96844912
96844913
96844919
96844920
96844926
96844933
96844939
96847737
96847744
96847861
96847878
96847881
96847884
96847914
96848172
96848359
96848416
96848417
96848427
96848435
96848439
96848445
96848447
96848456
96848464
96848638
96848658
96964490
96964497
96964535
96964542
96964544
96964549
96964550
96964556
96964557
96964563
96964570
96964603
96964828
96964847
96965025
96965087
96965110
96965115
96965120
96967814
96967934
96967950
96967966
96968202
96968311
96968317
96968326
96968332
96968342
96968347
96968348
96968350
96968355
96968364
96968472
96968728
96968861
96968866
96968870
96971690
96971694
96971700
96971709
96971713
96971737
96971945
96972159
96972167
96972172
96972219
96972227
96972236
96972237
96972243
96972248
96972253
96972261
96972267
96972273
96975588
96975593
96975594
96975605
96975615
96975616
96975623
96975630
96975636
96975638
96975721
96975732
96975751
96976005
96976140
96976142
96976155
96976162
96976173
96976174
96979026
96979032
96979034
96979041
96979081
96979315
96979331
96979513
96979519
96979549
96979555
96979559
96979563
96979566
96979570
96979579
96979756
96979985
96980063
96980068
96980606
96980610
96980613
96980649
96980881
96980912
96981104
96981143
96981144
96981145
96981148
96981150
96981154
96981159
96983869
96983888
96983892
96984124
96984138
96984346
96984352
96984363
96984402
96984403
96984408
96984413
96984414
96984418
96984425
96984426
96984432
96987598
96987607
96987609
96987612
96987622
96987623
96987628
96987630
96987743
96987996
96988124
96988146
96988151
96988159
96988160
96988164
96988169
96988173
96988247
96988424
96991412
96991558
96991568
96991572
96991577
96991580
96991584
96991587
96991618
96991863
96992044
96992080
96992083
96992086
96992090
96992093
96992097
96992107
96992114
96995319
96995328
96995338
96995347
96995356
96995363
96995374
96995441
96995687
96995695
96995707
96995731
96995870
96995891
96995900
96995909
96995918
96995920
96995929
96995937
96998777
96998782
96998820
96999053
96999240
96999282
96999292
96999303
96999309
96999314
96999319
96999329
96999503
96999739
96999822
96999824
96999830
96999835
97002761
97002806
97002826
97002828
97002844
97002847
97002859
97002874
97002897
97002931
97003133
97003378
97003461
97003462
97003471
97003479
97003489
97003495
97003508
97003517
97006243
97006246
97006282
97006507
97006525
97006538
97006554
97006707
97006745
97006750
97006753
97006754
97006758
97006761
97006763
97006786
97006997
97007213
97007223
97007279
97010002
97010009
97010014
97010020
97010028
97010033
97010034
97010161
97010398
97010522
97010546
97010552
97010562
97010569
97010575
97010576
97010580
97010633
97010873
97013061
97013178
97013180
97013186
97013189
97013192
97013196
97013197
97013199
97013203
97013206
97013282
97013531
97013710
97014715
97014747
97014752
97014757
97014762
97014766
97014772
97014797
97015009
97015023
97015227
97018605
97018610
97018618
97018623
97018779
97019017
97019114
97019117
97019140
97019144
97019145
97019146
97019153
97019165
97019167
97019177
97019265
97019514
97125064
97125074
97125324
97125487
97125520
97125524
97125525
97125529
97125530
97125531
97125532
97125537
97125538
97125542
97125597
97125831
97126017
97126059
97126066
97126067
97127240
97127248
97127251
97127252
97127258
97127260
97127264
97127272
97127281
97127352
97127602
97127614
97127631
97127645
97127780
97127786
97127799
97127819
97127828
97127836
97128938
97128944
97128952
97128958
97129052
97129296
97129436
97129440
97129470
97129476
97129477
97129483
97129489
97129494
97129499
97129533
97129545
97129555
97129824
97130015
97130656
97130666
97130671
97130679
97130684
97130858
97131101
97131190
97131210
97131220
97131226
97131227
97131235
97131241
97131253
97131338
97131352
97131601
97131749
97131755
97132601
97132830
97132894
97132903
97132904
97132909
97132918
97132925
97132933
97132941
97133064
97133347
97133502
97133520
97133534
97133546
97133557
97133559
97133572
97133584
97134740
97134748
97134756
97134765
97134910
97135154
97135268
97135284
97135295
97135304
97135305
97135316
97135327
97135336
97135406
97135665
97135835
97135843
97135849
97135857
97136744
97136992
97137000
97137076
97137078
97137087
97137097
97137105
97137107
97137119
97137121
97137129
97137139
97137289
97137539
97137640
97137648
97138738
97138745
97138747
97138748
97138754
97138766
97138771
97138772
97138776
97138780
97138956
97139191
97139286
97139293
97139299
97139303
97139307
97139315
97139317
97139323
97140422
97140429
97140591
97140815
97140926
97140936
97140943
97140949
97140965
97140970
97140977
97141046
97141298
97141310
97141324
97141337
97141478
97141491
97141492
97141501
97142342
97142360
97142556
97142606
97142618
97142619
97142627
97142635
97142637
97142645
97142653
97142664
97142670
97142858
97143090
97143173
97143187
97143196
97143204
97143209
97144317
97144321
97144322
97144328
97144333
97144338
97144356
97144547
97144768
97144840
97144844
97144848
97144851
97144859
97144860
97144873
97144879
97144998
97145259
97145385
97146172
97146393
97146399
97146459
97146467
97146468
97146472
97146479
97146484
97146488
97146492
97146493
97146642
97146911
97147017
97147027
97147032
97147037
97147045
97147052
97148151
97148160
97148167
97148169
97148170
97148172
97148173
97148188
97148364
97148603
97148691
97148692
97148703
97148712
97148721
97148723
97148730
97148737
97148744
97148846
97149848
97149857
97149864
97149872
97149900
97149908
97150140
97150356
97150409
97150422
97150436
97150441
97150450
97150454
97150462
97150614
97150857
97150973
97150989
97151002
97151684
97151928
97152108
97152149
97152160
97152161
97152169
97152183
97152193
97152208
97152228
97152236
97152438
97152454
97152667
97152743
97152744
97152746
97152761
97152769
97153883
97153885
97153903
97153906
97153916
97153917
97153925
97153935
97153942
97153950
97154038
97154286
97154440
97154473
97154474
97154485
97154492
97154499
97154510
97154511
97155686
97155699
97155712
97155714
97155728
97155740
97155742
97155753
97155917
97156165
97156285
97156332
97156349
97156385
97156392
97156619
97156826
97156897
97156913
97156924
97156926
97156928
97156930
97156945
97156957
97156964
97156973
97158152
97158162
97158173
97158224
97158234
97158492
97158668
97158708
97158718
97158719
97158727
97158728
97158737
97158738
97158746
97158754
97158783
97158994
97159008
97159882
97159884
97159901
97159915
97159926
97159928
97159937
97160108
97160131
97160360
97160439
97160449
97160450
97160452
97160458
97160464
97160474
97160481
97160491
97160638
97161638
97161647
97161649
97161650
97161651
97161665
97161667
97161682
97161691
97161777
97162034
97162049
97162066
97162074
97162213
97162225
97162238
97162239
97162247
97162256
97163431
97163442
97163443
97163454
97163466
97163467
97163611
97163628
97163874
97163986
97164005
97164006
97164020
97164022
97164033
97164042
97164057
97164068
97164151
97164433
97165347
97165360
97165604
97165713
97165714
97165722
97165728
97165729
97165730
97165736
97165742
97165743
97165747
97165751
97165843
97166100
97166250
97166255
97166264
97166267
97166883
97167122
97167136
97167152
97167323
97167347
97167351
97167358
97167366
97167372
97167378
97167390
97167604
97167830
97167912
97167923
97167924
97167932
97167939
97167945
97169027
97169033
97169041
97169050
97169051
97169052
97169053
97169061
97169067
97169068
97169115
97169350
97169536
97169578
97169580
97169585
97169595
97169602
97169613
97169624
97170739
97170740
97170747
97170749
97170793
97171031
97171237
97171285
97171291
97171292
97171300
97171301
97171302
97171304
97171313
97171320
97171326
97171353
97171561
97171768
97172394
97172407
97172413
97172417
97172566
97172808
97172909
97172913
97172920
97172927
97172931
97172932
97172937
97172941
97173005
97173253
97173416
97173450
97173457
97174023
97174206
97174222
97174477
97174545
97174551
97174556
97174560
97174563
97174568
97174574
97174576
97174577
97174578
97174580
97174730
97174970
97175078
97175085
97175086
97176197
97176205
97176213
97176220
97176229
97176239
97176250
97176370
97176627
97176753
97176762
97176777
97176785
97176794
97176806
97176822
97176875
97177110
97177302
97177308
97178358
97178494
97178513
97178520
97178521
97178529
97178530
97178534
97178547
97178556
97178607
97178843
97179019
97179064
97179068
97179072
97179076
97179083
97179093
97180188
97180189
97180201
97180202
97180211
97180220
97180227
97180298
97180546
97313941
97314177
97330226
97330238
97330394
97330420
97330425
97330426
97330432
97330436
97330442
97330446
97330471
97330684
97330694
97330909
97330961
97330972
97330980
97330995
97331007
97331016
97332188
97332189
97332202
97332221
97332250
97332260
97332318
97332331
97332601
97332782
97332824
97332851
97332865
97332877
97332888
97332900
97332902
97332929
97333128
97333352
97334093
97334094
97334106
97334120
97334122
97334123
97334124
97334135
97334313
97334558
97334570
97334655
97334657
97334669
97334677
97334685
97334694
97334695
97334697
97334714
97336002
97336120
97336134
97336143
97336148
97336152
97336159
97336173
97336231
97336245
97336497
97336692
97336697
97336741
97336763
97336774
97336790
97336794
97336800
97336801
97338112
97338113
97338115
97338122
97338123
97338126
97338131
97338143
97338151
97338301
97338546
97338560
97338784
97338842
97338844
97338846
97338848
97338849
97338850
97338855
97339464
97339470
97339475
97339481
97339666
97339896
97339986
97339993
97340002
97340014
97340047
97340185
97340189
97340216
97340314
97340574
97340717
97340732
97340741
97340749
97341556
97341788
97341990
97341996
97342000
97342037
97342046
97342055
97342058
97342068
97342085
97342087
97342100
97342102
97342125
97342132
97342139
97342150
97342161
97342412
97343432
97343442
97343447
97343449
97343451
97343452
97343461
97343462
97343469
97343477
97343536
97343782
97344019
97344142
97344161
97344186
97344194
97344200
97344201
97345347
97345352
97345482
97345604
97345799
97345833
97345843
97345953
97346194
97346200
97346375
97346527
97346630
97346695
97346749
97346795
97346797
97346838
97346915
97347151
97348444
97348463
97348480
97348482
97348499
97348505
97348692
97348709
97348727
97348957
97348965
97348970
97349068
97349106
97349124
97349151
97349312
97349326
97349342
97349343
97350775
97350777
97350796
97350840
97351074
97351290
97351361
97351388
97351406
97351432
97351433
97351455
97351475
97351493
97351650
97351912
97352039
97352061
97352084
97352104
97353580
97353671
97353807
97353808
97353828
97353848
97353865
97353881
97353899
97354075
97354322
97354331
97354440
97354464
97354484
97354502
97354504
97354522
97354540
97354541
97355707
97355726
97355735
97355741
97355750
97355756
97355765
97355766
97355801
97356032
97414776
97472238
97472504
97472523
97472538
97472708
97472746
97472755
97472757
97472766
97472779
97472780
97472781
97472792
97472804
97472940
97473157
97473361
97473425
97473434
97474169
97474420
97474576
97474697
97474698
97474711
97474722
97474733
97474744
97474756
97474788
97474796
97474805
97475043
97475234
97475288
97475301
97475311
97475326
97476478
97476597
97476603
97476619
97476635
97476649
97476650
97476664
97476678
97476688
97476689
97476814
97477051
97477217
97477305
97477314
97477323
97477329
97477338
97478163
97478184
97478196
97478206
97478211
97478214
97478215
97478221
97478225
97478367
97478481
97478490
97478497
97478572
97478588
97478590
97478595
97478603
97478609
97479266
97479522
97479543
97479677
97479721
97479723
97479729
97479736
97479742
97479748
97479750
97479752
97479753
97479759
97479760
97479835
97479844
97480094
97480248
97480866
97480874
97480887
97480910
97481114
97481332
97481342
97481402
97481414
97481415
97481423
97481431
97481438
97481440
97481441
97481451
97481460
97481625
97481870
97482604
97482612
97482621
97482680
97482959
97483137
97483177
97483178
97483190
97483199
97483201
97483215
97483230
97483245
97483248
97483249
97483288
97484449
97484472
97484484
97484497
97484600
97484855
97485004
97485028
97485029
97485030
97485044
97485060
97485070
97485071
97485083
97485096
97485162
97485410
97485595
97486360
97486369
97486530
97486802
97486812
97486908
97486920
97486922
97486923
97486934
97486943
97486944
97486952
97486960
97486968
97486969
97486970
97487108
97487370
97488197
97488221
97488225
97488434
97488449
97488655
97488661
97488721
97488736
97488748
97488751
97488761
97488762
97488772
97488779
97488780
97488790
97488975
97489209
97490003
97490261
97490464
97490468
97490518
97490528
97490542
97490555
97490557
97490576
97490595
97490612
97490787
97491029
97491043
97491153
97491170
97491175
97491785
97491786
97491860
97492114
97492274
97492307
97492318
97492326
97492339
97492346
97492347
97492356
97492378
97492581
97492595
97492812
97492873
97492880
97492888
97494059
97494067
97494077
97494084
97494093
97494105
97494125
97494312
97494542
97494629
97494638
97494646
97494658
97494678
97494692
97494694
97494713
97494821
97495069
97495901
97495918
97496102
97496119
97496352
97496430
97496431
97496449
97496465
97496474
97496483
97496484
97496497
97496514
97496645
97496885
97497012
97497065
97497080
97497805
97497814
97498038
97498237
97498306
97498307
97498323
97498334
97498343
97498358
97498371
97498381
97498537
97498556
97498572
97498809
97498898
97498912
97498924
97499614
97499864
97500037
97500045
97500078
97500086
97500097
97500110
97500123
97500134
97500151
97500156
97500361
97500584
97500656
97500664
97500672
97500673
97500681
97501837
97501865
97501878
97501888
97501903
97501913
97501924
97501950
97502160
97502381
97502390
97502455
97502469
97502487
97502495
97502509
97502520
97502529
97502658
97503726
97503740
97503770
97503984
97504201
97504278
97504289
97504303
97504316
97504327
97504339
97504352
97504483
97504751
97504902
97504920
97504922
97504923
97504932
97505564
97505789
97505988
97505996
97506039
97506052
97506059
97506066
97506076
97506084
97506091
97506262
97506497
97506592
97506599
97506603
97506604
97506609
97507716
97507723
97507725
97507733
97507734
97507741
97507748
97507942
97507959
97508182
97508192
97508279
97508283
97508291
97508297
97508304
97508311
97508317
97508330
97509467
97509479
97509481
97509491
97509501
97509528
97509741
97509956
97509967
97510032
97510043
97510051
97510060
97510077
97510088
97510100
97510101
97510251
97510492
97511252
97511260
97511294
97511520
97511752
97511810
97511818
97511827
97511837
97511847
97511855
97511857
97511868
97511874
97512065
97512284
97512374
97512387
97512395
97513449
97513484
97513491
97513500
97513506
97513512
97513517
97513529
97513709
97513720
97513944
97513956
97514032
97514045
97514053
97514054
97514062
97514069
97514079
97515184
97515189
97515191
97515200
97515201
97515202
97515211
97515219
97515262
97515514
97515528
97515744
97515819
97515821
97515860
97515862
97515887
97515896
97515905
97516634
97516670
97516731
97516745
97516763
97516980
97517146
97517196
97517197
97517199
97517200
97517210
97517222
97517224
97517226
97517250
97517292
97517328
97517416
97518613
97518790
97518864
97518910
97518956
97518995
97519028
97519070
97519073
97519076
97519145
97519399
97519655
97519670
97519737
97519786
97519790
97519835
97519875
97521481
97521529
97521531
97521569
97521570
97521612
97521615
97521653
97521686
97521689
97521736
97521827
97521838
97522123
97522137
97522338
97522345
97522415
97522453
97523545
97523774
97536976
