95073237
95073328
95073346
95073352
95073353
95073354
95073410
95073656
95073823
95073856
95073857
95073867
95073873
95073878
95073884
95073885
95073892
95073908
95074108
95074324
95078173
95078180
95078187
95078191
95078197
95078219
95078226
95078448
95078652
95078703
95078712
95078718
95078724
95078831
95078838
95078856
95079000
95079248
95079264
95079373
95082530
95082544
95082564
95082806
95082944
95082951
95082953
95082954
95083016
95083081
95083085
95083098
95083126
95083137
95083146
95083212
95083460
95083622
95083658
95083668
95086335
95086345
95086595
95086744
95086768
95086772
95086780
95086791
95086793
95086795
95086800
95086802
95086804
95086852
95087089
95087253
95087305
95087306
95087309
95090038
95090042
95090043
95090050
95090052
95090058
95090064
95090175
95090425
95090561
95090565
95090579
95090580
95090591
95090592
95090603
95090607
95090615
95090620
95090690
95093747
95093835
95093836
95093843
95093844
95093847
95093852
95093853
95093856
95093861
95093864
95093866
95093867
95094023
95094261
95094358
95094367
95094368
95094372
95097383
95097392
95097430
95097518
95097522
95097733
95097949
95097956
95098016
95098027
95098028
95098034
95098040
95098046
95098051
95098059
95098064
95098068
95098078
95098289
95101390
95101531
95101535
95101540
95101552
95101557
95101560
95101566
95101568
95101573
95101616
95101844
95102019
95102024
95102083
95102096
95102112
95102125
95102127
95105021
95105168
95105212
95105221
95105223
95105230
95105237
95105249
95105254
95105281
95105285
95105523
95105550
95105742
95105799
95105824
95105838
95105839
95105947
95105954
95108938
95108942
95108949
95108951
95109039
95109051
95109297
95109438
95109467
95109487
95109488
95109506
95109517
95109525
95109526
95109535
95109671
95109902
95109919
95110095
95112678
95112684
95112690
95112725
95112950
95112969
95113151
95113202
95113259
95113318
95113327
95113343
95113362
95113377
95113535
95113766
95113876
95113878
95113890
95113891
95116631
95116647
95116654
95116659
95116663
95116670
95116693
95116698
95116704
95116924
95117125
95117178
95117179
95117186
95117191
95117196
95117201
95117209
95117213
95117363
95119997
95119999
95120004
95120184
95120198
95120424
95120500
95120506
95120510
95120515
95120519
95120522
95120528
95120610
95120853
95120868
95121005
95121029
95121034
95121036
95123709
95123714
95123715
95123720
95123870
95123883
95124124
95124137
95124145
95124222
95124232
95124239
95124240
95124245
95124255
95124259
95124261
95124271
95124423
95124657
95233377
95233607
95233696
95233700
95236669
95236670
95236777
95236783
95236790
95236797
95236927
95237174
95237187
95237296
95237299
95237307
95237315
95237320
95237326
95237331
95237337
95237396
95237641
95240326
95240327
95240380
95240390
95240518
95240530
95240779
95240938
95240963
95240977
95240986
95240987
95241001
95241008
95241010
95241016
95241083
95241335
95241345
95241505
95244656
95244658
95244664
95244671
95244676
95244682
95244689
95244773
95245035
95245045
95245066
95245203
95245207
95245211
95245223
95245240
95245254
95245258
95245278
95245294
95248218
95248219
95248225
95248328
95248333
95248334
95248381
95248392
95248403
95248646
95248653
95248808
95248846
95248855
95248859
95248863
95248872
95248879
95248905
95249122
95406476
95406479
95406502
95406507
95406509
95406510
95406515
95406519
95406524
95406531
95406590
95406834
95406844
95407011
95407045
95407060
95407066
95407067
95407172
95407177
95410261
95410508
95410657
95410682
95410694
95410697
95410701
95410707
95410709
95410710
95410714
95410847
95411064
95411083
95411272
95411320
95411324
95411327
95411334
95411340
95414460
95414519
95414530
95414785
95414945
95414983
95414994
95415006
95415014
95415016
95415029
95415032
95415041
95415042
95415082
95415303
95415323
95415517
95415573
95415584
95418748
95418753
95418757
95418760
95418764
95418847
95419091
95419235
95419241
95419262
95419267
95419271
95419273
95419276
95419278
95419305
95419528
95419551
95419738
95419893
95422565
95422789
95422800
95422893
95422896
95422897
95422907
95422914
95422919
95422920
95422929
95422940
95422948
95423080
95423323
95423446
95423487
95423507
95423509
95423517
95426507
95426515
95426516
95426526
95426709
95426933
95426944
95427026
95427036
95427043
95427051
95427056
95427057
95427065
95427070
95427071
95427201
95427463
95427595
95427615
95430587
95430651
95430661
95430672
95430697
95430722
95430734
95430735
95430736
95430756
95430981
95431213
95431297
95431315
95431334
95431354
95431362
95431363
95431373
95431378
95434674
95434688
95434697
95434698
95434705
95434706
95434711
95434714
95434761
95434775
95435022
95435185
95435227
95435233
95435243
95435250
95435254
95435258
95435272
95435280
95438339
95438583
95438710
95438717
95438732
95438836
95438840
95438864
95438865
95438866
95438873
95438876
95438939
95439183
95439343
95439386
95439387
95439400
95439406
95439407
95442361
95442366
95442377
95442392
95442510
95442760
95442891
95442914
95442921
95443004
95443032
95443040
95443048
95443102
95443356
95443535
95443583
95443594
95443600
95443608
95446615
95446620
95446725
95446743
95446958
95447166
95447170
95447174
95447182
95447187
95447229
95447238
95447242
95447243
95447248
95447253
95447257
95447266
95447273
95447468
95555911
95556143
95556332
95556392
95556400
95556406
95556411
95556418
95556425
95556432
95556585
95556831
95556943
95556958
95556967
95557009
95557082
95557083
95557091
95557097
95560089
95560121
95560346
95560536
95560588
95560591
95560598
95560602
95560606
95560614
95560619
95560721
95560726
95560902
95561135
95561210
95561215
95561216
95561220
95561225
95564322
95564350
95564568
95564774
95564829
95564839
95564844
95564854
95564860
95564868
95564872
95565004
95565017
95565257
95565380
95565394
95565411
95565420
95565426
95565430
95568473
95568479
95568480
95568481
95568487
95568488
95568515
95568738
95568938
95569000
95569006
95569010
95569011
95569013
95569020
95569027
95569032
95569040
95569198
95569439
95572449
95572450
95572452
95572461
95572473
95572474
95572484
95572493
95572501
95572502
95572535
95572760
95572963
95573027
95573037
95573047
95573048
95573062
95573072
95573080
95576153
95576359
95576431
95576432
95576442
95576451
95576474
95576486
95576496
95576501
95576675
95576904
95577024
95577048
95577059
95577068
95577075
95577093
95577102
95577160
95580401
95580484
95580495
95580497
95580498
95580499
95580507
95580508
95580509
95580510
95580515
95580522
95580533
95580543
95580726
95580966
95581051
95581060
95581061
95583750
95583756
95583765
95583770
95583791
95583797
95584008
95584211
95584276
95584277
95584284
95584289
95584295
95584299
95584306
95584310
95584451
95584688
95584811
95584816
95587262
95587503
95587630
95587641
95587647
95587655
95587658
95587659
95587666
95587669
95587734
95587980
95588134
95588140
95588173
95588182
95588183
95588185
95590896
95590900
95590903
95590904
95590905
95590906
95590912
95590923
95591109
95591342
95591431
95591444
95591445
95591452
95591460
95591461
95591470
95591480
95591493
95591601
95594629
95594649
95594824
95594876
95594879
95594884
95594889
95594899
95594905
95594914
95594924
95595100
95595122
95595343
95595420
95595430
95595431
95595438
95595443
95595451
95598886
95598892
95598902
95598959
95599200
95599380
95599428
95599441
95599452
95599463
95599464
95599465
95599466
95599474
95599482
95599514
95599519
95599746
95599761
95599957
95602741
95602747
95602751
95602760
95602761
95602762
95602770
95602838
95602851
95603099
95603249
95603269
95603270
95603275
95603280
95603284
95603290
95603293
95603318
95603325
95606717
95607334
95607338
95607853
95607858
95607866
95607873
95607879
95607881
95607884
95607887
95607897
95608085
95608101
95608321
95608333
95608401
95608409
95608417
95608420
95608428
95610839
95610842
95610852
95610868
95610954
95611201
95611358
95611385
95611391
95611397
95611399
95611411
95611428
95611434
95611435
95611489
95611718
95611921
95611980
95612002
95619265
95619386
95619415
95619416
95619533
95619534
95619665
95619666
95619789
95620041
95620401
95620407
95620419
95620650
95620820
95620900
95620901
95620905
95620909
95620910
96080868
96080885
96081087
96081107
96081322
96081378
96081385
96081391
96081398
96081405
96081499
96081515
96081637
96081653
96081896
96082014
96082028
96082036
96082047
96082052
96085282
96085291
96085300
96085316
96085324
96085328
96085540
96085761
96085837
96085852
96085862
96085872
96085881
96085889
96085890
96085897
96085898
96086042
96086058
96086295
96089607
96089611
96089615
96089616
96089623
96089624
96089637
96089818
96090045
96090123
96090183
96090184
96090188
96090189
96090196
96090198
96090207
96090210
96090211
96090214
96093705
96093714
96093725
96093730
96093736
96093741
96093747
96093911
96094155
96094270
96094283
96094392
96094398
96094403
96094413
96094449
96094454
96094527
96094770
96094939
96097806
96097883
96097885
96097894
96097900
96097902
96097908
96097914
96097917
96097942
96098136
96098381
96098525
96098555
96098567
96098574
96098576
96098579
96098586
96098587
96101650
96101674
96101691
96101700
96101702
96101711
96101724
96101735
96101792
96101803
96102043
96102053
96102202
96102222
96102379
96102390
96102406
96102437
96102445
96105661
96105666
96105668
96105674
96105675
96105849
96106090
96106100
96106194
96106196
96106202
96106213
96106226
96106240
96106347
96106355
96106441
96106702
96106862
96106878
96109957
96110087
96110088
96110089
96110098
96110102
96110108
96110117
96110118
96110125
96110144
96110334
96110560
96110649
96110667
96110668
96110674
96110678
96110689
96114617
96114623
96114631
96114645
96114646
96114647
96114656
96114666
96114822
96115067
96115222
96115250
96115251
96115264
96115276
96115287
96115297
96115305
96115338
96115564
96118751
96118752
96118760
96118762
96118764
96118785
96118995
96119201
96119265
96119274
96119275
96119281
96119282
96119285
96119288
96119295
96119298
96119451
96119465
96122103
96122110
96122114
96122126
96122132
96122145
96122153
96122160
96122166
96122384
96122590
96122646
96122647
96122648
96122656
96122661
96122664
96122669
96122681
96122682
96125416
96125420
96125421
96125425
96125430
96125613
96125847
96125857
96125864
96125932
96125939
96125946
96125955
96125956
96125959
96125963
96125969
96126110
96126360
96129228
96129233
96129239
96129241
96129268
96129278
96129285
96129287
96129289
96129301
96129311
96129318
96129320
96129401
96129654
96129825
96129844
96129850
96129856
96129869
96131967
96132241
96132242
96132277
96132514
96132713
96132720
96132770
96132782
96132793
96132795
96132803
96132811
96132812
96132822
96132839
96132846
96133045
96133061
96133078
96248074
96248256
96248684
96248837
96248962
96248972
96248983
96248992
96248993
96248994
96249007
96249018
96249044
96249287
96249505
96249570
96249572
96249586
96249588
96249600
96252376
96252608
96252838
96252910
96252929
96252949
96252970
96252989
96253008
96253021
96253165
96253466
96253600
96253624
96253647
96253667
96253686
96253706
96253724
96253778
96257337
96257353
96257366
96257377
96257391
96257514
96257529
96257541
96257558
96257572
96257588
96257604
96257692
96257949
96258111
96258147
96258167
96258182
96258184
96258199
96261645
96261746
96261784
96261801
96261803
96261820
96261835
96261854
96262041
96262059
96262302
96262392
96262419
96262450
96262476
96262512
96262515
96262539
96262567
96262702
96266654
96266704
96266879
96267159
96267176
96267359
96267366
96267427
96267449
96267498
96267514
96267516
96267551
96267589
96267637
96267644
96267895
96268120
96268203
96268206
96271259
96271299
96271537
96271554
96271576
96271762
96271815
96271832
96271850
96271866
96271881
96271897
96271914
96272102
96272124
96272363
96272449
96272467
96272469
96275508
96275710
96275948
96276029
96276042
96276044
96276046
96276048
96276064
96276082
96276098
96276099
96276116
96276133
96276303
96276320
96276340
96276589
96276679
96276710
96280304
96280407
96280410
96280429
96280431
96280448
96280468
96280487
96280505
96280526
96280647
96280908
96281048
96281054
96281078
96281097
96281117
96281136
96281153
96284191
96284270
96284281
96284282
96284297
96284306
96284313
96284321
96284329
96284427
96284683
96284826
96284852
96284870
96284871
96284893
96284917
96284929
96284939
96284976
96287929
96288170
96288184
96288193
96288269
96288270
96288276
96288281
96288287
96288293
96288296
96288300
96288404
96288655
96288785
96288791
96288793
96291419
96291577
96291585
96291627
96291645
96291666
96291681
96291682
96291693
96291711
96291752
96291980
96291997
96292012
96292197
96292250
96292264
96292265
96292273
96292287
96295091
96295094
96295106
96295122
96295124
96295125
96295126
96295147
96295334
96295353
96295578
96295652
96295658
96295668
96295677
96295686
96295694
96295704
96295705
96295832
96299534
96299546
96299733
96299767
96299770
96299799
96299807
96299845
96299849
96299850
96299890
96299918
96300163
96300185
96300383
96300449
96300469
96300502
96300516
96300549
96302953
96302988
96302992
96303125
96303144
96303156
96303414
96303502
96303509
96303510
96303514
96303526
96303527
96303538
96303545
96303547
96303549
96799483
96799694
96799746
96799751
96799788
96800014
96800035
96800162
96800269
96800301
96800316
96800321
96800323
96800332
96800348
96800372
96800376
96800583
96800728
96800737
96804008
96804009
96804011
96804073
96804086
96804088
96804096
96804097
96804101
96804107
96804113
96804237
96804460
96804568
96804574
96804576
96804647
96804651
96804657
96804691
96807935
96807940
96807989
96808023
96808036
96808037
96808045
96808056
96808057
96808119
96808369
96808480
96808569
96808574
96808577
96808610
96808661
96808735
96808741
96808742
96812050
96812070
96812178
96812403
96812409
96812529
96812595
96812611
96812623
96812648
96812663
96812676
96812745
96812750
96812804
96813042
96813179
96813253
96813284
96813291
96816406
96816459
96816480
96816481
96816489
96816490
96816496
96816498
96816505
96816514
96816638
96816845
96816853
96816961
96817030
96817032
96817049
96817055
96817060
96820112
96820119
96820125
96820130
96820132
96820169
96820399
96820420
96820579
96820648
96820671
96820677
96820682
96820787
96820796
96820798
96820818
96823798
96823802
96823957
96823974
96824214
96824297
96824304
96824312
96824316
96824317
96824322
96824326
96824331
96824410
96824650
96824797
96824801
96824829
96824834
96824839
96827879
96827884
96827889
96827899
96828062
96828292
96828403
96828512
96828518
96828527
96828531
96828537
96828543
96828619
96828869
96829026
96829059
96829067
96829076
96829077
96831505
96831510
96831514
96831652
96831890
96832011
96832020
96832024
96832028
96832132
96832135
96832141
96832145
96832195
96832211
96832466
96832616
96832650
96835188
96835438
96835455
96835625
96835642
96835649
96835751
96835753
96835762
96835775
96835781
96835794
96835795
96835830
96836054
96836265
96836327
96836337
96836342
96836346
96838887
96838931
96839164
96839351
96839396
96839403
96839404
96839405
96839412
96839424
96839533
96839534
96839548
96839568
96839770
96840004
96840073
96840079
96840094
96840098
96843159
96843166
96843168
96843183
96843192
96843199
96843270
96843516
96843686
96843726
96843727
96843739
96843749
96843756
96843763
96843770
96843789
96843985
96844211
96844223
96847026
96847182
96847198
96847199
96847200
96847209
96847210
96847214
96847215
96847216
96847217
96847221
96847228
96847231
96847313
96847557
96847709
96847712
96847735
96847736
96850929
96850935
96850949
96850955
96850958
96851134
96851358
96851371
96851380
96851459
96851462
96851486
96851496
96851511
96851521
96851527
96967161
96967164
96967209
96967210
96967215
96967220
96967226
96967231
96967233
96967234
96967252
96967258
96967466
96967698
96967766
96967779
96967785
96967790
96967803
96967810
96970536
96970543
96970546
96970675
96970934
96971087
96971103
96971111
96971121
96971130
96971132
96971138
96971148
96971209
96971447
96971611
96971675
96971688
96974466
96974475
96974483
96974490
96974497
96974505
96974689
96974925
96975013
96975021
96975023
96975035
96975042
96975048
96975056
96975065
96975162
96975409
96975427
96975567
96978296
96978443
96978467
96978481
96978486
96978495
96978501
96978502
96978507
96978553
96978788
96978967
96978974
96978986
96979009
96979010
96979016
96979020
96979021
96979025
96982866
96982886
96983129
96983271
96983289
96983296
96983297
96983302
96983307
96983313
96983319
96983375
96983621
96983781
96983835
96983843
96983850
96983851
96983861
96983866
96986533
96986535
96986538
96986539
96986542
96986543
96986573
96986796
96986988
96987034
96987036
96987039
96987042
96987047
96987052
96987054
96987210
96987489
96987587
96987593
96990481
96990488
96990492
96990499
96990503
96990672
96990919
96991026
96991033
96991036
96991043
96991051
96991052
96991056
96991060
96991061
96991157
96994262
96994264
96994268
96994273
96994278
96994289
96994468
96994700
96994709
96994784
96994785
96994793
96994797
96994798
96994802
96994807
96994810
96994817
96994967
96995214
96998209
96998210
96998217
96998218
96998223
96998225
96998231
96998238
96998245
96998246
96998331
96998577
96998734
96998752
96998757
96998760
96998764
96998769
96998771
97001644
97001653
97001664
97001674
97001739
97002008
97002188
97002230
97002231
97002241
97002246
97002257
97002264
97002265
97002279
97002280
97002281
97002321
97002332
97002569
97005689
97005691
97005698
97005706
97005708
97005712
97005718
97005723
97005784
97006028
97006040
97006201
97006215
97006225
97006226
97006227
97006234
97006235
97006239
97008947
97008954
97008981
97009197
97009400
97009461
97009468
97009472
97009473
97009480
97009481
97009482
97009483
97009489
97009490
97009494
97009512
97009724
97009933
97009997
97012156
97012161
97012164
97012166
97012170
97012311
97012337
97012356
97012582
97012667
97012671
97012672
97012676
97012679
97012681
97012685
97012690
97012693
97012825
97014233
97014242
97014314
97014558
97014706
97015705
97015815
97017536
97017540
97017640
97017892
97018029
97018060
97018070
97018074
97018081
97018088
97018094
97018120
97018127
97018353
97018367
97018547
97018591
97018595
97018602
97126568
97126576
97126643
97126644
97126655
97126656
97126659
97126667
97126668
97126679
97126680
97126681
97126692
97126710
97126765
97127007
97127025
97127203
97127238
97127245
97128249
97128266
97128276
97128359
97128368
97128373
97128380
97128381
97128386
97128394
97128395
97128402
97128500
97128754
97128894
97128897
97128901
97128913
97128930
97128936
97130087
97130099
97130106
97130116
97130117
97130118
97130127
97130128
97130129
97130255
97130502
97130622
97130643
97130653
97130661
97130668
97130674
97130675
97130682
97130738
97131809
97131810
97131816
97131954
97132198
97132214
97132220
97132330
97132343
97132344
97132352
97132358
97132359
97132360
97132362
97132369
97132371
97132378
97132389
97132516
97133558
97133571
97133583
97133624
97133854
97134052
97134108
97134121
97134132
97134134
97134142
97134151
97134159
97134170
97134331
97134585
97134600
97134702
97134715
97134728
97135906
97135919
97135927
97135939
97136056
97136317
97136330
97136448
97136462
97136476
97136485
97136492
97136500
97136510
97136555
97136836
97137035
97137080
97137091
97137100
97138203
97138207
97138210
97138215
97138223
97138225
97138226
97138232
97138269
97138496
97138688
97138740
97138749
97138755
97138767
97138770
97138775
97138778
97138936
97139172
97140321
97140332
97140335
97140392
97140400
97140407
97140411
97140415
97140416
97140421
97140427
97140579
97140595
97140614
97140836
97140929
97140937
97140944
97140945
97140950
97141666
97141921
97141931
97142050
97142061
97142068
97142070
97142075
97142082
97142083
97142091
97142099
97142167
97142178
97142429
97142589
97142610
97142613
97142614
97142623
97143753
97143761
97143768
97143774
97143780
97143786
97143793
97143896
97144152
97144299
97144311
97144319
97144320
97144326
97144327
97144330
97144335
97145412
97145416
97145421
97145510
97145765
97145909
97145921
97145928
97145932
97145936
97145940
97145941
97145946
97145947
97145990
97146228
97146245
97146259
97146431
97146460
97147064
97147239
97147482
97147577
97147584
97147591
97147598
97147603
97147610
97147614
97147615
97147697
97147944
97148094
97148127
97148137
97148147
97148148
97148156
97148162
97149250
97149262
97149274
97149275
97149282
97149283
97149288
97149309
97149315
97149317
97149321
97149329
97149524
97149752
97149826
97149834
97149842
97149851
97149861
97149867
97150944
97150983
97150996
97151007
97151016
97151017
97151025
97151031
97151055
97151259
97151479
97151553
97151554
97151577
97151585
97151596
97151598
97151610
97151621
97152757
97152764
97152773
97152785
97152793
97152803
97152854
97153091
97153268
97153310
97153316
97153320
97153324
97153330
97153331
97153336
97153352
97153358
97153364
97153586
97154515
97154526
97154633
97154887
97155042
97155069
97155084
97155085
97155102
97155113
97155114
97155118
97155119
97155136
97155148
97155215
97155465
97155634
97155645
97155674
97156345
97156348
97156351
97156362
97156406
97156417
97156657
97156668
97156846
97156852
97156902
97156904
97156917
97156931
97156933
97156948
97156960
97156965
97156966
97156998
97158174
97158255
97158514
97158680
97158709
97158710
97158720
97158730
97158731
97158732
97158739
97158747
97158756
97158794
97158804
97159041
97159229
97159277
97159288
97159290
97160433
97160448
97160456
97160463
97160472
97160479
97160488
97160489
97160549
97160816
97160996
97161038
97161047
97161059
97161071
97161079
97161088
97161100
97161106
97161114
97162229
97162230
97162241
97162250
97162251
97162263
97162275
97162283
97162418
97162669
97162796
97162815
97162825
97162827
97162837
97162849
97162860
97162869
97162870
97162937
97164071
97164072
97164234
97164494
97164605
97164618
97164619
97164625
97164631
97164632
97164633
97164634
97164643
97164644
97164645
97164653
97164655
97164665
97164666
97165731
97165732
97165734
97165735
97165741
97165746
97165750
97165816
97166064
97166234
97166262
97166263
97166266
97166269
97166274
97166278
97166279
97166288
97166312
97167363
97167370
97167376
97167380
97167489
97167749
97167761
97167895
97167919
97167921
97167930
97167937
97167942
97167948
97167956
97168004
97168242
97168424
97168469
97168476
97169452
97169570
97169573
97169575
97169584
97169591
97169593
97169599
97169600
97169608
97169609
97169610
97169620
97169622
97169623
97169629
97169774
97170015
97170134
97170147
97171221
97171234
97171284
97171290
97171297
97171299
97171310
97171318
97171325
97171333
97171497
97171730
97171837
97171845
97171851
97171858
97171862
97171870
97171876
97173040
97173296
97173308
97173437
97173441
97173443
97173453
97173455
97173458
97173462
97173469
97173473
97173479
97173480
97173552
97173559
97173806
97173958
97173984
97173993
97175080
97175087
97175093
97175101
97175107
97175113
97175119
97175121
97175123
97175125
97175226
97175486
97175502
97175633
97175645
97175654
97175661
97175669
97175680
97175688
97176798
97176810
97176825
97176827
97176945
97177206
97177338
97177353
97177354
97177366
97177372
97177374
97177384
97177393
97177405
97177455
97177723
97177739
97177907
97177940
97178961
97179058
97179060
97179066
97179070
97179074
97179080
97179092
97179097
97179173
97179416
97179581
97179584
97179589
97179595
97179609
97179610
97179613
97180477
97330957
97330970
97330971
97330979
97330992
97330996
97331008
97331009
97331017
97331018
97331029
97331239
97331476
97331488
97331497
97331568
97331580
97331590
97331598
97331600
97332803
97332835
97332838
97332856
97332871
97332873
97332881
97332892
97332893
97332906
97332907
97332985
97333232
97333395
97333443
97333458
97333461
97333474
97333487
97333499
97334659
97334670
97334678
97334686
97334687
97334696
97334698
97334716
97334719
97334740
97334918
97334938
97334970
97335390
97335475
97335484
97335490
97335500
97335509
97336716
97336721
97336743
97336768
97336777
97336791
97336795
97336802
97336803
97336804
97336846
97337088
97337104
97337118
97337282
97337330
97337346
97337366
97337448
97337515
97338843
97338845
97338847
97338854
97338860
97338867
97338876
97338877
97338889
97338890
97339016
97339038
97339272
97339283
97339384
97339391
97339400
97339406
97339432
97339442
97340217
97340333
97340348
97340365
97340620
97340726
97340735
97340745
97340752
97340762
97340770
97340778
97340781
97340845
97340858
97340866
97341117
97341266
97341441
97341482
97342316
97342334
97342354
97342367
97342384
97342572
97342632
97342635
97342643
97342645
97342655
97342779
97342796
97342805
97342861
97342863
97342865
97342895
97343130
97343147
97344285
97344538
97344701
97344729
97344738
97344748
97344749
97344758
97344764
97344771
97344792
97344987
97345070
97345080
97345289
97345296
97345300
97345306
97345377
97345385
97347234
97347455
97347482
97347697
97347745
97347751
97347774
97347787
97347804
97347820
97347911
97348193
97348359
97348398
97348399
97348419
97348432
97348449
97348467
97348469
97349884
97349885
97349907
97349909
97349927
97349947
97349964
97349983
97349985
97350007
97350196
97350452
97350461
97350473
97350548
97350700
97350719
97350741
97350764
97350784
97352030
97352058
97352081
97352102
97352197
97352274
97352293
97352340
97352600
97352809
97352818
97352830
97352839
97352887
97352928
97352957
97352989
97353020
97354448
97354450
97354471
97354473
97354492
97354494
97354510
97354513
97354531
97354550
97354569
97354754
97354771
97354988
97355059
97355066
97355072
97355073
97355084
97355190
