95368041
95368137
95395706
95395826
95423879
95423978
95452133
95452249
95478579
95505493
95505608
95538208
95566312
95566422
95593443
95593547
95634782
95634970
95650853
95672843
95672953
95700140
95700244
95728705
95754680
95754774
95778507
95780566
95780664
95806492
95806579
95812949
95832313
95832417
95863997
95864097
95891380
95891481
95917758
95917851
95944914
95945015
95971194
95971311
95997346
96022959
96023056
96051022
96051117
96079319
96079428
96109129
96109228
96136927
96137022
96163673
96191054
96191158
96217786
96217884
96245120
96245226
96279336
96279441
96308284
96308387
96334784
96334892
96368147
96368272
96397017
96397129
96425957
96426065
96450039
96454386
96454484
96482882
96510399
96510494
96540056
96540143
96571831
96571934
96602090
96602182
96632035
96632145
96662305
96742149
96742182
96777289
96807710
96807752
96810650
96837372
96837464
96852087
96865525
96892883
96892988
96919782
96919891
96945450
96945541
96970844
96970943
96997388
96997511
97023746
97023868
97050122
97050226
97077017
97077107
97104021
97126084
97129845
97129938
97157323
97157425
97184222
97184313
97211975
97242826
97242921
97272545
97272645
97299658
97299781
97328121
97331005
97360191
97360293
97386980
97412758
97412852
97441043
97441145
97451628
97469027
97469135
97497494
97497616
97498362
97565275
97590822
97590923
97617153
97617244
97642691
97642784
97660787
97669888
97670000
97679727
97698725
97728627
97728704
97754119
97754205
97779784
97779889
97788769
97806060
97806150
97833519
97833622
97834446
97864076
97896367
97929919
97929987
