77.728
78.329
80.279
78.441
75.949
81.418
87.170
86.181
78.949
77.461
76.280
80.106
59.672
63.462
81.437
82.352
83.546
81.820
70.448
69.379
69.614
71.276
69.921
75.737
75.118
77.339
77.018
81.676
81.765
72.501
72.788
71.484
71.424
73.032
72.991
76.766
73.347
76.975
77.591
85.427
84.416
75.584
77.693
76.621
76.114
76.773
74.795
74.549
73.767
74.961
80.898
81.425
76.140
72.774
72.742
72.812
74.111
80.273
79.012
61.269
57.578
71.736
72.921
85.628
76.303
73.200
73.959
73.611
72.589
72.522
71.510
64.253
73.980
75.410
72.254
72.679
73.978
74.819
76.647
73.040
72.745
75.668
76.537
73.032
73.724
83.811
78.840
76.556
79.502
85.614
81.021
82.203
78.395
77.780
88.258
86.699
79.415
80.119
84.042
83.410
79.899
80.827
75.741
76.177
80.747
76.641
78.064
78.669
78.483
79.695
77.388
76.410
76.133
76.079
78.564
78.344
74.871
76.535
78.568
78.433
77.756
80.764
80.060
77.442
79.929
76.015
75.078
83.808
71.544
82.252
83.786
82.886
81.906
82.072
82.705
81.542
80.046
76.381
75.379
83.534
82.694
85.478
82.535
85.815
84.575
83.310
83.750
85.126
84.661
93.275
84.615
88.020
246.373
87.203
87.285
86.569
84.656
85.470
87.903
86.333
94.809
85.064
82.634
86.419
81.568
83.846
86.806
80.964
78.827
77.769
