16.828
16.381
16.114
17.049
17.840
17.745
19.384
18.871
19.896
19.765
17.091
16.865
17.947
18.744
19.660
17.538
19.984
19.458
19.650
21.005
17.095
16.132
17.490
16.337
17.240
16.776
20.381
18.660
18.232
20.073
20.301
16.481
16.540
15.155
15.801
16.673
16.639
17.670
18.152
18.495
17.475
18.608
16.700
17.245
16.007
17.453
16.365
16.093
17.115
16.835
17.106
16.824
17.739
18.371
16.239
19.737
16.850
17.052
15.195
17.051
18.191
18.848
18.988
39.433
16.850
17.290
16.889
16.803
20.434
19.512
15.673
17.124
17.551
18.342
16.701
16.003
18.198
16.027
15.793
17.362
16.887
16.645
17.664
18.465
60.204
15.568
15.818
15.772
15.799
16.496
16.628
16.591
16.239
16.682
16.672
16.920
16.345
17.271
16.601
16.522
18.005
16.595
17.194
16.027
17.789
17.231
21.011
19.209
17.785
16.639
16.909
16.299
17.815
16.595
16.802
17.205
15.339
23.145
20.775
16.472
16.534
17.349
16.813
18.298
17.392
18.063
17.466
18.413
17.852
17.839
19.702
15.790
17.192
18.008
17.195
16.188
18.038
20.607
19.625
17.724
18.791
17.847
17.765
18.143
16.433
15.673
16.029
16.207
