14.336
13.603
13.522
13.376
14.685
14.114
14.315
14.361
17.127
16.457
16.884
14.363
13.332
14.095
16.452
14.246
14.984
15.840
15.807
13.140
13.381
14.123
13.688
14.697
13.380
13.184
15.006
13.293
13.840
13.773
16.061
17.002
14.254
14.645
13.128
14.045
12.897
14.074
14.849
14.604
13.879
15.419
13.706
14.730
13.199
13.109
13.039
14.083
13.035
13.721
14.197
13.994
13.694
13.623
13.843
14.212
13.750
13.659
13.056
12.028
14.451
14.064
15.245
16.215
13.448
13.274
12.979
13.599
13.529
12.731
14.184
14.587
12.900
14.014
15.463
14.086
14.287
17.135
13.802
13.570
15.716
13.371
13.819
13.947
14.098
15.236
14.078
14.532
12.412
12.564
12.726
13.693
12.860
14.234
13.716
12.477
13.865
13.129
13.195
12.943
13.675
13.653
13.817
13.620
13.361
13.755
14.679
13.066
13.584
13.279
13.300
13.171
13.202
12.294
13.021
12.852
12.649
12.774
13.483
12.941
31.747
13.890
12.874
13.384
12.943
13.798
13.535
13.939
13.796
12.820
17.005
13.857
13.377
12.965
13.792
13.470
13.354
10.612
14.604
13.964
14.767
13.460
13.234
13.864
13.228
12.172
15.849
14.264
12.995
14.226
13.417
13.889
14.278
15.776
15.073
14.913
13.297
12.887
12.432
12.371
13.105
13.670
14.202
13.229
12.239
15.457
13.605
13.286
13.935
12.416
12.472
13.385
12.713
12.964
12.966
