123029954
123029960
123029961
123029963
123029964
123029967
123029970
123029973
123029975
123029976
123029978
123029980
123029983
123029984
123029986
123029989
123029990
123030019
123030080
123031608
123031629
123031674
123031740
123031812
123031892
123031960
123032018
123032054
123032081
123032091
123032098
123032102
123032115
123032138
123032140
123032145
123032148
123032151
123033543
123033545
123033548
123033550
123033553
123033555
123033557
123033561
123033563
123033566
123033572
123033575
123033583
123033587
123033589
123033595
123033629
123033682
123033760
123035053
123035127
123035220
123035324
123035388
123035443
123035478
123035503
123035544
123035592
123035628
123035652
123035674
123035688
123035704
123035719
123035730
123035738
123035743
123037049
123037051
123037071
123037090
123037111
123037132
123037153
123037174
123037182
123037184
123037186
123037187
123037189
123037195
123037227
123037282
123037358
123037436
123037512
123038545
123038639
123038713
123038779
123038844
123038894
123038935
123038954
123038957
123038960
123038964
123038967
123038971
123038973
123038976
123038979
123038980
123038982
123038984
123040260
123040274
123040291
123040293
123040297
123040299
123040302
123040304
123040307
123040309
123040311
123040322
123040356
123040411
123040486
123040565
123040637
123040703
123040741
123041926
123041991
123042035
123042064
123042079
123042087
123042091
123042095
123042099
123042103
123042108
123042112
123042113
123042115
123042119
123042121
123042123
123042127
123042132
123043473
123043474
123043477
123043480
123043482
123043483
123043484
123043486
123043488
123043504
123043539
123043600
123043675
123043754
123043822
123043883
123043922
123043952
123043967
123045195
123045227
123045244
123045252
123045255
123045257
123045258
123045259
123045261
123045262
123045263
123045266
123045269
123045270
123045271
123045273
123045274
123045275
123045277
123046559
123046562
123046564
123046566
123046568
123046570
123046571
123046573
123046602
123046653
123046730
123046808
123046879
123046925
123046970
123047001
123047035
123047065
123047081
123048424
123048429
123048433
123048435
123048439
123048441
123048444
123048448
123048450
123048452
123048454
123048457
123048458
123048463
123048465
123048467
123048470
123048471
123048482
123221455
123221506
123221575
123221672
123221767
123221854
123221920
123221983
123222021
123222061
123222091
123222108
123222119
123222122
123222130
123222136
123222141
123222143
123222145
123223397
123223399
123223403
123223405
123223410
123223429
123223449
123223468
123223489
123223510
123223530
123223535
123223536
123223538
123223546
123223579
123223632
123223706
123223792
123225037
123225115
123225192
123225266
123225326
123225371
123225400
123225437
123225465
123225495
123225523
123225556
123225601
123225655
123225694
123225735
123225793
123225851
123225893
123226385
123228340
123228433
123228540
123228635
123228726
123228807
123228873
123228928
123228973
123229018
123229078
123229114
123229146
123229171
123229221
123229245
123229264
123229296
123229315
123230728
123232780
123232803
123232825
123232848
123232869
123232891
123232913
123232935
123232956
123232980
123233001
123233024
123233039
123233061
123233092
123233144
123233222
123233313
123233414
123235060
123235112
123235189
123235254
123235313
123235356
123235386
123235409
123235437
123235457
123235480
123235504
123235527
123235548
123235570
123235592
123235612
123235632
123235653
123236845
123236847
123236849
123236851
123236853
123236854
123236856
123236857
123236858
123236860
123236876
123236897
123236932
123236980
123237060
123237153
123237251
123237326
123237393
123238499
123239748
123239749
123239751
123239752
123239754
123239756
123239780
123239827
123239898
123239985
123240076
123240159
123240235
123240290
123240335
123240362
123240381
123240404
123240427
123241654
123241658
123241661
123241663
123241666
123241669
123241671
123241674
123241676
123241679
123241683
123241690
123241711
123241731
123241752
123241774
123241794
123241818
123241839
123243281
123243282
123243284
123243285
123243312
123243359
123243432
123243509
123243585
123243644
123243693
123243729
123243749
123243751
123243753
123243756
123243760
123243762
123243763
123244423
123244425
123245714
123245734
123245756
123245776
123245800
123245807
123245808
123245809
123245812
123245817
123245819
123245820
123245821
123245823
123245825
123245826
123245827
123245832
123245833
123247224
123247226
123247255
123247282
123247335
123248760
123248763
123248765
123248772
123248811
123248863
123248939
123249022
123249094
123249152
123249195
123249225
123249239
123249243
123249245
123249249
123249251
123249252
123249265
123249883
123249893
123249894
123249896
123249898
123249900
123249902
123249905
123249906
123249907
123249910
123249911
123249913
123249933
123249953
123249990
123250053
123251449
123251469
123251510
123251577
123251652
123251732
123251796
123251852
123251889
123251911
123251923
123251927
123251931
123251934
123251936
123251938
123251939
123251942
123251943
123252619
123252638
123252640
123252653
123253251
123254625
123254628
123254634
123254638
123254640
123254642
123254645
123254648
123254650
123254659
123254682
123254703
123254726
123254745
123254766
123254787
123254810
123254840
123254893
123255390
123256670
123256681
123256683
123256685
123256690
123256694
123256716
123256736
123256758
123256780
123256800
123256819
123256841
123256862
123256884
123256906
123256927
123256937
123256940
123257216
123258144
123258151
123258406
123260224
123260227
123260230
123260231
123260233
123260237
123260261
123260317
123260403
123260496
123260589
123260660
123260732
123260784
123260823
123260854
123260877
123260899
123260920
123456023
123456066
123456114
123456152
123456188
123456224
123456259
123456271
123456292
123456305
123456310
123456316
123456320
123456331
123456354
123456376
123456397
123456417
123456437
123457677
123457679
123457680
123457682
123457685
123457686
123457688
123457690
123457693
123457697
123457721
123457763
123457847
123457944
123458036
123458119
123458190
123458242
123458287
123459398
123459453
123459484
123459508
123459514
123459518
123459521
123459522
123459527
123459530
123459531
123459533
123459542
123459561
123459580
123459603
123459622
123459643
123459663
123460960
123460961
123460963
123460964
123460966
123460968
123460969
123460971
123460972
123460997
123461043
123461116
123461192
123461263
123461325
123461389
123461441
123461484
123461516
123462833
123462856
123462868
123462871
123462873
123462874
123462875
123462878
123462880
123462884
123462885
123462886
123462887
123462889
123462891
123462892
123462897
123462907
123462916
123464360
123464364
123464365
123464367
123464370
123464372
123464376
123464396
123464438
123464503
123464584
123464662
123464720
123464774
123464808
123464835
123464851
123464855
123464858
123466197
123466200
123466202
123466204
123466209
123466212
123466216
123466218
123466223
123466228
123466230
123466232
123466233
123466236
123466238
123466268
123466319
123466394
123466463
123467716
123467790
123467868
123467930
123467980
123468017
123468049
123468092
123468125
123468159
123468174
123468191
123468203
123468211
123468219
123468221
123468226
123468227
123468231
123469575
123469578
123469581
123469583
123469585
123469588
123469590
123469592
123469594
123469596
123469598
123469600
123469602
123469627
123469675
123469746
123469823
123469898
123469957
124031857
124031858
124031859
124031860
124031861
124031862
124031863
124031864
124031865
124031866
124031867
124031868
124031869
124031870
124031871
124032532
124032533
124032534
124032535
124032536
124032537
124032538
124032539
124032540
124032541
124032542
124032543
124032544
124032545
124032546
124082408
124082427
124205211
124205231
124205264
124205315
124205378
124205450
124205514
124205563
124205614
124205656
124205688
124205725
124205739
124205746
124205749
124205751
124205752
124205753
124205755
124207046
124207067
124207082
124207103
124207125
124207144
124207165
124207185
124207205
124207227
124207248
124207255
124207256
124207258
124207259
124207260
124207278
124207314
124207381
124208531
124208568
124208637
124208725
124208824
124208907
124208979
124209033
124209083
124209117
124209139
124209148
124209151
124209153
124209154
124209157
124209159
124209163
124209166
124210458
124210460
124210463
124210465
124210476
124210497
124210519
124210541
124210564
124210585
124210605
124210628
124210649
124210669
124210704
124210745
124210795
124210871
124210946
124212098
124212171
124212247
124212310
124212361
124212413
124212445
124212468
124212482
124212487
124212488
124212519
124212539
124212559
124212578
124212599
124212621
124212640
124212646
124213922
124213923
124213924
124213925
124213928
124213930
124213933
124213934
124213935
124213936
124213937
124213939
124213944
124213976
124214050
124214141
124214239
124214320
124214395
124215816
124215831
124215843
124215848
124215850
124215854
124215858
124215861
124215866
124215886
124215904
124215918
124215941
124215961
124215980
124215990
124215993
124215997
124216001
124217269
124217271
124217274
124217282
124217318
124217375
124217453
124217527
124217609
124217683
124217745
124217790
124217820
124217850
124217872
124217892
124217908
124217912
124217915
124219084
124219086
124219087
124219089
124219093
124219095
124219096
124219100
124219115
124219136
124219158
124219178
124219198
124219218
124219237
124219257
124219260
124219261
124219281
124220607
124220608
124220627
124220668
124220737
124220811
124220882
124220927
124220977
124221017
124221049
124221073
124221105
124221131
124221153
124221173
124221193
124221210
124221212
124222436
124222438
124222439
124222440
124222443
124222444
124222445
124222447
124222448
124222449
124222450
124222451
124222453
124222463
124222484
124222504
124222543
124222606
124222691
124251284
124251842
124251894
124252401
124328601
124328623
124418845
124418846
124418847
124418848
124418849
124418851
124418853
124418854
124418855
124418860
124418867
124418872
124418877
124418881
124418887
124418892
124418899
124418907
124418916
124419320
124419333
124419342
124419350
124419359
124419366
124419373
124419380
124419567
124419578
124419579
124419580
124419581
124419583
124419584
124419585
124419586
124419587
124419588
124419589
124420071
124420078
124420113
124420388
124420395
124420399
124420403
124420409
124420417
124420426
124420439
124420447
124420518
124420532
124421026
124421031
124421651
124421659
124421664
124421670
124421675
124421680
124421684
124421758
124421760
124421762
124421765
124421766
124421768
124421770
124422411
124422413
124422450
124422452
124422454
124422455
124422456
124422457
124422458
124422459
124422460
124422462
124422464
124422466
124422469
124422470
124422471
124422472
124422473
124422993
124422997
124422999
124423058
124423063
124423066
124423069
124423074
124423078
124423083
124423088
124423092
124423097
124423101
124423106
124423305
124423654
124423662
124423670
124423685
124423693
124423697
124423707
124423716
124423722
124423728
124423736
124423743
124423748
124424423
124424436
124424447
124424456
124424468
124424613
124424620
124424621
124424625
124424632
124424638
124424646
124424652
124424658
124424660
124424661
124424662
124424669
124424671
124424674
124424675
124424676
124424678
124424757
124424760
124424766
124424802
124424812
124424821
124425440
124425444
124425447
124425534
124425537
124425542
124425899
124425946
124425951
124425956
124425960
124425965
124425971
124425977
124425982
124425985
124425993
124425997
124425999
124426003
124426009
124426010
124426014
124426018
124426125
124426130
124426134
124426139
124426143
124426148
124426153
124426157
124426163
124426902
124426903
124426904
124426905
124427612
124427615
124427616
124427645
124427648
124427649
124427650
124427651
124427652
124427654
124427655
124427656
124427657
124427658
124427659
124427661
124427662
124427663
124427665
124427666
124427668
124427669
124428282
124428312
124428317
124428324
124428328
124428331
124428335
124428339
124428343
124428347
124428352
124428357
124428362
124428366
124428393
124428397
124428502
124428509
124428516
124428525
124428603
124428608
124428620
124428635
124428644
124428658
124428731
124428742
124428981
124428982
124428983
124428984
124428985
124428986
124429090
124429094
124429098
124429101
124429105
124429108
124429112
124429116
124429120
124429123
124429127
124429131
124429144
124429225
124429226
124429230
124429238
124429243
124429247
124429252
124429258
124429264
124626915
124626916
124626919
124626920
124626921
124626922
124626923
124626925
124626926
124626928
124626929
124626930
124626931
124626933
124626934
124626935
124626936
124626937
124626939
124627001
124627002
124627003
124627004
124627006
124627007
124627008
124627009
124627010
124627011
124627012
124627014
124627020
124627028
124627034
124627039
124627045
124627051
124627058
124627764
124627766
124627767
124627768
124627770
124627773
124627775
124627778
124627780
124627782
124627808
124627809
124627812
124627813
124627814
124627815
124627816
124627817
124627819
124627820
124627821
124627822
124627823
124627824
124627825
124627826
124627828
124627829
124627830
124628213
124628221
124628235
124628248
124628257
124628259
124628268
124628277
124628287
124628562
124628563
124628565
124628566
124628569
124628570
124628571
124628572
124628575
124628576
124628577
124628578
124628581
124628582
124628583
124628584
124628585
124628586
124628588
124629022
124629027
124629030
124629040
124629042
124629049
124629053
124629075
124629078
124629079
124629082
124629083
124629088
124629090
124629091
124629092
124629093
124629095
124629096
124629215
124629218
124629222
124629225
124629229
124629234
124629237
124629241
124629245
124629248
124629252
124629257
124629260
124629264
124629726
124629734
124629780
124629814
124629816
124629820
124629824
124629873
124629875
124629876
124629878
124629879
124629880
124629903
124629904
124629905
124629906
124629907
124629908
124629909
124629910
124629911
124629912
124629913
124629914
124629917
124629918
124629921
124629922
124629942
124629944
124629948
124629952
124629957
124629962
124629965
124629972
124629976
124629983
124630049
124630067
124630077
124630091
124630107
124630121
124630136
124630152
124630695
124630696
124630697
124630698
124630700
124630702
124630703
124630705
124630706
124630707
124630708
124630709
124630710
124630711
124630740
124630741
124630742
124630743
124630744
124630745
124630746
124631041
124631049
124631058
124631065
124631071
124631079
124631085
124631093
124631108
124631118
124631123
124631134
124631142
124631148
124631158
124631164
124631174
124631203
124631503
124631507
124631511
124631514
124631518
124631522
124631525
124631529
124631599
124631607
124631613
124631683
124631696
124631705
124631715
124631727
124631740
124631749
124631762
124631775
124631787
124631797
124631809
124631821
124631832
124631843
124632172
124632184
124632187
124632188
124632189
124632191
124632192
124632201
124632203
124632206
124632208
124632210
124632212
124632215
124632216
124632256
124632270
124632294
124632298
124632303
124632814
124632819
124632826
124632832
124632837
124632844
124632853
124632864
124632867
124632870
124632874
124632876
124632880
124632883
124632885
124632954
124632955
124632956
124632957
124632958
124632959
124632960
124632962
124632963
124632964
124632965
124632966
124632967
124632968
124632969
124632972
124632973
124632975
124632976
124633465
124633478
124633491
124633503
124633560
124633570
124633575
124633582
124633590
124633599
124633606
124633640
124633645
124633649
124633654
124633754
124633755
124633757
124633758
124633759
124633760
124633761
124633763
124633764
124633765
124633766
124633767
124633826
124633874
124633883
124633895
124633903
124633918
124633926
124633943
124633960
124633971
124633983
124633995
124634003
124634017
124634031
124634496
124634500
124634522
124634527
124634531
124634534
124634538
124634543
124634546
124634550
124634553
124634574
124634576
124634577
124634578
124634579
124634580
124634581
124634582
124635009
124635016
124635052
124635055
124635075
124635078
124635082
124635086
124635087
124814187
124814191
124814194
124814201
124814255
124814556
124814805
124814816
124814878
124815378
124815383
124815391
124815396
124815399
124815405
124815410
124815415
124815419
124815449
124815454
124815458
124815463
124815467
124815473
124815498
124815502
124815515
124815522
124815637
124815886
124816017
124816019
124816023
124816026
124816313
124816317
124816322
124816325
124816331
124816335
124816340
124816342
124816343
124816344
124816346
124816354
124816355
124816357
124816359
124816361
124816364
124816365
124816366
124816755
124816756
124816759
124816760
124816762
124816769
124816771
124816773
124816776
124816777
124816785
124816787
124816789
124816790
124816792
124816793
124816794
124816796
124816799
124817180
124817240
124817406
124817409
124817410
124817411
124817413
124817415
124817416
124817418
124817421
124817423
124817424
124817426
124817428
124817429
124817431
124817432
124817433
124817435
124817437
124817555
124817790
124817797
124817826
124817831
124817835
124817838
124817868
124817871
124817875
124817880
124817885
124817890
124817895
124817900
124817903
124817908
124817912
124817941
124817952
124818179
124818184
124818304
124818383
124818391
124818402
124818410
124818422
124818432
124818439
124818446
124818490
124818494
124818498
124818504
124818509
124818522
124818525
124818680
124818681
124818684
124818691
124818694
124818695
124818702
124818704
124818705
124818706
124818708
124818923
124818928
124818933
124818938
124818942
124818945
124818952
124818956
124818979
124819355
124819407
124819419
124819428
124819482
124819493
124819532
124819535
124819538
124819544
124819549
124819552
124819553
124819555
124819562
124819654
124819657
124819660
124819662
124819663
124819666
124819668
124820003
124820015
124820026
124820041
124820059
124820072
124820082
124820098
124820110
124820425
124820429
124820434
124820438
124820441
124820470
124820474
124820478
124820483
124820484
124820486
124820487
124820488
124820583
124820607
124820616
124820625
124820634
124820703
124820717
124820732
124820745
124820751
124820765
124820777
124820791
124820799
124820880
124820895
124820898
124820905
124820919
124821273
124821275
124821276
124821277
124821279
124821280
124821281
124821283
124821285
124821286
124821669
124821679
124821684
124821823
124821826
124821827
124821828
124821830
124821833
124821834
124821835
124821836
124821837
124821838
124821840
124821841
124821842
124821846
124821847
124821848
124821849
124821850
124822057
124822068
124822447
124822463
124822480
124822502
124822539
124822548
124822570
124822572
124822574
124822575
124822676
124822678
124822680
124822681
124822683
124822685
124822687
124822689
124822690
124822691
124822692
124822693
124822698
124822699
124822700
124822701
124822702
124822704
124822708
124823405
124823408
124823410
124823413
124823414
124823496
124824079
124824083
124824089
124824094
124824138
124824145
124824156
124824163
124824199
124824203
124824207
124824212
124824216
124824238
124824261
124824266
124824269
124824273
124824276
124824370
124824884
124824887
124824978
124824986
124824998
124825008
124825311
124825381
124961409
124961412
124961415
124961418
124961421
124961425
124961427
124961429
124961433
124961453
124961457
124961471
124961473
124961477
124961479
124961482
124961492
124961496
124961498
124961785
124961800
124961812
124961828
124961841
124961854
124961868
124961881
124961893
124961902
124961909
124961918
124961927
124961937
124962480
124962485
124962488
124962490
124962493
124962497
124962500
124962505
124962508
124962514
124962516
124962517
124962521
124962522
124962523
124962524
124962766
124962772
124962783
124962790
124962796
124962803
124962810
124962815
124962891
124962900
124962910
124962924
124962943
124962959
124964208
124964221
124964240
124964249
124964264
124964273
124964280
124964297
124964312
124964334
124964352
124964362
124964382
124964450
124964468
124964480
124964491
124964498
124964509
124964909
124964913
124964917
124964921
124964946
124964949
125545692
125545693
125545694
125545696
125545697
125545698
125545699
125545701
125545702
125545703
125545705
125545707
125545708
125545709
125545710
125545712
125545713
125545714
125545867
125545876
125545952
125545966
125545976
125545993
125546000
125546012
125546021
125546032
125546039
125546047
125546053
125546063
125546068
125546073
125546078
125546090
125546599
125546600
125546601
125546603
125546604
125546607
125546608
125546610
125546611
125546617
125546619
125546620
125546623
125546625
125546627
125546629
125546659
125546669
125547318
125547324
125547329
125547333
125547338
125547341
125547345
125547350
125547355
125547361
125547366
125547371
125547374
125547534
125547537
125547538
125547539
125547540
125547541
125547543
125547544
125547545
125547546
125547560
125547564
125547572
125547578
125547584
125547634
125547644
125547720
125548151
125548153
125548154
125548156
125548158
125548161
125548163
125548165
125548168
125548171
125548173
125548174
125548177
125548178
125548179
125548183
125548185
125548187
125548695
125548705
125548706
125548954
125548960
125548964
125548968
125548972
125548978
125548990
125548993
125549022
125549026
125549033
125549036
125549039
125549043
125549048
125549189
125549195
125549198
125549199
125549202
125549203
125549215
125549217
125549219
125549220
125549222
125549226
125549231
125549233
125549235
125549315
125549319
125549326
125549337
125549345
125549354
125549958
125549962
125549965
125549970
125549974
125549980
125549983
125549986
125549993
125550002
125550013
125550049
125550054
125550058
125550106
125550108
125550109
125550111
125550114
125550116
125550118
125550203
125550209
125550219
125550238
125550247
125550260
125550271
125550287
125550300
125550310
125550324
125550335
125550347
125550357
125550367
125550374
125550384
125550396
125550705
125550706
125550710
125550711
125550713
125550715
125550718
125550719
125550721
125550723
125550844
125550847
125550852
125550856
125550861
125550865
125550871
125551222
125551234
125551242
125551251
125551261
125551269
125551280
125551293
125551633
125551634
125551637
125551639
125551650
125551655
125551656
125551675
125551677
125551680
125551683
125551693
125551694
125551697
125551705
125551707
125551761
125551763
125551764
125551766
125551767
125551768
125551770
125551771
125551773
125551921
125551932
125551944
125551955
125551966
125551974
125551990
125552004
125552021
125552032
125552046
125552061
125552077
125552086
125552550
125552556
125552558
125552560
125552561
125552563
125552565
125552566
125552568
125672177
125672185
125672195
125672255
125672328
125672338
125672348
125672362
125672375
125672387
125672397
125672408
125672420
125672432
125672440
125672449
125672456
125672462
125672666
125672674
125672688
125673022
125673238
125673239
125673240
125673241
125673242
125673245
125673246
125673247
125673248
125673249
125673250
125673251
125673252
125673253
125673254
125673255
125673256
125673257
125673882
125673928
125673936
125673947
125673971
125674000
125674029
125674440
125674441
125674442
125674443
125674444
125674446
125674763
125675020
125675021
125675025
125675026
125675027
125675029
125675030
125675031
125675032
125675033
125675034
125675035
125675037
125675040
125675041
125675043
125675045
125675046
125675095
125675098
125675099
125675100
125675105
125675111
125675117
125675124
125675129
125675133
125675138
125675148
125675157
125675166
125675174
125675186
125675195
125675204
125675630
125675631
125675632
125675633
125675634
125675636
125675638
125675639
125675640
125675642
125675644
125675645
125675646
125675648
125675806
125675817
125675829
125675841
125675852
125675865
125675877
125675889
125675903
125675929
125676188
125676190
125676193
125676194
125676196
125676197
125676199
125676200
125676201
125676205
125676209
125676211
125676212
125676213
125676214
125676216
125676218
125676219
125676573
125676585
125676640
125676648
125676658
125676666
125676715
125676719
125676725
125676754
125676758
125676761
125676764
125676767
125676769
125676776
125676777
125676778
125676824
125676825
125676827
125676829
125676832
125676833
125676834
125676837
125676838
125676839
125676840
125677119
125677136
125677158
125677217
125677226
125677272
125677299
125677306
125677310
125677316
125677354
125677355
125677357
125677358
125677360
125677419
125677420
125677422
125677423
125677424
125677426
125677427
125677429
125677430
125677431
125677433
125677445
125677474
125677481
125678036
125678060
125678157
125678158
125678159
125678163
125678164
125678166
125678167
125678170
125678171
125678174
125678175
125678176
125678179
125678180
125678181
125678183
125678184
125678186
125678725
125678727
125678728
125678730
125678731
125678732
125678734
125678735
125678738
125678739
125678740
125678759
125678764
125678772
125678779
125678780
125678784
125678786
125678846
125678847
125678848
125678849
125678851
125678852
125678853
125678854
125678865
125678870
125678875
125678881
125678886
125678890
125678900
125678909
125678916
125678926
125679308
125679376
125679385
125679386
125679387
125679721
125679725
125679731
125679752
125679797
125679939
125679941
125679945
125679948
125679953
125679985
125680008
125680009
125680010
125680011
125680013
125680014
125680015
125680524
125680526
125680527
125680538
125680926
125680933
125680939
125680951
125680958
125680961
125680969
125680975
125680981
125680986
125681018
125681023
125681026
125681033
125681038
125681039
125681043
125681045
125681369
125681600
125681620
125681634
125681724
125681731
125681759
125681761
125681762
125681763
125681764
125681765
125681766
125681767
125681768
125681770
125681771
125681772
125681773
125681774
125681775
125681779
125681812
125681819
