123028718
123028722
123028724
123028726
123028728
123028732
123028734
123028735
123028736
123028741
123028742
123028744
123028769
123028818
123028891
123028966
123029039
123029095
123029148
123030164
123030255
123030353
123030439
123030521
123030574
123030620
123030647
123030674
123030696
123030706
123030711
123030714
123030718
123030725
123030729
123030734
123030739
123030742
123032155
123032158
123032162
123032164
123032167
123032170
123032181
123032200
123032222
123032244
123032264
123032285
123032323
123032365
123032437
123032517
123032591
123032654
123032708
123033843
123033923
123033980
123034029
123034061
123034073
123034081
123034083
123034085
123034101
123034122
123034143
123034163
123034184
123034207
123034229
123034248
123034270
123034291
123035747
123035750
123035753
123035755
123035756
123035758
123035761
123035765
123035766
123035770
123035776
123035810
123035863
123035940
123036018
123036086
123036150
123036207
123036256
123037570
123037610
123037652
123037672
123037674
123037676
123037681
123037682
123037686
123037696
123037698
123037699
123037700
123037702
123037704
123037705
123037708
123037710
123037714
123038985
123038987
123038988
123038990
123038993
123038994
123038996
123038999
123039009
123039042
123039096
123039175
123039249
123039316
123039371
123039415
123039442
123039483
123039520
123040774
123040787
123040789
123040792
123040794
123040797
123040799
123040801
123040804
123040807
123040810
123040812
123040815
123040816
123040836
123040856
123040879
123040901
123040922
123042138
123042141
123042144
123042145
123042148
123042149
123042159
123042195
123042251
123042326
123042402
123042484
123042547
123042608
123042661
123042708
123042743
123042763
123042770
123043971
123043972
123043975
123044005
123044007
123044008
123044009
123044011
123044018
123044038
123044057
123044077
123044098
123044118
123044132
123044135
123044137
123044141
123044142
123045279
123045280
123045282
123045284
123045286
123045329
123045395
123045489
123045588
123045683
123045763
123045822
123045867
123045885
123045893
123045895
123045897
123045898
123045900
123047095
123047106
123047117
123047134
123047159
123047176
123047196
123047218
123047239
123047250
123047251
123047254
123047257
123047260
123047261
123047263
123047265
123047267
123047271
123048502
123048523
123048546
123048592
123048668
123048752
123048829
123048900
123048956
123049001
123049036
123049055
123049064
123049065
123049067
123049070
123049072
123049076
123049078
123220288
123220369
123220434
123220496
123220539
123220566
123220582
123220586
123220590
123220594
123220597
123220599
123220612
123220634
123220654
123220677
123220700
123220721
123220742
123222146
123222147
123222148
123222150
123222152
123222153
123222154
123222160
123222162
123222164
123222165
123222171
123222211
123222267
123222339
123222415
123222485
123222549
123222584
123223856
123223923
123223962
123223990
123224005
123224008
123224011
123224014
123224017
123224018
123224021
123224022
123224023
123224024
123224026
123224029
123224030
123224031
123224033
123225910
123225940
123225965
123225998
123226027
123226475
123226505
123226526
123226545
123226558
123226570
123226578
123226585
123226590
123226593
123226596
123226602
123226604
123226617
123226648
123226679
123226713
123229336
123229354
123229381
123229404
123229425
123229446
123229466
123229489
123229508
123229536
123229591
123229667
123229760
123229862
123229949
123230031
123230087
123230137
123230162
123230831
123230864
123230887
123230911
123230936
123230988
123231068
123231162
123231264
123231353
123231429
123231491
123233488
123233557
123233617
123233662
123233706
123233749
123233785
123233823
123233856
123233887
123233915
123233940
123233964
123233988
123234008
123234031
123234054
123234073
123234093
123235665
123235666
123235667
123235669
123235670
123235672
123235673
123235674
123235676
123235684
123235715
123235773
123235851
123235928
123235999
123236063
123236106
123236146
123236164
123237462
123237510
123237541
123237557
123237560
123237562
123237565
123237574
123237577
123237579
123237580
123237588
123237591
123237592
123237594
123237598
123237600
123237602
123237603
123238657
123238741
123238800
123238857
123238891
123238917
123238923
123238925
123238929
123238948
123238963
123238966
123238970
123240448
123240469
123240473
123240476
123240478
123240482
123240485
123240488
123240493
123240495
123240497
123240501
123240505
123240507
123240512
123240515
123240520
123240542
123240588
123241861
123241903
123241968
123242059
123242138
123242214
123242248
123242290
123242325
123242359
123242414
123242446
123242465
123242490
123242503
123242515
123242521
123242527
123242530
123243779
123243796
123243808
123243824
123243845
123243866
123243886
123243908
123243924
123243929
123243931
123243933
123243935
123243936
123243963
123244013
123244087
123244161
123244428
123244433
123244453
123244475
123244495
123244515
123244535
123244573
123244634
123245835
123245850
123245893
123245957
123246035
123246111
123246160
123246210
123246245
123246297
123246321
123246350
123246363
123246376
123246386
123246402
123246417
123246440
123246461
123247428
123247521
123247619
123247715
123247786
123247844
123247901
123247928
123247934
123247938
123247943
123247946
123247951
123247953
123247956
123247959
123247960
123249267
123249268
123249271
123250140
123250232
123250330
123250391
123250463
123250516
123250548
123250589
123250610
123250627
123250635
123250645
123250648
123250654
123250655
123250657
123250660
123250662
123250664
123251945
123251954
123252105
123252560
123252623
123252625
123252732
123253338
123253342
123253347
123253348
123253349
123253352
123253353
123253355
123253357
123253358
123253361
123253362
123253367
123253370
123253386
123253424
123253485
123253561
123253642
123254954
123255031
123255112
123255254
123255397
123255400
123255402
123255405
123255410
123255413
123255415
123255418
123255421
123255425
123255427
123255431
123255434
123255436
123255438
123256942
123258165
123259474
123259523
123454989
123455022
123455042
123455049
123455051
123455052
123455054
123455059
123455061
123455062
123455063
123455064
123455066
123455068
123455069
123455070
123455071
123455073
123455075
123456457
123456470
123456473
123456477
123456480
123456483
123456487
123456506
123456553
123456618
123456697
123456781
123456834
123456894
123456929
123456957
123456969
123456974
123456979
123458320
123458342
123458348
123458351
123458353
123458356
123458357
123458360
123458362
123458368
123458370
123458372
123458374
123458376
123458380
123458382
123458385
123458387
123458389
123459685
123459709
123459729
123459749
123459764
123459766
123459789
123459834
123459909
123459982
123460051
123460101
123460148
123460177
123460205
123460228
123460250
123460261
123460268
123461539
123461563
123461582
123461604
123461625
123461644
123461651
123461652
123461655
123461657
123461658
123461659
123461662
123461663
123461664
123461666
123461667
123461668
123461670
123462924
123462934
123462944
123462971
123463026
123463091
123463184
123463274
123463371
123463446
123463514
123463561
123463597
123463632
123463647
123463648
123463649
123463652
123463654
123464926
123464945
123464964
123464986
123465007
123465027
123465047
123465067
123465088
123465109
123465123
123465125
123465153
123465200
123465275
123465353
123465412
123465458
123465490
123466541
123466601
123466674
123466726
123466770
123466798
123466822
123466845
123466866
123466889
123466910
123466931
123466946
123466951
123466954
123466957
123466962
123466964
123466967
123468233
123468235
123468238
123468254
123468274
123468294
123468315
123468336
123468355
123468358
123468386
123468434
123468508
123468584
123468660
123468712
123468766
123468799
123468823
123470011
123470055
123470088
123470103
123470114
123470129
123470148
123470169
123470192
123470214
123470232
123470253
123470273
123470293
123470316
123470336
123470354
123470356
123470359
124030718
124030719
124030720
124030721
124030722
124030723
124030724
124030725
124030726
124030727
124030728
124030729
124030730
124030731
124030732
124031940
124031941
124031942
124031943
124031944
124031945
124031946
124031947
124031949
124031950
124031951
124031952
124031953
124031954
124031955
124203944
124204019
124204093
124204159
124204204
124204247
124204287
124204311
124204335
124204339
124204343
124204351
124204388
124204408
124204423
124204442
124204463
124204486
124204507
124205757
124205758
124205759
124205760
124205762
124205763
124205766
124205767
124205768
124205770
124205772
124205774
124205775
124205793
124205835
124205918
124206006
124206102
124206182
124207456
124207529
124207563
124207599
124207634
124207668
124207696
124207722
124207738
124207754
124207774
124207789
124207801
124207812
124207821
124207825
124207828
124207833
124207835
124209168
124209169
124209171
124209174
124209175
124209177
124209180
124209181
124209183
124209185
124209186
124209188
124209218
124209271
124209344
124209421
124209469
124209504
124209536
124211017
124211074
124211118
124211154
124211172
124211184
124211186
124211189
124211190
124211193
124211195
124211196
124211198
124211201
124211204
124211205
124211207
124211209
124211212
124212647
124212648
124212650
124212652
124212656
124212664
124212666
124212668
124212671
124212677
124212713
124212764
124212838
124212912
124212973
124213027
124213084
124213114
124213138
124214557
124214560
124214562
124214565
124214567
124214568
124214569
124214571
124214572
124214573
124214574
124214575
124214576
124214578
124214579
124214581
124214590
124214623
124214676
124216008
124216043
124216106
124216178
124216254
124216326
124216384
124216427
124216462
124216481
124216485
124216490
124216493
124216503
124216526
124216527
124216530
124216532
124216534
124217921
124217923
124217925
124217928
124217933
124217935
124217937
124217938
124217941
124217944
124217945
124217949
124217954
124217956
124217964
124217997
124218057
124218131
124218213
124219322
124219395
124219464
124219536
124219571
124219609
124219643
124219673
124219709
124219741
124219765
124219790
124219811
124219821
124219833
124219840
124219843
124219850
124219854
124221213
124221216
124221217
124221218
124221220
124221222
124221223
124221226
124221227
124221228
124221229
124221230
124221231
124221252
124221295
124221361
124221439
124221509
124221565
124222785
124222877
124222943
124223015
124223076
124223126
124223149
124223158
124223161
124223165
124223168
124223169
124223171
124223172
124223175
124223177
124223182
124223183
124223186
124418772
124418773
124418776
124418777
124418778
124418779
124418780
124418782
124418783
124418785
124418786
124418787
124418788
124418791
124418793
124418794
124418796
124418797
124418798
124418924
124418932
124418940
124419013
124419023
124419568
124419569
124419570
124419571
124419590
124419591
124419592
124419593
124419595
124419596
124419597
124419601
124419602
124419603
124419604
124419605
124419606
124419607
124419608
124419609
124420127
124420135
124420138
124420140
124420142
124420888
124420890
124420891
124420892
124420893
124420894
124420896
124420897
124420898
124420899
124420901
124420902
124420903
124420904
124420905
124420909
124421705
124421737
124421739
124421741
124421743
124421745
124421747
124421750
124421751
124421752
124421753
124421754
124421773
124421775
124421777
124421782
124421783
124421784
124422415
124422417
124422419
124422421
124422423
124422425
124422426
124422427
124422474
124423110
124423115
124423119
124423123
124423127
124423130
124423134
124423137
124423141
124423166
124423170
124423175
124423179
124423184
124423188
124423193
124423309
124423313
124423318
124423323
124423327
124423331
124423338
124423342
124423350
124423950
124423954
124423964
124423973
124423982
124424720
124424723
124424725
124424727
124424730
124424732
124424734
124424736
124424738
124424740
124424742
124424745
124424748
124424751
124424830
124424903
124424983
124424996
124425011
124425027
124425518
124425520
124425522
124425524
124425527
124425528
124426037
124426039
124426041
124426043
124426044
124426850
124426851
124426852
124426853
124426855
124426856
124426857
124426859
124426861
124426862
124426863
124426864
124426866
124426867
124426868
124426869
124426872
124426874
124426876
124427433
124427443
124427454
124427465
124427524
124427672
124427673
124427674
124427675
124427694
124427698
124427706
124427710
124427719
124427728
124427734
124427744
124427752
124427761
124427769
124427844
124427854
124427868
124427880
124428411
124428412
124428413
124428414
124428415
124428417
124428800
124428811
124428816
124428824
124428830
124428839
124428845
124428849
124428856
124428858
124428866
124428870
124428879
124428884
124428888
124429147
124429152
124429156
124429159
124626963
124626964
124626965
124626966
124626967
124626968
124626972
124626973
124626974
124626975
124626981
124626982
124626983
124626986
124626987
124626989
124626990
124626991
124626992
124627794
124627796
124627797
124627798
124627799
124627800
124627893
124627903
124627925
124627934
124627940
124627952
124627964
124627977
124627988
124627999
124628012
124628021
124628035
124628044
124628060
124628068
124628078
124628594
124628622
124628672
124628682
124628698
124628708
124628783
124628796
124629125
124629126
124629127
124629128
124629129
124629130
124629131
124629132
124629136
124629140
124629144
124629306
124629327
124629331
124629334
124629355
124629362
124629858
124629859
124629890
124629891
124629892
124629893
124629894
124629896
124630379
124630388
124630400
124630412
124630423
124630437
124630446
124630451
124630462
124630468
124630677
124630678
124630754
124630758
124630764
124630796
124630807
124630814
124630823
124630830
124630839
124630850
124630861
124631254
124631255
124631256
124631259
124631262
124631266
124631271
124631274
124631278
124631949
124631952
124631957
124631960
124631969
124631971
124631978
124631981
124631985
124631993
124632004
124632011
124632016
124632022
124632027
124632036
124632492
124632504
124632515
124632526
124632537
124632547
124632618
124632631
124632647
124632899
124632900
124632901
124632902
124632905
124632934
124632935
124632937
124632940
124632942
124632943
124632945
124633026
124633033
124633042
124633052
124633721
124633722
124633723
124633724
124633725
124633727
124633728
124633729
124633730
124633781
124633783
124633784
124633785
124633786
124633788
124633789
124633790
124633791
124633792
124633793
124634180
124634228
124634231
124634235
124634240
124634626
124634666
124634674
124634682
124634690
124634702
124634714
124634726
124634736
124634751
124634760
124634773
124634781
124634796
124634807
124634819
124634828
124634840
124634855
124699913
124776543
124814084
124814205
124814214
124814215
124814218
124814221
124814225
124814232
124814234
124814688
124814825
124814836
124814843
124814848
124815532
124815534
124815535
124815537
124815543
124815544
124815547
124815552
124815558
124815560
124815561
124815563
124815571
124815573
124815575
124815577
124815579
124815587
124815588
124816031
124816035
124816038
124816044
124816055
124816369
124816372
124816373
124816376
124816379
124816395
124816404
124816659
124816703
124816800
124816811
124816815
124816821
124816824
124816828
124816833
124816836
124816841
124816845
124816849
124816854
124816859
124816883
124816887
124817293
124817321
124817439
124817443
124817444
124817447
124817450
124817462
124817464
124817465
124817620
124817963
124817971
124817979
124817985
124818008
124818012
124818015
124818020
124818024
124818028
124818033
124818037
124818040
124818064
124818069
124818092
124818095
124818099
124818105
124818189
124818194
124818196
124818200
124818533
124818535
124818715
124818717
124818720
124818721
124818723
124818732
124818733
124818736
124818749
124818754
124818758
124819041
124819569
124819576
124819577
124819579
124819586
124819587
124819593
124819596
124819599
124819601
124819604
124819607
124819611
124819672
124819673
124819674
124819676
124819679
124819680
124819683
124820191
124820204
124820218
124820228
124820237
124820490
124820491
124820493
124820497
124820924
124820990
124820998
124821037
124821040
124821045
124821049
124821053
124821078
124821079
124821082
124821084
124821086
124821087
124821088
124821089
124821212
124821215
124821220
124821224
124821228
124821231
124821235
124821239
124821243
124821851
124821852
124821855
124821857
124821860
124821864
124821867
124821871
124821875
124821878
124821883
124821886
124821890
124821893
124821897
124821903
124822093
124822130
124822183
124822580
124822587
124822592
124822641
124822645
124822646
124822713
124822717
124822720
124822724
124822727
124822731
124822735
124822739
124822743
124822754
124822761
124822776
124822788
124822808
124823381
124823416
124823417
124823419
124823552
124824282
124824286
124824291
124824296
124824300
124824303
124824308
124824312
124824317
124824319
124824322
124824324
124824326
124824327
124824328
124824333
124824334
124824335
124824337
124824440
124824891
124824893
124825019
124825029
124825052
124825056
124825067
124825087
124825112
124825468
124825539
124961500
124961502
124961503
124961505
124961507
124961509
124961511
124961512
124961513
124961514
124961515
124961520
124961522
124961523
124961525
124961527
124961528
124961529
124961535
124962525
124962527
124962528
124962529
124962533
124962538
124962974
124962986
124962994
124963013
124963025
124963042
124963056
124963071
124963081
124963178
124963184
124963193
124963270
124963333
124963343
124963362
124963372
124963379
124963387
124964527
124964550
124964560
124964573
124964589
124964594
124964604
124964613
124964620
124964627
124964632
124964635
124964643
124964648
124964660
124964668
124964684
124964690
125089560
125545751
125545753
125545754
125545756
125545757
125545759
125545761
125545763
125545766
125545767
125545769
125545772
125545774
125545775
125545776
125545777
125545779
125545781
125546540
125546544
125546546
125546554
125546556
125546557
125546559
125546943
125546954
125546963
125547009
125547018
125547026
125547032
125547075
125547086
125547094
125547135
125547141
125547147
125547153
125547160
125547167
125547176
125547179
125548050
125548057
125548060
125548064
125548071
125548078
125548081
125548085
125548205
125548207
125548211
125548212
125548218
125548245
125548267
125548294
125548301
125548304
125548309
125548313
125548318
125548325
125548329
125548462
125548830
125549259
125549261
125549264
125549266
125549267
125549269
125549270
125549273
125549274
125549275
125549624
125549633
125549649
125549667
125549676
125549739
125549749
125549758
125549821
125549832
125550078
125550080
125550082
125550083
125550086
125550739
125550741
125550745
125550750
125550926
125550929
125550933
125550958
125550964
125550968
125550973
125550977
125550982
125550987
125550991
125551008
125551009
125551011
125551015
125551017
125551462
125551473
125551479
125551485
125551496
125552285
125552296
125552304
125552360
125552373
125552379
125552388
125552399
125552414
125552599
125552600
125552601
125552603
125552612
125552614
125552615
125672579
125672582
125672588
125672594
125672601
125672605
125672610
125672611
125672615
125672619
125672725
125672727
125672728
125672733
125673174
125673395
125673406
125673485
125673497
125673506
125673515
125673526
125673540
125673553
125673564
125673577
125673586
125673596
125673600
125673611
125673624
125673636
125673640
125673819
125673837
125673839
125674221
125674230
125674243
125674262
125674282
125674289
125674405
125674468
125674469
125674471
125674472
125674501
125674506
125674514
125674521
125674530
125674542
125674910
125675067
125675068
125675070
125675071
125675072
125675075
125675076
125675078
125675079
125675080
125675081
125675082
125675083
125675084
125675502
125675510
125675518
125675524
125675534
125675543
125675547
125675549
125675651
125675655
125675656
125675658
125676123
125676147
125676248
125676249
125676250
125676251
125676253
125676255
125676256
125676257
125676258
125676259
125676262
125676263
125676265
125676266
125676270
125676271
125676275
125676276
125676790
125676796
125676797
125676801
125676802
125676803
125676804
125676861
125676949
125677338
125677339
125677342
125677343
125677390
125677392
125677395
125677397
125677398
125677399
125677400
125677402
125677404
125677746
125677761
125677774
125677780
125677784
125677788
125677820
125677828
125677866
125677871
125677883
125678122
125678130
125678212
125678214
125678215
125678216
125678217
125678219
125678220
125678222
125678223
125678227
125678262
125678314
125678326
125678341
125678355
125678366
125678378
125678391
125678809
125678810
125678812
125678813
125678814
125678815
125678816
125678817
125678818
125678822
125678823
125678824
125678826
125678827
125678828
125678829
125678830
125678831
125679359
125679360
125679361
125679362
125679422
125679427
125679431
125679435
125679441
125679446
125679453
125679463
125679471
125679476
125679489
125679496
125679506
125679519
125679529
125679541
125679553
125679570
125679882
125679912
125679969
125679992
125680090
125680163
125680173
125680532
125680533
125680534
125680535
125680650
125681073
125681074
125681075
125681076
125681079
125681080
125681081
125681082
125681083
125681084
125681087
125681088
125681094
125681097
125681098
125681100
125681103
125681107
125681511
125681699
125681706
125681710
125681740
125682112
125682121
125682127
125682138
125682152
125682160
125682216
125682250
125682255
125682261
125682268
125682271
125682277
125682280
125682285
125682286
125682293
125682294
125685420
125685421
125685422
125685423
125685424
125685425
