93003552
93003705
93003706
93003712
93003719
93003876
93003877
93003879
93004086
93004145
93004151
93004158
93004162
93004168
93004173
93004175
93004180
93004182
93004190
93004191
93006464
93006470
93006475
93006481
93006487
93006489
93006543
93006790
93006971
93006980
93007011
93007018
93007026
93007035
93007040
93007046
93007059
93007239
93007463
93007545
93010436
93010443
93010453
93010463
93010464
93010493
93010706
93010922
93010994
93010995
93010997
93010998
93010999
93011008
93011015
93011016
93011030
93011031
93011037
93011048
93014675
93014799
93014953
93014960
93015158
93015439
93015883
93016199
93016360
93016361
93016564
93016568
93016569
93016571
93016577
93016578
93016581
93016582
93016660
93016902
93019627
93019817
93019898
93019908
93019909
93019916
93019917
93019918
93019924
93019930
93019932
93019936
93019940
93020106
93020364
93020455
93020457
93020464
93020469
93020470
93024428
93024437
93024442
93024450
93024460
93024467
93024468
93024482
93024676
93024692
93024902
93024968
93024973
93024982
93024990
93024994
93024999
93025003
93025112
93025127
93029946
93030049
93030056
93030061
93030068
93030072
93030224
93030238
93030479
93030563
93030566
93030569
93030571
93030573
93030576
93030582
93030659
93030907
93031054
93031075
93033285
93033520
93033706
93033711
93033761
93033768
93033779
93033789
93033804
93033805
93033812
93033826
93034011
93034242
93034319
93034321
93034329
93034339
93034341
93034350
93037845
93037856
93037863
93037872
93037930
93037938
93037951
93037963
93037974
93037982
93037990
93038121
93038368
93038495
93038498
93038511
93038518
93038526
93038528
93038539
93041622
93041831
93041989
93042198
93042360
93042574
93042767
93043202
93043405
93043461
93043472
93043486
93043497
93043503
93043511
93043512
93043519
93043680
93043693
93043926
93401370
93401376
93401377
93401381
93401387
93401389
93401395
93401472
93401699
93401851
93401895
93401900
93401904
93401905
93401907
93401920
93401921
93401926
93401931
93406975
93406987
93406992
93406999
93407063
93407067
93407119
93407134
93407141
93407368
93407575
93407648
93407662
93407663
93407677
93407701
93407712
93407714
93407739
93411066
93411068
93411079
93411082
93411086
93411107
93411136
93411230
93411492
93411510
93411676
93411713
93411731
93411734
93411737
93411833
93412038
93412039
93412221
93415430
93415457
93415459
93415503
93415519
93415532
93415586
93415633
93415861
93416036
93416091
93416108
93416127
93416129
93416150
93416168
93416169
93416204
93416236
93421279
93421490
93421645
93421647
93421836
93422281
93422656
93422757
93422761
93422765
93422767
93422771
93422772
93422775
93422776
93422781
93422918
93422933
93423165
93426036
93426040
93426071
93426288
93426484
93426488
93426546
93426566
93426578
93426579
93426587
93426594
93426604
93426615
93426623
93426811
93426830
93427039
93427048
93430403
93430545
93430550
93430592
93430596
93430625
93430633
93430640
93430645
93430647
93430649
93430650
93430656
93430779
93431022
93431168
93431193
93431194
93431195
93434642
93434649
93434651
93434659
93434789
93434805
93435043
93435176
93435211
93435224
93435225
93435227
93435229
93435318
93435518
93435704
93435932
93436187
93436227
93440495
93440500
93440533
93440535
93440536
93440544
93440545
93440550
93440554
93440556
93440560
93440696
93440715
93440965
93440982
93441106
93441157
93441165
93441178
93444633
93444815
93444878
93444893
93444898
93444929
93444951
93444975
93445012
93445206
93445422
93445632
93445870
93445891
93445914
93445946
93445952
93445958
93446091
93448556
93448580
93448583
93448604
93448614
93448620
93448645
93448659
93448661
93448666
93448678
93448680
93448683
93448687
93448688
93448689
93448692
93448693
93448701
93449169
93449171
93449192
93449202
93449208
93449223
93449232
93449237
93449243
93449254
93449259
93449266
93449270
93449280
93449287
93449292
93449293
93449300
93449308
93449941
93449942
93449946
93449947
93449949
93449953
93449956
93449959
93449963
93449965
93449966
93449967
93449972
93449984
93450009
93450030
93450043
93450045
93450069
93559906
93559908
93559932
93559933
93559956
93559977
93559995
93559996
93559997
93559999
93569375
93570060
93570113
93570762
93570792
93570827
93570854
93570880
93570917
93570951
93571087
93571356
93571505
93571525
93571542
93571563
93571579
93571595
93571597
93571599
93571615
93571617
93575657
93575660
93575674
93575689
93575705
93575745
93575971
93575991
93576189
93576197
93576263
93576283
93576302
93576319
93576321
93576336
93576353
93576370
93576549
93767256
93767424
93767651
93768008
93768023
93768083
93768397
93768477
93768497
93768517
93768536
93768559
93768579
93768581
93768598
93768599
93768755
93769008
93769016
93769136
93772825
93772847
93772867
93772885
93772903
93772926
93772959
93773167
93773185
93773402
93773583
93773606
93773700
93773868
93774089
93774091
93774251
93774271
93774418
93774672
93778561
93778621
93778643
93778661
93778663
93778677
93778692
93778806
93778830
93779032
93779047
93779273
93779352
93779367
93779369
93779383
93779385
93779398
93779412
93779426
93783930
93784186
93784645
93784977
93785122
93785143
93785146
93785148
93785165
93785182
93785198
93785199
93785201
93785216
93785256
93785486
93785689
93785698
93785705
93785709
93788715
93788725
93788738
93788994
93789172
93789179
93789188
93789213
93789215
93789235
93789253
93789266
93789283
93789286
93789303
93789452
93789852
93790057
93790130
93790147
93793775
93793956
93794209
93794314
93794317
93794321
93794322
93794343
93794360
93794378
93794393
93794410
93794426
93794427
93794430
93794608
93794859
93794981
93795010
93795013
93799853
93799855
93799856
93799869
93799904
93800124
93800142
93800159
93800368
93800440
93800462
93800464
93800480
93800496
93800511
93800527
93800528
93800552
93800757
93800979
93804801
93804971
93804974
93805024
93805084
93805086
93805104
93805107
93805126
93805245
93805497
93805654
93805682
93805705
93805788
93805806
93805825
93805844
93805846
93805895
93809140
93809141
93809165
93809183
93809201
93809247
93809495
93809699
93809703
93809767
93809769
93809792
93809817
93809819
93809821
93809843
93809862
93809880
93809915
93809924
93814183
93814402
93814404
93814573
93814769
93815087
93815284
93815356
93815375
93815378
93815379
93815400
93815419
93815420
93815440
93815441
93815458
93815484
93815492
93815707
93818864
93819106
93819209
93819211
93819228
93819230
93819256
93819386
93819604
93819687
93819702
93819814
93820078
93820228
93820232
93820236
93820264
93820266
93820287
93820304
93823608
93823623
93823624
93823639
93823655
93823688
93823914
93824124
93824134
93824139
93824204
93824222
93824224
93824239
93824253
93824268
93824282
93824284
93824309
93824505
93828251
93828381
93828404
93828419
93828435
93828458
93828461
93828481
93828501
93828505
93828508
93828599
93828851
93829018
93829064
93829079
93829095
93829112
93829130
93829147
94203495
94203497
94203500
94203515
94203517
94203532
94203548
94203563
94203565
94203581
94203583
94203722
94203978
94204141
94204171
94204198
94204219
94204240
94204261
94209874
94209884
94210005
94210047
94210070
94210087
94210090
94210108
94210126
94210142
94210222
94210498
94210506
94210668
94210675
94210713
94210761
94210779
94210800
94214555
94214571
94214573
94214589
94214590
94214607
94214623
94214642
94214644
94214699
94214952
94215176
94215238
94215266
94215289
94215410
94215437
94215459
94215484
94218914
94218927
94219222
94219388
94219437
94219460
94219483
94219485
94219489
94219512
94219531
94219552
94219591
94219823
94220036
94220096
94220113
94220132
94220151
94224481
94224737
94224977
94225145
94225354
94225569
94225734
94226049
94226300
94226553
94226569
94226719
94226759
94226776
94226778
94226795
94226797
94226812
94226828
94231744
94231759
94231776
94231789
94231791
94231805
94231930
94232181
94232320
94232343
94232359
94232375
94232389
94232404
94232406
94232463
94232573
94232820
94233002
94236602
94236623
94236646
94236860
94236877
94236893
94236911
94237108
94237168
94237186
94237200
94237220
94237238
94237248
94237264
94237436
94237686
94237695
94237802
94241857
94242024
94242241
94242254
94242369
94242655
94243057
94243066
94243187
94243190
94243210
94243225
94243227
94243240
94243242
94243257
94243258
94243275
94243288
94247767
94247857
94248003
94248039
94248063
94248081
94248082
94248086
94248105
94248108
94248126
94248265
94248524
94248654
94248657
94248662
94248665
94248686
94248706
94252303
94252319
94252491
94252510
94252742
94252752
94252855
94252873
94252891
94252909
94252925
94252940
94252956
94253050
94253316
94253482
94253522
94253542
94253560
94257210
94257547
94257764
94257767
94257986
94258156
94258371
94258375
94258376
94258550
94258571
94258572
94258611
94259029
94259356
94259438
94259461
94259483
94259500
94263345
94263438
94263624
94263641
94263870
94263968
94263970
94263988
94264003
94264103
94264156
94264238
94264252
94264272
94264393
94264670
94264816
94264851
94264868
95406476
95406479
95406502
95406507
95406509
95406510
95406515
95406519
95406524
95406531
95406590
95406834
95406844
95407011
95407045
95407060
95407066
95407067
95407172
95407177
95410261
95410508
95410657
95410682
95410694
95410697
95410701
95410707
95410709
95410710
95410714
95410847
95411064
95411083
95411272
95411320
95411324
95411327
95411334
95411340
95414460
95414519
95414530
95414785
95414945
95414983
95414994
95415006
95415014
95415016
95415029
95415032
95415041
95415042
95415082
95415303
95415323
95415517
95415573
95415584
95418748
95418753
95418757
95418760
95418764
95418847
95419091
95419235
95419241
95419262
95419267
95419271
95419273
95419276
95419278
95419305
95419528
95419551
95419738
95419893
95422565
95422789
95422800
95422893
95422896
95422897
95422907
95422914
95422919
95422920
95422929
95422940
95422948
95423080
95423323
95423446
95423487
95423507
95423509
95423517
95426507
95426515
95426516
95426526
95426709
95426933
95426944
95427026
95427036
95427043
95427051
95427056
95427057
95427065
95427070
95427071
95427201
95427463
95427595
95427615
95430587
95430651
95430661
95430672
95430697
95430722
95430734
95430735
95430736
95430756
95430981
95431213
95431297
95431315
95431334
95431354
95431362
95431363
95431373
95431378
95434674
95434688
95434697
95434698
95434705
95434706
95434711
95434714
95434761
95434775
95435022
95435185
95435227
95435233
95435243
95435250
95435254
95435258
95435272
95435280
95438339
95438583
95438710
95438717
95438732
95438836
95438840
95438864
95438865
95438866
95438873
95438876
95438939
95439183
95439343
95439386
95439387
95439400
95439406
95439407
95442361
95442366
95442377
95442392
95442510
95442760
95442891
95442914
95442921
95443004
95443032
95443040
95443048
95443102
95443356
95443535
95443583
95443594
95443600
95443608
95446615
95446620
95446725
95446743
95446958
95447166
95447170
95447174
95447182
95447187
95447229
95447238
95447242
95447243
95447248
95447253
95447257
95447266
95447273
95447468
95555911
95556143
95556332
95556392
95556400
95556406
95556411
95556418
95556425
95556432
95556585
95556831
95556943
95556958
95556967
95557009
95557082
95557083
95557091
95557097
95560089
95560121
95560346
95560536
95560588
95560591
95560598
95560602
95560606
95560614
95560619
95560721
95560726
95560902
95561135
95561210
95561215
95561216
95561220
95561225
95564322
95564350
95564568
95564774
95564829
95564839
95564844
95564854
95564860
95564868
95564872
95565004
95565017
95565257
95565380
95565394
95565411
95565420
95565426
95565430
95568473
95568479
95568480
95568481
95568487
95568488
95568515
95568738
95568938
95569000
95569006
95569010
95569011
95569013
95569020
95569027
95569032
95569040
95569198
95569439
95572449
95572450
95572452
95572461
95572473
95572474
95572484
95572493
95572501
95572502
95572535
95572760
95572963
95573027
95573037
95573047
95573048
95573062
95573072
95573080
95576153
95576359
95576431
95576432
95576442
95576451
95576474
95576486
95576496
95576501
95576675
95576904
95577024
95577048
95577059
95577068
95577075
95577093
95577102
95577160
95580401
95580484
95580495
95580497
95580498
95580499
95580507
95580508
95580509
95580510
95580515
95580522
95580533
95580543
95580726
95580966
95581051
95581060
95581061
95583750
95583756
95583765
95583770
95583791
95583797
95584008
95584211
95584276
95584277
95584284
95584289
95584295
95584299
95584306
95584310
95584451
95584688
95584811
95584816
95587262
95587503
95587630
95587641
95587647
95587655
95587658
95587659
95587666
95587669
95587734
95587980
95588134
95588140
95588173
95588182
95588183
95588185
95590896
95590900
95590903
95590904
95590905
95590906
95590912
95590923
95591109
95591342
95591431
95591444
95591445
95591452
95591460
95591461
95591470
95591480
95591493
95591601
95594629
95594649
95594824
95594876
95594879
95594884
95594889
95594899
95594905
95594914
95594924
95595100
95595122
95595343
95595420
95595430
95595431
95595438
95595443
95595451
95598886
95598892
95598902
95598959
95599200
95599380
95599428
95599441
95599452
95599463
95599464
95599465
95599466
95599474
95599482
95599514
95599519
95599746
95599761
95599957
95602741
95602747
95602751
95602760
95602761
95602762
95602770
95602838
95602851
95603099
95603249
95603269
95603270
95603275
95603280
95603284
95603290
95603293
95603318
95603325
95606717
95607334
95607338
95607853
95607858
95607866
95607873
95607879
95607881
95607884
95607887
95607897
95608085
95608101
95608321
95608333
95608401
95608409
95608417
95608420
95608428
95610839
95610842
95610852
95610868
95610954
95611201
95611358
95611385
95611391
95611397
95611399
95611411
95611428
95611434
95611435
95611489
95611718
95611921
95611980
95612002
95619265
95619386
95619415
95619416
95619533
95619534
95619665
95619666
95619789
95620041
95620401
95620407
95620419
95620650
95620820
95620900
95620901
95620905
95620909
95620910
