93002011
93002012
93002013
93002017
93002021
93002027
93002033
93002062
93002252
93002457
93002458
93002609
93002770
93002975
93003181
93003343
93003389
93003391
93003393
93003395
93005903
93005904
93005912
93005913
93005914
93005918
93005919
93005925
93005932
93005933
93005935
93005941
93006027
93006278
93006290
93006425
93006428
93006432
93006437
93006459
93009333
93009341
93009349
93009480
93009730
93009859
93009869
93009878
93009885
93009892
93009899
93009900
93009901
93009909
93009979
93010227
93010389
93010420
93010429
93010435
93013701
93013891
93013900
93013907
93013942
93013950
93013954
93013956
93013960
93013963
93013964
93013965
93013969
93013985
93014184
93014399
93014464
93014465
93014469
93014473
93018819
93018825
93018833
93018838
93018839
93018844
93018845
93018907
93019151
93019323
93019354
93019361
93019368
93019373
93019381
93019382
93019386
93019399
93019593
93019613
93023091
93023094
93023098
93023109
93023113
93023227
93023475
93023601
93023603
93023613
93023615
93023619
93023622
93023626
93023630
93023631
93023780
93023789
93024184
93024394
93027143
93027151
93027158
93027166
93027169
93027275
93027545
93027557
93027571
93027689
93027706
93027866
93028023
93028228
93028428
93028587
93028829
93029216
93029542
93029790
93032673
93032679
93032683
93032684
93032689
93032692
93032698
93032703
93032704
93032800
93032812
93033064
93033201
93033216
93033221
93033227
93033230
93033234
93033235
93033242
93036640
93036641
93036657
93036856
93036870
93036884
93037094
93037100
93037106
93037160
93037162
93037170
93037177
93037178
93037187
93037194
93037203
93037204
93037350
93037627
93040333
93040347
93040595
93040725
93040728
93040729
93040732
93040739
93040740
93040750
93040758
93040767
93040768
93040777
93040782
93040872
93041118
93041140
93041429
93041621
93045825
93046069
93046226
93046264
93046265
93046266
93046272
93046275
93046277
93046278
93046283
93046286
93046288
93046315
93046537
93046738
93046788
93046795
93046799
93400064
93400078
93400258
93400511
93400614
93400617
93400651
93400691
93400719
93400758
93400789
93400815
93400934
93400947
93400965
93401211
93401333
93401357
93401359
93405415
93405707
93406095
93406108
93406315
93406362
93406399
93406437
93406453
93406457
93406462
93406488
93406697
93406896
93406908
93406970
93406971
93406972
93406974
93409875
93409882
93409887
93410130
93410337
93410401
93410416
93410423
93410437
93410441
93410442
93410447
93410448
93410449
93410453
93410603
93410618
93410839
93411012
93414612
93414765
93414779
93414793
93414794
93414802
93414803
93414810
93414813
93414818
93414823
93414824
93414892
93415151
93415329
93415337
93415390
93415392
93415417
93418340
93418597
93418616
93418828
93418865
93418884
93418903
93419018
93419236
93419410
93419428
93419665
93420065
93420398
93420663
93420941
93420943
93421108
93421111
93425251
93425252
93425267
93425273
93425277
93425279
93425282
93425283
93425285
93425286
93425305
93425413
93425675
93425836
93425884
93425911
93425921
93425980
93425983
93429023
93429056
93429121
93429125
93429126
93429131
93429371
93429703
93429805
93429808
93429829
93429849
93429869
93429893
93429894
93429913
93429932
93429937
93430118
93433316
93433553
93433761
93433850
93433878
93433904
93433907
93433940
93433969
93433983
93433994
93434219
93434474
93434589
93434592
93434609
93434624
93434625
93434635
93439488
93439509
93439526
93439545
93439564
93439584
93439604
93439806
93439877
93439896
93439904
93439912
93439918
93439924
93439926
93440082
93440313
93440480
93440487
93442970
93442996
93442998
93443003
93443006
93443009
93443122
93443369
93443381
93443506
93443548
93443609
93443804
93443972
93444128
93444284
93444285
93444323
93444430
93448220
93448321
93448356
93448396
93448399
93448401
93448404
93448426
93448428
93448458
93448467
93448468
93448475
93448481
93448489
93448500
93448505
93448530
93448532
93448997
93449002
93449003
93449008
93449013
93449018
93449022
93449027
93449029
93449049
93449051
93449077
93449080
93449082
93449106
93449130
93449131
93449140
93449167
93449695
93449722
93449745
93449771
93449794
93449819
93449821
93449845
93449863
93449872
93449879
93449885
93449896
93449902
93449907
93449914
93449915
93449926
93449932
93558244
93558258
93558310
93558478
93558523
93558615
93558867
93559086
93559164
93559197
93559235
93559265
93559281
93559299
93559315
93559463
93559728
93559853
93559881
93568952
93569512
93569534
93569553
93569577
93569708
93569720
93569981
93570178
93570193
93570207
93570235
93570438
93570670
93570757
93570759
93574545
93574795
93574941
93574969
93574991
93575010
93575027
93575048
93575050
93575052
93575053
93575073
93575151
93575410
93575578
93575616
93575619
93575635
93575638
93765163
93765190
93765330
93765357
93765379
93765400
93765419
93765437
93765454
93765457
93765459
93765461
93765544
93765861
93766177
93766428
93766697
93766880
93767087
93771432
93771433
93771456
93771479
93771613
93771626
93771645
93771657
93771903
93772029
93772055
93772077
93772100
93772120
93772240
93772258
93772338
93772598
93772610
93772783
93777385
93777387
93777404
93777420
93777440
93777555
93777810
93777821
93777834
93777971
93777999
93778001
93778015
93778026
93778038
93778054
93778056
93778071
93778144
93778397
93782102
93782190
93782192
93782203
93782221
93782238
93782240
93782257
93782259
93782274
93782292
93782433
93782681
93782815
93782818
93783008
93783198
93783365
93783582
93783749
93787939
93787955
93787956
93787959
93787980
93787996
93788014
93788016
93788031
93788106
93788117
93788379
93788538
93788583
93788602
93788620
93788634
93788636
93788649
93788664
93792995
93793007
93793023
93793040
93793059
93793077
93793078
93793098
93793137
93793364
93793581
93793655
93793658
93793676
93793678
93793698
93793717
93793735
93793753
93793773
93796999
93797134
93797371
93797505
93797542
93797558
93797693
93797910
93797911
93797913
93798133
93798300
93798573
93798975
93799292
93799542
93799705
93799820
93799836
93799837
93803158
93803161
93803182
93803201
93803204
93803236
93803455
93803659
93803776
93803805
93803827
93803829
93803848
93803869
93803888
93803904
93804101
93804363
93804483
93804580
93808410
93808428
93808429
93808431
93808433
93808451
93808453
93808454
93808468
93808490
93808501
93808570
93808824
93809010
93809019
93809029
93809035
93809094
93809119
93809137
93812335
93812484
93812491
93812494
93812519
93812540
93812560
93812580
93812599
93812601
93812620
93812693
93813007
93813364
93813373
93813620
93813789
93813791
93814008
93814179
93817943
93817958
93817973
93817987
93818006
93818008
93818215
93818448
93818560
93818564
93818584
93818587
93818590
93818592
93818606
93818622
93818624
93818639
93818657
93818676
93822457
93822477
93822500
93822521
93822776
93822788
93822911
93822915
93822936
93822953
93822971
93822990
93822992
93823010
93823027
93823116
93823371
93823537
93823576
93823592
93826714
93826751
93826769
93826771
93826786
93826800
93826815
93826834
93826868
93827087
93827301
93827505
93827670
93827789
93827790
93827808
93827823
93827838
93827855
93828003
93985737
93985739
93985754
93985771
93985791
93985896
93986178
94005616
94019813
94044590
94066452
94201132
94202272
94202288
94202303
94202324
94202520
94202776
94202848
94202851
94202872
94202888
94202890
94202904
94202922
94202936
94202950
94203109
94203355
94203368
94203476
94206648
94206865
94206867
94206869
94206871
94207088
94207255
94207492
94207866
94208282
94208513
94208732
94208948
94209117
94209119
94209335
94209462
94209478
94209628
94212800
94212875
94213198
94213590
94213788
94213790
94213805
94213824
94213839
94213855
94213856
94213858
94213860
94213876
94213956
94213967
94214344
94214513
94214552
94218064
94218083
94218085
94218104
94218123
94218141
94218143
94218162
94218288
94218309
94218566
94218703
94218729
94218753
94218773
94218775
94218799
94218821
94218842
94222069
94222083
94222098
94222135
94222367
94222383
94222404
94222594
94222602
94222609
94222653
94222760
94222929
94223143
94223312
94223530
94223531
94223707
94224062
94229631
94229671
94229917
94230219
94230229
94230496
94230689
94230879
94231109
94231125
94231141
94231156
94231157
94231335
94231575
94231686
94231723
94231740
94231742
94235638
94235658
94235667
94235783
94235809
94235828
94235843
94235844
94235860
94235878
94235894
94235976
94236229
94236241
94236378
94236407
94236433
94236463
94236583
94239520
94239532
94239789
94239799
94239963
94239969
94240002
94240023
94240038
94240051
94240121
94240286
94240468
94240833
94241202
94241255
94241477
94241642
94245967
94245986
94246004
94246020
94246036
94246082
94246094
94246105
94246363
94246550
94246596
94246814
94247071
94247260
94247281
94247301
94247325
94247331
94247535
94251372
94251530
94251532
94251575
94251597
94251613
94251626
94251643
94251660
94251701
94251923
94251937
94252145
94252152
94252217
94252239
94252255
94252269
94252285
94255631
94255650
94255652
94255728
94255989
94255999
94256180
94256185
94256225
94256243
94256266
94256294
94256316
94256325
94256327
94256500
94256515
94256554
94256762
94261645
94261896
94262029
94262057
94262074
94262088
94262102
94262116
94262130
94262173
94262411
94262612
94262672
94262690
94262692
94262739
94262955
94263121
94263343
94610436
94610570
94610586
94610820
94610926
94610927
94610935
94610940
94610943
94610947
94610951
94610955
94611027
94611052
94611292
94611434
94611456
94611458
94611460
94614187
94614191
94614197
94614198
94614294
94614618
94614945
94615138
94615348
94615503
94615710
94615866
94616070
94616243
94616637
94616928
94616994
94617005
94617026
94620360
94620381
94620401
94620403
94620407
94620423
94620438
94620450
94620500
94620764
94620950
94621008
94621035
94621063
94621087
94621090
94621110
94621130
94621144
94624803
94624814
94624822
94624823
94624824
94624834
94624836
94624999
94625015
94625256
94625349
94625363
94625373
94625374
94625381
94625382
94625389
94625390
94628340
94628692
94629079
94629362
94629550
94629721
94629924
94630079
94630289
94630445
94630696
94631124
94631483
94631490
94631630
94631654
94631677
94631692
94631710
94635066
94635072
94635073
94635075
94635080
94635084
94635085
94635089
94635098
94635278
94635502
94635585
94635591
94635595
94635596
94635600
94635607
94635608
94638565
94638730
94638750
94638986
94638996
94639069
94639070
94639076
94639084
94639093
94639101
94639108
94639117
94639227
94639474
94639611
94639613
94639645
94639662
94642446
94642595
94642597
94642612
94642620
94642641
94642647
94642653
94642674
94642720
94642730
94642973
94643162
94643164
94643219
94643254
94643271
94643285
94643291
94646679
94646693
94646694
94646695
94646696
94646705
94646713
94646721
94646744
94646758
94646761
94646769
94646978
94647218
94647318
94647326
94647332
94647337
94647342
94650240
94650242
94650260
94650261
94650305
94650317
94650578
94650597
94650789
94650863
94650887
94650910
94650929
94650930
94650935
94650943
94650944
94650959
94650967
94654440
94654442
94654453
94654460
94654469
94654471
94654480
94654481
94654489
94654497
94654573
94654822
94654982
94654987
94655017
94655026
94655035
94655045
94655072
94657820
94657826
94657829
94657831
94657832
94657837
94657851
94658040
94658256
94658326
94658332
94658337
94658338
94658347
94658351
94658352
94658353
94658355
94658358
94661096
94661102
94661104
94661111
94661124
94661133
94661134
94661135
94661136
94661137
94661140
94661141
94661311
94661547
94661644
94661656
94661665
94661672
94661676
94663879
94663880
94664021
94664258
94664370
94664379
94664384
94664387
94664392
94664393
94664400
94664411
94664463
94664474
94664714
94664869
94664913
94664916
94664921
94667582
94667588
94667641
94667643
94667644
94667661
94667672
94667681
94667689
94667690
94667691
94667703
94667731
94667950
94668157
94668224
94668228
94668236
94668250
94670963
94670971
94670977
94670982
94670995
94671000
94671008
94671072
94671317
94671470
95071844
95071850
95071969
95071980
95072282
95072298
95072309
95072415
95072424
95072438
95072439
95072554
95072675
95072694
95072707
95072791
95073035
95073195
95073226
95073230
95076561
95076563
95076586
95076726
95076968
95077091
95077095
95077173
95077190
95077218
95077219
95077225
95077231
95077233
95077239
95077245
95077333
95077582
95077829
95078005
95081633
95081640
95081642
95081644
95081755
95081763
95081821
95081822
95082028
95082270
95082379
95082380
95082389
95082390
95082391
95082400
95082409
95082418
95082426
95082436
95085648
95085681
95085682
95085695
95085701
95085705
95085712
95085855
95086099
95086107
95086119
95086215
95086219
95086221
95086223
95086226
95086234
95086236
95086241
95086249
95088947
95088953
95088958
95088963
95088969
95088973
95089042
95089284
95089448
95089484
95089492
95089497
95089502
95089507
95089512
95089525
95089708
95089939
95090023
95090032
95092782
95092787
95092788
95092794
95092797
95092803
95092806
95092853
95093090
95093268
95093308
95093312
95093317
95093321
95093324
95093325
95093328
95093336
95093514
95093741
95096307
95096437
95096679
95096802
95096819
95096827
95096833
95096840
95096842
95096847
95096855
95096856
95096917
95097158
95097323
95097363
95097364
95097370
95097376
95097382
95100382
95100385
95100394
95100399
95100402
95100406
95100411
95100418
95100607
95100829
95100911
95100919
95100927
95101018
95101033
95101038
95101043
95101044
95101048
95101149
95104003
95104013
95104015
95104022
95104122
95104134
95104382
95104513
95104540
95104547
95104553
95104559
95104560
95104562
95104564
95104573
95104574
95104661
95104761
95105014
95108184
95108258
95108259
95108268
95108276
95108336
95108386
95108395
95108396
95108398
95108403
95108404
95108560
95108792
95108904
95108907
95108910
95108918
95108922
95108928
95111970
95111971
95111982
95111989
95111991
95112000
95112001
95112013
95112023
95112181
95112430
95112444
95112600
95112641
95112650
95112659
95112661
95112662
95112663
95112664
95115579
95115582
95115583
95115699
95115715
95115955
95116078
95116086
95116090
95116093
95116096
95116099
95116100
95116102
95116106
95116108
95116177
95116424
95116583
95116629
95119378
95119389
95119395
95119401
95119402
95119408
95119421
95119429
95119623
95119841
95119851
95119929
95119949
95119951
95119969
95119972
95119973
95119980
95119988
95119991
95122682
95122924
95123092
95123129
95123143
95123156
95123168
95123169
95123172
95123178
95123194
95123202
95123206
95123419
95123619
95123688
95123694
95123699
95123702
95123704
95233041
95233056
95233069
95235513
95235593
95235825
95235846
95236011
95236060
95236068
95236074
95236075
95236083
95236087
95236091
95236099
95236284
95236527
95236536
95236626
95236647
95236648
95236652
95239367
95239590
95239684
95239690
95239695
95239701
95239707
95239711
95239712
95239720
95239721
95239827
95239844
95240091
95240109
95240235
95240263
95240283
95240302
95240314
95243532
95243555
95243757
95243773
95243788
95243806
95244003
95244072
95244091
95244111
95244123
95244134
95244140
95244150
95244152
95244321
95244555
95244647
95247274
95247289
95247521
95247641
95247661
95247663
95247664
95247679
95247680
95247686
95247690
95247694
95247697
95247779
95247791
95248035
95248175
95248205
95248211
95248212
95405308
95405311
95405312
95405314
95405473
95405491
95405725
95405809
95405828
95405918
95405963
95405969
95405974
95405980
95406056
95406068
95406085
95406326
95409259
95409441
95409485
95409486
95409505
95409518
95409623
95409628
95409634
95409639
95409813
95410042
95410138
95410155
95410163
95410167
95410172
95410177
95410179
95410251
95413625
95413714
95413724
95413734
95413742
95413749
95413756
95413773
95413775
95413884
95413901
95414149
95414282
95414289
95414291
95414303
95414412
95414423
95414437
95414448
95417589
95417596
95417627
95417636
95417871
95418058
95418110
95418117
95418122
95418128
95418130
95418131
95418137
95418138
95418196
95418416
95418648
95418734
95418735
95418743
95421688
95421697
95421707
95421708
95421709
95421711
95421718
95421749
95421976
95422172
95422326
95422334
95422335
95422345
95422353
95422362
95422369
95422370
95422379
95422547
95425408
95425496
95425742
95425897
95425919
95425927
95425932
95425939
95425946
95425950
95425975
95426187
95426199
95426416
95426475
95426484
95426490
95426491
95426492
95426501
95429481
95429491
95429502
95429509
95429602
95429619
95429639
95429888
95430018
95430036
95430046
95430055
95430056
95430057
95430066
95430082
95430091
95430149
95430159
95430411
95433495
95433498
95433499
95433502
95433505
95433508
95433623
95433864
95433882
95433996
95434017
95434024
95434029
95434032
95434083
95434139
95434204
95434448
95434603
95434607
95437527
95437580
95437587
95437597
95437603
95437608
95437617
95437625
95437797
95438063
95438069
95438154
95438155
95438161
95438171
95438181
95438196
95438204
95438209
95438222
95441210
95441468
95441642
95441700
95441705
95441711
95441718
95441728
95441817
95441840
95441841
95441846
95442023
95442250
95442262
95442343
95442344
95442350
95442356
95442357
95445548
95445676
95445911
95446043
95446058
95446067
95446073
95446077
95446083
95446087
95446135
95446378
95446552
95446589
95446590
95446596
95446597
95446598
95446604
95446614
95453589
95453590
95453591
95453592
95453593
95555115
95555122
95555124
95555128
95555131
95555137
95555143
95555214
95555467
95555660
95555668
95555700
95555714
95555726
95555727
95555740
95555741
95555756
95555809
95555820
95559399
95559429
95559433
95559439
95559441
95559453
95559548
95559551
95559557
95559558
95559620
95559863
95560026
95560050
95560066
95560070
95560071
95560077
95560081
95560087
95563273
95563513
95563627
95563638
95563649
95563655
95563659
95563664
95563670
95563732
95563978
95564149
95564185
95564265
95564299
95564300
95564301
95564307
95564314
95564321
95567428
95567674
95567819
95567851
95567858
95567860
95567869
95567877
95567887
95567896
95567897
95567954
95567962
95568208
95568220
95568404
95568445
95568459
95568460
95568466
95571340
95571349
95571356
95571446
95571695
95571838
95571870
95571871
95571874
95571882
95571893
95571902
95571909
95571919
95571957
95572193
95572210
95572393
95572446
95572448
95575280
95575295
95575296
95575302
95575311
95575314
95575316
95575320
95575400
95575649
95575802
95575841
95575852
95575861
95575870
95575881
95575883
95575893
95575920
95575927
95579370
95579372
95579390
95579598
95579615
95579626
95579643
95579829
95579896
95579898
95579912
95579920
95579921
95579930
95579932
95579939
95579942
95579954
95580134
95580151
95582685
95582687
95582692
95582837
95583071
95583181
95583192
95583197
95583202
95583207
95583208
95583209
95583211
95583214
95583292
95583565
95583717
95583740
95583746
95583749
95586306
95586464
95586494
95586513
95586520
95586541
95586546
95586551
95586571
95586768
95587010
95587085
95587093
95587098
95587105
95587106
95587108
95587116
95587119
95587122
95589790
95589795
95589868
95590138
95590297
95590329
95590334
95590338
95590343
95590354
95590361
95590378
95590566
95590794
95590875
95590877
95590880
95590888
95590890
95590892
95593790
95593791
95593792
95593800
95593808
95593881
95594133
95594291
95594324
95594325
95594333
95594341
95594348
95594354
95594355
95594357
95594363
95594402
95597759
95597769
95597793
95597798
95598012
95598233
95598288
95598297
95598304
95598314
95598321
95598330
95598340
95598465
95598721
95598849
95598860
95598861
95598868
95598876
95601692
95601694
95601695
95601701
95601714
95601904
95602122
95602194
95602202
95602211
95602214
95602219
95602223
95602228
95602323
95602336
95602580
95602707
95602732
95602740
95606168
95606169
95606181
95606186
95606187
95606193
95606200
95606750
95606765
95607319
95607797
95609768
95609971
95610092
95610154
95610159
95610181
95610202
95610209
95610227
95610228
95610235
95610236
95610411
95610659
95610786
95610789
95610807
95610811
95610832
95610838
95616565
95616695
95616817
95616965
95617319
95617361
95617687
95617907
95618067
95618075
95618080
95618086
95618111
95618113
95618369
95618381
95618398
95618758
95618979
95619101
