131494225
131494227
131494228
131494229
131494236
131494237
131494241
131494242
131494245
131494247
131494252
131494259
131494263
131494264
131494265
131494267
131494268
131494270
131494603
131494632
131494881
131494885
131494887
131494890
131494892
131494895
131494897
131494899
131494901
131494904
131494911
131494912
131494914
131495426
131495429
131495432
131495433
131495434
131495435
131495436
131495437
131495439
131495440
131495441
131495443
131496259
131496283
131496384
131496412
131496421
131496449
131496456
131496482
131496492
131496543
131496565
131496570
131496575
131496581
131496586
131496591
131496596
131496600
131496604
131496854
131496883
131496929
131496940
131497020
131497034
131497099
131497118
131497322
131497324
131497328
131497329
131497330
131497331
131497334
131497336
131497870
131497872
131497875
131497877
131497878
131497881
131497884
131497886
131497889
131497892
131497899
131497901
131497903
131498441
131498464
131498634
131498957
131498960
131498961
131498963
131498967
131498969
131499011
131499562
131499569
131499571
131499577
131499582
131499583
131499584
131499585
131499586
131499595
131499629
131499649
131499659
131499672
131499709
131499730
131499780
131499808
131500186
131500722
131500901
131500902
131500905
131500907
131500908
131500909
131500912
131500914
131500920
131500928
131500929
131500934
131500936
131500939
131500940
131500942
131500944
131500950
131501550
131501555
131501814
131501878
131501943
131501960
131501969
131501984
131502056
131502076
131502111
131502117
131502153
131502159
131502163
131502170
131502173
131502177
131502179
131502184
131502189
131502932
131502940
131502952
131503004
131503017
131503034
131503076
131503292
131503311
131503330
131503517
131503523
131504128
131504132
131504147
131504154
131504171
131504172
131504175
131504252
131504256
131504267
131504284
131504390
131504454
131504475
131504528
131504541
131504874
131504876
131504879
131504888
131504889
131504891
131504893
131504894
131504896
131504898
131504899
131504900
131505500
131505502
131505510
131505511
131505512
131505513
131506104
131506109
131506113
131506114
131506115
131506119
131506123
131506124
131506125
131506126
131506129
131506136
131506140
131506143
131506145
131506146
131506151
131506152
131506155
131506778
131506779
131506781
131506784
131506786
131506787
131506789
131506790
131506791
131506792
131506794
131506799
131506801
131506803
131506804
131506810
131506815
131506817
131506820
131507423
131507435
131507437
131507439
131507440
131507441
131508207
131508211
131508212
131508216
131508220
131508237
131508238
131508239
131508245
131508252
131508256
131508258
131508259
131508262
131508271
131508272
131508274
131508276
131508279
131508893
131508896
131508897
131508899
131508908
131508910
131508911
131508913
131508917
131508918
131508919
131509522
131509535
131509537
131509538
131509540
131509542
131509545
131509547
131509549
131509552
131509558
131509560
131509561
131509562
131510085
131510212
131510221
131510223
131510224
131510225
131510226
131510227
131510228
131510230
131510232
131510233
131510234
131510236
131510237
131511027
131511245
131511320
131511433
131511437
131511441
131511449
131511463
131511466
131511467
131511469
131511473
131511475
131511941
131511993
131512159
131512164
131512169
131512171
131512178
131512181
131512182
131512184
131512186
131512189
131512191
131512192
131512194
131512197
131512211
131512240
131512249
131512282
131512300
131512807
131512810
131513393
131513394
131513404
131513969
131513973
131513985
131513992
131513997
131514278
131514281
131514429
131514486
131514516
131514554
131514581
131514703
131514717
131514749
131514772
131514818
131514851
131514913
131514959
131515003
131515024
131515040
131515070
131515088
131515130
131515146
131515155
131515162
131515190
131515199
131543521
131616323
131616324
131616326
131616332
131616336
131616338
131616344
131616345
131616348
131616350
131616402
131616408
131616411
131616413
131616414
131616416
131616420
131616423
131616425
131616426
131616434
131616439
131616441
131616444
131616583
131616588
131616590
131616591
131616594
131616596
131616598
131616602
131616604
131616608
131616615
131616621
131616721
131616724
131616725
131616727
131616735
131616740
131616742
131616751
131616754
131616925
131616933
131616935
131616936
131617016
131617017
131617019
131617020
131617028
131617029
131617030
131617032
131617035
131617040
131617042
131617044
131617047
131617050
131617051
131617254
131617262
131617264
131617265
131617267
131617268
131617274
131617281
131617282
131617283
131617287
131617299
131617300
131617301
131617303
131617305
131617309
131617311
131617312
131617474
131617478
131617480
131617481
131617485
131617487
131617506
131617510
131617512
131617513
131617525
131617526
131617532
131617541
131617546
131617671
131617673
131617694
131617696
131617724
131617728
131617729
131617733
131617735
131617737
131617746
131617880
131617882
131617883
131617884
131617887
131617899
131617904
131617905
131617908
131617910
131617913
131617920
131617921
131617922
131617932
131617934
131617935
131617936
131617937
131618115
131618118
131618121
131618125
131618128
131618129
131618130
131618134
131618135
131618136
131618138
131618141
131618143
131618146
131618169
131618175
131618182
131618194
131618378
131618382
131618384
131618386
131618391
131618394
131618395
131618405
131618411
131618412
131618417
131618418
131618431
131618437
131618440
131618446
131618449
131618452
131618458
131618639
131618641
131618644
131618648
131618653
131618654
131618657
131618658
131618659
131618664
131618670
131618677
131618679
131618681
131618683
131618684
131618685
131618691
131618692
131619023
131619026
131619032
131619052
131619053
131619059
131619076
131619078
131619079
131619080
131619333
131619339
131619340
131619341
131619349
131619352
131619362
131619363
131619369
131619370
131619371
131619381
131619383
131619387
131619388
131619531
131619536
131619540
131619550
131619557
131619618
131619621
131619668
131619670
131619679
131619685
131619686
131619718
131619926
131619933
131619968
131619997
131620010
131620022
131620026
131620028
131620031
131620144
131620147
131620150
131620155
131620164
131620166
131620168
131620172
131620175
131620177
131620180
131620183
131620187
131620470
131620472
131620473
131620474
131620479
131620486
131620487
131620488
131620489
131620494
131620727
131620733
131620734
131620740
131620750
131620754
131620757
131620759
131620765
131620778
131620787
131620793
131620802
131620817
131620825
131620830
131620832
131620838
131621275
131621280
131621282
131621284
131621290
131621293
131621295
131621298
131621301
131621303
131621319
131621330
131621333
131621337
131621338
131621339
131621343
131621345
131621346
131621628
131621632
131621635
131621638
131621640
131621652
131621775
131621776
131621779
131621782
131621783
131621785
131621790
131621794
131621897
131621899
131621910
131621916
131621924
131621933
131621935
131621947
131621949
131621952
131622037
131622053
131622056
131622146
131622147
131622148
131622159
131622161
131622163
131622167
131622174
131622175
131622178
131622184
131622190
131622193
131622201
131622206
131622216
131622226
131622229
131622234
131622527
131622529
131622532
131622610
131622614
131622616
131622627
131622632
131622634
131622636
131622641
131622644
131622646
131622650
131622654
131622656
131622657
131622668
131622670
131622673
131622674
131622675
131623050
131623054
131623057
131623059
131623061
131623063
131623064
131623070
131623076
131623079
131623080
131623083
131623085
131623087
131623088
131623093
131623098
131623101
131623104
131759224
131759234
131759236
131759250
131759252
131759270
131759275
131759284
131759304
131759308
131759315
131759339
131759356
131759375
131759449
131759503
131759930
131759933
131759934
131759942
131759944
131759945
131759946
131759947
131760836
131760854
131760867
131760885
131761109
131761218
131761229
131761260
131761319
131761436
131761453
131761465
131761508
131761634
131761665
131761679
131761721
131761794
131761806
131761835
131762370
131762382
131762394
131762439
131762487
131762499
131762552
131762622
131762627
131762651
131762667
131762686
131762703
131763622
131763623
131763625
131763626
131763627
131763630
131763633
131763639
131763642
131763645
131763649
131763653
131763662
131763665
131763671
131763675
131763692
131763694
131763698
131764298
131764302
131764312
131764334
131764344
131764376
131764412
131764427
131764506
131764508
131764566
131764596
131764608
131764998
131764999
131765001
131765007
131765014
131765015
131765465
131765477
131765488
131765506
131765524
131765533
131765538
131765550
131766141
131766166
131766170
131766178
131766183
131766190
131766197
131766207
131766208
131766218
131766219
131766221
131766223
131766233
131766234
131766240
131766243
131766274
131766280
131766291
131766303
131766319
131766338
131766355
131766368
131766956
131766968
131766975
131766980
131767001
131767020
131767023
131767025
131767037
131767041
131767042
131767048
131767054
131767076
131767739
131767758
131767774
131767910
131767913
131767925
131767980
131768044
131768097
131768099
131768155
131768208
131768235
131768269
131768284
131769218
131769221
131769241
131769252
131769254
131769255
131769256
131769268
131769273
131769276
131769278
131769279
131769286
131769290
131769293
131769297
131769302
131769308
131769312
131770005
131770012
131770027
131770058
131770086
131770101
131770132
131770153
131770181
131770256
131771379
131771389
131771400
131771404
131771408
131771414
131771421
131771440
131772191
131772194
131772774
131772777
131772779
131772782
131772784
131772788
131772790
131772792
131772932
131772944
131772962
131773005
131773025
131773097
131773128
131773138
131773165
131773190
131773218
131773244
131773271
131773338
131773340
131773341
131774017
131774039
131774070
131774081
131774091
131774114
131774140
131774150
131774154
131774176
131774194
131774203
131774208
131774214
131774216
131774221
131774787
131774796
131774807
131774821
131774834
131774840
131774844
131774849
131774854
131774860
131774862
131774867
131774868
131774870
131774874
131774879
131774888
131774899
131774909
131775557
131775566
131775577
131775582
131775586
131775613
131776148
131776165
131776226
131776247
131776273
131776331
131776360
131776373
131776380
131776392
131776440
131776464
131776468
131776471
131776476
131776497
131776520
131776522
131777205
131777207
131777216
131777220
131777222
131777223
131777233
131777237
131777242
131777245
131777247
131777250
131777256
131777258
131777263
131777266
131777268
131777272
131777274
131778035
131778039
131778047
131778052
131778054
131778055
131778061
131778610
131778625
131778647
131778684
131778695
131778704
131778710
131778717
131778718
131778719
131778725
131778730
131778735
131778736
131778737
131778740
131778741
131778743
131779359
131779370
131779375
131779377
131779379
131779381
131779383
131779387
131779391
131779392
131779394
131779395
131780237
131780245
131780275
131780280
131780282
131780288
131780297
131780300
131780303
131780305
131780309
131780312
131780318
131780325
131780327
131780328
131780330
131780331
131781046
131781048
131781620
131781622
131781625
131781626
131781630
131781635
131781647
131781649
131781652
131781653
131781654
131781655
131781657
131781658
131781670
131781700
131781785
131783059
131783063
131783065
131783077
131783078
131783663
131783680
131783681
131783688
131783698
131783701
131783708
131783712
131783713
131783714
131783715
131783726
131783728
131783729
131783733
131783734
131783738
131783739
131783741
131785867
132058474
132058476
132058479
132058480
132058481
132058482
132058484
132058490
132058492
132058494
132058496
132058500
132058521
132058523
132058525
132059041
132059045
132059046
132059047
132059049
132059051
132059058
132059060
132059061
132059734
132059735
132059736
132059748
132059759
132059780
132059805
132059840
132059859
132059877
132059956
132060019
132060027
132060094
132060120
132060125
132060133
132060221
132060843
132060866
132060875
132060892
132060904
132060914
132060918
132060923
132060928
132060937
132060947
132060951
132060955
132060958
132060967
132060978
132060979
132060982
132061601
132061608
132061616
132061638
132061640
132061648
132061681
132061692
132061695
132061709
132062604
132062607
132062608
132062609
132062612
132062616
132062620
132062622
132062623
132062625
132062627
132063192
132063194
132063196
132063198
132063199
132063201
132063203
132063204
132063205
132063206
132063208
132063761
132063769
132063776
132063779
132063781
132063907
132063919
132063925
132063956
132064035
132064069
132064095
132064117
132064643
132064661
132064782
132064849
132064883
132064932
132064971
132064991
132065002
132065004
132065011
132065038
132065050
132065055
132065071
132065078
132065083
132065163
132065171
132065189
132065226
132065272
132065298
132065320
132065332
132065779
132065783
132065804
132065833
132065834
132065836
132065851
132065853
132065855
132065857
132065861
132065867
132065873
132065879
132065900
132065904
132065912
132066295
132066313
132066335
132066346
132066645
132066648
132066649
132066650
132066652
132066654
132066656
132066658
132066660
132066663
132066664
132066665
132066666
132067132
132067163
132067180
132067193
132067202
132067206
132067213
132067214
132067217
132067221
132067222
132067242
132067276
132067277
132067278
132067280
132067282
132067286
132067827
132067832
132067851
132067873
132067878
132067884
132067955
132067957
132067958
132067960
132067961
132067962
132067963
132067964
132067966
132067968
132067970
132068277
132068285
132068321
132068332
132068351
132068363
132068481
132068485
132068486
132068503
132068504
132068505
132068506
132069021
132069051
132069056
132069062
132069063
132069064
132069066
132069067
132069072
132069073
132069076
132069679
132069826
132069845
132069847
132069850
132069904
132069907
132069919
132069952
132069999
132070037
132070073
132070104
132070133
132070276
132070277
132070331
132070339
132070390
132070413
132070423
132070427
132070652
132071426
132071427
132071437
132071440
132071445
132071449
132071450
132071455
132071460
132071461
132071463
132071478
132071482
132071484
132071487
132071488
132071491
132071492
132072123
132072813
132072814
132072820
132072829
132072830
132072831
132072839
132072840
132072843
132072846
132072847
132072851
132072857
132072868
132072871
132072872
132072875
132072876
132072879
132073508
132073509
132073528
132073576
132073591
132073610
132073713
132073731
132073789
132073829
132073887
132073916
132073968
132073991
132074018
132074022
132074052
132074082
132074241
132074915
132074917
132074928
132074956
132074960
132074968
132074971
132074973
132074976
132074980
132075056
132075571
132075610
132075635
132075674
132075698
132075781
132075837
132075937
132075952
132075987
132075994
132076007
132076025
132076093
132076100
132076115
132076123
132076140
132076153
132076302
132076909
132076910
132076912
132076913
132076923
132076924
132076926
132076927
132076928
132076930
132076932
132076934
132076935
132076967
132076985
132077071
132077113
132077161
132078284
132078340
132078345
132078354
132078366
132078375
132078389
132078400
132078415
132078418
132078423
132078428
132078437
132078463
132078537
132078607
132078651
132078673
132078708
132080052
132080824
132080828
132080831
132080846
132080847
132080851
132080854
132080872
132080896
132080959
132081036
132081107
132081156
132081213
132081238
132081291
132081320
132081328
132082071
132082104
132082413
132082427
132082441
132082477
132082547
132082596
132082624
132082646
132082677
132082712
132082725
132082760
132082782
132082812
132082815
132082840
132082865
132082875
132082900
132082914
132082924
132084158
132084170
132084260
132084495
132085080
132085191
132085300
132085318
132087122
132087226
132089958
132090011
132091975
132091996
132095156
132095162
132095182
132096178
132096380
132096448
132096454
132096473
132096486
132096527
132099377
132104094
132112808
132112820
132113835
132209882
132210570
132210690
132210798
132210886
132210951
132211068
132298291
132298458
132299949
132300006
132300059
132300079
132300085
132300094
132300098
132300107
132300111
132300850
132300862
132300870
132300880
132300903
132300956
132300970
132300980
132300989
132301002
132301022
132301028
132301037
132301045
132302135
132302139
132302142
132302143
132302148
132302151
132302152
132302157
132302162
132302166
132302167
132302187
132302189
132302204
132302207
132302209
132302217
132302225
132303014
132303016
132303344
132303350
132303353
132303356
132303357
132303361
132303364
132303367
132305227
132305228
132305503
132305509
132305523
132305566
132305587
132305597
132305680
132305686
132305708
132305720
132306094
132306098
132306105
132306112
132306114
132306120
132306124
132306125
132306142
132306147
132306149
132306154
132306159
132306755
132306768
132306778
132306784
132306792
132306799
132306817
132306823
132307020
132307024
132307028
132307031
132307276
132307292
132307365
132307391
132307808
132307809
132307824
132307828
132307832
132307841
132307844
132307848
132307849
132307852
132307855
132307856
132307870
132307985
132307988
132307991
132307992
132308005
132308007
132308011
132308014
132308434
132308950
132308954
132308958
132308959
132308963
132308968
132308971
132309400
132309411
132309421
132309429
132309431
132309481
132309485
132309502
132309511
132309517
132309545
132309553
132309557
132309560
132309569
132309577
132309596
132309605
132310585
132310589
132310590
132310594
132310599
132310603
132310632
132310644
132310649
132310657
132310666
132310676
132310679
132310680
132311731
132311746
132311750
132311756
132311759
132311787
132311792
132311797
132311799
132311904
132311908
132311915
132311921
132311931
132311935
132312688
132312689
132312692
132312708
132312712
132312718
132312734
132312738
132312739
132312753
132312758
132312759
132312762
132312763
132313404
132313410
132313544
132313554
132313557
132313558
132313561
132313564
132313577
132313581
132313582
132313584
132313585
132313586
132313587
132313588
132314307
132314312
132314319
132314331
132314334
132314349
132314355
132314357
132315038
132315043
132315086
132315089
132315094
132315133
132315623
132315624
132315628
132315630
132315633
132452579
132452582
132452584
132452586
132452588
132452590
132452591
132452605
132452607
132452608
132452609
132452610
132452612
132452618
132452620
132452621
132452622
132453304
132453306
132453323
132453329
132453335
132453339
132453343
132453347
132453356
132453973
132453975
132453977
132453979
132453980
132453981
132453983
132453984
132453985
132453986
132453987
132453989
132453992
132453994
132453997
132454004
132454005
132454006
132454609
132454617
132454624
132454628
132454632
132454640
132454645
132454701
132454712
132454726
132455858
132455863
132455865
132455867
132455869
132455871
132455885
132455888
132455894
132455902
132455908
132455913
132455918
132455923
132455924
132455925
132455926
132455927
132456447
132456530
132456532
132456534
132456536
132456538
132456544
132456546
132456548
132456552
132456553
132456556
132456558
132456560
132456561
132456562
132456563
132456565
132456567
132457211
132457215
132457218
132457221
132457223
132457226
132457230
132457882
132457884
132457887
132457890
132457891
132457896
132457897
132457898
132457899
132457905
132457906
132457910
132457912
132457913
132457914
132457921
132457929
132457975
132458530
132458531
132458533
132458534
132458535
132458537
132458538
132459043
132459051
132459103
132459138
132459147
132459149
132459156
132459183
132459185
132459190
132459192
132459201
132459207
132459215
132459220
132459225
132459253
132459257
132459434
132459439
132459445
132459504
132459518
132459527
132459540
132460400
132460411
132460417
132460435
132460450
132460456
132460496
132460501
132460504
132460513
132460516
132460694
132460696
132460698
132460700
132460701
132460708
132460709
132460710
132461250
132461255
132461260
132461261
132461266
132461270
132461277
132461283
132461285
132489673
132595682
132602459
132602845
132602923
132605001
132605045
132605637
132605717
132605735
132625885
132625907
132626049
132626306
132646210
132646215
132646220
132646228
132646237
132646249
132646259
132646272
132646288
132646298
132646311
132646326
132646887
132646896
132646904
132646927
132646938
132646948
132646954
132647030
132647043
132647054
132647120
132647129
132647133
132648397
132648400
132648403
132648408
132648410
132648413
132648418
132648419
132648421
132648422
132648429
132648434
132648438
132648440
132648441
132648444
132648446
132648448
132649036
132649038
132649040
132649143
132649149
132649162
132649170
132649178
132649188
132649259
132649270
132649282
132649633
132649639
132649778
132649800
132649802
132649937
132649943
132649950
132649956
132649967
132649976
132649986
132650646
132650652
132650657
132650667
132650674
132650679
132650690
132650705
132650717
132650788
132650802
132650870
132650885
132650897
132651844
132651863
132651873
132651878
132651885
132651899
132651914
132651916
132651926
132651927
132651928
132651935
132651936
132651940
132651944
132651945
132651946
132651947
132652357
132652368
132652375
132652382
132652390
132652397
132652674
132653168
132653189
132653195
132653200
132653203
132653209
132653216
132653222
132653228
132653291
132653292
132653294
132653296
132653298
132653305
132653641
132653647
132653653
132653659
132653668
132653675
132653680
132653684
132653687
132653691
132653756
132654585
132654591
132654608
132654614
132654619
132654628
132654636
132654646
132654651
132654658
132654665
132654675
132654681
132654686
132654692
132654702
132654712
132654908
132654910
132654911
132654914
132654921
132654923
132654932
132654933
132655377
132655980
132655984
132655988
132655992
132655997
132656032
132656033
132656326
132656328
132656331
132656353
132656357
132656361
132656368
132656370
132656379
132656381
132656383
132656384
132656387
132656762
132656772
132656822
132656833
132656844
132657059
132657061
132657063
132657064
132657067
132657069
132657072
132657073
132657075
132657627
132657628
132657629
132657630
132657632
132657634
132657636
132657640
132657643
132657644
132657645
132657646
132657687
132657695
132658237
132658241
132658244
132658252
132658260
132658263
132659095
132659100
132659104
132659110
132659440
132659450
132659464
132659478
132679180
132820959
132820968
132820969
132820971
132820972
132820975
132820976
132820977
132820978
132820979
132820981
132820983
132820991
132820992
132820994
132820997
132821002
132821766
132821768
132821770
132821772
132821774
132821776
132822378
132822380
132822381
132822382
132822387
132822389
132822390
132822396
132822398
132822406
132822408
132822415
132822416
132822417
132822418
132822423
132822425
132822433
132823013
132823030
132823031
132823032
132823034
132823042
132823044
132823417
132823446
132823451
132823495
132824380
132824388
132824395
132824396
132824397
132824399
132824400
132825004
132825006
132825009
132825011
132825014
132825017
132825019
132825071
132825828
132825830
132825839
132825841
132825845
132825859
132825861
132825965
132825968
132825976
132825983
132825991
132825996
132826003
132826007
132826013
132826021
132826030
132826039
132826663
132826665
132826668
132826671
132826673
132826690
132826692
132826693
132826694
132826695
132826702
132826704
132827276
132827278
132827281
132827290
132827291
132827292
132827704
132827708
132827713
132827746
132827747
132827749
132827753
132827760
132827767
132827810
132827815
132827824
132827833
132827840
132827849
132828115
132828117
132828118
132828119
132828121
132828123
132828125
132828127
132828129
132828133
132828847
132828850
132828852
132828853
132828854
132829215
132829222
132829394
132829397
132829398
132829407
132829409
132829411
132829413
132829416
132829432
132829433
132829434
132829436
132829437
132829439
132829447
132829449
132829451
132829455
132829509
132829511
132829539
132829593
132829608
132830165
132830166
132830168
132830752
132830755
132830759
132830765
132830820
132830822
132830824
132830826
132830828
132830830
132831434
132831436
132831437
132831438
132831439
132831450
132831452
132831454
132831455
132831456
132831457
132831458
132831459
132831461
132831791
133156614
133156629
133168085
133169406
133287511
133534262
133556284
133573937
133626112
