132058434
132058437
132058439
132058440
132058441
132058449
132058450
132058452
132058455
132058457
132058459
132058461
132058463
132058465
132058467
132058469
132058471
132058473
132059007
132059009
132059010
132059011
132059012
132059015
132059017
132059018
132059156
132059193
132059206
132059704
132059706
132059708
132059709
132059710
132059712
132059713
132059715
132059717
132059719
132059721
132059723
132059725
132059731
132059733
132060420
132060421
132060422
132060423
132060450
132060503
132060514
132060541
132060576
132060609
132060634
132060650
132060711
132060732
132060762
132060777
132060809
132060835
132061052
132061054
132061858
132061859
132061863
132061873
132061876
132061879
132061881
132061883
132061888
132061891
132062543
132062545
132062563
132062567
132062572
132062579
132062585
132062596
132062597
132062600
132063698
132063872
132063880
132063882
132063883
132063890
132063891
132063892
132063894
132063896
132063898
132064510
132064513
132064515
132064516
132064519
132064565
132064591
132065739
132065742
132065745
132065757
132065771
132065972
132065974
132065977
132065988
132066009
132066703
132066705
132066729
132066739
132066809
132066822
132066863
132066899
132066921
132066959
132066982
132067007
132067017
132067034
132067053
132067075
132067106
132067120
132067648
132067656
132067670
132067695
132067723
132067736
132067746
132067761
132067777
132067790
132067801
132067806
132067812
132067974
132068004
132068026
132068450
132068455
132068456
132068459
132068461
132068463
132068465
132068467
132068469
132068471
132068473
132068475
132068479
132069019
132069024
132069037
132069039
132069044
132069046
132069687
132069695
132069705
132069714
132069724
132069741
132069751
132069754
132069778
132069781
132069783
132069785
132069787
132069795
132069800
132071026
132071060
132071086
132071112
132071146
132071230
132071239
132071270
132071311
132071319
132071332
132071361
132071369
132071396
132071400
132071405
132071408
132071423
132072280
132072281
132072285
132072290
132072291
132072299
132072334
132072405
132072484
132072548
132072563
132072612
132072655
132072713
132072759
132072785
132072789
132072806
132073452
132073453
132073455
132073465
132073468
132073472
132073474
132073477
132073481
132073482
132073485
132073498
132073500
132073501
132073504
132074383
132074490
132074500
132074516
132074588
132074593
132074621
132074630
132074678
132074732
132074747
132074793
132074812
132074831
132074838
132074867
132074876
132074907
132075556
132075563
132075566
132075567
132075568
132075569
132075576
132075578
132075579
132075581
132075583
132075585
132075598
132075600
132075602
132075604
132075605
132075609
132076819
132076825
132076837
132076854
132076860
132076864
132076874
132076876
132076880
132076883
132076884
132076887
132076890
132076891
132076901
132076902
132076903
132076907
132077727
132077747
132077800
132077837
132077845
132077869
132077896
132077956
132078018
132078044
132078078
132078129
132078133
132078144
132078182
132078207
132078261
132078313
132080426
132080458
132080504
132080546
132080575
132080609
132080640
132080658
132080689
132080715
132080737
132080754
132080771
132080784
132080795
132080807
132080814
132080821
132082102
132082109
132082114
132082124
132082128
132082129
132082130
132082134
132082146
132082147
132082148
132082149
132082153
132082211
132082220
132082303
132082335
132082363
132091487
132299700
132299709
132299724
132299734
132299742
132299753
132299771
132299780
132299787
132299795
132299801
132299809
132299855
132299867
132299899
132299913
132299933
132299941
132301268
132302065
132302069
132302078
132302081
132302084
132302085
132302088
132302092
132302094
132302106
132302109
132302114
132302116
132302119
132302123
132302125
132302131
132302134
132302466
132302475
132302487
132302503
132302516
132302532
132302548
132303209
132303225
132303234
132303244
132303277
132303297
132303300
132303321
132303326
132303449
132303456
132303461
132303468
132303474
132303481
132303492
132303503
132303522
132303533
132303543
132304211
132304376
132304381
132304387
132304396
132304402
132304464
132304477
132305072
132305073
132305076
132305079
132305081
132305084
132305086
132305095
132305100
132305104
132305108
132305297
132305303
132305311
132305320
132305326
132305333
132305346
132305404
132305489
132305925
132305931
132305934
132305940
132305948
132305995
132306001
132306005
132306010
132306037
132306065
132306074
132306079
132306658
132306672
132306679
132306690
132306721
132306740
132306750
132307012
132307136
132307138
132307141
132307144
132307145
132307148
132307152
132307155
132307159
132307161
132307180
132307184
132307188
132307190
132307193
132307194
132307199
132307264
132307971
132307973
132307977
132307981
132307982
132308701
132308707
132308720
132308727
132308732
132308898
132308917
132308918
132308922
132308924
132309057
132309066
132309154
132309163
132309179
132309198
132309219
132309230
132309246
132309265
132309277
132309302
132309323
132309335
132309356
132309371
132309387
132309394
132309803
132309807
132309814
132309822
132309825
132309981
132309988
132309999
132310006
132310011
132310794
132310812
132310814
132310818
132310822
132310834
132310838
132310853
132310856
132311267
132311271
132311282
132311287
132311294
132311297
132311344
132311354
132311372
132311381
132311390
132311423
132311428
132311436
132311447
132311455
132312347
132312354
132312363
132312369
132312385
132312394
132312409
132312418
132312619
132312621
132312637
132312641
132312646
132312665
132312668
132312669
132312672
132312675
132313486
132313489
132313490
132313493
132313497
132313498
132313501
132313504
132313505
132313508
132313523
132313527
132313528
132313537
132313540
132313609
132313611
132313615
132313620
132313626
132313632
132313688
132313699
132313707
132314848
132314861
132314868
132314884
132314891
132314896
132314903
132314918
132315074
132315075
132315076
132315077
132315079
132315081
132315083
132315085
132315447
132315456
132315466
132315521
132315525
132315539
132315550
132315554
132315562
132315565
132315594
132315596
132315601
132315602
132452533
132452535
132452538
132452540
132452542
132452544
132452547
132452551
132452553
132452556
132452558
132452567
132452568
132452570
132452571
132452572
132452574
132452575
132453246
132453249
132453267
132453272
132453277
132453280
132453406
132453407
132453408
132453411
132453413
132453930
132453932
132453934
132453935
132453936
132453937
132453938
132453955
132453956
132453958
132453960
132453962
132453964
132453966
132453969
132453971
132454563
132454564
132454580
132454582
132454584
132454586
132454587
132454588
132454592
132454593
132454594
132454595
132454598
132454599
132454600
132454601
132454603
132454605
132455723
132455726
132455766
132455773
132455779
132455781
132455788
132455814
132455815
132455818
132455821
132455826
132455834
132455835
132455841
132455846
132455854
132455856
132456312
132456318
132456330
132456340
132456348
132456356
132456363
132456374
132456383
132456386
132456391
132456399
132456424
132456428
132456442
132456493
132456495
132456498
132456500
132456502
132456503
132456504
132456520
132456522
132456524
132456528
132457185
132457194
132457197
132457201
132457206
132457314
132457315
132457316
132457320
132457322
132457324
132457840
132457842
132457846
132457847
132457849
132457851
132457852
132457854
132457856
132457859
132457871
132457874
132457876
132457877
132457878
132457879
132457880
132457881
132458494
132458497
132458499
132458501
132458504
132458507
132458525
132458528
132458879
132458881
132458889
132458898
132458907
132458914
132458920
132458924
132458928
132458971
132458979
132458989
132459404
132459406
132459414
132459941
132459945
132459950
132459955
132459960
132460013
132460017
132460022
132460024
132460029
132460646
132460648
132460663
132460664
132460665
132460666
132460671
132460673
132460680
132460682
132460684
132502687
132646140
132646142
132646143
132646145
132646147
132646149
132646152
132646155
132646156
132646158
132646160
132646162
132646167
132646169
132646180
132646181
132646189
132646190
132646813
132646815
132646816
132646818
132646820
132646823
132646825
132646832
132646833
132646838
132646842
132646843
132646844
132646859
132646865
132646870
132646883
132648331
132648335
132648342
132648343
132648346
132648348
132648350
132648352
132648354
132648357
132648359
132648360
132648364
132648365
132648366
132648388
132648394
132648395
132649020
132649021
132649024
132649025
132649027
132649029
132649030
132649032
132649034
132649102
132649107
132649111
132649120
132649124
132649130
132649136
132649908
132649911
132649914
132649916
132649926
132651179
132651180
132651186
132651187
132651196
132651199
132651203
132651204
132651205
132651206
132651207
132651208
132651210
132651212
132651214
132651804
132651811
132651814
132651820
132651821
132651827
132652175
132652187
132652239
132652274
132652706
132652710
132652712
132652714
132652716
132652718
132652719
132652720
132653092
132653099
132653153
132653160
132653326
132653332
132653334
132653633
132653637
132654079
132654083
132654089
132654094
132654101
132654248
132654253
132654258
132654281
132654290
132654359
132654369
132654385
132654397
132654469
132654486
132654497
132654540
132654541
132654561
132654569
132654573
132654577
132654806
132654810
132654813
132654815
132654848
132654868
132654870
132654874
132654876
132654877
132654887
132654889
132654890
132654891
132655017
132655021
132655067
132655082
132655092
132655102
132655115
132655140
132655151
132655164
132655179
132655190
132655203
132655216
132655594
132655598
132655599
132655601
132655602
132655609
132655611
132655652
132655658
132655704
132655727
132655735
132655810
132655886
132655895
132655907
132656210
132656215
132656220
132656240
132656267
132656292
132656295
132656298
132656325
132656430
132656431
132656443
132656447
132656449
132656452
132656477
132656481
132656486
132656495
132656502
132656565
132656580
132656592
132656607
132656674
132656685
132656699
132657126
132657129
132657135
132657141
132657145
132657150
132657159
132657217
132657229
132657664
132657667
132657668
132657671
132657673
132657675
132657677
132657680
132657682
132657733
132657739
132657745
132659222
132659224
132659225
132659284
132659288
132659293
132659300
132659309
132659315
132659366
132679181
132820929
132820930
132820936
132820937
132820938
132820939
132820940
132820941
132820943
132820944
132820945
132820949
132820950
132820951
132820953
132820954
132820955
132820956
132821585
132821588
132821594
132821599
132821602
132821606
132821608
132821610
132821615
132821620
132821732
132821734
132821735
132821736
132821737
132821739
132821742
132821743
132821745
132821747
132821749
132821750
132821755
132821758
132821760
132821762
132821764
132822929
132822933
132822935
132822943
132822952
132822957
132822970
132822976
132822983
132822987
132822988
132822990
132822993
132822999
132823002
132823004
132823007
132823011
132823074
132823082
132823084
132823406
132823410
132823413
132823783
132823784
132823786
132823789
132823791
132824440
132824441
132824442
132824444
132824446
132824452
132824453
132824462
132824463
132824464
132824466
132824470
132824471
132824472
132824473
132824475
132824998
132825000
132825002
132825049
132825051
132825054
132825055
132825057
132825059
132825061
132825063
132825666
132825674
132825679
132825684
132825688
132825691
132825695
132825699
132825731
132825760
132825765
132825768
132825771
132825777
132825950
132825952
132825954
132825957
132826314
132826323
132826343
132826352
132826359
132826372
132826416
132826421
132826432
132826442
132826448
132826470
132826480
132826723
132826725
132826752
132826757
132826766
132826776
132826788
132827345
132828025
132828027
132828043
132828044
132828052
132828055
132828058
132828061
132828063
132828066
132828087
132828089
132828096
132828100
132828105
132828108
132828110
132828113
132828176
132828178
132828214
132828219
132828229
132828238
132828253
132828261
132828344
132828354
132828368
132828381
132828393
132828761
132828763
132828830
132828832
132828834
132828836
132828837
132828839
132828841
132828843
132828845
132829375
132829377
132829379
132829381
132829383
132829386
132829391
132829494
132829496
132829498
132830080
132830081
132830086
132830089
132830092
132830158
132830160
132830161
132830162
132830163
132830164
132830177
132830181
132830187
132830190
132830197
132830202
132830244
132830251
132830258
132830269
132830283
132830297
132830308
132830323
132830335
132830348
132830885
132830892
132830898
132830903
132831392
132831394
132831397
132831401
132831402
132831406
132831413
132831416
132831417
132831418
132831420
132831421
132831422
132831424
132831425
132831468
132831470
132831501
132831508
132831568
132831583
132831595
132831608
132831619
