129854527
129868218
129870694
129883186
129910999
129937412
129964266
129991493
130018118
130027408
130028662
130028669
130044542
130071831
130099077
130126525
130142126
130144628
130147849
130148105
130148111
130163199
130171078
130190911
130218141
130246020
130276698
130313349
130347069
130373471
130400102
130426843
130444144
130446192
130446222
130448148
130450222
130452936
130455023
130457196
130459193
130461255
130463107
130465202
130467523
130471534
130482215
130484352
130486363
130488653
130490451
130492563
130494783
130509276
130536622
130564348
130592710
130624451
130654904
130658067
130662506
130662512
130680570
130712329
130745067
130776070
130804053
130830176
130841726
130843690
130845401
130849317
130855040
130860426
130863881
130891717
130905226
130905241
130921149
130950938
130980873
130981348
131010305
131036435
131036604
131044449
131048095
131052198
131052315
131055601
131061066
131064546
131091507
131121603
131151658
131184249
131213308
131237472
131262744
131290444
131318711
131338884
131355890
131369804
131370344
131395975
131421990
131448427
