12.347
15.918
14.953
12.455
12.603
12.868
12.302
11.703
13.707
13.452
12.422
8.796
3.444
13.335
12.989
12.489
11.895
14.481
13.016
12.840
12.106
11.809
12.660
15.255
12.105
16.656
12.941
12.291
12.629
13.302
12.954
15.437
13.374
12.529
12.715
14.268
13.661
13.959
14.462
12.048
12.467
12.650
14.637
15.058
13.460
12.450
13.283
13.787
14.804
12.953
13.303
12.848
13.818
14.120
13.592
14.459
13.437
13.357
13.506
14.794
12.895
12.331
13.147
14.214
14.038
13.173
14.363
15.130
14.157
14.915
13.245
12.394
16.911
14.052
13.694
16.258
14.834
15.957
15.521
15.490
14.112
15.803
15.305
14.625
16.135
16.235
14.586
15.569
15.299
14.022
13.793
14.614
16.057
15.730
18.195
16.560
12.960
