13.406
17.619
13.984
17.600
13.534
13.292
13.589
16.754
15.281
17.658
14.254
13.259
13.602
15.323
15.190
17.529
13.485
12.534
13.464
15.251
13.230
18.846
12.608
12.687
13.091
15.750
13.615
20.621
12.560
12.989
12.580
13.532
13.398
13.372
17.817
15.154
13.106
12.399
17.885
14.210
19.186
12.773
12.610
13.554
18.317
14.705
14.925
18.763
13.889
13.962
13.059
14.306
17.628
14.471
17.843
17.441
13.229
13.288
13.984
14.290
13.344
17.812
13.023
13.423
14.515
16.253
18.358
14.038
13.866
14.036
12.791
16.869
19.714
15.017
37.161
15.391
15.347
15.725
18.644
14.207
15.242
15.263
14.753
14.915
11.834
21.099
14.477
4.821
11.239
9.934
9.927
11.914
17.812
14.629
13.188
13.082
15.345
15.114
20.563
14.409
14.003
