48.488
47.986
46.532
48.252
44.375
45.717
45.628
46.568
47.465
46.566
40.282
44.067
44.637
41.485
48.201
47.317
43.225
44.228
43.279
45.415
49.220
51.899
46.934
45.701
48.155
46.648
45.786
37.393
45.263
43.800
46.108
47.670
47.974
50.905
49.179
49.587
46.864
44.466
52.070
32.247
31.178
29.977
27.574
27.789
30.459
31.774
29.251
28.868
29.873
30.748
30.692
28.425
48.753
44.270
47.007
46.602
46.684
48.442
33.814
33.472
32.821
32.702
49.677
51.077
45.314
49.542
36.449
20.475
47.772
47.531
45.942
64.378
62.515
64.112
63.931
64.520
60.067
63.224
62.080
60.626
61.215
62.659
63.702
63.958
60.279
62.904
61.752
61.786
60.293
59.993
64.561
63.151
61.755
66.630
62.076
61.115
