17.293
17.833
19.653
18.590
18.699
17.197
18.636
18.395
19.219
19.439
18.910
17.830
18.257
19.645
18.217
17.523
18.628
18.402
18.033
16.472
19.728
19.144
20.945
18.057
17.772
17.547
19.021
18.178
19.245
17.293
16.944
17.418
18.678
19.947
19.293
19.202
17.886
17.272
18.077
19.076
18.732
20.188
18.329
18.095
18.742
19.468
18.319
18.960
17.850
18.987
18.270
18.759
18.521
18.988
17.435
19.254
18.127
19.120
17.610
18.558
17.877
17.600
17.789
17.487
20.484
20.290
18.303
18.379
18.865
18.409
19.151
20.082
17.661
22.052
21.189
21.653
20.270
21.422
22.632
21.896
22.025
22.496
20.816
21.315
20.145
20.105
19.049
19.120
21.713
20.598
22.380
18.672
19.264
