96799483
96799694
96799746
96799751
96799788
96800014
96800035
96800162
96800269
96800301
96800316
96800321
96800323
96800332
96800348
96800372
96800376
96800583
96800728
96800737
96804008
96804009
96804011
96804073
96804086
96804088
96804096
96804097
96804101
96804107
96804113
96804237
96804460
96804568
96804574
96804576
96804647
96804651
96804657
96804691
96807935
96807940
96807989
96808023
96808036
96808037
96808045
96808056
96808057
96808119
96808369
96808480
96808569
96808574
96808577
96808610
96808661
96808735
96808741
96808742
96812050
96812070
96812178
96812403
96812409
96812529
96812595
96812611
96812623
96812648
96812663
96812676
96812745
96812750
96812804
96813042
96813179
96813253
96813284
96813291
96816406
96816459
96816480
96816481
96816489
96816490
96816496
96816498
96816505
96816514
96816638
96816845
96816853
96816961
96817030
96817032
96817049
96817055
96817060
96820112
96820119
96820125
96820130
96820132
96820169
96820399
96820420
96820579
96820648
96820671
96820677
96820682
96820787
96820796
96820798
96820818
96823798
96823802
96823957
96823974
96824214
96824297
96824304
96824312
96824316
96824317
96824322
96824326
96824331
96824410
96824650
96824797
96824801
96824829
96824834
96824839
96827879
96827884
96827889
96827899
96828062
96828292
96828403
96828512
96828518
96828527
96828531
96828537
96828543
96828619
96828869
96829026
96829059
96829067
96829076
96829077
96831505
96831510
96831514
96831652
96831890
96832011
96832020
96832024
96832028
96832132
96832135
96832141
96832145
96832195
96832211
96832466
96832616
96832650
96835188
96835438
96835455
96835625
96835642
96835649
96835751
96835753
96835762
96835775
96835781
96835794
96835795
96835830
96836054
96836265
96836327
96836337
96836342
96836346
96838887
96838931
96839164
96839351
96839396
96839403
96839404
96839405
96839412
96839424
96839533
96839534
96839548
96839568
96839770
96840004
96840073
96840079
96840094
96840098
96843159
96843166
96843168
96843183
96843192
96843199
96843270
96843516
96843686
96843726
96843727
96843739
96843749
96843756
96843763
96843770
96843789
96843985
96844211
96844223
96847026
96847182
96847198
96847199
96847200
96847209
96847210
96847214
96847215
96847216
96847217
96847221
96847228
96847231
96847313
96847557
96847709
96847712
96847735
96847736
96850929
96850935
96850949
96850955
96850958
96851134
96851358
96851371
96851380
96851459
96851462
96851486
96851496
96851511
96851521
96851527
96967161
96967164
96967209
96967210
96967215
96967220
96967226
96967231
96967233
96967234
96967252
96967258
96967466
96967698
96967766
96967779
96967785
96967790
96967803
96967810
96970536
96970543
96970546
96970675
96970934
96971087
96971103
96971111
96971121
96971130
96971132
96971138
96971148
96971209
96971447
96971611
96971675
96971688
96974466
96974475
96974483
96974490
96974497
96974505
96974689
96974925
96975013
96975021
96975023
96975035
96975042
96975048
96975056
96975065
96975162
96975409
96975427
96975567
96978296
96978443
96978467
96978481
96978486
96978495
96978501
96978502
96978507
96978553
96978788
96978967
96978974
96978986
96979009
96979010
96979016
96979020
96979021
96979025
96982866
96982886
96983129
96983271
96983289
96983296
96983297
96983302
96983307
96983313
96983319
96983375
96983621
96983781
96983835
96983843
96983850
96983851
96983861
96983866
96986533
96986535
96986538
96986539
96986542
96986543
96986573
96986796
96986988
96987034
96987036
96987039
96987042
96987047
96987052
96987054
96987210
96987489
96987587
96987593
96990481
96990488
96990492
96990499
96990503
96990672
96990919
96991026
96991033
96991036
96991043
96991051
96991052
96991056
96991060
96991061
96991157
96994262
96994264
96994268
96994273
96994278
96994289
96994468
96994700
96994709
96994784
96994785
96994793
96994797
96994798
96994802
96994807
96994810
96994817
96994967
96995214
96998209
96998210
96998217
96998218
96998223
96998225
96998231
96998238
96998245
96998246
96998331
96998577
96998734
96998752
96998757
96998760
96998764
96998769
96998771
97001644
97001653
97001664
97001674
97001739
97002008
97002188
97002230
97002231
97002241
97002246
97002257
97002264
97002265
97002279
97002280
97002281
97002321
97002332
97002569
97005689
97005691
97005698
97005706
97005708
97005712
97005718
97005723
97005784
97006028
97006040
97006201
97006215
97006225
97006226
97006227
97006234
97006235
97006239
97008947
97008954
97008981
97009197
97009400
97009461
97009468
97009472
97009473
97009480
97009481
97009482
97009483
97009489
97009490
97009494
97009512
97009724
97009933
97009997
97012156
97012161
97012164
97012166
97012170
97012311
97012337
97012356
97012582
97012667
97012671
97012672
97012676
97012679
97012681
97012685
97012690
97012693
97012825
97014233
97014242
97014314
97014558
97014706
97015705
97015815
97017536
97017540
97017640
97017892
97018029
97018060
97018070
97018074
97018081
97018088
97018094
97018120
97018127
97018353
97018367
97018547
97018591
97018595
97018602
97126568
97126576
97126643
97126644
97126655
97126656
97126659
97126667
97126668
97126679
97126680
97126681
97126692
97126710
97126765
97127007
97127025
97127203
97127238
97127245
97128249
97128266
97128276
97128359
97128368
97128373
97128380
97128381
97128386
97128394
97128395
97128402
97128500
97128754
97128894
97128897
97128901
97128913
97128930
97128936
97130087
97130099
97130106
97130116
97130117
97130118
97130127
97130128
97130129
97130255
97130502
97130622
97130643
97130653
97130661
97130668
97130674
97130675
97130682
97130738
97131809
97131810
97131816
97131954
97132198
97132214
97132220
97132330
97132343
97132344
97132352
97132358
97132359
97132360
97132362
97132369
97132371
97132378
97132389
97132516
97133558
97133571
97133583
97133624
97133854
97134052
97134108
97134121
97134132
97134134
97134142
97134151
97134159
97134170
97134331
97134585
97134600
97134702
97134715
97134728
97135906
97135919
97135927
97135939
97136056
97136317
97136330
97136448
97136462
97136476
97136485
97136492
97136500
97136510
97136555
97136836
97137035
97137080
97137091
97137100
97138203
97138207
97138210
97138215
97138223
97138225
97138226
97138232
97138269
97138496
97138688
97138740
97138749
97138755
97138767
97138770
97138775
97138778
97138936
97139172
97140321
97140332
97140335
97140392
97140400
97140407
97140411
97140415
97140416
97140421
97140427
97140579
97140595
97140614
97140836
97140929
97140937
97140944
97140945
97140950
97141666
97141921
97141931
97142050
97142061
97142068
97142070
97142075
97142082
97142083
97142091
97142099
97142167
97142178
97142429
97142589
97142610
97142613
97142614
97142623
97143753
97143761
97143768
97143774
97143780
97143786
97143793
97143896
97144152
97144299
97144311
97144319
97144320
97144326
97144327
97144330
97144335
97145412
97145416
97145421
97145510
97145765
97145909
97145921
97145928
97145932
97145936
97145940
97145941
97145946
97145947
97145990
97146228
97146245
97146259
97146431
97146460
97147064
97147239
97147482
97147577
97147584
97147591
97147598
97147603
97147610
97147614
97147615
97147697
97147944
97148094
97148127
97148137
97148147
97148148
97148156
97148162
97149250
97149262
97149274
97149275
97149282
97149283
97149288
97149309
97149315
97149317
97149321
97149329
97149524
97149752
97149826
97149834
97149842
97149851
97149861
97149867
97150944
97150983
97150996
97151007
97151016
97151017
97151025
97151031
97151055
97151259
97151479
97151553
97151554
97151577
97151585
97151596
97151598
97151610
97151621
97152757
97152764
97152773
97152785
97152793
97152803
97152854
97153091
97153268
97153310
97153316
97153320
97153324
97153330
97153331
97153336
97153352
97153358
97153364
97153586
97154515
97154526
97154633
97154887
97155042
97155069
97155084
97155085
97155102
97155113
97155114
97155118
97155119
97155136
97155148
97155215
97155465
97155634
97155645
97155674
97156345
97156348
97156351
97156362
97156406
97156417
97156657
97156668
97156846
97156852
97156902
97156904
97156917
97156931
97156933
97156948
97156960
97156965
97156966
97156998
97158174
97158255
97158514
97158680
97158709
97158710
97158720
97158730
97158731
97158732
97158739
97158747
97158756
97158794
97158804
97159041
97159229
97159277
97159288
97159290
97160433
97160448
97160456
97160463
97160472
97160479
97160488
97160489
97160549
97160816
97160996
97161038
97161047
97161059
97161071
97161079
97161088
97161100
97161106
97161114
97162229
97162230
97162241
97162250
97162251
97162263
97162275
97162283
97162418
97162669
97162796
97162815
97162825
97162827
97162837
97162849
97162860
97162869
97162870
97162937
97164071
97164072
97164234
97164494
97164605
97164618
97164619
97164625
97164631
97164632
97164633
97164634
97164643
97164644
97164645
97164653
97164655
97164665
97164666
97165731
97165732
97165734
97165735
97165741
97165746
97165750
97165816
97166064
97166234
97166262
97166263
97166266
97166269
97166274
97166278
97166279
97166288
97166312
97167363
97167370
97167376
97167380
97167489
97167749
97167761
97167895
97167919
97167921
97167930
97167937
97167942
97167948
97167956
97168004
97168242
97168424
97168469
97168476
97169452
97169570
97169573
97169575
97169584
97169591
97169593
97169599
97169600
97169608
97169609
97169610
97169620
97169622
97169623
97169629
97169774
97170015
97170134
97170147
97171221
97171234
97171284
97171290
97171297
97171299
97171310
97171318
97171325
97171333
97171497
97171730
97171837
97171845
97171851
97171858
97171862
97171870
97171876
97173040
97173296
97173308
97173437
97173441
97173443
97173453
97173455
97173458
97173462
97173469
97173473
97173479
97173480
97173552
97173559
97173806
97173958
97173984
97173993
97175080
97175087
97175093
97175101
97175107
97175113
97175119
97175121
97175123
97175125
97175226
97175486
97175502
97175633
97175645
97175654
97175661
97175669
97175680
97175688
97176798
97176810
97176825
97176827
97176945
97177206
97177338
97177353
97177354
97177366
97177372
97177374
97177384
97177393
97177405
97177455
97177723
97177739
97177907
97177940
97178961
97179058
97179060
97179066
97179070
97179074
97179080
97179092
97179097
97179173
97179416
97179581
97179584
97179589
97179595
97179609
97179610
97179613
97180477
97330957
97330970
97330971
97330979
97330992
97330996
97331008
97331009
97331017
97331018
97331029
97331239
97331476
97331488
97331497
97331568
97331580
97331590
97331598
97331600
97332803
97332835
97332838
97332856
97332871
97332873
97332881
97332892
97332893
97332906
97332907
97332985
97333232
97333395
97333443
97333458
97333461
97333474
97333487
97333499
97334659
97334670
97334678
97334686
97334687
97334696
97334698
97334716
97334719
97334740
97334918
97334938
97334970
97335390
97335475
97335484
97335490
97335500
97335509
97336716
97336721
97336743
97336768
97336777
97336791
97336795
97336802
97336803
97336804
97336846
97337088
97337104
97337118
97337282
97337330
97337346
97337366
97337448
97337515
97338843
97338845
97338847
97338854
97338860
97338867
97338876
97338877
97338889
97338890
97339016
97339038
97339272
97339283
97339384
97339391
97339400
97339406
97339432
97339442
97340217
97340333
97340348
97340365
97340620
97340726
97340735
97340745
97340752
97340762
97340770
97340778
97340781
97340845
97340858
97340866
97341117
97341266
97341441
97341482
97342316
97342334
97342354
97342367
97342384
97342572
97342632
97342635
97342643
97342645
97342655
97342779
97342796
97342805
97342861
97342863
97342865
97342895
97343130
97343147
97344285
97344538
97344701
97344729
97344738
97344748
97344749
97344758
97344764
97344771
97344792
97344987
97345070
97345080
97345289
97345296
97345300
97345306
97345377
97345385
97347234
97347455
97347482
97347697
97347745
97347751
97347774
97347787
97347804
97347820
97347911
97348193
97348359
97348398
97348399
97348419
97348432
97348449
97348467
97348469
97349884
97349885
97349907
97349909
97349927
97349947
97349964
97349983
97349985
97350007
97350196
97350452
97350461
97350473
97350548
97350700
97350719
97350741
97350764
97350784
97352030
97352058
97352081
97352102
97352197
97352274
97352293
97352340
97352600
97352809
97352818
97352830
97352839
97352887
97352928
97352957
97352989
97353020
97354448
97354450
97354471
97354473
97354492
97354494
97354510
97354513
97354531
97354550
97354569
97354754
97354771
97354988
97355059
97355066
97355072
97355073
97355084
97355190
