94855244
95074398
95074508
95074514
95074520
95074521
95074530
95074538
95074544
95074545
95074686
95074701
95074991
95075254
95075266
95075289
95075291
95075307
95075316
95075321
95075326
95079384
95079385
95079391
95079395
95079401
95079408
95079416
95079479
95079728
95079895
95079901
95079930
95079944
95079959
95080032
95080038
95080040
95080051
95080052
95080058
95083669
95083680
95083681
95083689
95083698
95083699
95083706
95083743
95083971
95083989
95084185
95084252
95084264
95084265
95084274
95084283
95084284
95084396
95084403
95084434
95087314
95087316
95087320
95087323
95087327
95087341
95087346
95087353
95087361
95087368
95087375
95087383
95087397
95087640
95087652
95087662
95087676
95087690
95087820
95087843
95090939
95091088
95091138
95091146
95091152
95091158
95091163
95091171
95091172
95091187
95091383
95091405
95091614
95091624
95091679
95091692
95091694
95091706
95091720
95091726
95094375
95094376
95094377
95094382
95094383
95094385
95094387
95094388
95094563
95094814
95094822
95094977
95095052
95095069
95095082
95095088
95095099
95095105
95095158
95095398
95098301
95098504
95098509
95098574
95098588
95098597
95098702
95098708
95098713
95098714
95098719
95098876
95099117
95099212
95099218
95099219
95099224
95099225
95099231
95099239
95102133
95102134
95102149
95102253
95102445
95102465
95102677
95102687
95102744
95102754
95102759
95102763
95102769
95102773
95102779
95102901
95102922
95103163
95103180
95103288
95105962
95105973
95106139
95106380
95106472
95106482
95106490
95106497
95106504
95106510
95106516
95106588
95106599
95106847
95106861
95107011
95107038
95107040
95107047
95107059
95110147
95110149
95110156
95110162
95110174
95110176
95110188
95110190
95110196
95110219
95110418
95110641
95110712
95110753
95110834
95110841
95110849
95110858
95110859
95110869
95112122
95113894
95113903
95113908
95113909
95113913
95113915
95113920
95113921
95113922
95114057
95114294
95114406
95114418
95114430
95114434
95114439
95114440
95114445
95114447
95117375
95117614
95117711
95117720
95117724
95117729
95117734
95117739
95117745
95117825
95118067
95118229
95118252
95118258
95118265
95118271
95118272
95118281
95118287
95118289
95121038
95121041
95121045
95121046
95121050
95121052
95121056
95121120
95121365
95121375
95121528
95121535
95121561
95121562
95121567
95121572
95121578
95121581
95121584
95121609
95124765
95124776
95124797
95124799
95124802
95124803
95124823
95124845
95124859
95124876
95124973
95125232
95125392
95125425
95125442
95125459
95125481
95125497
95125500
95125502
95233086
95233707
95233710
95233717
95233722
95233727
95233807
95234053
95234207
95234229
95234240
95234267
95234349
95234354
95234363
95234382
95234588
95234799
95234871
95234872
95234873
95237805
95237840
95237841
95237843
95237851
95237857
95237858
95237864
95237873
95237874
95237928
95238010
95238230
95238250
95238268
95238447
95238450
95238456
95238494
95238501
95241514
95241519
95241540
95241660
95241672
95241682
95241697
95241698
95241705
95241774
95242025
95242188
95242230
95242240
95242254
95242268
95242281
95242290
95242291
95242315
95245295
95245316
95245394
95245405
95245652
95245672
95245822
95245847
95245856
95245857
95245863
95245866
95245870
95245873
95246015
95246242
95246436
95246494
95246498
95246502
95249318
95249486
95249494
95249499
95249500
95249510
95249521
95249526
95249527
95249528
95249538
95249543
95249734
95249750
95249962
95250040
95250042
95250043
95250053
95250058
95270617
95407183
95407202
95407399
95407617
95407685
95407687
95407688
95407698
95407703
95407704
95407713
95407716
95407724
95407730
95407880
95408127
95408234
95408249
95408251
95408259
95411342
95411347
95411502
95411737
95411841
95411844
95411847
95411950
95411951
95411956
95411959
95411963
95411966
95412042
95412292
95412452
95412473
95412477
95412478
95412481
95415585
95415594
95415595
95415605
95415608
95415610
95415618
95415633
95415729
95415948
95416184
95416255
95416262
95416271
95416273
95416285
95416297
95416303
95416311
95416462
95419900
95419902
95419913
95419914
95419915
95419916
95419925
95419931
95419943
95420150
95420357
95420454
95420463
95420464
95420465
95420476
95420480
95420486
95420489
95423518
95423531
95423589
95423647
95423702
95423993
95424159
95424206
95424219
95424220
95424229
95424242
95424248
95424256
95424273
95424280
95424476
95424494
95424703
95424814
95427625
95427626
95427633
95427639
95427640
95427649
95427650
95427663
95427726
95427995
95428163
95428209
95428217
95428218
95428228
95428244
95428247
95428268
95428276
95430102
95431501
95431517
95431756
95431877
95431900
95431905
95431909
95431910
95431915
95431919
95431924
95431981
95432219
95432386
95432422
95432437
95432442
95432445
95432449
95432451
95435289
95435500
95435701
95435764
95435774
95435780
95435784
95435791
95435803
95435837
95435967
95435984
95436228
95436336
95436350
95436358
95436363
95436364
95436365
95439411
95439414
95439425
95439445
95439646
95439859
95439930
95439931
95439946
95439947
95439969
95439970
95439977
95439989
95439993
95439994
95439995
95440002
95440189
95440423
95443614
95443621
95443641
95443845
95444065
95444150
95444159
95444169
95444177
95444185
95444187
95444196
95444197
95444257
95444489
95444513
95444738
95444822
95444825
95447681
95447693
95447706
95447775
95447784
95447792
95447898
95447904
95447912
95447937
95447938
95448076
95448307
95557169
95557416
95557574
95557615
95557616
95557627
95557628
95557629
95557631
95557636
95557643
95557651
95557652
95557657
95557699
95557708
95557949
95557962
95558129
95558168
95561228
95561232
95561234
95561239
95561343
95561593
95561725
95561737
95561847
95561856
95561859
95561865
95561871
95561872
95561874
95561919
95562151
95562329
95562372
95562381
95565436
95565584
95565597
95565839
95565854
95565998
95566047
95566056
95566060
95566065
95566072
95566077
95566078
95566100
95566104
95566353
95566371
95566575
95566637
95566687
95569446
95569541
95569543
95569546
95569554
95569560
95569565
95569567
95569568
95569575
95569580
95569581
95569585
95569749
95569998
95570123
95570129
95570152
95570168
95570183
95573007
95573091
95573268
95573516
95573631
95573636
95573647
95573660
95573672
95573673
95573685
95573691
95573694
95573695
95573701
95573806
95574055
95574191
95574214
95577175
95577422
95577581
95577625
95577635
95577642
95577651
95577658
95577669
95577688
95577877
95578108
95578194
95578210
95578220
95578227
95578233
95578242
95578249
95578343
95581072
95581083
95581084
95581089
95581091
95581092
95581095
95581210
95581458
95581588
95581598
95581606
95581607
95581615
95581619
95581628
95581629
95581633
95581685
95581923
95584825
95584826
95584827
95584834
95584835
95584836
95584842
95584847
95584854
95584948
95584962
95585210
95585345
95585356
95585357
95585363
95585378
95585379
95585387
95585397
95588190
95588193
95588194
95588195
95588196
95588199
95588237
95588469
95588484
95588498
95588667
95588704
95588705
95588716
95588719
95588720
95588727
95588731
95588732
95588736
95591852
95591990
95591999
95592008
95592017
95592025
95592036
95592046
95592082
95592093
95592332
95592516
95592575
95592582
95592594
95592599
95592600
95592607
95592619
95592627
95595453
95595460
95595468
95595587
95595826
95595968
95595976
95595986
95595991
95595998
95596003
95596021
95596058
95596291
95596494
95596544
95596555
95596563
95596573
95596582
95599496
95599963
95600016
95600017
95600024
95600033
95600047
95600056
95600066
95600067
95600088
95600309
95600528
95600606
95600616
95600620
95600630
95600636
95600645
95600651
95600652
95603572
95603767
95603829
95603839
95603843
95603849
95603850
95603855
95604477
95604490
95604496
95604501
95604505
95604576
95604823
95604985
95605014
95605016
95605027
95605033
95605039
95605040
95606779
95606785
95606949
95607193
95607304
95608431
95608432
95608433
95608437
95608438
95608444
95608619
95608642
95608864
95608871
95608948
95608949
95608956
95608960
95608961
95608965
95608967
95608973
95608979
95608986
95612007
95612015
95612016
95612021
95612104
95612105
95612224
95612238
95612297
95612301
95612627
95612640
95612947
95613143
95613271
95613394
95613409
95613588
95613712
95613831
95620929
95620931
95620944
95621079
95621449
95621730
95621875
95622054
95622174
95622305
95622418
95622535
95622536
95622564
95622921
95623265
95623458
95623590
95623659
95623666
95761012
95786368
95911829
95912058
95912249
95912299
95912300
95912309
95912314
95912316
95912324
95912329
95912330
95912331
95912334
95912340
95912358
95912559
95912574
95912784
95912838
95915259
95915433
95915671
95915754
95915755
95915766
95915767
95915778
95915779
95915784
95915790
95915796
95915802
95915921
95916175
95916302
95916330
95916331
95916342
95916348
95919191
95919197
95919204
95919211
95919228
95919430
95919650
95919718
95919724
95919729
95919744
95919752
95919753
95919754
95919758
95919763
95919890
95920133
95920145
95920159
95923275
95923282
95923293
95923303
95923436
95923684
95923696
95923707
95923810
95923812
95923820
95923830
95923837
95923838
95923848
95923860
95923869
95923948
95924197
95924364
95926683
95926718
95926942
95927137
95927143
95927190
95927195
95927201
95927202
95927204
95927207
95927208
95927211
95927217
95927395
95927629
95927712
95927718
95927719
95930471
95930477
95930486
95930492
95930684
95930884
95930972
95930979
95931004
95931024
95931033
95931038
95931043
95931048
95931050
95931203
95931220
95931480
95931574
95931582
95933725
95933726
95933732
95933892
95934134
95934144
95934157
95934165
95934229
95934233
95934237
95934238
95934245
95934251
95934255
95934256
95934258
95934407
95934424
95937665
95937682
95937848
95937852
95937881
95937892
95937893
95937900
95937909
95937913
95937916
95937937
95938165
95938376
95938442
95938451
95938454
95938457
95938464
95938473
95941190
95941191
95941193
95941194
95941196
95941197
95941202
95941206
95941209
95941323
95941587
95941604
95941721
95941742
95941743
95941749
95941754
95941755
95941758
95941761
95944633
95944634
95944642
95944647
95944676
95944683
95944947
95944966
95944983
95945172
95945206
95945216
95945218
95945219
95945231
95945233
95945242
95945249
95945259
95945260
95948591
95948597
95948605
95948606
95948607
95948615
95948621
95948649
95948866
95949070
95949132
95949133
95949142
95949143
95949152
95949160
95949168
95949181
95949190
95949192
95950980
95952113
95952190
95952432
95952590
95952613
95952616
95952619
95952623
95952626
95952630
95952631
95952657
95952877
95953077
95953084
95953132
95953137
95953144
95953149
95955826
95955835
95955842
95955843
95955847
95955849
95955854
95955863
95955956
95956205
95956353
95956365
95956371
95956375
95956380
95956386
95956392
95956422
95956638
95956841
95959669
95959675
95959677
95959678
95959679
95959681
95959686
95959734
95959743
95959981
95960153
95960188
95960190
95960192
95960199
95960200
95960203
95960209
95960213
95960216
95962957
95962958
95962963
95962964
95962970
95962974
95962983
95962987
95962988
95963025
95963251
95963443
95963494
95963495
95963503
95963505
95963514
95963515
95963528
95963529
96082058
96082065
96082114
96082354
96082532
96082647
96082662
96082695
96082700
96082705
96082706
96082707
96082709
96082710
96082718
96082723
96082750
96082995
96083215
96083222
96086310
96086409
96086417
96086431
96086477
96086550
96086560
96086573
96086652
96086930
96087098
96087129
96087141
96087152
96087160
96087171
96087178
96087202
96087411
96090373
96090632
96090736
96090744
96090749
96090753
96090754
96090762
96090763
96090768
96090773
96090842
96091083
96091244
96091277
96091278
96091291
96091306
96091308
96091315
96094970
96094975
96094984
96094986
96094992
96094999
96095004
96095021
96095210
96095428
96095506
96095517
96095520
96095526
96095528
96095533
96095540
96095580
96095756
96098589
96098595
96098657
96098902
96099070
96099114
96099116
96099118
96099175
96099231
96099241
96099253
96099275
96099294
96099488
96099506
96099519
96099744
96099751
96099762
96102449
96102486
96102705
96102910
96102979
96102998
96103002
96103023
96103030
96103047
96103049
96103053
96103209
96103452
96103581
96103599
96103613
96103634
96103657
96103659
96106887
96106889
96106895
96106903
96106910
96106912
96106923
96106958
96106970
96107205
96107384
96107536
96107549
96107550
96107559
96107566
96107567
96107569
96107571
96107572
96110692
96110711
96110726
96110860
96110876
96111128
96111256
96111275
96111292
96111312
96111327
96111340
96111367
96111438
96111690
96111882
96111929
96111948
96111950
96111968
96115760
96115823
96115832
96115839
96115845
96115853
96115861
96115862
96115870
96115874
96116027
96116272
96116377
96116392
96116399
96116406
96116418
96116428
96116445
96116504
96116511
96119703
96119720
96119797
96119809
96119816
96119817
96119822
96119824
96119830
96119837
96119841
96119843
96119995
96120255
96120364
96120378
96120393
96120398
96120399
96120402
96122687
96122697
96122704
96122710
96122919
96123118
96123129
96123139
96123145
96123208
96123220
96123227
96123235
96123236
96123243
96123246
96123253
96123264
96123472
96123493
96126370
96126469
96126473
96126483
96126484
96126487
96126491
96126492
96126498
96126502
96126513
96126610
96126888
96127031
96127054
96127061
96127066
96127073
96127082
96127083
96129880
96129882
96129884
96129891
96129925
96130184
96130392
96130441
96130450
96130461
96130462
96130467
96130473
96130474
96130484
96130496
96130501
96130694
96130930
96131017
96133096
96133290
96159973
96159982
96160100
96160111
96160118
96160126
96160135
96160139
96160146
96160154
96160163
96160171
96160183
96160192
96160197
96160206
96160211
96160218
96160228
96160238
96160248
96160256
96160266
96160278
96160286
96160296
96175882
96175883
96175885
96190117
96190118
96190120
96190121
96190122
96190124
96190125
96190126
96190127
96190128
96190129
96190131
96190132
96190134
96190135
96190136
96190137
96190138
96249612
96249624
96249635
96249647
96249807
96249819
96249834
96250084
96250097
96250170
96250179
96250187
96250202
96250220
96250245
96250248
96250268
96250270
96250395
96254022
96254219
96254284
96254298
96254316
96254334
96254353
96254372
96254389
96254549
96254806
96254925
96254944
96254946
96254964
96254977
96254991
96255009
96255027
96255104
96258217
96258219
96258236
96258274
96258499
96258520
96258728
96258796
96258865
96258932
96258934
96258955
96258957
96258974
96258990
96259007
96259014
96259206
96259222
96262719
96262734
96263001
96263153
96263155
96263189
96263224
96263252
96263279
96263316
96263358
96263531
96263540
96263819
96264015
96264062
96264095
96264101
96268289
96268370
96268373
96268390
96268406
96268422
96268424
96268443
96268623
96268859
96268963
96268985
96269003
96269005
96269023
96269044
96269063
96269080
96269179
96269445
96272484
96272486
96272502
96272504
96272505
96272521
96272537
96272630
96272807
96273049
96273174
96273178
96273183
96273199
96273217
96273235
96273249
96273262
96273265
96273280
96276829
96276847
96276866
96276885
96276905
96276907
96277023
96277276
96277424
96277430
96277458
96277480
96277483
96277504
96277520
96277539
96277558
96277616
96277863
96278068
96281171
96281314
96281561
96281748
96281810
96281830
96281850
96281868
96281870
96281871
96281887
96281907
96281931
96281937
96282176
96282193
96282405
96282477
96285209
96285404
96285455
96285462
96285476
96285478
96285490
96285498
96285507
96285515
96285685
96285941
96285956
96286031
96286041
96286051
96286061
96286070
96286071
96286080
96286090
96288797
96288807
96288821
96288827
96288830
96288872
96289102
96289286
96289329
96289333
96289337
96289341
96289344
96289345
96289351
96289355
96289363
96289371
96289571
96292288
96292289
96292301
96292311
96292312
96292350
96292564
96292788
96292797
96292850
96292857
96292866
96292870
96292877
96292879
96292887
96292894
96293048
96293284
96293390
96296081
96296207
96296217
96296227
96296234
96296253
96296262
96296298
96296347
96296360
96296368
96296645
96296810
96296874
96296884
96296919
96296928
96296968
96296988
96297028
96300561
96300580
96300581
96300586
96300786
96300808
96301056
96301142
96301144
96301162
96301195
96301212
96301213
96301241
96301253
96301264
96301265
96301411
96303550
96303558
96303695
96303952
96304060
96304070
96304075
96304084
96304091
96304102
96304110
96304157
96304395
96304582
96429565
96429581
96429591
96429620
96429826
96430044
96430116
96430227
96430234
96430235
96430236
96430244
96430245
96430254
96430266
96430274
96430422
96430690
96430701
96430801
96434078
96434198
96434212
96434456
96434576
96434590
96434595
96434598
96434600
96434607
96434608
96434613
96434672
96434921
96435090
96435132
96435140
96435147
96435153
96435176
96438156
96438161
96438162
96438168
96438173
96438175
96438183
96438336
96438349
96438368
96438604
96438609
96438620
96438789
96438796
96438797
96438802
96438806
96438811
96438819
96441240
96441245
96441269
96441475
96441489
96441689
96441746
96441751
96441754
96441760
96441761
96441763
96441765
96441766
96441774
96441775
96441942
96442180
96442266
96442271
96445308
96445315
96445316
96445322
96445332
96445333
96445341
96445375
96445580
96445600
96445619
96445810
96445820
96445966
96445968
96445977
96445984
96445991
96445997
96446012
96448973
96448976
96448979
96449074
96449323
96449466
96449488
96449490
96449497
96449498
96449503
96449506
96449565
96449570
96449571
96449618
96449858
96450034
96450079
96450082
96452879
96452887
96452888
96452896
96452908
96452917
96452992
96453245
96453254
96453415
96453423
96453442
96453451
96453464
96453470
96453478
96453487
96453488
96453528
96453763
96456518
96456534
96456778
96456793
96456895
96456911
96456926
96456936
96456942
96456947
96456961
96457028
96457277
96457446
96457478
96457488
96457489
96457493
96457499
96457500
96460490
96460499
96460508
96460546
96460580
96460744
96461002
96461128
96461146
96461159
96461164
96461172
96461173
96461178
96461179
96461187
96461240
96461255
96461527
96461698
96464111
96464112
96464119
96464120
96464201
96464211
96464457
96464477
96464614
96464730
96464731
96464737
96464742
96464743
96464744
96464748
96464749
96464752
96464757
96464816
96467713
96467714
96467715
96467723
96467724
96467731
96467736
96467738
96467743
96467814
96468061
96468218
96468272
96468275
96468285
96468291
96468300
96468304
96468409
96468410
96471353
96471365
96471366
96471501
96471752
96471874
96471995
96472007
96472008
96472018
96472029
96472037
96472038
96472041
96472106
96472377
96472540
96472568
96472575
96472584
96475799
96476048
96476063
96476234
96476244
96476252
96476279
96476280
96476292
96476302
96476307
96476316
96476322
96476353
96476362
96476592
96476777
96476889
96638501
96798238
96798246
96798253
96798431
96798614
96798707
96798710
96798800
96798853
96798855
96798883
96798894
96798907
96798918
96799025
96799042
96799260
96799389
96799456
96799471
96802845
96802851
96802857
96802872
96802879
96803079
96803096
96803251
96803259
96803349
96803378
96803400
96803498
96803499
96803506
96803510
96803518
96803678
96803691
96803878
96806693
96806816
96807023
96807029
96807138
96807143
96807203
96807211
96807252
96807253
96807256
96807264
96807369
96807370
96807375
96807380
96807491
96807738
96807842
96807847
96811218
96811257
96811273
96811275
96811276
96811282
96811389
96811390
96811398
96811565
96811798
96811905
96811975
96811977
96812001
96812020
96812033
96812034
96812035
96812037
96815203
96815214
96815215
96815216
96815257
96815303
96815310
96815374
96815627
96815772
96815845
96815883
96815905
96815917
96815925
96815933
96815942
96816125
96816311
96819197
96819294
96819393
96819396
96819479
96819536
96819558
96819563
96819569
96819609
96819841
96820004
96820010
96820015
96820022
96820090
96820093
96820096
96820099
96820107
96822956
96822968
96823121
96823143
96823149
96823155
96823160
96823166
96823171
96823196
96823201
96823415
96823436
96823625
96823725
96823779
96823780
96823783
96823787
96823791
96826687
96826690
96826780
96827028
96827171
96827203
96827208
96827216
96827330
96827331
96827339
96827344
96827375
96827606
96827621
96827792
96827852
96827853
96827868
96827874
96830796
96830870
96830962
96830963
96830965
96830966
96830967
96830968
96830976
96830979
96830981
96830982
96831003
96831211
96831407
96831418
96831483
96831488
96831492
96831498
96834431
96834435
96834436
96834443
96834451
96834555
96834561
96834562
96834569
96834685
96834941
96835079
96835094
96835096
96835105
96835113
96835114
96835122
96835130
96835137
96838305
96838306
96838307
96838308
96838313
96838314
96838316
96838321
96838327
96838418
96838665
96838678
96838695
96838821
96838838
96838850
96838856
96838865
96838867
96838882
96842046
96842200
96842449
96842557
96842567
96842569
96842580
96842588
96842598
96842608
96842609
96842620
96842709
96842962
96842984
96842999
96843135
96843151
96843152
96843153
96843781
96845985
96845997
96846010
96846011
96846016
96846027
96846045
96846050
96846235
96846555
96846645
96846649
96846650
96846654
96846663
96846675
96846687
96846689
96846693
96846775
96849739
96849740
96849748
96849844
96850091
96850242
96850247
96850262
96850268
96850277
96850286
96850292
96850293
96850298
96850341
96850571
96850760
96850809
96850818
96850925
96966155
96966161
96966164
96966168
96966171
96966175
96966241
96966489
96966659
96966679
96966681
96966685
96966690
96966691
96966699
96966705
96966706
96966711
96966741
96966969
96969459
96969522
96969768
96969778
96969790
96969946
96969970
96969978
96969982
96969986
96969993
96970003
96970026
96970238
96970434
96970442
96970516
96970522
96970527
96970532
96973324
96973331
96973332
96973337
96973431
96973682
96973827
96973832
96973852
96973860
96973865
96973866
96973878
96973881
96973890
96973932
96974197
96974395
96974447
96974465
96977303
96977304
96977319
96977330
96977337
96977467
96977486
96977757
96977765
96977888
96977890
96977902
96977913
96977922
96977939
96977949
96977960
96978036
96978047
96980603
96982224
96982230
96982235
96982236
96982319
96982565
96982578
96982594
96982719
96982723
96982730
96982735
96982750
96982760
96982761
96982767
96982773
96982777
96982778
96982785
96985494
96985495
96985496
96985500
96985643
96985881
96985986
96985991
96985995
96986004
96986010
96986013
96986014
96986016
96986082
96986322
96986481
96986521
96986529
96986532
96989405
96989406
96989438
96989664
96989872
96989917
96989926
96989933
96989935
96989940
96989946
96989948
96989955
96989964
96990147
96990385
96990397
96990465
96990472
96990473
96993157
96993168
96993170
96993178
96993270
96993519
96993665
96993689
96993691
96993693
96993696
96993705
96993708
96993713
96993749
96993989
96994013
96994208
96994248
96994260
96997081
96997177
96997460
96997616
96997622
96997625
96997628
96997645
96997646
96997648
96997650
96997658
96997670
96997679
96997686
96997692
96997694
96997819
96998062
96998188
97000410
97000412
97000423
97000430
97000621
97000894
97001013
97001038
97001061
97001071
97001072
97001078
97001087
97001100
97001211
97001478
97001612
97001628
97001636
97001643
97003525
97004663
97004842
97004860
97005082
97005164
97005170
97005176
97005181
97005183
97005189
97005190
97005193
97005194
97005195
97005329
97005344
97005583
97008221
97008359
97008365
97008386
97008391
97008398
97008402
97008408
97008415
97008416
97008417
97008418
97008483
97008723
97008890
97008903
97008927
97008933
97008937
97008941
97011188
97011200
97011440
97011597
97011625
97011632
97011634
97011640
97011648
97011653
97011655
97011679
97011883
97012085
97012146
97012149
97012151
97012155
97013702
97015277
97015288
97015297
97015305
97015310
97015317
97015346
97015572
97016449
97016662
97016876
97016931
97016936
97016946
97016951
97016953
97016960
97016962
97016968
97016976
97017174
97017421
97017497
97017503
97017505
97017512
97017525
97017530
97020263
97125527
97125534
97125535
97125540
97125543
97125626
97125637
97125890
97126040
97126061
97126062
97126069
97126073
97126085
97126091
97126092
97126093
97126097
97126141
97126380
97127254
97127255
97127262
97127268
97127276
97127277
97127297
97127303
97127512
97127730
97127740
97127795
97127807
97127824
97127830
97127832
97127839
97127846
97127852
97128001
97128942
97128950
97128956
97128995
97129235
97129404
97129465
97129466
97129474
97129480
97129486
97129487
97129493
97129498
97129507
97129689
97129964
97130052
97130078
97130980
97130995
97131167
97131205
97131218
97131224
97131232
97131233
97131239
97131246
97131268
97131465
97131690
97131767
97131774
97131780
97131782
97131783
97131791
97131801
97132763
97132889
97132900
97132906
97132915
97132920
97132928
97132929
97132938
97132997
97133009
97133021
97133037
97133324
97133493
97133516
97133518
97133532
97133535
97133547
97134737
97134745
97134752
97134761
97134843
97135090
97135250
97135282
97135292
97135301
97135311
97135322
97135332
97135354
97135564
97135795
97135807
97135878
97135889
97135897
97137110
97137122
97137131
97137132
97137133
97137148
97137336
97137577
97137642
97137649
97137658
97137659
97137666
97137672
97137678
97137686
97137786
97138037
97138188
97139283
97139285
97139292
97139298
97139300
97139304
97139309
97139316
97139322
97139395
97139639
97139798
97139823
97139828
97139831
97139836
97139839
97139843
97139875
97140081
97140966
97140971
97140972
97140979
97141113
97141366
97141377
97141391
97141485
97141494
97141505
97141507
97141508
97141514
97141520
97141526
97141527
97141534
97141536
97141652
97142630
97142640
97142641
97142650
97142655
97142697
97142936
97143125
97143181
97143182
97143183
97143191
97143201
97143206
97143212
97143214
97143218
97143235
97143447
97143685
97144336
97144340
97144400
97144639
97144808
97144843
97144846
97144850
97144855
97144866
97144867
97144877
97144891
97145092
97145322
97145390
97145396
97145400
97145408
97146461
97146463
97146469
97146474
97146480
97146485
97146489
97146509
97146730
97146746
97146963
97147021
97147028
97147033
97147040
97147042
97147043
97147049
97147050
97147055
97148164
97148176
97148213
97148431
97148449
97148643
97148695
97148705
97148706
97148714
97148726
97148732
97148739
97148745
97148748
97148924
97148943
97149173
97149182
97149190
97149868
97149874
97149983
97150230
97150243
97150398
97150401
97150415
97150417
97150431
97150432
97150439
97150444
97150452
97150456
97150529
97150780
97151631
97151636
97151799
97152043
97152141
97152152
97152165
97152177
97152185
97152201
97152214
97152216
97152217
97152303
97152319
97152570
97152720
97152725
97152729
97152735
97153820
97153897
97153908
97153918
97153927
97153937
97153938
97153944
97153951
97153952
97153954
97154117
97154358
97154462
97154463
97154477
97154488
97154493
97154494
97154502
97155675
97155676
97155678
97155691
97155704
97155719
97155720
97155722
97155734
97155746
97155807
97155819
97156071
97156253
97156300
97156301
97156314
97156325
97156326
97156334
97157247
97157475
97157538
97157547
97157559
97157568
97157579
97157587
97157594
97157734
97157980
97158095
97158101
97158123
97158124
97158134
97158144
97158153
97158163
97158165
97159291
97159293
97159300
97159309
97159311
97159322
97159329
97159353
97159566
97159783
97159853
97159868
97159881
97159897
97159913
97159923
97159924
97159936
97160061
97160305
97161119
97161323
97161548
97161617
97161630
97161642
97161643
97161654
97161656
97161658
97161659
97161671
97161672
97161673
97161685
97161710
97161904
97162144
97162152
97162219
97163190
97163375
97163406
97163417
97163426
97163437
97163449
97163461
97163478
97163479
97163483
97163685
97163912
97163925
97163994
97164008
97164009
97164024
97164035
97164044
97164058
97164667
97164836
97164857
97164875
97165098
97165170
97165178
97165189
97165197
97165202
97165207
97165212
97165317
97165569
97165580
97165708
97165719
97165725
97166319
97166547
97166755
97166804
97166805
97166810
97166815
97166821
97166826
97166834
97166835
97166840
97167006
97167253
97167267
97167341
97167349
97167350
97167355
97167357
97168478
97168481
97168486
97168496
97168501
97168506
97168519
97168707
97168942
97168954
97168965
97169024
97169031
97169038
97169045
97169057
97169063
97169071
97169072
97169203
97170154
97170155
97170156
97170164
97170170
97170177
97170184
97170258
97170502
97170644
97170650
97170703
97170713
97170714
97170726
97170731
97170738
97170745
97170775
97170997
97171946
97172191
97172351
97172376
97172382
97172389
97172400
97172404
97172411
97172415
97172435
97172635
97172854
97172912
97172916
97172923
97172930
97172933
97172938
97172942
97173995
97173999
97174003
97174009
97174012
97174043
97174259
97174487
97174546
97174552
97174554
97174557
97174561
97174566
97174569
97174579
97174581
97174734
97174977
97174987
97175726
97175955
97176151
97176199
97176206
97176214
97176222
97176230
97176241
97176242
97176243
97176244
97176254
97176440
97176677
97176754
97176768
97176778
97176781
97176790
97177958
97177965
97177970
97177983
97178014
97178239
97178443
97178509
97178518
97178523
97178526
97178532
97178543
97178551
97178553
97178560
97178715
97179618
97179624
97179638
97179648
97179695
97179940
97179956
97180135
97180139
97180168
97180184
97180194
97180195
97180196
97180197
97180209
97180216
97180217
97180224
97180257
97329906
97329907
97329911
97329915
97329917
97329964
97330198
97330377
97330419
97330424
97330430
97330431
97330435
97330441
97330445
97330454
97330633
97330651
97330667
97330894
97331601
97331617
97331628
97331630
97331638
97331788
97332031
97332145
97332159
97332192
97332203
97332227
97332252
97332253
97332262
97332351
97332618
97332628
97332790
97332794
97333500
97333516
97333545
97333763
97333990
97334000
97334053
97334069
97334079
97334095
97334096
97334107
97334109
97334110
97334112
97334126
97334128
97334142
97334155
97334362
97334589
97335510
97335517
97335530
97335531
97335533
97335747
97335996
97336119
97336133
97336142
97336147
97336151
97336158
97336172
97336225
97336241
97336496
97336690
97336698
97336707
97337597
97337605
97337790
97337809
97338026
97338102
97338107
97338108
97338114
97338116
97338117
97338125
97338127
97338132
97338144
97338145
97338152
97338319
97338565
97338797
97339443
97339450
97339451
97339459
97339461
97339462
97339465
97339471
97339477
97339651
97339889
97339903
97339987
97339994
97340004
97340005
97340006
97340015
97340096
97340195
97341491
97341498
97341506
97341513
97341537
97341746
97341763
97341976
97342034
97342044
97342052
97342054
97342063
97342064
97342083
97342084
97342097
97342106
97342286
97342305
97343359
97343428
97343438
97343445
97343456
97343466
97343475
97343479
97343606
97343852
97343866
97344057
97344173
97344174
97344188
97344196
97344203
97344204
97344210
97344217
97345518
97345520
97345741
97345756
97345817
97345840
97345858
97345868
97346113
97346281
97346471
97346588
97346592
97346667
97346674
97346730
97346776
97346821
97346862
97347040
97348488
97348489
97348542
97348789
97348807
97348823
97349001
97349008
97349081
97349111
97349129
97349198
97349315
97349329
97349357
97349363
97349370
97349594
97349823
97349882
97350804
97350807
97350935
97351197
97351334
97351340
97351349
97351350
97351378
97351399
97351401
97351421
97351422
97351425
97351449
97351471
97351488
97351596
97351869
97352024
97353039
97353041
97353043
97353099
97353327
97353340
97353567
97353665
97353804
97353825
97353831
97353849
97353853
97353867
97353869
97353886
97353926
97354151
97354366
97354445
97355197
97355198
97355206
97355333
97355586
97355712
97355727
97355736
97355742
97355751
97355758
97355768
97355809
97356045
97356062
97360491
