16.623
16.414
16.205
1.484
16.476
16.717
15.716
13.409
15.189
13.692
16.403
16.573
15.995
17.535
15.100
15.015
16.805
15.145
16.942
16.025
15.143
15.786
17.608
21.301
16.872
14.791
20.950
27.315
29.355
17.594
15.504
17.095
14.359
15.319
14.707
15.329
13.861
14.712
13.040
16.261
14.292
15.623
14.251
15.476
17.516
15.774
16.801
15.045
32.254
16.132
16.325
18.154
16.787
16.503
17.924
15.623
16.149
17.847
14.432
14.837
15.579
15.422
11.813
10.693
12.812
11.216
11.354
11.971
15.562
15.327
12.356
10.766
11.628
13.344
12.288
14.041
13.153
14.182
12.876
12.663
13.193
12.234
13.708
16.720
13.749
12.836
13.672
12.712
15.061
15.840
17.024
13.880
