51.620
51.075
53.181
53.961
48.526
53.459
48.722
54.330
55.342
52.475
48.999
49.879
50.843
54.207
51.848
53.673
55.587
56.263
52.999
53.919
51.099
59.257
55.230
51.355
53.398
67.098
63.425
50.701
57.111
54.690
55.212
56.030
54.972
53.734
51.857
47.841
49.094
54.615
49.487
55.669
55.611
50.369
56.832
59.443
55.264
57.407
52.095
47.422
56.482
56.276
55.675
52.911
48.324
52.211
55.304
50.071
51.096
51.297
55.340
52.340
55.628
51.996
50.398
49.563
52.639
57.773
51.125
50.798
48.454
50.639
58.104
52.860
51.696
48.964
49.977
48.046
49.211
48.981
50.770
52.403
53.902
45.547
51.273
51.429
51.581
49.527
52.380
47.042
48.922
49.983
51.150
50.017
55.217
49.347
51.323
