14.008
13.068
14.151
15.326
14.466
13.698
12.350
13.033
13.458
13.550
12.909
14.924
13.352
15.445
14.150
13.364
13.285
16.223
13.294
13.743
13.262
14.768
19.198
28.657
16.066
15.297
14.683
25.638
13.840
14.364
14.683
16.462
13.321
13.228
13.940
14.399
13.557
13.386
35.618
14.597
15.632
14.520
14.245
16.225
14.359
15.230
14.020
14.986
15.145
15.200
14.361
14.987
12.998
13.037
14.021
14.117
13.239
13.990
13.969
14.716
14.729
17.900
13.892
13.754
12.737
12.747
13.021
14.810
13.426
13.316
12.721
17.495
14.471
14.625
14.462
13.449
12.657
13.293
12.754
13.496
13.951
15.487
3.379
15.086
13.455
12.786
6.221
12.949
13.464
13.278
12.679
13.315
13.956
13.954
14.017
14.026
14.068
14.757
16.335
