15.890
18.476
18.315
18.874
17.634
16.656
16.927
17.366
20.680
17.402
17.652
16.382
15.834
15.343
16.234
18.274
18.453
17.171
16.964
17.887
18.440
17.068
18.664
16.183
17.288
15.803
18.868
20.968
18.120
17.991
18.724
16.701
18.357
18.234
18.169
17.388
18.280
17.100
19.542
18.672
21.079
18.185
18.952
19.191
20.606
18.926
19.963
21.036
20.250
18.229
17.837
18.446
19.147
18.154
18.170
17.923
17.526
19.512
18.892
19.817
17.623
17.653
18.852
18.088
19.141
17.457
18.000
17.415
18.172
17.668
19.682
19.244
17.535
17.308
18.439
17.074
16.598
19.374
17.268
17.985
18.001
18.419
18.454
16.664
16.772
16.422
17.699
18.739
19.527
17.475
16.987
17.732
17.961
17.519
20.699
28.872
20.211
