12.406
12.367
13.687
14.814
14.006
15.470
14.366
13.065
12.763
14.848
13.145
12.172
18.215
7.949
8.187
41.582
10.453
12.771
13.765
18.672
16.150
12.324
12.207
13.456
13.355
14.408
15.635
16.100
14.978
13.936
13.525
13.065
13.242
13.621
12.840
14.499
14.289
14.146
14.419
13.682
13.404
30.800
17.183
13.444
13.734
13.566
14.307
13.554
12.581
13.856
14.017
15.290
13.069
14.594
3.905
12.932
12.751
13.788
12.466
14.226
14.078
14.009
14.262
13.270
13.784
12.832
12.995
14.296
14.472
13.324
13.782
14.761
13.084
13.275
14.309
13.692
13.161
14.059
12.864
12.953
13.030
14.436
14.643
17.746
18.537
20.587
16.141
14.201
14.602
13.780
12.751
13.668
13.280
13.801
14.696
14.152
15.365
13.845
14.320
15.804
15.308
13.155
14.462
13.260
13.063
12.713
12.204
63.256
14.396
14.200
13.897
13.992
14.210
14.090
14.028
13.918
13.484
13.863
13.337
13.689
14.651
14.379
13.533
13.632
14.076
13.892
12.323
13.568
7.777
17.544
3.585
12.138
12.147
13.390
12.277
13.903
13.211
14.119
13.044
15.578
13.539
28.892
13.020
13.436
14.059
13.463
13.144
13.308
15.299
14.577
14.967
14.794
8.184
13.407
13.381
12.917
12.893
13.270
13.272
13.618
13.654
15.188
14.618
14.292
14.488
13.675
14.116
22.651
14.669
15.608
15.865
15.341
13.317
14.595
13.670
14.710
13.390
13.738
12.954
13.214
12.811
13.210
