98597836
98597988
98657923
98658078
98680359
98680362
98703189
98731908
98761698
98791098
98791178
98817235
98817316
98844489
98844570
98845760
98861739
98877457
98877533
98917795
98917889
99000251
99000334
99033317
99033392
99035281
99062508
99062604
99093587
99125779
99125863
99164419
99164524
99203337
99203415
99239310
99239392
99274969
99275047
99322759
99344021
99344114
99388211
99388280
99429090
99429165
99466080
99466149
99491420
99505125
99505198
99536056
99536136
99549057
99566994
99567076
99595354
99595406
99619661
99620898
99620972
99638871
99651797
99651866
99664053
99680996
99681060
99711640
99711742
99711881
99742327
99742401
99771461
99771540
99799548
99799613
99827874
99827934
99855668
99855731
99883487
99883551
99911232
99911305
99939036
99939099
99967423
99967495
99995757
99995818
100023414
100023480
100050972
100051030
100073300
100079604
100079697
100103666
100107626
100107700
100136929
100136984
100165351
100165416
100182609
100192162
100193868
100193939
100225269
100225330
100253581
100253642
100279174
100279241
100306174
100306241
100334684
100334742
100349759
100356833
100362794
100362850
100394529
100394593
100423241
100423310
100451592
100451655
100479633
100479692
100508519
100508587
100521915
100523163
100523171
100523246
100538692
100538755
100563721
100572150
100572235
100614638
100614718
100649625
100649730
100687820
100687892
100716570
100716621
100730620
100744532
100744608
100775048
100790492
100804246
100829845
100855483
100886139
100894522
100917620
100960121
100985216
101000688
101034189
101067538
101103299
101111772
101136636
101170371
101187273
101201525
101227408
101252927
101282871
101289470
101309018
101335627
101350609
101366788
101399302
101429975
