17.063
17.351
19.452
16.454
60.212
23.238
32.139
22.067
17.152
15.788
15.412
21.268
15.605
26.171
24.100
17.978
20.633
18.820
17.785
17.719
17.012
15.874
18.654
18.894
20.016
18.248
17.314
45.565
4.531
17.357
17.891
16.717
16.016
15.782
15.111
17.117
16.619
17.243
16.519
18.770
18.330
14.073
17.600
16.055
15.027
15.965
16.433
15.903
14.018
14.387
14.277
15.755
15.755
15.988
16.140
19.460
17.199
17.431
16.229
15.713
16.257
16.045
15.578
15.452
15.530
16.553
17.023
16.328
17.841
13.751
16.734
16.346
16.438
16.084
15.769
15.609
16.057
16.622
19.335
20.054
16.009
15.758
17.539
16.897
15.446
15.788
15.139
14.503
15.203
15.511
16.217
16.276
17.420
16.382
14.402
16.001
15.500
15.620
15.506
15.582
15.980
15.125
15.179
14.636
25.686
18.169
16.887
16.118
18.045
15.498
15.186
15.130
2.360
15.511
15.394
15.345
15.655
16.455
17.365
17.657
17.589
18.407
18.059
17.923
15.926
15.259
15.767
16.291
15.442
17.417
14.740
27.509
27.474
17.365
17.343
18.127
22.534
21.532
15.798
16.064
17.158
15.540
15.541
16.171
14.495
17.197
17.500
17.503
17.171
16.013
18.315
15.389
15.178
15.000
16.182
16.874
17.422
15.838
15.171
16.712
16.245
15.942
18.209
21.015
15.603
15.479
17.246
15.821
15.220
15.697
14.084
19.391
18.358
17.392
16.406
15.560
16.350
