13.812
12.449
14.144
12.677
19.861
12.908
12.877
12.847
12.243
13.478
11.924
11.315
11.963
14.590
13.944
13.782
13.229
13.022
12.890
13.041
12.258
12.236
12.512
12.344
16.830
14.205
12.341
14.728
14.459
14.018
13.308
12.833
12.590
12.575
12.478
9.589
12.655
12.295
14.980
13.938
11.043
11.729
12.174
12.212
12.447
12.541
13.245
11.549
11.602
11.152
12.639
13.219
12.918
12.250
15.554
12.360
12.429
11.723
12.966
12.505
12.405
12.259
13.487
11.992
14.393
14.774
13.489
13.074
13.229
13.225
12.875
12.868
12.963
12.853
12.635
12.642
13.415
13.344
13.671
12.983
12.851
12.441
13.461
12.768
13.440
11.620
12.308
12.254
13.067
12.209
12.504
13.091
14.163
11.839
12.407
12.124
12.004
13.019
12.652
13.102
11.948
12.249
12.004
13.152
13.014
13.593
13.055
13.190
12.885
12.323
13.225
12.606
12.860
12.603
13.354
13.199
12.548
13.498
14.306
15.140
13.689
13.395
15.038
16.076
12.261
12.093
13.035
12.639
12.117
13.027
12.601
13.199
12.923
14.690
13.975
13.505
16.812
19.592
13.364
13.210
12.717
12.933
13.385
12.925
13.539
14.369
14.561
13.740
11.969
12.482
19.501
12.375
13.339
11.892
13.010
13.416
12.709
12.813
13.042
12.813
12.820
12.426
13.658
12.514
13.536
13.027
8.479
12.570
13.296
12.805
13.119
14.489
13.097
12.086
12.447
12.889
12.858
