18.199
16.129
16.259
15.913
23.953
20.844
18.822
18.093
16.139
15.070
15.169
18.788
19.970
20.410
19.268
18.689
17.846
18.208
15.910
16.356
16.105
15.926
20.442
19.564
17.909
18.728
18.418
17.340
17.222
15.961
16.623
15.152
21.396
16.682
15.610
15.908
15.628
17.497
17.736
15.827
16.323
16.765
15.418
15.655
16.406
16.668
15.460
14.955
14.805
17.070
17.607
17.389
17.756
19.732
17.755
17.979
23.244
24.747
16.946
16.278
15.514
16.186
15.694
19.631
20.565
18.550
18.668
18.821
18.341
18.634
16.517
16.571
15.876
16.154
16.188
16.199
17.400
17.166
16.953
17.392
16.536
17.773
15.925
15.645
24.711
24.271
15.162
15.515
15.857
16.107
17.708
17.680
16.392
16.818
17.154
20.106
15.695
15.931
15.653
16.089
15.732
17.101
19.417
19.004
18.221
17.595
16.863
16.481
16.281
16.668
15.798
15.884
15.142
15.462
15.851
19.147
20.407
17.545
17.136
17.066
16.683
16.033
16.750
16.010
16.158
16.553
16.623
15.608
16.455
16.545
19.872
17.597
18.336
20.153
19.415
16.310
16.211
18.366
15.923
16.691
17.090
16.637
19.052
17.945
16.279
16.971
16.754
22.825
15.590
15.751
15.854
17.483
17.428
15.360
16.581
17.162
15.942
16.071
16.416
17.064
16.921
16.143
17.337
16.589
16.255
16.744
14.631
18.622
16.983
15.603
16.473
15.948
15.756
