89.633
87.970
86.222
84.617
33.716
59.904
85.783
87.622
84.199
82.437
80.491
82.882
81.655
77.692
85.310
89.971
79.929
77.615
86.576
85.837
85.553
84.554
88.124
89.622
78.351
83.554
82.018
78.300
83.428
84.675
86.115
84.707
82.256
81.677
82.247
81.867
70.401
70.302
85.687
85.261
83.907
85.019
84.654
84.134
82.738
83.789
82.957
78.014
80.184
81.101
67.403
67.831
87.772
86.121
87.428
85.141
86.248
82.601
83.953
80.677
81.542
77.782
86.516
86.267
83.719
82.267
86.219
85.102
86.699
82.320
81.505
82.629
82.367
81.938
83.555
86.319
87.700
86.953
86.437
89.341
86.830
83.760
84.112
81.385
81.735
81.636
82.310
82.352
84.244
89.878
89.124
99.645
89.085
88.055
87.691
82.782
82.028
78.773
79.098
80.427
75.154
56.506
80.593
79.512
83.581
83.056
82.155
80.293
78.084
77.378
81.176
80.406
82.559
81.701
80.381
81.042
84.849
90.294
88.366
84.680
83.675
83.269
83.302
82.216
81.451
78.377
78.546
73.099
83.289
84.496
89.955
79.678
80.507
90.190
73.378
72.840
72.387
73.568
72.264
73.309
72.433
86.250
78.847
78.620
74.675
73.778
78.386
76.105
75.526
74.158
71.713
83.918
73.733
74.848
72.573
71.774
71.009
72.513
70.003
73.573
74.491
65.514
79.829
74.297
73.928
72.573
71.222
83.226
79.679
75.514
78.902
75.312
74.167
