16.263
17.181
19.859
18.150
19.459
18.466
18.994
20.258
14.975
14.370
18.499
19.142
17.853
18.361
18.048
18.762
19.275
20.126
21.600
48.918
22.345
21.102
21.046
24.010
48.805
28.956
123.945
18.033
18.264
4.911
20.350
17.039
17.296
16.872
18.546
18.578
19.560
19.403
15.788
10.295
25.870
25.810
18.637
18.496
18.155
18.902
18.649
17.640
19.344
18.480
26.366
25.708
19.409
19.607
19.131
18.551
18.700
17.839
17.628
17.817
24.562
24.112
24.535
18.046
19.775
20.246
19.374
17.438
17.419
16.122
55.357
17.371
15.865
19.271
20.346
18.985
18.317
20.221
20.963
17.324
18.558
17.529
17.317
16.975
17.095
42.156
21.768
20.379
22.316
20.555
19.652
18.576
19.432
17.159
16.918
17.033
17.624
17.998
21.024
21.148
3.018
19.156
19.301
20.406
20.202
16.415
17.223
16.750
17.120
17.225
16.649
19.397
19.247
18.847
19.807
21.040
19.394
18.059
18.376
18.992
19.156
17.275
17.728
18.025
18.841
19.774
24.327
21.069
8.684
16.805
17.210
16.969
17.445
17.878
17.771
18.485
19.336
3.417
22.007
21.070
21.353
21.733
20.584
21.292
19.622
20.392
19.805
18.631
18.602
19.440
19.094
20.027
22.365
21.015
17.299
17.420
17.615
17.430
18.598
18.143
21.183
19.014
18.509
19.235
18.274
19.297
21.420
21.059
18.628
17.557
18.290
19.110
21.372
19.754
18.051
29.663
26.262
17.961
18.567
18.594
18.990
17.817
18.828
18.719
17.977
19.868
18.769
19.664
22.746
17.855
18.678
18.898
16.902
