13.373
12.653
14.475
14.263
14.093
14.272
13.375
13.165
30.800
17.183
13.169
13.517
13.344
14.085
13.287
12.431
13.683
13.770
14.093
15.544
15.068
13.996
12.816
14.314
3.905
12.688
12.439
13.520
12.169
13.986
13.813
13.713
14.061
13.046
13.523
12.603
12.735
14.098
14.250
13.141
13.511
14.573
12.853
13.036
14.009
13.421
12.929
13.970
12.776
12.863
12.953
14.330
14.541
17.658
18.451
20.483
16.018
14.103
14.498
13.641
12.595
13.535
13.139
13.691
14.580
14.040
13.667
14.126
15.679
15.162
13.070
14.359
13.163
12.978
13.383
12.110
63.256
14.442
14.240
13.882
13.983
14.182
14.064
13.979
13.877
13.421
13.808
13.253
13.627
14.579
14.281
13.533
13.536
13.997
13.829
12.254
13.511
7.777
17.544
3.585
12.070
12.281
13.309
12.200
13.842
13.143
14.080
12.986
15.540
13.467
28.892
13.011
13.427
12.992
14.048
13.435
13.115
13.284
15.296
14.571
14.970
14.792
8.184
13.339
13.317
12.805
12.790
13.241
13.256
13.598
13.638
15.142
14.529
14.245
15.415
13.608
14.061
22.651
14.670
15.615
15.781
16.224
13.226
14.500
13.449
14.454
15.224
15.794
12.758
12.997
12.663
13.098
13.523
13.535
14.295
13.243
13.152
13.143
13.983
14.328
14.751
13.385
14.163
13.476
13.175
13.304
15.335
16.012
13.996
14.093
15.083
15.564
13.591
13.713
13.252
13.084
13.929
14.143
14.386
13.569
13.956
13.781
13.386
13.409
12.981
14.080
13.147
