68.022
72.556
68.664
67.196
70.463
69.840
74.795
72.417
50.365
45.428
70.664
71.909
67.710
67.665
66.455
66.471
75.882
76.839
68.168
72.134
69.239
72.010
67.683
70.342
176.291
70.770
70.717
66.871
64.318
65.807
66.555
69.713
68.735
71.391
72.114
69.031
66.304
68.783
69.494
71.275
70.576
68.434
69.451
64.016
72.740
70.800
76.137
69.865
68.014
69.511
68.414
71.863
70.835
84.161
81.076
77.669
74.280
72.211
73.699
69.299
67.928
69.769
69.193
70.793
71.878
67.300
67.853
71.679
74.466
72.740
70.694
69.974
70.413
67.240
67.890
71.780
73.800
70.679
69.979
73.568
73.799
76.391
78.257
71.397
72.578
71.617
71.797
72.875
72.856
79.643
76.562
83.126
82.022
79.865
81.011
70.858
68.675
71.060
70.628
73.372
77.786
63.032
66.644
70.359
78.879
71.490
70.023
70.981
69.353
68.692
71.435
72.266
75.926
76.644
78.969
75.881
80.720
83.958
5.848
73.423
74.377
75.628
75.314
71.138
69.486
69.836
70.219
81.043
73.999
76.032
81.693
68.350
69.028
66.424
66.708
70.149
71.178
70.310
70.561
83.390
80.546
76.841
84.172
72.096
70.370
69.115
68.529
66.937
66.681
70.702
68.166
67.686
67.122
82.696
71.184
69.325
66.120
68.538
65.876
64.372
68.617
69.238
68.379
69.174
80.292
77.568
73.647
71.477
70.687
72.301
73.273
69.500
69.253
90.185
81.936
76.389
79.610
73.994
73.162
72.365
72.627
