95406476
95406479
95406502
95406507
95406509
95406510
95406515
95406519
95406524
95406531
95406590
95406834
95406844
95407011
95407045
95407060
95407066
95407067
95407172
95407177
95410261
95410508
95410657
95410682
95410694
95410697
95410701
95410707
95410709
95410710
95410714
95410847
95411064
95411083
95411272
95411320
95411324
95411327
95411334
95411340
95414460
95414519
95414530
95414785
95414945
95414983
95414994
95415006
95415014
95415016
95415029
95415032
95415041
95415042
95415082
95415303
95415323
95415517
95415573
95415584
95418748
95418753
95418757
95418760
95418764
95418847
95419091
95419235
95419241
95419262
95419267
95419271
95419273
95419276
95419278
95419305
95419528
95419551
95419738
95419893
95422565
95422789
95422800
95422893
95422896
95422897
95422907
95422914
95422919
95422920
95422929
95422940
95422948
95423080
95423323
95423446
95423487
95423507
95423509
95423517
95426507
95426515
95426516
95426526
95426709
95426933
95426944
95427026
95427036
95427043
95427051
95427056
95427057
95427065
95427070
95427071
95427201
95427463
95427595
95427615
95430587
95430651
95430661
95430672
95430697
95430722
95430734
95430735
95430736
95430756
95430981
95431213
95431297
95431315
95431334
95431354
95431362
95431363
95431373
95431378
95434674
95434688
95434697
95434698
95434705
95434706
95434711
95434714
95434761
95434775
95435022
95435185
95435227
95435233
95435243
95435250
95435254
95435258
95435272
95435280
95438339
95438583
95438710
95438717
95438732
95438836
95438840
95438864
95438865
95438866
95438873
95438876
95438939
95439183
95439343
95439386
95439387
95439400
95439406
95439407
95442361
95442366
95442377
95442392
95442510
95442760
95442891
95442914
95442921
95443004
95443032
95443040
95443048
95443102
95443356
95443535
95443583
95443594
95443600
95443608
95446615
95446620
95446725
95446743
95446958
95447166
95447170
95447174
95447182
95447187
95447229
95447238
95447242
95447243
95447248
95447253
95447257
95447266
95447273
95447468
95555911
95556143
95556332
95556392
95556400
95556406
95556411
95556418
95556425
95556432
95556585
95556831
95556943
95556958
95556967
95557009
95557082
95557083
95557091
95557097
95560089
95560121
95560346
95560536
95560588
95560591
95560598
95560602
95560606
95560614
95560619
95560721
95560726
95560902
95561135
95561210
95561215
95561216
95561220
95561225
95564322
95564350
95564568
95564774
95564829
95564839
95564844
95564854
95564860
95564868
95564872
95565004
95565017
95565257
95565380
95565394
95565411
95565420
95565426
95565430
95568473
95568479
95568480
95568481
95568487
95568488
95568515
95568738
95568938
95569000
95569006
95569010
95569011
95569013
95569020
95569027
95569032
95569040
95569198
95569439
95572449
95572450
95572452
95572461
95572473
95572474
95572484
95572493
95572501
95572502
95572535
95572760
95572963
95573027
95573037
95573047
95573048
95573062
95573072
95573080
95576153
95576359
95576431
95576432
95576442
95576451
95576474
95576486
95576496
95576501
95576675
95576904
95577024
95577048
95577059
95577068
95577075
95577093
95577102
95577160
95580401
95580484
95580495
95580497
95580498
95580499
95580507
95580508
95580509
95580510
95580515
95580522
95580533
95580543
95580726
95580966
95581051
95581060
95581061
95583750
95583756
95583765
95583770
95583791
95583797
95584008
95584211
95584276
95584277
95584284
95584289
95584295
95584299
95584306
95584310
95584451
95584688
95584811
95584816
95587262
95587503
95587630
95587641
95587647
95587655
95587658
95587659
95587666
95587669
95587734
95587980
95588134
95588140
95588173
95588182
95588183
95588185
95590896
95590900
95590903
95590904
95590905
95590906
95590912
95590923
95591109
95591342
95591431
95591444
95591445
95591452
95591460
95591461
95591470
95591480
95591493
95591601
95594629
95594649
95594824
95594876
95594879
95594884
95594889
95594899
95594905
95594914
95594924
95595100
95595122
95595343
95595420
95595430
95595431
95595438
95595443
95595451
95598886
95598892
95598902
95598959
95599200
95599380
95599428
95599441
95599452
95599463
95599464
95599465
95599466
95599474
95599482
95599514
95599519
95599746
95599761
95599957
95602741
95602747
95602751
95602760
95602761
95602762
95602770
95602838
95602851
95603099
95603249
95603269
95603270
95603275
95603280
95603284
95603290
95603293
95603318
95603325
95606717
95607334
95607338
95607853
95607858
95607866
95607873
95607879
95607881
95607884
95607887
95607897
95608085
95608101
95608321
95608333
95608401
95608409
95608417
95608420
95608428
95610839
95610842
95610852
95610868
95610954
95611201
95611358
95611385
95611391
95611397
95611399
95611411
95611428
95611434
95611435
95611489
95611718
95611921
95611980
95612002
95619265
95619386
95619415
95619416
95619533
95619534
95619665
95619666
95619789
95620041
95620401
95620407
95620419
95620650
95620820
95620900
95620901
95620905
95620909
95620910
95911234
95911235
95911236
95911242
95911243
95911248
95911252
95911254
95911259
95911260
95911374
95911617
95911756
95911772
95911778
95911784
95911788
95911794
95911796
95914466
95914474
95914475
95914476
95914478
95914479
95914490
95914498
95914499
95914505
95914506
95914564
95914809
95915068
95915114
95915130
95915133
95915138
95915245
95915250
95918109
95918117
95918236
95918485
95918618
95918631
95918637
95918639
95918646
95918653
95918655
95918657
95918663
95918669
95918736
95918983
95919139
95919144
95919177
95919183
95922135
95922148
95922160
95922249
95922498
95922657
95922689
95922698
95922707
95922708
95922717
95922718
95922727
95922736
95922765
95922987
95923193
95923246
95923257
95923267
95925775
95926006
95926103
95926112
95926116
95926117
95926118
95926123
95926127
95926134
95926140
95926142
95926256
95926502
95926638
95926655
95926664
95926671
95926675
95926678
95929500
95929747
95929759
95929773
95929784
95929890
95929900
95929907
95929914
95929920
95929928
95929934
95929993
95930004
95930246
95930407
95930446
95930454
95930460
95930465
95933171
95933172
95933176
95933177
95933184
95933185
95933187
95933191
95933195
95933212
95933410
95933628
95933635
95933644
95933696
95933701
95933708
95933713
95933716
95933723
95936449
95936458
95936664
95936670
95936678
95936760
95936774
95937023
95937043
95937187
95937218
95937220
95937235
95937248
95937250
95937258
95937264
95937270
95937411
95937648
95940544
95940639
95940641
95940643
95940650
95940657
95940658
95940660
95940661
95940673
95940674
95940679
95940682
95940683
95940687
95940836
95940852
95941089
95941181
95941187
95943492
95943636
95943650
95943890
95943992
95943994
95944008
95944015
95944021
95944022
95944029
95944039
95944050
95944051
95944144
95944408
95944559
95944607
95944617
95944625
95947456
95947465
95947470
95947472
95947482
95947492
95947638
95947878
95947987
95948001
95948011
95948018
95948026
95948032
95948038
95948099
95948370
95948385
95948546
95948581
95950971
95951033
95951276
95951452
95951495
95951503
95951509
95951516
95951527
95951534
95951543
95951548
95951757
95951995
95952072
95952081
95952087
95952096
95952104
95952110
95954756
95954760
95954780
95954784
95954791
95955013
95955229
95955237
95955290
95955294
95955295
95955300
95955308
95955314
95955317
95955318
95955325
95955502
95955735
95955819
95958636
95958641
95958642
95958643
95958651
95958825
95959059
95959144
95959149
95959155
95959159
95959161
95959166
95959167
95959170
95959171
95959274
95959523
95959654
95961961
95961979
95961991
95962248
95962393
95962398
95962406
95962407
95962415
95962420
95962426
95962436
95962437
95962444
95962500
95962741
95962917
95962922
95962927
95962935
96080868
96080885
96081087
96081107
96081322
96081378
96081385
96081391
96081398
96081405
96081499
96081515
96081637
96081653
96081896
96082014
96082028
96082036
96082047
96082052
96085282
96085291
96085300
96085316
96085324
96085328
96085540
96085761
96085837
96085852
96085862
96085872
96085881
96085889
96085890
96085897
96085898
96086042
96086058
96086295
96089607
96089611
96089615
96089616
96089623
96089624
96089637
96089818
96090045
96090123
96090183
96090184
96090188
96090189
96090196
96090198
96090207
96090210
96090211
96090214
96093705
96093714
96093725
96093730
96093736
96093741
96093747
96093911
96094155
96094270
96094283
96094392
96094398
96094403
96094413
96094449
96094454
96094527
96094770
96094939
96097806
96097883
96097885
96097894
96097900
96097902
96097908
96097914
96097917
96097942
96098136
96098381
96098525
96098555
96098567
96098574
96098576
96098579
96098586
96098587
96101650
96101674
96101691
96101700
96101702
96101711
96101724
96101735
96101792
96101803
96102043
96102053
96102202
96102222
96102379
96102390
96102406
96102437
96102445
96105661
96105666
96105668
96105674
96105675
96105849
96106090
96106100
96106194
96106196
96106202
96106213
96106226
96106240
96106347
96106355
96106441
96106702
96106862
96106878
96109957
96110087
96110088
96110089
96110098
96110102
96110108
96110117
96110118
96110125
96110144
96110334
96110560
96110649
96110667
96110668
96110674
96110678
96110689
96114617
96114623
96114631
96114645
96114646
96114647
96114656
96114666
96114822
96115067
96115222
96115250
96115251
96115264
96115276
96115287
96115297
96115305
96115338
96115564
96118751
96118752
96118760
96118762
96118764
96118785
96118995
96119201
96119265
96119274
96119275
96119281
96119282
96119285
96119288
96119295
96119298
96119451
96119465
96122103
96122110
96122114
96122126
96122132
96122145
96122153
96122160
96122166
96122384
96122590
96122646
96122647
96122648
96122656
96122661
96122664
96122669
96122681
96122682
96125416
96125420
96125421
96125425
96125430
96125613
96125847
96125857
96125864
96125932
96125939
96125946
96125955
96125956
96125959
96125963
96125969
96126110
96126360
96129228
96129233
96129239
96129241
96129268
96129278
96129285
96129287
96129289
96129301
96129311
96129318
96129320
96129401
96129654
96129825
96129844
96129850
96129856
96129869
96131967
96132241
96132242
96132277
96132514
96132713
96132720
96132770
96132782
96132793
96132795
96132803
96132811
96132812
96132822
96132839
96132846
96133045
96133061
96133078
96248074
96248256
96248684
96248837
96248962
96248972
96248983
96248992
96248993
96248994
96249007
96249018
96249044
96249287
96249505
96249570
96249572
96249586
96249588
96249600
96252376
96252608
96252838
96252910
96252929
96252949
96252970
96252989
96253008
96253021
96253165
96253466
96253600
96253624
96253647
96253667
96253686
96253706
96253724
96253778
96257337
96257353
96257366
96257377
96257391
96257514
96257529
96257541
96257558
96257572
96257588
96257604
96257692
96257949
96258111
96258147
96258167
96258182
96258184
96258199
96261645
96261746
96261784
96261801
96261803
96261820
96261835
96261854
96262041
96262059
96262302
96262392
96262419
96262450
96262476
96262512
96262515
96262539
96262567
96262702
96266654
96266704
96266879
96267159
96267176
96267359
96267366
96267427
96267449
96267498
96267514
96267516
96267551
96267589
96267637
96267644
96267895
96268120
96268203
96268206
96271259
96271299
96271537
96271554
96271576
96271762
96271815
96271832
96271850
96271866
96271881
96271897
96271914
96272102
96272124
96272363
96272449
96272467
96272469
96275508
96275710
96275948
96276029
96276042
96276044
96276046
96276048
96276064
96276082
96276098
96276099
96276116
96276133
96276303
96276320
96276340
96276589
96276679
96276710
96280304
96280407
96280410
96280429
96280431
96280448
96280468
96280487
96280505
96280526
96280647
96280908
96281048
96281054
96281078
96281097
96281117
96281136
96281153
96284191
96284270
96284281
96284282
96284297
96284306
96284313
96284321
96284329
96284427
96284683
96284826
96284852
96284870
96284871
96284893
96284917
96284929
96284939
96284976
96287929
96288170
96288184
96288193
96288269
96288270
96288276
96288281
96288287
96288293
96288296
96288300
96288404
96288655
96288785
96288791
96288793
96291419
96291577
96291585
96291627
96291645
96291666
96291681
96291682
96291693
96291711
96291752
96291980
96291997
96292012
96292197
96292250
96292264
96292265
96292273
96292287
96295091
96295094
96295106
96295122
96295124
96295125
96295126
96295147
96295334
96295353
96295578
96295652
96295658
96295668
96295677
96295686
96295694
96295704
96295705
96295832
96299534
96299546
96299733
96299767
96299770
96299799
96299807
96299845
96299849
96299850
96299890
96299918
96300163
96300185
96300383
96300449
96300469
96300502
96300516
96300549
96302953
96302988
96302992
96303125
96303144
96303156
96303414
96303502
96303509
96303510
96303514
96303526
96303527
96303538
96303545
96303547
96303549
96430816
96430826
96430841
96430863
96430871
96430879
96430951
96431198
96431367
96431501
96431515
96431516
96431528
96431541
96431553
96431561
96431562
96431586
96431794
96432012
96435264
96435270
96435448
96435462
96435692
96435767
96435768
96435775
96435777
96435780
96435781
96435787
96435791
96435794
96435797
96435936
96436182
96436339
96436393
96438823
96438936
96439176
96439192
96439210
96439218
96439324
96439334
96439341
96439342
96439343
96439351
96439356
96439362
96439369
96439449
96439698
96439708
96439717
96442272
96442276
96442281
96442285
96442290
96442393
96442394
96442397
96442400
96442520
96442760
96442773
96442892
96442905
96442909
96442912
96442914
96442917
96442920
96442927
96446013
96446026
96446030
96446229
96446453
96446529
96446545
96446546
96446551
96446557
96446561
96446562
96446563
96446571
96446578
96446718
96446980
96447089
96447099
96450086
96450094
96450097
96450102
96450103
96450107
96450118
96450296
96450531
96450611
96450612
96450623
96450628
96450631
96450632
96450636
96450641
96450642
96450643
96450646
96453945
96454017
96454028
96454029
96454037
96454049
96454051
96454061
96454068
96454069
96454081
96454090
96454094
96454325
96454557
96454632
96454646
96454659
96454661
96457501
96457511
96457521
96457551
96457765
96458002
96458062
96458068
96458079
96458080
96458081
96458086
96458093
96458098
96458111
96458264
96458280
96458297
96458311
96458545
96461727
96461728
96461740
96461762
96461840
96461851
96461856
96461857
96461862
96461906
96461918
96462152
96462166
96462325
96462374
96462375
96462376
96462384
96462389
96462392
96465089
96465256
96465264
96465299
96465300
96465304
96465307
96465310
96465311
96465314
96465317
96465318
96465343
96465563
96465769
96465772
96465780
96465788
96465832
96465835
96468436
96468677
96468878
96468937
96468941
96468951
96468957
96468967
96468974
96468978
96469104
96469341
96469467
96469597
96469598
96469608
96469613
96469616
96469620
96469621
96472590
96472596
96472605
96472620
96472805
96473024
96473116
96473119
96473126
96473133
96473134
96473174
96473249
96473256
96473261
96473365
96473381
96473396
96473647
96473769
96476949
96476954
96476955
96476956
96476964
96476971
96476972
96476977
96476990
96477172
96477405
96477471
96477472
96477473
96477474
96477478
96477480
96477483
96477484
96799483
96799694
96799746
96799751
96799788
96800014
96800035
96800162
96800269
96800301
96800316
96800321
96800323
96800332
96800348
96800372
96800376
96800583
96800728
96800737
96804008
96804009
96804011
96804073
96804086
96804088
96804096
96804097
96804101
96804107
96804113
96804237
96804460
96804568
96804574
96804576
96804647
96804651
96804657
96804691
96807935
96807940
96807989
96808023
96808036
96808037
96808045
96808056
96808057
96808119
96808369
96808480
96808569
96808574
96808577
96808610
96808661
96808735
96808741
96808742
96812050
96812070
96812178
96812403
96812409
96812529
96812595
96812611
96812623
96812648
96812663
96812676
96812745
96812750
96812804
96813042
96813179
96813253
96813284
96813291
96816406
96816459
96816480
96816481
96816489
96816490
96816496
96816498
96816505
96816514
96816638
96816845
96816853
96816961
96817030
96817032
96817049
96817055
96817060
96820112
96820119
96820125
96820130
96820132
96820169
96820399
96820420
96820579
96820648
96820671
96820677
96820682
96820787
96820796
96820798
96820818
96823798
96823802
96823957
96823974
96824214
96824297
96824304
96824312
96824316
96824317
96824322
96824326
96824331
96824410
96824650
96824797
96824801
96824829
96824834
96824839
96827879
96827884
96827889
96827899
96828062
96828292
96828403
96828512
96828518
96828527
96828531
96828537
96828543
96828619
96828869
96829026
96829059
96829067
96829076
96829077
96831505
96831510
96831514
96831652
96831890
96832011
96832020
96832024
96832028
96832132
96832135
96832141
96832145
96832195
96832211
96832466
96832616
96832650
96835188
96835438
96835455
96835625
96835642
96835649
96835751
96835753
96835762
96835775
96835781
96835794
96835795
96835830
96836054
96836265
96836327
96836337
96836342
96836346
96838887
96838931
96839164
96839351
96839396
96839403
96839404
96839405
96839412
96839424
96839533
96839534
96839548
96839568
96839770
96840004
96840073
96840079
96840094
96840098
96843159
96843166
96843168
96843183
96843192
96843199
96843270
96843516
96843686
96843726
96843727
96843739
96843749
96843756
96843763
96843770
96843789
96843985
96844211
96844223
96847026
96847182
96847198
96847199
96847200
96847209
96847210
96847214
96847215
96847216
96847217
96847221
96847228
96847231
96847313
96847557
96847709
96847712
96847735
96847736
96850929
96850935
96850949
96850955
96850958
96851134
96851358
96851371
96851380
96851459
96851462
96851486
96851496
96851511
96851521
96851527
