94204283
94204339
94204587
94204608
94204789
94204798
94204851
94204867
94204870
94204885
94204902
94204904
94204906
94204907
94204926
94204928
94204944
94204946
94205014
94210820
94210837
94210839
94210882
94211113
94211320
94211395
94211414
94211434
94211453
94211454
94211473
94211491
94211507
94211683
94211933
94212037
94212038
94212041
94215656
94215903
94216021
94216047
94216068
94216070
94216071
94216089
94216091
94216107
94216109
94216126
94216146
94216271
94216531
94216679
94216702
94216724
94216746
94220169
94220184
94220188
94220204
94220368
94220388
94220639
94220740
94220755
94220770
94220786
94220788
94220804
94220819
94220834
94220836
94220839
94220958
94221211
94226843
94226899
94227153
94227338
94227391
94227411
94227413
94227429
94227547
94227564
94227584
94227606
94227796
94228038
94228127
94228147
94228149
94228167
94228185
94233056
94233071
94233093
94233108
94233124
94233139
94233153
94233328
94233577
94233678
94233696
94233697
94233716
94233783
94233847
94233862
94233879
94233965
94234222
94237804
94237824
94237826
94237842
94237858
94237874
94237891
94237893
94237895
94238012
94238143
94238406
94238543
94238566
94238569
94238582
94238599
94238601
94238603
94243398
94243647
94243663
94243799
94243827
94243836
94243850
94243966
94243979
94243994
94244041
94244281
94244483
94244540
94244558
94244575
94244589
94244606
94244620
94248723
94248742
94248764
94248784
94248978
94249236
94249399
94249452
94249455
94249456
94249479
94249497
94249519
94249537
94249539
94249542
94249559
94249628
94249900
94253586
94253603
94253619
94253656
94253869
94254117
94254197
94254218
94254238
94254255
94254257
94254277
94254279
94254295
94254314
94254472
94254486
94254735
94254857
94258593
94259520
94259538
94259556
94259677
94259957
94260128
94260162
94260179
94260181
94260200
94260216
94260234
94260250
94260298
94260541
94260731
94260742
94260797
94260815
94264887
94264902
94264913
94264929
94264975
94265215
94265419
94265473
94265475
94265510
94265527
94265530
94265543
94265557
94265576
94265593
94265771
94266014
94266124
94470581
94612442
94612529
94612541
94612555
94612560
94612569
94612571
94612574
94612579
94612676
94612688
94612939
94613063
94613082
94613088
94613095
94613098
94613106
94613112
94617647
94617748
94617993
94618136
94618161
94618163
94618171
94618178
94618184
94618194
94618200
94618202
94618243
94618257
94618498
94618512
94618675
94618708
94618720
94622320
94622347
94622394
94622627
94622845
94622920
94622942
94622948
94622954
94622964
94622973
94622979
94623116
94623355
94623481
94623484
94623500
94623510
94623519
94626590
94626593
94626596
94626743
94626974
94627084
94627086
94627113
94627116
94627119
94627124
94627128
94627132
94627208
94627464
94627626
94627676
94627678
94627697
94632839
94632845
94632853
94632855
94632860
94632866
94632872
94632974
94633222
94633357
94633383
94633393
94633399
94633400
94633405
94633425
94633443
94633487
94633723
94636802
94636804
94636808
94636812
94636815
94636984
94637213
94637308
94637313
94637316
94637318
94637319
94637320
94637323
94637325
94637327
94637328
94637428
94637675
94640544
94640751
94640836
94640856
94640879
94640903
94640923
94640942
94640959
94641094
94641353
94641491
94641511
94641527
94641529
94641542
94641544
94641556
94641557
94644342
94644345
94644350
94644384
94644612
94644819
94644899
94644930
94644961
94644971
94644972
94644989
94644990
94645007
94645022
94645199
94645450
94645464
94645477
94648489
94648506
94648518
94648524
94648535
94648536
94648560
94648755
94648772
94648983
94649055
94649056
94649063
94649074
94649083
94649096
94649106
94649112
94649248
94652040
94652059
94652142
94652408
94652584
94652642
94652664
94652684
94652704
94652707
94652734
94652752
94652754
94652779
94652997
94653199
94653206
94653266
94653275
94654501
94656180
94656184
94656189
94656192
94656193
94656196
94656197
94656351
94656585
94656695
94656706
94656709
94656716
94656723
94656724
94656726
94656738
94656741
94659431
94659442
94659443
94659451
94659457
94659461
94659469
94659470
94659478
94659479
94659565
94659808
94659823
94659964
94659981
94659986
94659990
94660000
94660005
94662728
94662771
94662778
94662782
94662786
94662787
94662788
94662793
94662799
94662800
94662801
94662825
94662832
94663055
94663248
94663303
94663319
94663322
94663327
94665981
94665988
94665989
94665994
94665998
94666001
94666002
94666004
94666005
94666006
94666012
94666017
94666156
94666394
94666406
94666512
94666518
94666520
94666527
94669378
94669385
94669389
94669393
94669395
94669405
94669406
94669407
94669415
94669452
94669681
94669697
94669881
94669918
94669923
94669925
94669926
94669931
94669934
94855244
95074398
95074508
95074514
95074520
95074521
95074530
95074538
95074544
95074545
95074686
95074701
95074991
95075254
95075266
95075289
95075291
95075307
95075316
95075321
95075326
95079384
95079385
95079391
95079395
95079401
95079408
95079416
95079479
95079728
95079895
95079901
95079930
95079944
95079959
95080032
95080038
95080040
95080051
95080052
95080058
95083669
95083680
95083681
95083689
95083698
95083699
95083706
95083743
95083971
95083989
95084185
95084252
95084264
95084265
95084274
95084283
95084284
95084396
95084403
95084434
95087314
95087316
95087320
95087323
95087327
95087341
95087346
95087353
95087361
95087368
95087375
95087383
95087397
95087640
95087652
95087662
95087676
95087690
95087820
95087843
95090939
95091088
95091138
95091146
95091152
95091158
95091163
95091171
95091172
95091187
95091383
95091405
95091614
95091624
95091679
95091692
95091694
95091706
95091720
95091726
95094375
95094376
95094377
95094382
95094383
95094385
95094387
95094388
95094563
95094814
95094822
95094977
95095052
95095069
95095082
95095088
95095099
95095105
95095158
95095398
95098301
95098504
95098509
95098574
95098588
95098597
95098702
95098708
95098713
95098714
95098719
95098876
95099117
95099212
95099218
95099219
95099224
95099225
95099231
95099239
95102133
95102134
95102149
95102253
95102445
95102465
95102677
95102687
95102744
95102754
95102759
95102763
95102769
95102773
95102779
95102901
95102922
95103163
95103180
95103288
95105962
95105973
95106139
95106380
95106472
95106482
95106490
95106497
95106504
95106510
95106516
95106588
95106599
95106847
95106861
95107011
95107038
95107040
95107047
95107059
95110147
95110149
95110156
95110162
95110174
95110176
95110188
95110190
95110196
95110219
95110418
95110641
95110712
95110753
95110834
95110841
95110849
95110858
95110859
95110869
95112122
95113894
95113903
95113908
95113909
95113913
95113915
95113920
95113921
95113922
95114057
95114294
95114406
95114418
95114430
95114434
95114439
95114440
95114445
95114447
95117375
95117614
95117711
95117720
95117724
95117729
95117734
95117739
95117745
95117825
95118067
95118229
95118252
95118258
95118265
95118271
95118272
95118281
95118287
95118289
95121038
95121041
95121045
95121046
95121050
95121052
95121056
95121120
95121365
95121375
95121528
95121535
95121561
95121562
95121567
95121572
95121578
95121581
95121584
95121609
95124765
95124776
95124797
95124799
95124802
95124803
95124823
95124845
95124859
95124876
95124973
95125232
95125392
95125425
95125442
95125459
95125481
95125497
95125500
95125502
95233086
95233707
95233710
95233717
95233722
95233727
95233807
95234053
95234207
95234229
95234240
95234267
95234349
95234354
95234363
95234382
95234588
95234799
95234871
95234872
95234873
95237805
95237840
95237841
95237843
95237851
95237857
95237858
95237864
95237873
95237874
95237928
95238010
95238230
95238250
95238268
95238447
95238450
95238456
95238494
95238501
95241514
95241519
95241540
95241660
95241672
95241682
95241697
95241698
95241705
95241774
95242025
95242188
95242230
95242240
95242254
95242268
95242281
95242290
95242291
95242315
95245295
95245316
95245394
95245405
95245652
95245672
95245822
95245847
95245856
95245857
95245863
95245866
95245870
95245873
95246015
95246242
95246436
95246494
95246498
95246502
95249318
95249486
95249494
95249499
95249500
95249510
95249521
95249526
95249527
95249528
95249538
95249543
95249734
95249750
95249962
95250040
95250042
95250043
95250053
95250058
95270617
95407183
95407202
95407399
95407617
95407685
95407687
95407688
95407698
95407703
95407704
95407713
95407716
95407724
95407730
95407880
95408127
95408234
95408249
95408251
95408259
95411342
95411347
95411502
95411737
95411841
95411844
95411847
95411950
95411951
95411956
95411959
95411963
95411966
95412042
95412292
95412452
95412473
95412477
95412478
95412481
95415585
95415594
95415595
95415605
95415608
95415610
95415618
95415633
95415729
95415948
95416184
95416255
95416262
95416271
95416273
95416285
95416297
95416303
95416311
95416462
95419900
95419902
95419913
95419914
95419915
95419916
95419925
95419931
95419943
95420150
95420357
95420454
95420463
95420464
95420465
95420476
95420480
95420486
95420489
95423518
95423531
95423589
95423647
95423702
95423993
95424159
95424206
95424219
95424220
95424229
95424242
95424248
95424256
95424273
95424280
95424476
95424494
95424703
95424814
95427625
95427626
95427633
95427639
95427640
95427649
95427650
95427663
95427726
95427995
95428163
95428209
95428217
95428218
95428228
95428244
95428247
95428268
95428276
95430102
95431501
95431517
95431756
95431877
95431900
95431905
95431909
95431910
95431915
95431919
95431924
95431981
95432219
95432386
95432422
95432437
95432442
95432445
95432449
95432451
95435289
95435500
95435701
95435764
95435774
95435780
95435784
95435791
95435803
95435837
95435967
95435984
95436228
95436336
95436350
95436358
95436363
95436364
95436365
95439411
95439414
95439425
95439445
95439646
95439859
95439930
95439931
95439946
95439947
95439969
95439970
95439977
95439989
95439993
95439994
95439995
95440002
95440189
95440423
95443614
95443621
95443641
95443845
95444065
95444150
95444159
95444169
95444177
95444185
95444187
95444196
95444197
95444257
95444489
95444513
95444738
95444822
95444825
95447681
95447693
95447706
95447775
95447784
95447792
95447898
95447904
95447912
95447937
95447938
95448076
95448307
95557169
95557416
95557574
95557615
95557616
95557627
95557628
95557629
95557631
95557636
95557643
95557651
95557652
95557657
95557699
95557708
95557949
95557962
95558129
95558168
95561228
95561232
95561234
95561239
95561343
95561593
95561725
95561737
95561847
95561856
95561859
95561865
95561871
95561872
95561874
95561919
95562151
95562329
95562372
95562381
95565436
95565584
95565597
95565839
95565854
95565998
95566047
95566056
95566060
95566065
95566072
95566077
95566078
95566100
95566104
95566353
95566371
95566575
95566637
95566687
95569446
95569541
95569543
95569546
95569554
95569560
95569565
95569567
95569568
95569575
95569580
95569581
95569585
95569749
95569998
95570123
95570129
95570152
95570168
95570183
95573007
95573091
95573268
95573516
95573631
95573636
95573647
95573660
95573672
95573673
95573685
95573691
95573694
95573695
95573701
95573806
95574055
95574191
95574214
95577175
95577422
95577581
95577625
95577635
95577642
95577651
95577658
95577669
95577688
95577877
95578108
95578194
95578210
95578220
95578227
95578233
95578242
95578249
95578343
95581072
95581083
95581084
95581089
95581091
95581092
95581095
95581210
95581458
95581588
95581598
95581606
95581607
95581615
95581619
95581628
95581629
95581633
95581685
95581923
95584825
95584826
95584827
95584834
95584835
95584836
95584842
95584847
95584854
95584948
95584962
95585210
95585345
95585356
95585357
95585363
95585378
95585379
95585387
95585397
95588190
95588193
95588194
95588195
95588196
95588199
95588237
95588469
95588484
95588498
95588667
95588704
95588705
95588716
95588719
95588720
95588727
95588731
95588732
95588736
95591852
95591990
95591999
95592008
95592017
95592025
95592036
95592046
95592082
95592093
95592332
95592516
95592575
95592582
95592594
95592599
95592600
95592607
95592619
95592627
95595453
95595460
95595468
95595587
95595826
95595968
95595976
95595986
95595991
95595998
95596003
95596021
95596058
95596291
95596494
95596544
95596555
95596563
95596573
95596582
95599496
95599963
95600016
95600017
95600024
95600033
95600047
95600056
95600066
95600067
95600088
95600309
95600528
95600606
95600616
95600620
95600630
95600636
95600645
95600651
95600652
95603572
95603767
95603829
95603839
95603843
95603849
95603850
95603855
95604477
95604490
95604496
95604501
95604505
95604576
95604823
95604985
95605014
95605016
95605027
95605033
95605039
95605040
95606779
95606785
95606949
95607193
95607304
95608431
95608432
95608433
95608437
95608438
95608444
95608619
95608642
95608864
95608871
95608948
95608949
95608956
95608960
95608961
95608965
95608967
95608973
95608979
95608986
95612007
95612015
95612016
95612021
95612104
95612105
95612224
95612238
95612297
95612301
95612627
95612640
95612947
95613143
95613271
95613394
95613409
95613588
95613712
95613831
95620929
95620931
95620944
95621079
95621449
95621730
95621875
95622054
95622174
95622305
95622418
95622535
95622536
95622564
95622921
95623265
95623458
95623590
95623659
95623666
95761012
95786368
95911829
95912058
95912249
95912299
95912300
95912309
95912314
95912316
95912324
95912329
95912330
95912331
95912334
95912340
95912358
95912559
95912574
95912784
95912838
95915259
95915433
95915671
95915754
95915755
95915766
95915767
95915778
95915779
95915784
95915790
95915796
95915802
95915921
95916175
95916302
95916330
95916331
95916342
95916348
95919191
95919197
95919204
95919211
95919228
95919430
95919650
95919718
95919724
95919729
95919744
95919752
95919753
95919754
95919758
95919763
95919890
95920133
95920145
95920159
95923275
95923282
95923293
95923303
95923436
95923684
95923696
95923707
95923810
95923812
95923820
95923830
95923837
95923838
95923848
95923860
95923869
95923948
95924197
95924364
95926683
95926718
95926942
95927137
95927143
95927190
95927195
95927201
95927202
95927204
95927207
95927208
95927211
95927217
95927395
95927629
95927712
95927718
95927719
95930471
95930477
95930486
95930492
95930684
95930884
95930972
95930979
95931004
95931024
95931033
95931038
95931043
95931048
95931050
95931203
95931220
95931480
95931574
95931582
95933725
95933726
95933732
95933892
95934134
95934144
95934157
95934165
95934229
95934233
95934237
95934238
95934245
95934251
95934255
95934256
95934258
95934407
95934424
95937665
95937682
95937848
95937852
95937881
95937892
95937893
95937900
95937909
95937913
95937916
95937937
95938165
95938376
95938442
95938451
95938454
95938457
95938464
95938473
95941190
95941191
95941193
95941194
95941196
95941197
95941202
95941206
95941209
95941323
95941587
95941604
95941721
95941742
95941743
95941749
95941754
95941755
95941758
95941761
95944633
95944634
95944642
95944647
95944676
95944683
95944947
95944966
95944983
95945172
95945206
95945216
95945218
95945219
95945231
95945233
95945242
95945249
95945259
95945260
95948591
95948597
95948605
95948606
95948607
95948615
95948621
95948649
95948866
95949070
95949132
95949133
95949142
95949143
95949152
95949160
95949168
95949181
95949190
95949192
95950980
95952113
95952190
95952432
95952590
95952613
95952616
95952619
95952623
95952626
95952630
95952631
95952657
95952877
95953077
95953084
95953132
95953137
95953144
95953149
95955826
95955835
95955842
95955843
95955847
95955849
95955854
95955863
95955956
95956205
95956353
95956365
95956371
95956375
95956380
95956386
95956392
95956422
95956638
95956841
95959669
95959675
95959677
95959678
95959679
95959681
95959686
95959734
95959743
95959981
95960153
95960188
95960190
95960192
95960199
95960200
95960203
95960209
95960213
95960216
95962957
95962958
95962963
95962964
95962970
95962974
95962983
95962987
95962988
95963025
95963251
95963443
95963494
95963495
95963503
95963505
95963514
95963515
95963528
95963529
96082058
96082065
96082114
96082354
96082532
96082647
96082662
96082695
96082700
96082705
96082706
96082707
96082709
96082710
96082718
96082723
96082750
96082995
96083215
96083222
96086310
96086409
96086417
96086431
96086477
96086550
96086560
96086573
96086652
96086930
96087098
96087129
96087141
96087152
96087160
96087171
96087178
96087202
96087411
96090373
96090632
96090736
96090744
96090749
96090753
96090754
96090762
96090763
96090768
96090773
96090842
96091083
96091244
96091277
96091278
96091291
96091306
96091308
96091315
96094970
96094975
96094984
96094986
96094992
96094999
96095004
96095021
96095210
96095428
96095506
96095517
96095520
96095526
96095528
96095533
96095540
96095580
96095756
96098589
96098595
96098657
96098902
96099070
96099114
96099116
96099118
96099175
96099231
96099241
96099253
96099275
96099294
96099488
96099506
96099519
96099744
96099751
96099762
96102449
96102486
96102705
96102910
96102979
96102998
96103002
96103023
96103030
96103047
96103049
96103053
96103209
96103452
96103581
96103599
96103613
96103634
96103657
96103659
96106887
96106889
96106895
96106903
96106910
96106912
96106923
96106958
96106970
96107205
96107384
96107536
96107549
96107550
96107559
96107566
96107567
96107569
96107571
96107572
96110692
96110711
96110726
96110860
96110876
96111128
96111256
96111275
96111292
96111312
96111327
96111340
96111367
96111438
96111690
96111882
96111929
96111948
96111950
96111968
96115760
96115823
96115832
96115839
96115845
96115853
96115861
96115862
96115870
96115874
96116027
96116272
96116377
96116392
96116399
96116406
96116418
96116428
96116445
96116504
96116511
96119703
96119720
96119797
96119809
96119816
96119817
96119822
96119824
96119830
96119837
96119841
96119843
96119995
96120255
96120364
96120378
96120393
96120398
96120399
96120402
96122687
96122697
96122704
96122710
96122919
96123118
96123129
96123139
96123145
96123208
96123220
96123227
96123235
96123236
96123243
96123246
96123253
96123264
96123472
96123493
96126370
96126469
96126473
96126483
96126484
96126487
96126491
96126492
96126498
96126502
96126513
96126610
96126888
96127031
96127054
96127061
96127066
96127073
96127082
96127083
96129880
96129882
96129884
96129891
96129925
96130184
96130392
96130441
96130450
96130461
96130462
96130467
96130473
96130474
96130484
96130496
96130501
96130694
96130930
96131017
96133096
96133290
96159973
96159982
96160100
96160111
96160118
96160126
96160135
96160139
96160146
96160154
96160163
96160171
96160183
96160192
96160197
96160206
96160211
96160218
96160228
96160238
96160248
96160256
96160266
96160278
96160286
96160296
96175882
96175883
96175885
96190117
96190118
96190120
96190121
96190122
96190124
96190125
96190126
96190127
96190128
96190129
96190131
96190132
96190134
96190135
96190136
96190137
96190138
96249612
96249624
96249635
96249647
96249807
96249819
96249834
96250084
96250097
96250170
96250179
96250187
96250202
96250220
96250245
96250248
96250268
96250270
96250395
96254022
96254219
96254284
96254298
96254316
96254334
96254353
96254372
96254389
96254549
96254806
96254925
96254944
96254946
96254964
96254977
96254991
96255009
96255027
96255104
96258217
96258219
96258236
96258274
96258499
96258520
96258728
96258796
96258865
96258932
96258934
96258955
96258957
96258974
96258990
96259007
96259014
96259206
96259222
96262719
96262734
96263001
96263153
96263155
96263189
96263224
96263252
96263279
96263316
96263358
96263531
96263540
96263819
96264015
96264062
96264095
96264101
96268289
96268370
96268373
96268390
96268406
96268422
96268424
96268443
96268623
96268859
96268963
96268985
96269003
96269005
96269023
96269044
96269063
96269080
96269179
96269445
96272484
96272486
96272502
96272504
96272505
96272521
96272537
96272630
96272807
96273049
96273174
96273178
96273183
96273199
96273217
96273235
96273249
96273262
96273265
96273280
96276829
96276847
96276866
96276885
96276905
96276907
96277023
96277276
96277424
96277430
96277458
96277480
96277483
96277504
96277520
96277539
96277558
96277616
96277863
96278068
96281171
96281314
96281561
96281748
96281810
96281830
96281850
96281868
96281870
96281871
96281887
96281907
96281931
96281937
96282176
96282193
96282405
96282477
96285209
96285404
96285455
96285462
96285476
96285478
96285490
96285498
96285507
96285515
96285685
96285941
96285956
96286031
96286041
96286051
96286061
96286070
96286071
96286080
96286090
96288797
96288807
96288821
96288827
96288830
96288872
96289102
96289286
96289329
96289333
96289337
96289341
96289344
96289345
96289351
96289355
96289363
96289371
96289571
96292288
96292289
96292301
96292311
96292312
96292350
96292564
96292788
96292797
96292850
96292857
96292866
96292870
96292877
96292879
96292887
96292894
96293048
96293284
96293390
96296081
96296207
96296217
96296227
96296234
96296253
96296262
96296298
96296347
96296360
96296368
96296645
96296810
96296874
96296884
96296919
96296928
96296968
96296988
96297028
96300561
96300580
96300581
96300586
96300786
96300808
96301056
96301142
96301144
96301162
96301195
96301212
96301213
96301241
96301253
96301264
96301265
96301411
96303550
96303558
96303695
96303952
96304060
96304070
96304075
96304084
96304091
96304102
96304110
96304157
96304395
96304582
96429565
96429581
96429591
96429620
96429826
96430044
96430116
96430227
96430234
96430235
96430236
96430244
96430245
96430254
96430266
96430274
96430422
96430690
96430701
96430801
96434078
96434198
96434212
96434456
96434576
96434590
96434595
96434598
96434600
96434607
96434608
96434613
96434672
96434921
96435090
96435132
96435140
96435147
96435153
96435176
96438156
96438161
96438162
96438168
96438173
96438175
96438183
96438336
96438349
96438368
96438604
96438609
96438620
96438789
96438796
96438797
96438802
96438806
96438811
96438819
96441240
96441245
96441269
96441475
96441489
96441689
96441746
96441751
96441754
96441760
96441761
96441763
96441765
96441766
96441774
96441775
96441942
96442180
96442266
96442271
96445308
96445315
96445316
96445322
96445332
96445333
96445341
96445375
96445580
96445600
96445619
96445810
96445820
96445966
96445968
96445977
96445984
96445991
96445997
96446012
96448973
96448976
96448979
96449074
96449323
96449466
96449488
96449490
96449497
96449498
96449503
96449506
96449565
96449570
96449571
96449618
96449858
96450034
96450079
96450082
96452879
96452887
96452888
96452896
96452908
96452917
96452992
96453245
96453254
96453415
96453423
96453442
96453451
96453464
96453470
96453478
96453487
96453488
96453528
96453763
96456518
96456534
96456778
96456793
96456895
96456911
96456926
96456936
96456942
96456947
96456961
96457028
96457277
96457446
96457478
96457488
96457489
96457493
96457499
96457500
96460490
96460499
96460508
96460546
96460580
96460744
96461002
96461128
96461146
96461159
96461164
96461172
96461173
96461178
96461179
96461187
96461240
96461255
96461527
96461698
96464111
96464112
96464119
96464120
96464201
96464211
96464457
96464477
96464614
96464730
96464731
96464737
96464742
96464743
96464744
96464748
96464749
96464752
96464757
96464816
96467713
96467714
96467715
96467723
96467724
96467731
96467736
96467738
96467743
96467814
96468061
96468218
96468272
96468275
96468285
96468291
96468300
96468304
96468409
96468410
96471353
96471365
96471366
96471501
96471752
96471874
96471995
96472007
96472008
96472018
96472029
96472037
96472038
96472041
96472106
96472377
96472540
96472568
96472575
96472584
96475799
96476048
96476063
96476234
96476244
96476252
96476279
96476280
96476292
96476302
96476307
96476316
96476322
96476353
96476362
96476592
96476777
96476889
96638501
96798238
96798246
96798253
96798431
96798614
96798707
96798710
96798800
96798853
96798855
96798883
96798894
96798907
96798918
96799025
96799042
96799260
96799389
96799456
96799471
96802845
96802851
96802857
96802872
96802879
96803079
96803096
96803251
96803259
96803349
96803378
96803400
96803498
96803499
96803506
96803510
96803518
96803678
96803691
96803878
96806693
96806816
96807023
96807029
96807138
96807143
96807203
96807211
96807252
96807253
96807256
96807264
96807369
96807370
96807375
96807380
96807491
96807738
96807842
96807847
96811218
96811257
96811273
96811275
96811276
96811282
96811389
96811390
96811398
96811565
96811798
96811905
96811975
96811977
96812001
96812020
96812033
96812034
96812035
96812037
96815203
96815214
96815215
96815216
96815257
96815303
96815310
96815374
96815627
96815772
96815845
96815883
96815905
96815917
96815925
96815933
96815942
96816125
96816311
96819197
96819294
96819393
96819396
96819479
96819536
96819558
96819563
96819569
96819609
96819841
96820004
96820010
96820015
96820022
96820090
96820093
96820096
96820099
96820107
96822956
96822968
96823121
96823143
96823149
96823155
96823160
96823166
96823171
96823196
96823201
96823415
96823436
96823625
96823725
96823779
96823780
96823783
96823787
96823791
96826687
96826690
96826780
96827028
96827171
96827203
96827208
96827216
96827330
96827331
96827339
96827344
96827375
96827606
96827621
96827792
96827852
96827853
96827868
96827874
96830796
96830870
96830962
96830963
96830965
96830966
96830967
96830968
96830976
96830979
96830981
96830982
96831003
96831211
96831407
96831418
96831483
96831488
96831492
96831498
96834431
96834435
96834436
96834443
96834451
96834555
96834561
96834562
96834569
96834685
96834941
96835079
96835094
96835096
96835105
96835113
96835114
96835122
96835130
96835137
96838305
96838306
96838307
96838308
96838313
96838314
96838316
96838321
96838327
96838418
96838665
96838678
96838695
96838821
96838838
96838850
96838856
96838865
96838867
96838882
96842046
96842200
96842449
96842557
96842567
96842569
96842580
96842588
96842598
96842608
96842609
96842620
96842709
96842962
96842984
96842999
96843135
96843151
96843152
96843153
96843781
96845985
96845997
96846010
96846011
96846016
96846027
96846045
96846050
96846235
96846555
96846645
96846649
96846650
96846654
96846663
96846675
96846687
96846689
96846693
96846775
96849739
96849740
96849748
96849844
96850091
96850242
96850247
96850262
96850268
96850277
96850286
96850292
96850293
96850298
96850341
96850571
96850760
96850809
96850818
96850925
