100365489
100365503
100365625
100365882
100365896
100366017
100366054
100366090
100366093
100366134
100366164
100366196
100366204
100366265
100366510
100366714
100366760
100366773
100366787
100368208
100368209
100368223
100368232
100368243
100368257
100368293
100368303
100368543
100368757
100368763
100368844
100368878
100368917
100368922
100368965
100368968
100369001
100369029
100370398
100370417
100370436
100370489
100370500
100370776
100370949
100371001
100371003
100371020
100371033
100371045
100371056
100371069
100371085
100371275
100371511
100371596
100371637
100372453
100372708
100372906
100372913
100372920
100372971
100373003
100373033
100373035
100373085
100373111
100373124
100373154
100373161
100373379
100373582
100373648
100373655
100373657
100374855
100374869
100375008
100375027
100375029
100375038
100375070
100375125
100375126
100375164
100375165
100375176
100375177
100375246
100375498
100375665
100375698
100375700
100375725
100376669
100376916
100376924
100376932
100377029
100377033
100377061
100377081
100377083
100377109
100377113
100377143
100377206
100377216
100377346
100377596
100377720
100377760
100377761
100379108
100379125
100379131
100379139
100379150
100379158
100379347
100379574
100379657
100379690
100379716
100379740
100379742
100379766
100379768
100379769
100379771
100379890
100380142
100380960
100380973
100381166
100381193
100381448
100381543
100381564
100381572
100381579
100381608
100381646
100381665
100381822
100381840
100382098
100382214
100382240
100382270
100382276
100383083
100383324
100383463
100383501
100383528
100383558
100383572
100383578
100383584
100383666
100383681
100383934
100384072
100384078
100384080
100384103
100384106
100386144
100386148
100387508
100387511
100387513
100387560
100387802
100387972
100388028
100388042
100388048
100388050
100388053
100388056
100388063
100388233
100388468
100388554
100388572
100388598
100388601
100389366
100389445
100389455
100389724
100389746
100389911
100389952
100389979
100389988
100389992
100389995
100390001
100390027
100390261
100390464
100390526
100390533
100390536
100390560
100391817
100391892
100391920
100391961
100392018
100392210
100392455
100392464
100392558
100392561
100392601
100392635
100392637
100392640
100392675
100392679
100392712
100392748
100392749
100393981
100394011
100394035
100394042
100394044
100394047
100394052
100394057
100394138
100394412
100394428
100394441
100394453
100394597
100394612
100394613
100394623
100394634
100394647
100396017
100396025
100396035
100396041
100396047
100396055
100396060
100396216
100396231
100396502
100396625
100396660
100396686
100396705
100396709
100396714
100396716
100396771
100397008
100397840
100397843
100397866
100397869
100397893
100397917
100397933
100397935
100397956
100398162
100398173
100398389
100398395
100398401
100398478
100398482
100398489
100398494
100398499
100399690
100399697
100399704
100399711
100399718
100399725
100400224
100400263
100400292
100400319
100400355
100400362
100400367
100400369
100400374
100400511
100400757
100400770
100400873
100400916
100401532
100401557
100401570
100401668
100401945
100402078
100402099
100402101
100402105
100402108
100402113
100402114
100402117
100402120
100402158
100402384
100402407
100402603
100402664
100403385
100403508
100403529
100403763
100403874
100403876
100403878
100403902
100403927
100403951
100403977
100404001
100404005
100404077
100404086
100404330
100404492
100404504
100404506
100405650
100405665
100405667
100405668
100405680
100405684
100405685
100405686
100405692
100405695
100405759
100406000
100406015
100406023
100406199
100406242
100406265
100406289
100406291
100407449
100407461
100407556
100407581
100407606
100407621
100407627
100407630
100407631
100407633
100407636
100407751
100407768
100408011
100408130
100408133
100408143
100408145
100408148
100408838
100408981
100409235
100409248
100409363
100409372
100409378
100409387
100409388
100409395
100409398
100409401
100409452
100409463
100409702
100409863
100409868
100409875
100409902
100410745
100410986
100411074
100411077
100411079
100411105
100411132
100411148
100411149
100411151
100411152
100411282
100411519
100411534
100411659
100411662
100411664
100411670
100411671
100412272
100412295
100412319
100412321
100412322
100412440
100412714
100412840
100412852
100412855
100412856
100412861
100412866
100412870
100412871
100412874
100412918
100412927
100413183
100414027
100414031
100414130
100414147
100414389
100414540
100414574
100414601
100414629
100414656
100414660
100414670
100414674
100414675
100414723
100414963
100415138
100415179
100415191
100415874
100415876
100415878
100416090
100416320
100416414
100416427
100416433
100416441
100416442
100416448
100416456
100416460
100416552
100416565
100416832
100416988
100417032
100417060
100417670
100417680
100417691
100417929
100418110
100418156
100418159
100418183
100418207
100418231
100418233
100418259
100418264
100418279
100418473
100418693
100418763
100418765
100418768
100431966
100431969
100431970
100431971
100431972
100431973
100431974
100431975
100431976
100431977
100440322
100440323
100440324
100440325
100440326
100440327
100440328
100440329
100440330
100440331
100448700
100448701
100448702
100448703
100448704
100448705
100448706
100448707
100448708
100448709
100457054
100457055
100457056
100457057
100457058
100457059
100457060
100457061
100457062
100457063
100541445
100541456
100541472
100541478
100541485
100541685
100541933
100542036
100542037
100542053
100542062
100542063
100542078
100542079
100542091
100542103
100542106
100542110
100542120
100543459
100543473
100543491
100543504
100543505
100543520
100543523
100543540
100543541
100543648
100543914
100544087
100544138
100544152
100544163
100544174
100544186
100544187
100544190
100545458
100545469
100545481
100545497
100545499
100545508
100545660
100545903
100546051
100546096
100546109
100546121
100546135
100546136
100546148
100546149
100546150
100546164
100546257
100547436
100547440
100547443
100547478
100547479
100547481
100547483
100547493
100547494
100547495
100547502
100547512
100547513
100547519
100547520
100547699
100547934
100548029
100548030
100548807
100549078
100549263
100549317
100549318
100549328
100549336
100549337
100549346
100549352
100549357
100549377
100549586
100549609
100549850
100549921
100549929
100549939
100549944
100551202
100551210
100551215
100551222
100551231
100551233
100551405
100551680
100551800
100551815
100551822
100551824
100551833
100551840
100551852
100551858
100551861
100551863
100551985
100553143
100553144
100553161
100553361
100553570
100553686
100553695
100553700
100553728
100553738
100553744
100553750
100553752
100553759
100553767
100553904
100553920
100554171
100554333
100555063
100555280
100555452
100555569
100555609
100555635
100555636
100555643
100555644
100555651
100555653
100555654
100555660
100555665
100555845
100556083
100556161
100556200
100556226
100557351
100557353
100557396
100557399
100557427
100557436
100557441
100557445
100557450
100557459
100557637
100557894
100557980
100558011
100558047
100558049
100558074
100558075
100558082
100559312
100559313
100559323
100559332
100559339
100559340
100559341
100559349
100559358
100559395
100559627
100559855
100559865
100559875
100559924
100559937
100559947
100559954
100559961
100561225
100561235
100561236
100561237
100561245
100561254
100561292
100561553
100561758
100561764
100561841
100561844
100561846
100561870
100561878
100561886
100561892
100561898
100561911
100563086
100563094
100563101
100563110
100563120
100563191
100563441
100563452
100563601
100563651
100563683
100563702
100563703
100563709
100563722
100563723
100563728
100563759
100563983
100565471
100565475
100565609
100565896
100565912
100566083
100566093
100566185
100566261
100566265
100566332
100566372
100566418
100566466
100566553
100566827
100566846
100566863
100567067
100568947
100568962
100569136
100569143
100569198
100569249
100569300
100569304
100569308
100569313
100569367
100569418
100569422
100569426
100569431
100569481
100569484
100569487
100569695
100571330
100571386
100571436
100571441
100571491
100571539
100571641
100571950
100572186
100572291
100572342
100572397
100572445
100572495
100572542
100572597
100572939
100573222
100573234
100574597
100574601
100574704
100574988
100575000
100575016
100575034
100575237
100575315
100575323
100575547
100575619
100575687
100575782
100575785
100575828
100575907
100576170
100576205
100577750
100577817
100577863
100577909
100577961
100578255
100578636
100578640
100578684
100578730
100578775
100578821
100578869
100578874
100578879
100578883
100578946
100579205
100579490
100580869
100580931
100580999
100581067
100581201
100581501
100581737
100581865
100581926
100581929
100581976
100582024
100582027
100582077
100582133
100582313
100582601
100582802
100582877
100583231
100585045
100585052
100585063
100585070
100585079
100585176
100585226
100585277
100585281
100585284
100585334
100585381
100585431
100585519
100585800
100585819
100585834
100585844
100586047
100587465
100587638
100587916
100588069
100588169
100588175
100588179
100588250
100588254
100588309
100588351
100588393
100588444
100588567
100588857
100588869
100588882
100588896
100589073
100590466
100590717
100591002
100591014
100591155
100591212
100591262
100591266
100591316
100591362
100591408
100591452
100591455
100591656
100591943
100592126
100592135
100592212
100592215
100593460
100593542
100593554
100593835
100593847
100593867
100593880
100593894
100594090
100594101
100594189
100594193
100594254
100594300
100594345
100594395
100594438
100594508
100594773
100752569
100752594
100752595
100752606
100752612
100752622
100752625
100752633
100752715
100752961
100753121
100753172
100753197
100753201
100753207
100753214
100753223
100753251
100753453
100754484
100754485
100754549
100754789
100754969
100754978
100754983
100755031
100755059
100755087
100755102
100755110
100755118
100755139
100755353
100755593
100755695
100755702
100755703
100756859
100756868
100756875
100756922
100756958
100756966
100756974
100756983
100756984
100756993
100756994
100757025
100757247
100757420
100757520
100757527
100757563
100757591
100757621
100925931
100925936
100925992
100926006
100926267
100926467
100926479
100926553
100926579
100926602
100926625
100926647
100926670
100926691
100926885
100927140
100927240
100927261
100927281
100928662
100928692
100928722
100928752
100928755
100928786
100928788
100928953
100929234
100929354
100929377
100929399
100929420
100929442
100929461
100929486
100929557
100929570
100929839
100930887
100931052
100931313
100931444
100931479
100931516
100931563
100931596
100931630
100931633
100931667
100931668
100931769
100932038
100932218
100932257
100932277
100932304
100932305
100933779
100933815
100933841
100933866
100933892
100933919
100933943
100934028
100934296
100934517
100934522
100934575
100934639
100934683
100934721
100934756
100934792
100934794
100934850
100936682
100936743
100936862
100936876
100937178
100937387
100937466
100937522
100937577
100937581
100937586
100937591
100937646
100937649
100937709
100937766
100937864
100938159
100938397
100939891
100939898
100939902
100939962
100939971
100940204
100940493
100940506
100940634
100940722
100940785
100940845
100940908
100940969
100941027
100941033
100941190
100941492
100941680
100942979
100943037
100943100
100943160
100943250
100943543
100943805
100943817
100943919
100943995
100944064
100944129
100944134
100944204
100944213
100944217
100944285
100944360
100944611
100946362
100946421
100946425
100946554
100946880
100947097
100947180
100947245
100947307
100947312
100947380
100947443
100947503
100947604
100947902
100947925
100947945
100948165
100948287
100949964
100950253
100950413
100950479
100950535
100950593
100950650
100950655
100950715
100950769
100950883
100951185
100951398
100951481
100951540
100951604
100951657
100951662
100951667
100953732
100953791
100953850
100953912
100953917
100953976
100954112
100954410
100954609
100954703
100954708
100954773
100954832
100954838
100954843
100954902
100954909
100954912
100954915
100956815
100956928
100957000
100957071
100957076
100957149
100957221
100957227
100957289
100957292
100957297
100957301
100957397
100957408
100957421
100957435
100957449
100957747
100957955
100959338
100959404
100959465
100959541
100959814
100959831
100960091
100960219
100960280
100960285
100960341
100960394
100960397
100960458
100960517
100960584
100960780
100961061
100961228
100962762
100962765
100962827
100962832
100962951
100962963
100963258
100963463
100963555
100963615
100963684
100963747
100963822
100963884
100963889
100963974
100963984
100964246
100964507
100965854
100965924
100965983
100965988
100965992
100966058
100966133
100966374
100966686
100966837
100966906
100966970
100966974
100967042
100967046
100967051
100967057
100967061
100967123
100969118
100969184
100969244
100969306
100969364
100969450
100969720
100969969
100969977
100970083
100970145
100970207
100970272
100970346
100970350
100970425
100970500
100970743
100971038
100972401
100972465
100972469
100972474
100972539
100972603
100972606
100972610
100972676
100972680
100972740
100972983
100973265
100973415
100973418
100973422
100973484
100973539
100973543
100975514
100975609
100975675
100975750
100975753
100975809
100975816
100975873
100975927
100976003
100976012
100976025
100976037
100976322
100976539
100976635
100976695
100976752
100976810
100978761
100978766
100978823
100978828
100978890
100978958
100979029
100979033
100979104
100979233
100979565
100979780
100979876
100979942
100979949
100979954
100980011
100980017
100980075
100982104
100982166
100982223
100982283
100982343
100982468
100982728
100982746
100982904
100982941
100982962
100982964
100982992
100983019
100983040
100983042
100983067
100983132
100983380
100984578
100984604
100984626
100984774
100985051
100985189
100985250
100985273
100985299
100985320
100985339
100985341
100985371
100985437
100985690
100985861
100985942
100985944
100985972
100987266
100987412
100987447
100987467
100987468
100987488
100987490
100987508
100987530
100987551
100987634
100987900
100988068
100988130
100988132
100988156
100988179
100988204
100988226
100989004
100989259
100989480
100989554
100989558
100989586
100989617
100989649
100989674
100989701
100989727
100989896
100989912
100990157
100990288
100990310
100990326
100990327
100990339
100991505
100991515
100991528
100991538
100991547
100991548
100991558
100991565
100991745
100991766
100991999
100992086
100992089
100992093
100992117
100992140
100992147
100992177
100992205
100993532
100993534
100993549
100993562
100993577
100993603
100993819
100994029
100994124
100994157
100994174
100994187
100994189
100994206
100994219
100994232
100994362
100994608
100994734
100995687
100995931
100995937
100995950
100996029
100996032
100996046
100996063
100996064
100996081
100996095
100996096
100996112
100996115
100996117
100996136
100996320
100996338
100996366
101331837
101331858
101331859
101331908
101331913
101331926
101331927
101331932
101331933
101331941
101331952
101332035
101332278
101332443
101332540
101332564
101332567
101332569
101332589
101333510
101333717
101333783
101333799
101333810
101333811
101333825
101333836
101333837
101333850
101333859
101333861
101334033
101334281
101334377
101334386
101334399
101334409
101334410
101335717
101335724
101335736
101335746
101335747
101335753
101335916
101335936
101335958
101336149
101336256
101336299
101336310
101336317
101336324
101336330
101336335
101336338
101336339
101337449
101337459
101337465
101337655
101337884
101337895
101337974
101337992
101338011
101338012
101338032
101338049
101338067
101338068
101338087
101338088
101338091
101338269
101338507
101339272
101339488
101339694
101339763
101339764
101339774
101339782
101339789
101339796
101339803
101339804
101339805
101339814
101339973
101339986
101340239
101340341
101340366
101340368
101341155
101341401
101341415
101341430
101341594
101341601
101341607
101341630
101341631
101341639
101341647
101341656
101341668
101341669
101341670
101341681
101341682
101341683
101341686
101342912
101342935
101342958
101342968
101343120
101343133
101343148
101343351
101343364
101343467
101343526
101343547
101343556
101343565
101343566
101343571
101343573
101343585
101343691
101344662
101344668
101344670
101344672
101344673
101344674
101344712
101344969
101345201
101345287
101345291
101345330
101345371
101345405
101345423
101345433
101345441
101345596
101345840
101346665
101346692
101346752
101347003
101347022
101347225
101347286
101347295
101347296
101347306
101347315
101347316
101347317
101347318
101347319
101347325
101347338
101347373
101347601
101348732
101348765
101348863
101349111
101349278
101349300
101349308
101349310
101349317
101349327
101349328
101349344
101349369
101349421
101349430
101349681
101349886
101349979
101349981
101350803
101350947
101350962
101351193
101351209
101351217
101351347
101351404
101351435
101351457
101351458
101351466
101351494
101351521
101351624
101351641
101351914
101351930
101352086
101352756
101352783
101352794
101352798
101352827
101352837
101353070
101353256
101353303
101353315
101353326
101353340
101353342
101353355
101353377
101353378
101353396
101353595
101353860
101354727
101354731
101354758
101354786
101354812
101354890
101354901
101355149
101355296
101355328
101355333
101355339
101355345
101355361
101355388
101355436
101355660
101355679
101355693
101356815
101356894
101356902
101356919
101357172
101357310
101357314
101357333
101357344
101357370
101357403
101357434
101357458
101357517
101357767
101357973
101358024
101358034
101358036
101359253
101359401
101359430
101359455
101359480
101359483
101359486
101359515
101359548
101359575
101359578
101359658
101359899
101360067
101360073
101360081
101360107
101360120
101360125
101361329
101361369
101361403
101361444
101361448
101361451
101361493
101361496
101361501
101361503
101361506
101361529
101361551
101361685
101361698
101361954
101362083
101362098
101362104
101362837
101362876
101363128
101363147
101363352
101363419
101363449
101363452
101363482
101363511
101363542
101363568
101363588
101363765
101363782
101364014
101364094
101364118
101364120
101365420
101365427
101365473
101365500
101365529
101365532
101365534
101365564
101365575
101365586
101365612
101365822
101366047
101366164
101366177
101366179
101366186
101366187
101366197
101367499
101367535
101367571
101367608
101367630
101367648
101367650
101367690
101367931
101368144
101368196
101368199
101368206
101368211
101368237
101368265
101368292
101368320
101368323
101369601
101369607
101369608
101369620
101369659
101369892
101370084
101370153
101370189
101370232
101370235
101370277
101370320
101370323
101370355
101370358
101370360
101370361
101370398
101371691
101371950
101372170
101372251
101372280
101372282
101372283
101372291
101372300
101372312
101372322
101372332
101372508
101372754
101372874
101372876
101372928
101372977
101373023
101374343
101374351
101374352
101374362
101374371
101374380
101374398
101374437
101374643
101374662
101374908
101374917
101375012
101375021
101375030
101375049
101375075
101375087
101375093
101376382
101376412
101376427
101376454
101376473
101376673
101376693
101376711
101376722
101376950
101377001
101377002
101377005
101377011
101377012
101377019
101377043
101377077
101377108
101378300
101378301
101378302
101378313
101378333
101378354
101378361
101378368
101378453
101378723
101378735
101378755
101378768
101378962
101379026
101379046
101379066
101379083
101379107
101380379
101380381
101380384
101380416
101380451
101380538
101380788
101380803
101380818
101380957
101380979
101381013
101381015
101381034
101381036
101381043
101381044
101381051
101381061
101382438
101382478
101382500
101382608
101382626
101382876
101383009
101383036
101383046
101383054
101383062
101383063
101383065
101383066
101383078
101383108
101383194
101383461
101383653
101385012
101385058
101385093
101385134
101385139
101385149
101385151
101385166
101385167
101385169
101385179
101385180
101385252
101385266
101385524
101385685
101385718
101385730
101385763
101387135
101387182
101387188
101387222
101387223
101387231
101387241
101387249
101387329
101387599
101387762
101387803
101387805
101387812
101387829
101387865
101387904
101387907
101387927
101389206
101389208
101389241
101389252
101389367
101389616
101389762
101389798
101389831
101389833
101389836
101389840
101389870
101389885
101389906
101389909
101389911
101389914
101389934
101391232
101391253
101391255
101391287
101391312
101391318
101391327
101391351
101391568
101391585
101391813
101391887
101391915
101391920
101391926
101391933
101391934
101391951
101391953
101393236
101393243
101393264
101393294
101393296
101393345
101393357
101393597
101393783
101393828
101393839
101393870
101393893
101393900
101393901
101393907
101393914
101394086
101394106
101395242
101395263
101395265
101395323
101395578
101395596
101395815
101395876
101395878
101395880
101395894
101395906
101395923
101395956
101395984
101396025
101396032
101396238
101396252
101397311
101397314
101397342
101397344
101397440
101397696
101397847
101397881
101397921
101397924
101397966
101398004
101398025
101398049
101398094
101398339
101398574
101398660
101398676
101399563
101399580
101399850
101399861
101400006
101400030
101400039
101400046
101400054
101400079
101400080
101400086
101400133
101400372
101400556
101400628
101400669
101400717
101400720
101401993
101402020
101538315
101538392
101538659
101538855
101538923
101538970
101539015
101539053
101539072
101539091
101539121
101539323
101539340
101539694
101539709
101539710
101539751
101539754
101539805
101539858
101539890
101539892
101539894
101540069
101540328
101540448
101540452
101540457
101541590
101541671
101541683
101541693
101541957
101542142
101542209
101542280
101542313
101542315
101542336
101542338
101542359
101542377
101542435
101542679
101542892
101542898
101542963
101544078
101544238
101544539
101544698
101544702
101544730
101544732
101544752
101544755
101544775
101544795
101544816
101544835
101544922
101545195
101545386
101545441
101545463
101545502
101546873
101546890
101546902
101546912
101547016
101547018
101547022
101547023
101547026
101547028
101547079
101547103
101547104
101547145
101547180
101547197
101547214
101547384
101547653
101548858
101548924
101549000
101549073
101549106
101549183
101549442
101549640
101549693
101549695
101549715
101549717
101549737
101549756
101549759
101549809
101549868
101549871
101549874
101551451
101551492
101551555
101551560
101551605
101551744
101551757
101552002
101552136
101552206
101552278
101552316
101552348
101552351
101552352
101552372
101552374
101552397
101552480
101553317
101553337
101553599
101553732
101553764
101553803
101553806
101553810
101553842
101553866
101553886
101553887
101553911
101554017
101554308
101554531
101554627
101554632
101554675
101556230
101556262
101556282
101556317
101556359
101556407
101556438
101556496
101556747
101556941
101557007
101557044
101557045
101557066
101557087
101557107
101557144
101557203
101557457
101558861
101558862
101558890
101558975
101559239
101559414
101559468
101559506
101559549
101559552
101559592
101559595
101559630
101559648
101559651
101559699
101559937
101560163
101560245
101561331
101561459
101561751
101561919
101561994
101562025
101562042
101562059
101562082
101562120
101562161
101562401
101562607
101562616
101562689
101562696
101562736
101562781
101562815
101564301
101564324
101564354
101564387
101564393
101564396
101564492
101564784
101565022
101565111
101565157
101565204
101565254
101565315
101565360
101565384
101565386
101565573
101565827
101566893
101566897
101566944
101566974
101567052
101567312
101567479
101567558
101567631
101567634
101567656
101567684
101567685
101567718
101567758
101567839
101568098
101568363
101568370
101569383
101569403
101569436
101569439
101569441
101569610
101569868
101569998
101570028
101570050
101570085
101570128
101570131
101570135
101570137
101570178
101570198
101570292
101570553
101775670
101775900
101776010
101776094
101776180
101776260
101776357
101776413
101776595
101776901
101777145
101777218
101777222
101777283
101777288
101777369
101777464
101777472
101777479
101780090
101780114
101780120
101780154
101780181
101780190
101780435
101780668
101780763
101780812
101780859
101780904
101780943
101780969
101780974
101780978
101781011
101781020
101781247
101782640
101782713
101782794
101782797
101783073
101783399
101783560
101783604
101783639
101783673
101783675
101783696
101783717
101783734
101783858
101783873
101784141
101784165
101784322
101785286
101785290
101785352
101785400
101785539
101785814
101785979
101786022
101786071
101786075
101786117
101786168
101786247
101786322
101786450
101786469
101786779
101787021
101787034
101788591
101788644
101788685
101788712
101788715
101788756
101788797
101788847
101788965
101789221
101789234
101789405
101789474
101789477
101789519
101789573
101789631
101789693
101789699
101791586
101791629
101791654
101791656
101791692
101791717
101791962
101792180
101792251
101792274
101792302
101792303
101792335
101792383
101792387
101792430
101792487
101792690
101792950
101794914
101794924
101795028
101795071
101795116
101795166
101795170
101795207
101795226
101795244
101795404
101795423
101795682
101795797
101795814
101795816
101795836
101795880
101795918
101797554
101797611
101797615
101797667
101797717
101797778
101797833
101798042
101798327
101798465
101798470
101798518
101798559
101798593
101798617
101798635
101798652
101798746
101799038
101800216
101800219
101800224
101800275
101800330
101800336
101800422
101800433
101800447
101800749
101800969
101801052
101801111
101801115
101801170
101801226
101801230
101801281
101801286
101802801
101802820
101802839
101802858
101802860
101802881
101802883
101802903
101802906
101802926
101803089
101803339
101803481
101803533
101803568
101803572
101803574
101803606
101803609
101804558
101804597
101804740
101805013
101805176
101805241
101805286
101805335
101805367
101805395
101805426
101805475
101805488
101805734
101805928
101805934
101805943
101805988
101806007
101806757
101806783
101806789
101807006
101807260
101807381
101807386
101807439
101807492
101807546
101807599
101807650
101807695
101807861
101808131
101808148
101808296
101808336
101808339
101809168
101809233
101809485
101809679
101809737
101809758
101809777
101809799
101809818
101809840
101809863
101810060
101810317
101810439
101810485
101810536
101810577
101810620
101810668
101812211
101812235
101812265
101812284
101812288
101812310
101812340
101812376
101812384
101812614
101812839
101812924
101812925
101812948
101812975
101813000
101813025
101813050
101813071
101814681
101814737
101814791
101814795
101814843
101814874
101814936
101814949
101815204
101815219
101815236
101815421
101815429
101815474
101815494
101815511
101815528
101815530
101815531
101816874
101816905
101816938
101816943
101816944
101816979
101816982
101817013
101817062
101817067
101817109
101817292
101817572
101817731
101817789
101817843
101817898
101817946
101817980
101928256
101987176
101987345
101987583
101987687
101987702
101987708
101987717
101987724
101987734
101987763
101987767
101987883
101987901
101988206
101988395
101988401
101988445
101988448
101988466
101989164
101989196
101989268
101989544
101989563
101989762
101989809
101989812
101989836
101989839
101989860
101989881
101989883
101989902
101989927
101989978
101990211
101990454
101990555
101991920
101991923
101991949
101991968
101992007
101992044
101992079
101992107
101992338
101992355
101992597
101992690
101992717
101992740
101992759
101992784
101992786
101992835
101992873
101994206
101994226
101994418
101994655
101994728
101994754
101994784
101994823
101994856
101994877
101994878
101994886
101995009
101995025
101995278
101995400
101995413
101995421
101995428
101996873
101996883
101996894
101996903
101996917
101996919
101996926
101996933
101997071
101997343
101997484
101997489
101997524
101997558
101997588
101997597
101997604
101997611
101997613
101998886
101998920
101998960
101998963
101999132
101999410
101999528
101999564
101999567
101999580
101999589
101999600
101999601
101999610
101999621
101999634
101999707
101999720
102000000
102000017
102001058
102001122
102001366
102001528
102001532
102001540
102001567
102001572
102001573
102001574
102001581
102001588
102001612
102001643
102001646
102001648
102001651
102001737
102002007
102002911
102002918
102002928
102002934
102002938
102002945
102003125
102003361
102003446
102003479
102003511
102003550
102003581
102003593
102003602
102003690
102003935
102004090
102004119
102005486
102005519
102005520
102005529
102005536
102005547
102005563
102005565
102005580
102005654
102005924
102006119
102006170
102006207
102006219
102006221
102006231
102006239
102006245
102007499
102007536
102007570
102007605
102007607
102007610
102007612
102007714
102007961
102008104
102008112
102008140
102008153
102008166
102008173
102008192
102008224
102008286
102008559
102009611
102009617
102009624
102009715
102009971
102010130
102010167
102010171
102010200
102010231
102010247
102010254
102010259
102010291
102010512
102010709
102010764
102010765
102010773
102012085
102012105
102012112
102012117
102012123
102012129
102012130
102012134
102012185
102012455
102012700
102012777
102012779
102012800
102012801
102012808
102012809
102012810
102012823
102014079
102014114
102014147
102014184
102014187
102014218
102014274
102014513
102014696
102014739
102014745
102014755
102014764
102014794
102014827
102014863
102014872
102015095
102015351
102016196
102016200
102016213
102016222
102016315
102016566
102016581
102016755
102016807
102016811
102016847
102016882
102016918
102016928
102016936
102016971
102016979
102017211
102017402
102018425
102018703
102018860
102018879
102018886
102018892
102018905
102018918
102018931
102018962
102018969
102019215
102019232
102019465
102019553
102019595
102019607
102019618
102019630
102156603
102156610
102156741
102156759
102156762
102156833
102157084
102157109
102157263
102157281
102157304
102157328
102157358
102157400
102157424
102157472
102157670
102157908
102158001
102158884
102158885
102158886
102159006
102159257
102159405
102159435
102159436
102159438
102159464
102159496
102159508
102159509
102159510
102159515
102159519
102159520
102159522
102159655
102161007
102161009
102161020
102161025
102161085
102161346
102161549
102161618
102161621
102161623
102161654
102161666
102161668
102161681
102161691
102161704
102161707
102161756
102161990
102163291
102163575
102163740
102163825
102163837
102163838
102163845
102163916
102163932
102163991
102164010
102164049
102164061
102164326
102164344
102164511
102164570
102164602
102164604
102166052
102166057
102166067
102166069
102166081
102166082
102166083
102166089
102166174
102166422
102166441
102166602
102166643
102166681
102166721
102166761
102166787
102166802
102166849
102168169
102168442
102168637
102168645
102168655
102168660
102168663
102168689
102168719
102168720
102168723
102168725
102168749
102168778
102168781
102168803
102168811
102168922
102168936
102170125
102170127
102170136
102170154
102170170
102170181
102170182
102170183
102170184
102170274
102170520
102170700
102170702
102170734
102170737
102170764
102170796
102170800
102170802
102172069
102172072
102172089
102172122
102172154
102172171
102172190
102172377
102172646
102172775
102172805
102172831
102172835
102172838
102172843
102172854
102172861
102172867
102172875
102174119
102174140
102174141
102174149
102174155
102174156
102174157
102174189
102174419
102174640
102174716
102174752
102174788
102174826
102174865
102174868
102174887
102174905
102175082
102176121
102176127
102176133
102176138
102176213
102176511
102176694
102176740
102176766
102176787
102176788
102176796
102176802
102176816
102176851
102177065
102177081
102177098
102177293
102178139
102178170
102178199
102178222
102178253
102178467
102178714
102178725
102178817
102178819
102178821
102178824
102178860
102178880
102178892
102178908
102178924
102178947
102179109
102180246
102180263
102180267
102180269
102180293
102180390
102180691
102180709
102180885
102180890
102180934
102180958
102180980
102181013
102181055
102181081
102181123
102181134
102181370
102182327
102182360
102182390
102182423
102182426
102182459
102182644
102182874
102182883
102182899
102182959
102182977
102182979
102183002
102183010
102183018
102183024
102183047
102183221
102184408
102184437
102184458
102184464
102184522
102184796
102184989
102185036
102185045
102185050
102185052
102185060
102185082
102185108
102185110
102185152
102185376
102185616
102185701
102186540
102186541
102186679
102186939
102187054
102187067
102187083
102187114
102187141
102187143
102187175
102187205
102187278
102187524
102187696
102187734
102187765
102187775
102187783
102189062
102189103
102189143
102189182
102189223
102189265
102189274
102189334
102189575
102189744
102189813
102189826
102189828
102189829
102189837
102189843
102189863
102189865
102189891
102191053
102191068
102191074
102191080
102191081
102191087
102191108
102191268
102191281
102191526
102191541
102191638
102191641
102191642
102191654
102191657
102191681
102191683
102191708
102193024
102193052
102193053
102193067
102193073
102193084
102193113
102193115
102193124
102193177
102193408
102193425
102193650
102193683
102193718
102193726
102193758
102193764
102193769
102194991
102194995
102195030
102195050
102195070
102195074
102195101
102195102
102195118
102195119
102195127
102195174
102195187
102195198
102195209
102195476
102195488
102195657
102195667
102196486
102196504
102196724
102196742
102196959
102197025
102197038
102197044
102197053
102197072
102197108
102197111
102197114
102197149
102197325
102197566
102197709
102197773
102197776
102198780
102198969
102199012
102199017
102199044
102199072
102199099
102199126
102199154
102199155
102199162
102199339
102199358
102199588
102199656
102199666
102199675
102199686
102199706
102200991
102201023
102201026
102201055
102201090
102201097
102201106
102201107
102201140
102201355
102201372
102201572
102201624
102201638
102201656
102201691
102201692
102201694
102201720
102203120
102203152
102203154
102203194
102203212
102203231
102203295
102203555
102203569
102203584
102203758
102203815
102203841
102203863
102203867
102203870
102203873
102203901
102203904
102205253
102205268
102205275
102205289
102205296
102205305
102205412
102205668
102205809
102205851
102205878
102205912
102205952
102206002
102206034
102206079
102206316
102206336
102206515
102207514
102207740
102207747
102207926
102208082
102208144
102208201
102208234
102208264
102208294
102208350
102208574
102208715
102208726
102208735
102208901
102208909
102208972
102209014
102358865
102358867
102358887
102358904
102358905
102358907
102358926
102358929
102358938
102358943
102358945
102359074
102359308
102359482
102359486
102359567
102359580
102359588
102359594
102360810
102360822
102360836
102360846
102360853
102360854
102360869
102360907
102361092
102361375
102361390
102361405
102361421
102361530
102361576
102361578
102361600
102361602
102361627
102362454
102362470
102362721
102362862
102362865
102362883
102362898
102362917
102362947
102362979
102363011
102363069
102363309
102363329
102363489
102363572
102363586
102363602
102363611
102365032
102365077
102365109
102365129
102365135
102365166
102365377
102365594
102365641
102365649
102365650
102365658
102365660
102365684
102365687
102365716
102365717
102365746
102365780
102367036
102367082
102367312
102367539
102367626
102367678
102367683
102367686
102367724
102367751
102367780
102367790
102367797
102367954
102367972
102368244
102368254
102368331
102368340
102369063
102369073
102369074
102369089
102369208
102369476
102369494
102369649
102369692
102369714
102369730
102369732
102369754
102369775
102369778
102369780
102369782
102369801
102369876
102371086
102371117
102371120
102371150
102371178
102371362
102371598
102371611
102371696
102371707
102371715
102371728
102371729
102371730
102371737
102371744
102371770
102371772
102371911
102373405
102373635
102373713
102373721
102373737
102373762
102373790
102373819
102373822
102373824
102373848
102373972
102373987
102374236
102374362
102374377
102374382
102374392
102374406
102375596
102375637
102375675
102375678
102375713
102375731
102375748
102375867
102376164
102376176
102376193
102376208
102376323
102376326
102376327
102376338
102376346
102376347
102376349
102377030
102377139
102377153
102377407
102377580
102377630
102377643
102377644
102377658
102377660
102377661
102377668
102377685
102377687
102377697
102377753
102377764
102378005
102378018
102378326
102379049
102379075
102379105
102379302
102379321
102379548
102379641
102379644
102379660
102379663
102379671
102379690
102379697
102379705
102379722
102379835
102379859
102379874
102380174
102381162
102381205
102381242
102381245
102381320
102381583
102381773
102381831
102381837
102381849
102381854
102381858
102381871
102381873
102381880
102381920
102381926
102382148
102382398
102383313
102383558
102383730
102383771
102383772
102383777
102383778
102383791
102383797
102383833
102383860
102383908
102384147
102384399
102384605
102384649
102384673
102384698
102384727
102386028
102386064
102386089
102386237
102386247
102386302
102386306
102386355
102386360
102386569
102386800
102386869
102386887
102386898
102386909
102386910
102386926
102386955
102386992
102388418
102388459
102388475
102388477
102388497
102388508
102388554
102388564
102388830
102388843
102389010
102389049
102389051
102389070
102389114
102389153
102389186
102389189
102389224
102391119
102391823
102391853
102391884
102392018
102392275
102392412
102392416
102392442
102392463
102392465
102392488
102392489
102392490
102392493
102392500
102392508
102571498
102571501
102571503
102571530
102571550
102571556
102571563
102571630
102571640
102571653
102572124
102572885
102572960
102573227
102573430
102573499
102573502
102573527
102573530
102573552
102573577
102573579
102573580
102573606
102573608
102573651
102573738
102573998
102574015
102574194
102575430
102575562
102575631
102575654
102575665
102575668
102575676
102575697
102575719
102575851
102575870
102576074
102576080
102576262
102576264
102576269
102576277
102576287
102576338
102577562
102577579
102577681
102577692
102577703
102577704
102577714
102577739
102577765
102577771
102577850
102578092
102578242
102578312
102578358
102578387
102578394
102578404
102578434
102579779
102579804
102579806
102579813
102579822
102579847
102579857
102580076
102580305
102580417
102580448
102580458
102580465
102580466
102580476
102580496
102580498
102580502
102580531
102581788
102581790
102581797
102581815
102581848
102581915
102582179
102582398
102582455
102582475
102582493
102582495
102582529
102582571
102582572
102582592
102582593
102582617
102582840
102583961
102584143
102584160
102584386
102584395
102584471
102584504
102584506
102584509
102584511
102584521
102584529
102584534
102584540
102584542
102584572
102584763
102584775
102585042
102585927
102585935
102586180
102586387
102586444
102586445
102586453
102586461
102586462
102586463
102586472
102586495
102586520
102586549
102586753
102586986
102586997
102587078
102587080
102588402
102588407
102588411
102588418
102588424
102588429
102588435
102588463
102588466
102588498
102588527
102588539
102588540
102588551
102588557
102588558
102588613
102588870
102589069
102589805
102589832
102589835
102589843
102589844
102589863
102589865
102589867
102589903
102589910
102590150
102590167
102590381
102590393
102590485
102590490
102590517
102590537
102590557
102591859
102591912
102591913
102591933
102591948
102591949
102591956
102591997
102591999
102592000
102592004
102592039
102592042
102592148
102592408
102592550
102592575
102592600
102592636
102593970
102594615
102595011
102595368
102595369
102616766
102770092
102770115
102770324
102770342
102770359
102770611
102770621
102770629
102770639
102770711
102770736
102770746
102770754
102770764
102770774
102770786
102770789
102770955
102770970
102772075
102772107
102772174
102772415
102772433
102772598
102772653
102772666
102772676
102772682
102772690
102772691
102772692
102772724
102772767
102772773
102773029
102773047
102773279
102774030
102774042
102774049
102774050
102774056
102774063
102774221
102774467
102774563
102774580
102774608
102774638
102774641
102774673
102774703
102774707
102774708
102774710
102774810
102775880
102775886
102775924
102776134
102776385
102776480
102776512
102776525
102776532
102776533
102776539
102776544
102776550
102776656
102776933
102777067
102777109
102777112
102777140
102777833
102777861
102777923
102778175
102778392
102778398
102778459
102778489
102778517
102778544
102778547
102778574
102778578
102778604
102778637
102778843
102779090
102779196
102779199
102780540
102780753
102780817
102780853
102780887
102780924
102780956
102780960
102780962
102780993
102781034
102781275
102781530
102781623
102781656
102781685
102781699
102781700
102781710
102782972
102782998
102783000
102783016
102783017
102783026
102783053
102783263
102783476
102783560
102783564
102783581
102783587
102783593
102783602
102783604
102783606
102783635
102783638
102784736
102784838
102784865
102784882
102784889
102784898
102784905
102910969
102911205
102911401
102911409
102911447
102911448
102911449
102911461
102911462
102911471
102911481
102911492
102911501
102911502
102911528
102911738
102911952
102912023
102912038
102913054
102913212
102913253
102913254
102913263
102913264
102913273
102913281
102913288
102913294
102913295
102913325
102913544
102913737
102913812
102913841
102913862
102913874
102913879
102915026
102915041
102915045
102915051
102915059
102915063
102915064
102915068
102915111
102915347
102915531
102915575
102915584
102915586
102915658
102915659
102915660
102915664
102915673
102916782
102916893
102916901
102916911
102916917
102916918
102916924
102916926
102916931
102916932
102916940
102917061
102917305
102917435
102917458
102917467
102917469
102917474
102917480
102918606
102918607
102918617
102918624
102918635
102918645
102918779
102919030
102919154
102919169
102919179
102919191
102919205
102919214
102919223
102919224
102919226
102919293
102919542
102920399
102920400
102920406
102920414
102920415
102920586
102920808
102920821
102920926
102920966
102920969
102920996
102921013
102921018
102921020
102921024
102921030
102921031
102921032
102922108
102922109
102922121
102922123
102922124
102922129
102922136
102922137
102922146
102922147
102922148
102922149
102922150
102922278
102922531
102922646
102922664
102922670
102922674
102923540
102923557
102923747
102923755
102923835
102923836
102923856
102923858
102923867
102923868
102923869
102923877
102923884
102923893
102923894
102923921
102923928
102924157
102924355
102925070
102925072
102925086
102925087
102925232
102925472
102925485
102925599
102925620
102925622
102925633
102925643
102925658
102925670
102925679
102925681
102925767
102926037
102926187
102927147
102927386
102927398
102927489
102927490
102927491
102927492
102927509
102927520
102927534
102927548
102927561
102927579
102927722
102927954
102928078
102928081
102928087
102928149
102928789
102928791
102928801
102928809
102928894
102928907
102929160
102929299
102929321
102929328
102929345
102929362
102929374
102929384
102929385
102929423
102929646
102929665
102929857
102930549
102930658
102930801
102931062
102931175
102931216
102931234
102931246
102931306
102931308
102931309
102931319
102931328
102931423
102931676
102931822
102931823
102931842
102931850
103112256
103112332
103112338
103112386
103112390
103112392
103112394
103112400
103112433
103112475
103112499
103112517
103112585
103112850
103112868
103113259
103113334
103113366
103113378
103115086
103115090
103115093
103115125
103115127
103115162
103115167
103115213
103115254
103115300
103115410
103115692
103115865
103115902
103115919
103115921
103115948
103115967
103115971
103117257
103117495
103117606
103117658
103117663
103117712
103117755
103117780
103117802
103117804
103117807
103117810
103117829
103117837
103117844
103118104
103118118
103118336
103118401
103119605
103119895
103120075
103120131
103120175
103120179
103120401
103120457
103120502
103120533
103120595
103120840
103120862
103121097
103121186
103121217
103121240
103121259
103121437
103123161
103123190
103123215
103123255
103123258
103123310
103123359
103123423
103123682
103123901
103123997
103124065
103124114
103124147
103124179
103124210
103124213
103124249
103124256
103125719
103125736
103125756
103125786
103125877
103126134
103126334
103126417
103126454
103126500
103126552
103126596
103126625
103126657
103126847
103127150
103127170
103127272
103127322
103128406
103128513
103128804
103129007
103129045
103129122
103129123
103129144
103129225
103129229
103129231
103129275
103129318
103129358
103129591
103129812
103129888
103129931
103129977
103131762
103131764
103131823
103131826
103131828
103131854
103131888
103131953
103132193
103132456
103132552
103132576
103132602
103132603
103132638
103132642
103132689
103132721
103132740
103134524
103134551
103134598
103134833
103135099
103135199
103135246
103135266
103135291
103135314
103135341
103135388
103135546
103135563
103135583
103135842
103135961
103135966
103135998
