88655990
88673589
88674040
88700670
88712529
88712532
88712534
88712539
88720991
88730456
88766773
88766898
88779844
88819708
88824273
88833202
88833264
88833319
88833320
88833739
88835238
88836147
88836156
88836165
88837071
88837080
88837109
88837761
88837770
88837779
88838674
88838683
88838693
88839678
88839687
88839696
88840640
88840649
88840658
88841740
88841749
88841799
88842712
88842721
88842787
88843762
88843822
88843836
88844878
88844888
88844954
88846051
88846060
88846070
88846982
88846991
88847001
88848026
88848035
88848045
88849120
88849129
88849139
88849696
88849705
88849714
88850788
88850797
88850806
88851447
88851456
88851525
88852536
88852545
88852554
88853157
88853166
88853206
88854160
88854169
88854235
88854823
88854836
88854904
88855909
88855975
88855984
88856495
88856559
88856568
88857698
88857707
88857723
88858250
88858298
88858325
88859417
88859427
88859436
88860062
88860071
88860103
88861153
88861210
88861228
88861458
88861943
88861953
88861962
88862890
88862899
88862908
88863557
88863566
88863575
88864470
88864479
88864548
88865368
88865377
88865386
88866179
88866188
88866197
88867096
88867105
88867114
88867853
88867862
88867871
88868938
88868957
88868966
88869634
88869643
88869653
88870608
88870617
88870626
88871366
88871375
88871385
88872351
88872360
88872369
88873006
88873015
88873024
88873950
88873960
88873969
88874617
88874626
88874638
88875564
88875573
88875582
88876247
88876256
88876266
88877222
88877232
88877255
88877959
88877968
88877989
88878923
88878932
88878968
88879597
88879663
88879672
88880684
88880693
88880702
88881432
88881489
88881504
88882309
88882375
88882384
88883237
88883246
88883256
88884120
88884130
88884167
88884967
88884977
88885043
88885868
88885877
88885890
88886896
88886907
88886916
88887749
88887759
88887823
88888613
88888622
88888631
88889456
88889528
88889541
88890643
88890652
88890662
88891537
88891580
88891590
88892339
88892348
88892357
88893232
88893241
88893307
88894015
88894024
88894033
88894944
88894953
88894962
88895678
88895687
88895696
88896558
88896567
88896576
88897419
88897430
88897497
88898227
88898236
88898245
88899161
88899170
88899180
88899846
88899855
88899864
88900814
88900823
88900832
88901516
88901525
88901534
88901727
88902494
88902503
88902512
88903249
88903258
88903267
88904194
88904203
88904212
88904859
88904869
88904878
88905808
88905817
88905826
88906478
88906488
88906497
88907492
88907501
88907511
88908184
88908194
88908204
88909189
88909199
88909228
88909888
88909897
88909906
88910989
88910998
88911008
88911705
88911714
88911748
88912742
88912752
88912780
88913487
88913496
88913505
88914456
88914465
88914504
88915184
88915195
88915258
88916150
88916204
88916213
88916881
88916890
88916954
88917865
88917875
88917885
88918614
88918623
88918632
88919576
88919642
88919651
88920312
88920322
88920382
88921343
88921412
88921421
88922101
88922110
88922175
88923181
88923190
88923199
88923818
88923885
88923894
88924838
88924847
88924856
88925546
88925555
88925564
88926462
88926472
88926482
88927293
88927302
88927311
88928103
88928112
88928121
88928982
88928991
88929000
88929806
88929816
88929825
88930678
88930741
88930748
88931470
88931479
88931488
88932418
88932427
88932436
88933171
88933180
88933189
88934122
88934131
88934140
88934808
88934817
88934827
88935717
88935727
88935736
88936450
88936459
88936469
88937336
88937345
88937354
88938151
88938161
88938172
88939012
88939021
88939030
88939785
88939795
88939804
88940700
88940709
88940772
88941567
88941611
88941620
88941693
88942439
88942449
88942458
88943286
88943297
88943306
88943959
88943971
88943984
88944027
88944036
88944046
88944103
88944112
88944121
88944236
88944249
88944260
88944346
88944356
88944365
88944424
88944440
88944464
88944657
88944664
88944670
88944737
88944743
88944750
88944839
88944947
88944956
88945024
88945036
88945045
88945099
88945152
88945161
88945170
88945198
88945207
88945217
88945233
88945242
88945251
88945308
88945317
88945329
88945404
88945414
88945423
88945492
88945502
88945512
88945622
88945632
88945641
88945689
88945698
88945707
88946447
88946456
88946465
88947576
88947586
88947595
88948445
88948516
88948526
88949364
88949373
88949382
88950319
88950328
88950397
88951222
88951231
88951241
88952056
88952065
88952074
88953102
88953111
88953120
88954134
88954143
88954152
88955130
88955139
88955148
88956096
88956106
88956115
88956935
88956945
88956954
88957974
88957983
88958054
88958863
88958872
88958938
88959954
88960021
88960030
88960731
88960740
88960749
88961854
88961863
88961872
88962644
88962653
88962662
88963644
88963653
88963663
88964663
88964675
88964740
88964926
88965764
88965775
88965807
88966660
88966726
88966736
88967837
88967848
88967911
88968752
88968761
88968770
88969454
88969708
88969718
88969728
88970233
88970246
88970744
88970754
88970763
88971495
88971559
88971569
88972459
88972469
88972478
88973169
88973179
88973245
88974215
88974224
88974233
88974920
88974929
88974938
88975909
88975918
88975927
88976611
88976621
88976690
88977598
88977607
88977617
88978369
88978429
88978438
88979295
88979305
88979314
88980385
88980394
88980403
88981062
88981071
88981080
88982022
88982091
88982100
88982720
88982729
88982738
88983813
88983822
88983831
88984373
88984383
88984392
88985455
88985465
88985474
88986084
88986112
88986158
88987000
88987009
88987018
88987819
88987829
88987866
88988929
88988940
88988950
88989624
88989633
88989642
88990674
88990741
88990750
88991301
88991367
88991376
88992348
88992395
88992426
88992930
88992939
88992949
88993926
88993936
88993954
88994654
88994723
88994732
88995645
88995655
88995718
88996441
88996473
88996482
88997365
88997374
88997384
88998284
88998294
88998304
88999194
88999203
88999212
89000096
89000105
89000115
89001022
89001031
89001041
89001770
89001779
89001788
89002687
89002696
89002705
89003395
89003404
89003413
89004325
89004334
89004343
89005183
89005193
89005253
89006065
89006074
89006083
89006924
89006933
89006942
89007696
89007705
89007715
89008721
89008738
89008748
89009615
89009624
89009633
89009776
89010577
89010588
89010597
89011492
89011553
89011562
89012388
89012397
89012406
89013342
89013351
89013360
89014330
89014339
89014349
89015177
89015203
89015238
89016159
89016183
89016237
89017152
89017163
89017172
89017901
89017925
89017975
89019033
89019057
89019066
89019731
89019775
89019800
89020910
89020921
89020923
89020934
89020942
89020943
89020971
89021110
89021178
89021514
89021536
89021604
89021619
89021627
89021695
89022234
89022356
89022417
89022704
89022705
89022769
89022774
89022779
89022854
89022855
89022992
89023118
89023296
89023356
89023357
89023358
89023430
89023664
89023785
89023898
89023958
89023959
89024081
89024150
89024388
89024447
89024619
89024620
89024685
89025355
89025365
89025428
89026439
89026448
89026459
89027173
89027182
89027210
89028148
89028158
89028169
89029042
89029051
89029064
89029817
89029827
89029836
89030707
89030774
89030783
89031537
89031552
89031554
89031566
89031575
89031584
89031589
89031592
89031600
89031854
89031868
89031901
89031965
89032197
89032375
89032438
89032593
89032645
89032646
89032647
89032908
89032978
89033034
89033036
89033290
89033291
89033303
89033305
89033309
89033321
89033357
89033631
89033651
89033731
89033732
89033914
89034032
89034226
89034228
89034405
89034424
89034427
89034433
89034503
89034627
89034688
89034810
89035001
89035005
89035012
89035018
89035025
89035029
89036122
89036131
89036140
89036737
89036748
89036757
89037242
89037841
89037850
89037859
89038434
89038443
89038454
89039518
89039527
89039540
89040104
89040113
89040123
89041303
89041335
89041344
89041762
89041774
89041791
89041805
89041810
89041816
89041878
89041879
89041928
89042026
89042030
89042089
89042208
89042808
89042809
89042941
89042999
89043059
89043065
89043078
89043150
89043513
89043516
89043522
89043711
89043720
89043729
89043734
89043736
89043738
89044274
89044330
89044638
89044702
89044814
89044819
89044957
89045191
89045196
89045200
89045204
89045464
89045473
89045536
89046610
89046619
89046628
89047224
89047235
89047244
89047953
89047954
89047955
89047960
89048022
89048080
89048139
89048206
89048324
89048585
89048589
89048599
89048606
89048669
89048733
89048907
89048970
89048971
89049017
89049043
89049173
89049417
89049765
89049766
89049889
89049891
89050015
89050134
89050196
89050469
89050471
89050488
89050604
89050848
89050911
89050920
89050929
89050995
89051118
89051287
89051289
89051466
89051525
89051528
89051813
89051939
89051941
89051982
89052005
89052767
89052833
89052842
89053909
89053918
89053927
89054486
89054559
89054568
89055575
89055584
89055595
89055596
89055601
89055607
89055609
89055610
89055611
89055679
89055787
89055900
89056274
89056306
89056908
89057212
89057213
89057214
89057288
89057290
89057299
89057335
89057355
89057361
89057425
89057734
89058163
89058462
89058526
89058595
89058659
89058664
89058801
89059103
89059173
89059185
89059198
89059204
89059205
89059509
89059629
89059930
89059992
89060409
89060474
89060594
89060656
89060658
89060711
89060955
89116154
89116155
89116156
89116412
89117473
89117654
89117715
89117777
89117902
89117903
89117965
89118027
89118207
89118301
89118328
89118389
89118390
89118462
89118530
89118723
89118724
89119017
89119199
89119310
89119318
89119386
89120096
89121144
89121155
89121918
89122100
89122101
89122300
89122367
89122549
89122551
89122561
89122562
89123345
89123346
89129678
89130027
89130033
89135269
89135276
89146050
89155956
89155957
89156025
89156155
89156156
89156359
89156491
89156677
89156683
89156782
89156933
89156939
89157069
89157092
89157135
89167731
89167733
89167734
89167882
89167902
89167976
89168095
89168327
89168331
89168398
89168399
89168462
89168505
89168585
89168593
89169303
89169306
89180919
89185856
89190896
89197474
89197475
89197481
89197845
89197846
89197850
89198021
89198382
89198500
89198624
89198689
89198747
89198749
89199124
89199252
89199253
89199261
89199580
89199701
89200118
89200192
89201008
89201067
89201131
89201425
89201727
89201728
89201788
89201801
89201805
89201811
89201932
89202110
89202111
89202169
89202170
89202226
89202287
89202291
89202350
89202466
89202891
89203538
89203539
89203542
89203543
89203544
89203547
89203732
89203735
89203795
89204401
89204711
89204773
89205084
89205148
89205158
89205166
89205168
89205169
89205231
89205310
89205326
89205443
89205625
89205626
89205627
89205807
89205998
89206179
89206180
89206365
89206481
89206490
89206554
89206555
89206678
89206924
89206929
89206936
89206948
89206949
89207194
89207628
89207629
89207631
89207928
89208339
89208586
89208587
89208588
89208589
89209040
89209041
89209608
89209745
89209746
89209748
89209749
89209931
89210227
89210290
89210320
89210450
89210661
89210787
89210788
89210789
89210846
89211087
89211089
89211329
89211810
89211987
89211998
89212079
89212324
89212325
89212505
89212974
89213289
89213456
89213640
89213643
89213645
89213646
89213648
89213651
89213657
89213978
89214040
89214041
89214042
89214163
89214165
89214286
89214404
89214521
89214524
89214526
89214659
89214824
89215005
89215068
89215320
89215323
89220197
89220201
89220203
89220290
89220359
89220494
89220558
89220953
89221017
89221109
89221120
89221127
89221167
89221168
89221394
89221466
89221540
89221733
89221737
89221938
89221940
89222067
89222134
89222198
89222216
89222218
89222253
89222307
89222366
89222440
89222757
89222833
89222963
89223011
89223034
89223042
89223131
89223132
89223144
89223264
89223336
89223466
89223469
89223541
89223608
89223611
89223669
89223739
89223741
89224067
89224068
89224238
89224699
89232108
89232312
89232534
89232536
89232728
89232734
89232868
89232869
89232942
89232976
89233034
89233046
89233172
89233206
89233312
89233455
89233519
89233520
89233786
89233787
89233790
89234001
89234077
89234080
89234082
89234542
89234674
89234675
89234676
89234890
89235011
89235015
89235180
89235184
89235196
89235218
89235238
89235254
89235270
89235686
89235885
89235900
89236030
89236038
89236309
89236512
89236513
89236780
89238000
89238002
89238003
89244672
89244937
89245140
89245161
89245438
89245453
89245465
89245466
89245486
89245521
89245648
89245665
89245879
89245881
89246024
89246029
89246354
89246356
89246583
89246749
89246766
89246857
89246863
89246998
89247245
89247443
89247449
89247479
89247486
89247494
89247520
89247562
89247564
89247696
89247953
89247956
89248019
89248161
89248224
89250769
89250829
89250831
89250973
89251179
89251250
89251376
89251435
89251446
89251452
89251463
89251497
89251520
89251522
89251593
89251596
89251748
89251828
89251974
89251975
89251977
89252171
89252304
89252438
89252785
89252860
89253000
89253194
89253197
89253337
89253341
89253348
89253365
89253382
89253394
89253407
89253408
89253439
89253441
89253574
89253843
89253897
89253975
89254101
89254174
89254304
89254307
89254428
89254711
89254847
89254911
89254939
89262254
89262712
89262779
89262780
89262921
89262922
89262931
89262932
89262951
89262995
89262997
89263007
89263016
89263018
89263087
89263432
89263435
89263559
89263561
89263825
89263957
89264087
89264156
89264203
89264360
89264429
89264431
89264629
89264746
89264756
89264761
89264823
89264824
89264893
89264896
89264964
89264975
89264976
89265128
89265129
89265258
89265332
89265768
89266026
89266028
89266228
89266235
89266248
89266513
89266711
89266713
89266715
89266781
89266804
89269076
89273831
89273832
89273947
89274174
89274177
89274188
89274205
89274208
89274226
89274277
89274852
89274853
89274854
89275053
89275056
89275058
89275193
89275257
89275458
89275585
89275589
89275599
89275792
89275794
89275930
89275999
89276111
89276122
89276145
89276147
89276175
89276178
89276192
89276262
89276470
89276472
89276594
89276724
89276725
89276792
89276923
89277253
89277923
89277990
89277999
89278002
89278005
89278012
89278023
89278041
89278059
89278074
89278077
89285226
89285352
89285411
89285420
89285433
89285441
89285455
89285456
89285457
89285481
89285509
89285592
89285657
89285719
89285943
89286135
89286137
89286264
89286267
89286455
89286581
89286583
89286893
89286896
89286967
89287170
89287315
89287316
89287326
89287330
89287346
89287354
89287362
89287374
89287382
89287539
89287861
89287934
89287935
89288065
89288192
89288319
89288387
89288452
89288722
89288725
89288850
89288914
89288982
89289052
89289201
89289211
89294624
89294648
89294650
89294678
89294679
89294769
89295155
89296038
89296168
89296234
89296235
89296296
89296402
89296423
89296435
89296438
89296446
89296932
89297061
89297065
89297135
89297263
89297266
89297394
89297578
89297709
89297710
89297713
89298038
89298040
89298109
89298251
89298255
89298297
89298304
89298314
89298319
89298344
89298741
89298951
89299073
89299091
89299220
89299356
89299357
89299478
89299730
89299732
89299993
89300064
89300127
89300131
89300140
89300162
89300166
89300179
89300192
89300196
89300209
89300221
89300251
89312786
89313024
89329963
89330299
89354890
89356599
89362926
89362931
89362932
89363127
89363208
89363212
89363473
89363613
89363626
89363670
89363681
89363687
89363704
89363721
89363739
89363757
89363776
89363851
89363861
89363865
89365088
89365090
89365377
89365460
89365529
89365593
89365653
89365666
89365684
89365701
89365706
89365725
89365769
89365928
89365930
89366518
89366721
89366786
89366856
89367078
89367098
89367170
89367445
89367656
89367675
89367693
89367713
89398829
89398830
89398950
89398956
89401046
89407357
89407435
89407507
89407509
89407578
89408103
89408104
89408238
89408243
89408264
89408277
89408282
89408417
89408425
89408643
89408647
89408774
89408842
89408843
89409063
89409368
89409469
89409553
89409570
89409642
89409651
89416789
89435159
89444906
89453673
89453742
89461976
89461977
89466746
89484203
89484446
89484447
89484564
89484566
89484625
89484749
89484816
89484942
89484943
89484955
89484959
89484961
89485085
89485322
89485512
89485516
89485577
89485697
89485699
89485769
89485782
89485786
89485963
89486081
89486203
89486395
89486518
89486519
89486578
89486580
89486648
89486653
89486654
89486656
89486665
89486666
89486669
89486913
89486914
89486973
89487390
89487453
89487461
89487462
89487468
89487471
89487537
89487658
89487660
89488028
89488338
89488343
89488345
89488350
89488354
89488355
89488497
89488614
89488673
89488944
89489160
89489161
89489162
89489163
89494535
89494536
89508058
89508160
89508191
89508194
89508381
89508608
89508610
89509662
89509730
89509732
89509849
89509855
89509860
89510175
89510176
89510354
89510481
89510542
89510543
89510601
89510607
89510618
89510627
89510753
89510758
89510762
89511060
89511411
89511525
89511527
89511544
89511678
89511735
89511795
89512157
89512219
89512220
89512286
89512292
89512305
89512306
89512421
89513090
89513150
89513153
89513218
89513224
89513614
89513678
89513800
89513998
89514002
89514005
89514088
89514350
89514365
89514542
89514604
89514781
89514981
89515107
89515110
89515352
89515540
89518143
89518259
89518265
89518268
89518331
89518508
89518509
89518510
89518747
89518808
89518810
89519050
89519051
89519061
89519067
89519190
89519193
89519341
89519465
89519527
89519707
89519894
89519955
89519962
89519965
89519970
89519976
89520222
89520283
89520521
89520522
89520641
89520645
89520705
89520762
89520767
89520771
89520772
89520775
89520777
89520974
89521160
89521277
89521342
89521345
89521469
89521535
89521652
89521653
89521655
89521664
89521665
89522508
89522513
89522516
89522522
89522585
89522651
89522829
89522898
89523019
89523020
89523022
89523141
89523263
89523320
89523334
89523351
89523548
89523663
89523665
89523778
89523839
89523956
89524018
89524313
89524317
89524379
89524380
89524385
89524604
89524609
89524654
89524791
89524792
89524793
89524857
89524988
89525043
89525044
89525255
89525263
89525265
89525336
89525461
89525462
89525521
89525762
89525771
89525772
89525812
89526183
89532952
89532954
89533050
89533084
89533142
89533327
89533442
89533569
89533631
89533746
89533817
89533932
89533940
89533951
89534011
89534082
89534143
89534209
89534272
89534332
89534574
89534693
89534752
89534760
89534764
89535234
89535301
89535361
89535428
89535486
89535629
89535724
89583931
89583934
89584927
89584929
89584931
89584933
89584935
89585069
89585071
89585073
89585075
89585077
89585704
89585706
89585708
89585710
89585712
89585716
89585972
89585974
89585976
89585978
89585980
89587452
89587456
89587477
89587478
89588347
89588349
89588353
89588372
89588407
89588553
89588555
89588557
89588567
89589454
89589534
89590468
89590470
89590472
89590499
89590532
89590829
89590830
89591804
89591809
89592517
89593681
89593683
89593684
89593687
89593688
89593689
89595753
89596015
89596016
89597962
89597968
89597973
89597994
89598589
89600079
89600801
89600802
89602513
89602557
89602646
89602650
89602772
89602943
89602945
89602946
89603194
89603253
89603978
89604039
89604250
89604437
89604500
89604537
89604582
89604655
89604718
89604782
89605028
89605123
89605150
89605151
89605210
89605212
89605584
89605704
89605706
89605779
89605783
89605786
89605788
89605791
89605796
89605799
89605810
89605812
89605997
89606116
89606172
89606230
89606450
89606455
89606675
89606806
89606865
89606866
89606867
89607178
89607181
89607238
89607296
89607298
89607422
89607481
89607485
89607501
89607513
89607522
89607637
89607640
89609790
89612723
89613025
89613082
89613085
89613264
89613268
89613518
89613663
89613908
89614036
89614039
89614045
89614052
89614056
89614063
89614131
89614152
89614255
89614289
89614478
89614904
89615093
89615275
89615277
89615400
89615523
89615739
89615742
89615747
89615748
89615757
89615758
89615831
89615832
89615834
89616024
89616082
89616328
89616384
89616447
89616448
89616513
89616701
89616820
89616885
89616886
89617071
89617074
89617140
89618975
89622797
89622799
89622980
89623212
89623268
89623271
89623272
89623399
89623645
89623766
89623769
89623770
89623784
89623788
89623793
89623796
89623801
89623888
89623988
89624261
89624262
89624324
89624386
89624388
89624573
89624636
89624699
89624756
89624757
89624759
89624877
89625066
89625182
89625364
89625487
89625492
89625493
89625500
89625502
89625513
89625754
89625817
89626288
89626637
89626642
89626759
89626883
89626948
89627058
89627115
89627116
89627127
89632892
89632906
89632973
89633042
89633235
89633236
89633362
89633364
89633557
89633560
89633561
89633621
89633939
89633940
89633960
89633964
89634000
89634017
89634087
89634242
89634450
89634579
89634646
89634768
89634831
89635207
89635388
89635448
89635628
89635738
89635741
89635833
89635836
89635843
89635847
89635882
89635884
89635891
89636125
89636153
89636155
89636220
89636331
89636658
89636728
89643666
89643667
89643668
89643792
89643857
89643859
89643861
89643933
89644062
89644125
89644372
89644457
89644459
89644461
89644494
89644514
89644518
89644523
89644586
89644645
89644854
89644974
89645154
89645272
89645333
89645452
89645634
89645640
89645886
89645889
89646039
89646167
89646286
89646291
89646295
89646296
89646301
89646302
89646308
89646314
89646432
89646434
89646624
89646645
89646728
89646731
89646813
89663372
89664120
89666869
89671023
89684485
89685673
89685683
89701861
89702293
89709258
89710687
89718644
89727114
89727117
89727388
89727501
89727763
89727775
89728890
89736980
89737115
89737241
89737361
89737420
89737484
89737529
89737704
89737765
89737773
89737781
89737782
89737789
89737792
89737801
89737930
89737932
89738000
89738002
89738116
89738196
89738389
89738513
89738700
89738764
89738892
89738956
89738960
89739027
89739340
89739343
89739406
89739466
89739543
89739676
89739677
89739682
89739749
89739750
89739752
89739936
89739998
89740255
89740316
89740379
89740561
89740637
89740645
89740655
89746810
89746812
89746927
89746991
89747229
89747295
89747354
89747660
89747841
89747927
89748187
89748188
89748211
89748306
89748425
89748427
89748460
89748485
89748489
89748576
89748920
89748988
89749111
89749231
89749359
89749485
89749487
89749489
89749494
89749579
89749738
89749825
89749886
89750066
89750190
89750195
89750261
89750262
89750269
89750309
89750376
89750683
89750687
89750808
89751101
89751167
89751169
89751237
89751240
89751305
89751310
89751760
89751826
89751943
89752024
89752025
89752035
89752036
89752104
89752293
89752418
89752419
89752444
89752790
89752794
89753029
89753042
89753174
89753178
89753418
89753421
89753422
89753475
89753718
89753719
89753725
89753838
89753841
89753863
89753866
89754233
89754234
89754235
89754781
89754873
89755065
89755182
89755186
89755675
89755797
89755866
89755984
89756047
89756220
89756221
89756222
89757014
89757015
89757076
89757136
89757204
89757330
89757336
89757403
89757404
89757463
89757915
89758006
89758098
89758152
89758464
89758466
89758536
89758842
89758845
89758962
89759117
89759257
89759260
89759275
89759289
89759560
89759615
89759617
89759680
89759800
89759859
89759927
89760245
89760253
89760254
89760511
89760570
89760632
89760688
89760753
89760983
89760992
89761001
89761002
89761118
89761334
89761397
89761648
89761707
89761708
89761769
89761772
89762083
89762090
89762096
89762102
89762109
89762183
89762300
89762302
89762424
89762616
89762644
89762787
89762979
89762980
89762996
89763001
89763011
89765904
89767033
89767035
89767558
89767568
89768108
89768168
89768170
89768286
89768288
89768400
89768402
89768485
89768491
89768527
89768529
89768532
89768535
89768538
89768874
89768934
89768935
89769051
89769323
89769554
89769826
89769856
89769963
89770134
89770199
89770202
89770207
89770283
89770403
89770408
89770493
89770615
89770616
89770909
89770969
89771155
89771159
89771163
89771164
89771165
89771167
89771168
89771294
89771482
89771549
89771552
89771553
89771853
89771859
89771921
89771924
89771929
89772291
89772356
89772511
89772601
89772896
89772969
89772970
89773156
89773218
89773324
89773497
89773555
89773614
89773615
89773867
89773879
89773945
89774189
89774191
89774376
89774562
89774622
89774664
89774743
89774748
89774826
89775013
89775253
89775255
89775257
89775561
89775681
89775683
89775684
89775691
89775694
89775819
89776043
89776102
89776522
89777630
89777633
89777802
89778401
89778410
89778416
89778418
89778437
89778777
89778838
89778897
89779021
89779370
89779555
89779678
89779738
89779867
89779870
89780053
89780055
89780056
89780181
89780183
89780192
89780432
89780433
89780670
89780711
89780769
89780828
89780830
89781010
89781137
89781203
89781263
89781327
89781392
89781468
89781646
89781773
89781904
89781905
89781914
89781915
89781919
89782047
89782048
89782108
89782465
89782522
89782939
89782943
89782954
89782959
89783142
89783143
89783144
89783386
89783518
89783711
89783729
89783788
89784319
89784499
89784561
89784621
89784800
89784807
89784945
89784947
89785137
89785199
89785435
89785436
89785507
89785508
89785513
89785522
89785650
89785838
89786019
89786081
89786203
89786599
89786601
89786616
89786741
89786950
89786951
89787011
89787013
89787444
89790301
89790408
89790581
89790668
89790672
89790680
89790686
89790691
89790943
89791007
89791097
89791130
89791528
89791761
89791763
89791765
89791841
89791974
89792322
89792397
89792400
89792489
89792563
89792597
89792607
89792609
89792611
89792814
89793121
89793234
89793292
89793470
89793593
89793614
89793621
89793624
89793750
89793812
89793974
89794085
89794103
89794406
89794408
89794470
89794472
89794536
89794557
89794565
89794703
89794706
89794709
89794711
89794713
89794715
89794955
89795245
89796008
89796211
89796276
89796531
89796538
89796550
89796557
89796562
89796569
89796689
89796696
89796699
89796702
89796705
89796707
89796709
89797199
89797773
89797779
89797791
89797797
89798715
89798717
89799164
89799409
89799413
89799470
89799587
89799652
89799774
89799780
89800473
89801688
89801691
89801694
89801696
89801698
89801884
89801908
89801911
89801913
89801915
89801917
89802046
89802047
89802867
89803699
89803706
89803712
89803718
89803723
89803729
89803738
89803743
89803751
89803783
89803815
89803902
89804588
89805781
89805933
89806179
89806243
89806256
89806390
89806394
89806397
89806420
89806423
89806498
89806501
89806575
89806600
89806602
89806706
89806708
89807108
89807852
89807854
89807861
89807927
89808311
89808401
89808496
89808499
89808502
89808504
89808506
89808509
89808649
89809946
89809950
89809953
89809957
89809961
89811502
89811559
89811644
89811645
89811651
89811654
89811656
89811658
89811660
89811757
89811874
89811877
89811880
89812160
89812277
89812285
89812440
89812503
89812504
89812578
89813799
89813801
89813803
89813805
89813807
89815049
89815051
89817376
89817382
89817384
89819781
89819797
89821506
89821680
89821740
89821856
89821975
89821978
89822036
89822514
89822570
89824254
89824255
89824505
89824507
89824751
89824776
89824835
89824897
89824956
89825019
89825081
89825596
89825597
89825600
89825655
89828142
89828202
89828203
89828214
89828231
89828233
89828291
89828534
89828742
89828752
89828828
89830120
89830124
89830525
89830528
89830711
89830834
89831255
89831828
89831830
89831928
89832051
89832056
89833351
89833414
89833416
89833436
89833438
89833467
89833469
89833470
89833481
89833553
89833568
89833569
89833577
89833655
89833695
89833731
89833740
89833758
89833801
89833805
89833811
89833814
89833830
89833842
89833879
89833882
90001896
90001955
90002019
90002081
90002206
90003121
90003123
90003177
90003236
90003238
90003240
90003242
90003244
90003245
90003247
90004722
90004727
90004791
90004793
90004856
90004923
90004926
90004928
90004932
90004934
90004946
90004947
90005099
90005648
90005770
90005956
90006134
90006196
90006225
90006265
90006267
90006325
90006326
90006388
90006535
90006536
90006537
90006602
90006676
90006678
90006688
90006693
90006694
90006696
90006697
90006700
90006713
90006768
90006826
90006896
90007866
90008410
90008413
90008415
90008428
90008429
90008441
90008445
90008450
90008636
90008664
90008693
90008885
90008886
90008890
90009616
90009738
90009742
90009864
90009982
90010067
90010183
90010448
90010449
90010635
90010808
90011039
90012248
90012304
90012363
90012423
90012482
90012546
90015902
90015903
90015974
90016099
90016167
90016403
90016409
90016642
90016955
90016956
90017025
90017028
90017153
90017336
90017603
90017614
90017619
90017620
90018111
90018136
90018696
90018819
90018888
90018889
90018945
90019182
90019422
90019424
90019432
90019614
90020042
90020208
90020209
90020341
90020534
90020535
90020952
90020954
90021085
90021088
90022072
90022074
90022388
90022773
90022847
90023069
90023345
90023348
90025975
90026048
90026175
90026176
90026492
90026835
90027015
90027033
90027039
90027102
90027163
90027290
90027343
90027765
90027870
90027877
90027878
90028253
90028311
90028374
90028450
90028822
90028862
90028865
90029067
90029248
90029310
90029550
90029551
90029560
90029568
90029640
90029763
90029826
90030499
90030502
90030513
90030573
90030628
90030810
90030813
90031169
90031227
90031294
90031311
90031317
90031669
90031908
90032153
90032282
90036463
90036474
90036681
90036875
90036877
90036941
90037147
90037459
90037462
90037535
90037539
90038133
90038287
90038292
90038298
90038299
90038300
90038500
90038626
90038724
90038835
90038959
90039149
90039211
90039215
90039217
90039218
90039220
90039225
90039228
90039230
90039481
90039483
90039682
90039742
90039787
90040049
90040061
90040066
90040072
90040073
90040148
90040208
90040421
90040423
90040604
90040643
90040715
90040716
90040899
90040902
90040964
90040969
90040980
90041104
90041179
90041301
90041432
90041552
90041605
90041614
90041675
90048488
90048491
90048557
90048559
90048560
90048595
90048600
90048611
90048615
90048679
90048737
90048870
90048996
90049058
90049195
90049199
90049508
90049509
90049511
90049513
90049517
90049523
90049528
90049529
90049597
90049652
90049850
90049924
90049929
90050134
90050379
90050383
90050384
90050464
90050908
90050969
90051045
90051108
90051226
90051227
90051228
90055962
90067929
90067935
90104306
90104315
90104333
90141092
90141168
90147194
90174804
90174838
90174842
90175432
90176257
90176609
90176741
90176977
90177038
90177160
90177339
90177571
90177918
90178156
90178212
90178213
90178220
90178222
90178355
90179321
90179322
90179498
90179693
90179813
90179814
90179837
90180261
90180446
90180861
90180862
90180994
90181234
90181492
90181508
90181748
90181749
90181991
90182297
90182298
90182542
90182867
90183240
90183255
90183261
90183278
90184098
90184508
90184788
90184867
90185196
90185831
90185833
90186205
90186392
90187242
90187363
90187365
90187880
90187957
90188034
90188109
90188113
90188427
90189407
90189411
90189428
90189865
90189873
90189905
90189938
90190357
90190416
90190718
90191087
90191103
90191778
90192072
90192751
90192752
90193865
90193867
90194233
90194433
90194436
90194449
90194450
90194767
90194954
90195015
90195169
90195596
90195718
90195720
90195762
90196023
90196144
90196357
90196359
90196646
90196766
90197240
90197899
90198596
90198717
90198718
90198774
90199129
90199534
90199540
90199956
90200418
90200966
90201913
90202113
90202586
90203260
90203385
90203445
90203622
90203973
90204280
90204762
90205431
90205444
90205691
90207070
90207072
90207953
90208009
90208411
90208473
90208474
90208536
90208537
90208538
90208650
90209068
90209586
90209591
90209609
90209644
90210011
90210012
90210711
90210712
90211180
90211183
90211247
90211431
90211935
90212243
90212304
90212976
90213021
90213159
90213217
90213573
90213607
90213620
90213624
90213702
90213704
90214138
90214312
90214313
90214381
90214439
90214671
90214673
90215636
90215667
90215675
90216426
90216964
90216969
90217247
90218047
90218938
90218939
90219195
90219199
90219203
90219288
90219376
90220038
90220167
90220878
90221127
90221244
90221369
90222329
90222330
90222474
90223686
90223992
90224062
90224064
90224731
90225105
90225533
90226005
90226245
90227103
90227124
90227382
90227392
90227400
90227917
90228363
90228428
90228913
90229034
90229294
90229475
90230011
90276765
90276787
90307478
90307840
90307852
90308852
90309134
90326775
90326789
90344914
90345527
90352890
90353850
90354943
90356237
90357087
90379554
90379571
90421387
90421389
90421391
90421393
90421396
90421398
90421500
90421532
90421559
90421565
90421569
90423074
90423081
90423089
90423095
90423104
90423110
90425074
90425079
90425415
90425422
90425600
90425606
90425612
90425614
90428757
90428762
90428768
90428775
90428788
90428827
90429179
90429186
90429190
90429196
90434509
90434510
90434514
90434517
90435484
90435855
90435857
90435859
90435861
90435863
90435866
90435978
90435985
90436010
90437057
90437075
90438002
90438004
90438006
90438009
90438012
90438014
90438223
90439695
90441216
90441223
90441228
90441235
90441238
90441242
90444079
90444082
90444084
90444088
90444091
90444093
90444304
90444306
90444308
90447842
90447844
90447846
90447849
90447851
90447853
90449852
90449859
90449865
90449871
90449878
90449884
90452719
90452748
90452755
90452990
90452992
90452994
90452996
90452999
90453002
90455550
90455552
90455554
90455577
90455604
90455616
90456824
90456826
90457415
90457421
90457428
90457436
90457442
90457450
90460071
90460078
90460081
90460086
90460089
90460094
90460320
90460322
90460413
90460415
90460417
90460419
90462987
90462989
90462991
90462993
90462996
90462998
90464667
90464699
90464727
90464745
90464753
90464759
90465138
90465141
90465144
90465148
90465154
90465159
90467695
90467698
90467700
90467702
90467704
90469719
90469721
90469760
90469762
90469765
90469767
90469769
90469771
90470254
90470260
90470353
90470360
90470487
90470490
90470498
90470502
90470512
90470517
90471918
90471922
90471925
90471928
90471931
90471933
90472033
90472035
90472066
90472069
90472580
90472589
90472596
90472603
90472611
90472618
90472902
90472908
90472912
90472915
90472919
90473847
90473849
90473851
90473854
90473858
90473860
90474775
90474777
90474779
90474781
90474783
90474785
90474876
90474878
90474880
90474882
90474884
90474886
90475926
90475931
90475937
90475943
90475950
90475956
90476910
90476915
90476918
90476923
90476926
90476928
90477030
90477032
90477034
90477036
90477038
90477040
90477940
90477942
90477944
90477946
90477948
90477950
90478668
90478673
90478683
90478686
90478697
90478702
90480632
90480636
90480781
90480785
90480788
90480792
90480796
90480938
90480958
90483355
90483357
90483360
90483362
90484305
90484307
90486668
90488167
90488169
90488171
90488174
90488177
90488179
90490266
90490309
90490312
90490317
90490579
90490581
90490584
90490586
90490589
90490591
90493109
90493111
90493113
90493116
90493120
90494999
90495004
90495008
90495016
90495021
90495032
90495402
90495407
90497857
90497860
90497987
90497989
90497993
90497997
90498000
90498002
90500505
90500507
90500509
90500698
90500700
90500787
90500789
90501702
90501708
90501713
90501717
90501723
90501731
90501997
90502004
90502102
90502105
90502108
90502113
90502117
90502120
90503028
90503030
90503032
90503034
90503897
90503899
90503901
90503903
90503905
90503908
90503987
90503989
90504559
90504569
90504573
90504579
90504844
90504853
90504948
90504951
90504954
90504958
90504963
90504965
90505877
90505879
90505881
90505883
90505885
90505887
90506717
90506719
90506721
90506723
90506725
90506727
90507252
90507257
90507356
90507367
90507519
90507526
90507531
90507537
90507543
90507547
90508517
90508521
90508524
90508526
90508529
90508531
90508627
90508629
90508631
90508633
90508635
90508637
90509934
90509936
90509938
90509940
90509942
90509944
90511802
90511812
90511819
90511825
90511830
90511836
90512177
90512182
90515406
90515408
90515412
90515416
90515421
90515423
90515630
90515632
90515659
90515693
90515695
90515697
90519552
90519554
90519556
90519607
90519609
90521179
90523932
90523937
90523942
90523948
90523952
90523956
90524528
90524609
90525285
90525288
90525290
90525349
90525352
90525355
90526861
90526863
90526865
90526867
90529463
90529465
90529467
90529469
90529471
90529473
90531222
90531230
90531236
90531243
90531248
90531255
90531591
90531595
90534083
90534086
90535183
90535186
90535188
90535190
90535363
90535365
90535367
90535471
90535473
90535475
90537946
90537948
90538045
90538047
90538049
90538051
90538053
90538055
90539435
90539802
90539826
90539857
90540142
90540144
90540148
90540154
90540156
90540162
90542697
90542699
90542701
90542703
90542705
90542707
90545369
90545371
90545373
90545375
90545377
90545379
90546980
90547013
90547046
90547052
90547433
90547460
90547467
90549961
90549964
90549967
90550210
90550242
90550244
90550246
90550248
90550250
90552767
90552769
90552771
90552773
90552776
90552779
90553067
90553123
90553183
90553242
90554618
90554623
90554630
90554640
90554646
90554655
90555001
90555005
90555010
90557614
90557616
90557618
90557621
90557625
90557627
90560219
90560221
90560223
90560443
90560445
90560447
90560449
90560451
90560453
90562303
90562309
90562313
90562319
90562327
90562336
90565038
90565040
90565042
90565045
90565048
90565051
90565362
90565364
90565366
90566918
90566921
90566925
90566928
90566931
90569796
90569798
90569800
90569803
90569805
90569807
90570636
90570642
90570693
90570711
90573341
90573345
90573347
90573349
90573476
90573478
90573480
90576983
90576985
90577083
90577085
90577087
90577089
90577092
90577094
90578750
90578755
90578761
90578766
90579069
90579077
90579081
90579290
90579293
90579297
90579300
90579306
90579312
90581948
90581950
90582033
90582045
90582047
90582049
90582051
90584537
90584540
90584542
90584544
90584664
90584666
90584668
90584684
90584717
90584731
90585004
90585085
90587774
90587782
90587788
90587804
90587811
90587818
90590623
90590627
90590738
90590740
90590762
90590796
90590810
90590813
90593199
90593201
90593203
90593205
90593207
90593209
90593420
90593422
90593424
90593426
90593428
90593462
90595452
90595490
90595513
90595518
90595524
90596612
90596614
90596733
90596737
90596765
90598281
90599963
90599965
90599967
90599969
90599971
90599973
90601077
90601079
90601081
90601083
90602211
90602213
90602215
90602217
90602219
90602221
90603024
90603052
90605469
90605473
90605476
90605481
90605483
90605486
90605701
90605703
90608043
90608049
90608052
90608054
90608056
90608058
90609336
90609338
90609340
90609342
90609344
90612744
90612753
90612761
90612767
90612774
90612780
90613118
90613122
90613127
90615863
90615866
90615869
90615872
90615874
90615876
90618602
90618604
90618606
90618798
90618800
90618802
90620521
90620531
90620861
90620867
90620869
90620874
90620880
90620898
90623496
90623523
90623621
90623623
90623625
90623627
90623629
90623631
90626173
90626175
90626177
90626179
90626181
90626183
90626272
90626274
90626276
90626278
90626280
90626282
90628263
90628268
90628291
90628327
90629460
90629463
90629466
90629468
90629471
90629474
90631979
90631982
90631984
90631986
90631988
90633238
90633240
90633242
90633244
90634740
90634742
90634744
90634746
90634748
90634750
90637801
90637805
90637810
90637813
90637815
90637969
90637971
90638009
90638011
90638013
90638015
90638017
90641577
90641579
90641607
90641637
90643400
90643410
90643417
90643423
90643802
90643808
90643812
90644781
90644803
90646504
90646507
90646509
90646514
90646516
90646518
90649134
90649136
90649138
90649163
90649191
90649201
90649398
90649400
90651000
90651008
90651016
90651021
90651419
90651425
90651432
90651435
90651439
90651446
90655638
90655640
90655642
90655644
90655646
90655649
90658413
90658416
90658418
90658420
90658423
90658425
90658618
90658620
90660653
90660660
90660667
90660676
90661042
90661047
90661173
90661178
90661181
90661185
90661187
90661189
90663952
90663954
90663968
90664009
90664016
90664018
90666559
90666561
90666576
90666617
90666624
90666626
90667989
90667991
90667993
90667995
90667997
90667999
90668877
90668882
90668885
90670073
90670075
90670167
90670169
90671564
90671566
90671664
90671675
90671722
90671724
90671726
90674340
90674342
90674436
90674438
90674441
90674454
90674479
90674507
90675845
90675847
90675849
90675851
90675853
90675855
90676883
90676927
90676934
90676937
90678143
90679459
90679489
90679491
90680573
90680575
90680668
90680670
90680672
90680674
90680676
90680678
90681428
90681434
90684045
90684072
90684103
90684115
90684120
90684127
90684199
90684415
90684417
90684421
90684423
90684775
90685344
90687909
90687911
90687913
90687915
90687917
90687920
90690547
90690590
90690595
90690597
90690599
90690795
90690797
90690800
90690803
90690805
90690807
90692746
90692792
90692816
90692820
90692823
90692828
90694565
90694652
90694654
90695539
90695541
90695543
90695545
90695547
90695549
90697169
90697171
90697173
90698208
90698210
90698212
90698214
90698216
90698218
90700011
90700019
90700023
90700208
90700214
90700220
90700367
90700369
90700373
90700376
90700415
90700438
90704586
90704588
90704590
90704592
90704594
90704668
90704670
90704672
90704675
90706316
90706338
90714145
90714189
90714244
90714321
90715342
90715345
90715347
90715384
90715487
90715565
90715630
90750233
90750260
90803025
90803036
90852363
90852446
90852530
90852662
90852793
90852853
90852895
90852920
90852999
90853068
90853132
90853149
90853191
90853308
90853366
90853367
90853369
90853371
90853372
90853375
90853376
90853378
90853380
90853383
90856713
90856740
90857597
90857600
90857603
90857605
90857606
90857615
90857622
90857630
90857634
90857636
90857642
90857649
90857664
90857710
90857780
90857856
90857922
90857978
90858033
90858043
90858048
90858052
90859002
90859006
90859007
90859009
90859011
90859013
90859015
90859017
90859018
90859022
90859027
90859029
90859032
90859035
90859036
90859041
90859062
90859111
90859180
90859317
90859399
90859420
90859427
90859429
90861494
90861599
90861642
90861647
90861652
90862102
90862105
90862109
90862113
90862116
90862119
90862121
90862126
90862127
90862188
90862251
90863314
90863349
90863375
90863376
90863378
90863380
90863381
90863382
90863383
90863384
90863385
90863386
90863387
90863389
90863390
90863501
90863574
90863643
90863735
90863765
90870504
90870583
90870590
90870648
90870707
90870764
90870819
90870831
90870834
90870837
90872743
90872848
90872941
90873084
90873175
90873255
90874885
90874888
90874890
90874893
90874895
90874896
90875013
90875551
90875674
90875734
90875847
90875908
90875968
90876028
90876089
90876145
90876146
90876147
90876149
90876150
90876151
90876298
90876443
90876557
90876733
90876747
90876806
90903156
90903172
90934093
90934112
90934117
90934121
90936577
90936593
90980247
90983164
90983191
91051495
91051575
91078461
91108668
91108712
91113244
91113728
91120862
91121324
91121339
91121343
91121360
91121370
91121387
91121403
91121787
91121804
91121821
91121837
91129715
91129737
91151843
91151863
91173925
91173946
91197246
91197276
91210514
91218502
91218517
91220299
91220486
91223054
91223068
91223142
91223153
91223184
91223205
91223250
91223380
91223381
91223385
91223387
91245265
91245276
91293916
91293944
91311258
91311318
91311327
91337113
91337130
91337725
91342095
91389435
91403919
91404000
91410013
91410294
91442553
91442615
91442628
91442631
91444954
91444989
91451970
91453623
91453689
91453771
91467661
91467768
91467866
91468635
91469333
91479322
91479340
91479546
91479674
91479676
91479677
91484490
91485388
91493970
91494018
91494321
91494418
91495786
91495849
91495880
91496612
91497590
91498066
91498067
91498068
91498069
91498070
91498075
91498376
91498808
91498825
91501536
91501537
91501538
91502592
91502659
91502664
91502703
91502705
91503417
91505702
91508966
91508969
91508970
91508987
91509084
91509086
91509130
91509470
91509480
91519652
91519654
91519655
91519656
91519657
91519658
91519720
91524334
91524335
91525847
91525848
91525849
91527339
91528338
91528365
91529324
91531867
91532059
91532499
91532500
91532505
91532507
91536332
91536333
91536334
91537251
91537257
91537259
91537282
91537289
91537312
91541339
91543560
91543563
91543566
91543570
91543572
91543575
91553248
91553283
91565351
91576671
91576701
91590296
91605413
91605457
91623448
91623455
91623456
91624289
91624320
91634206
91634212
91634223
91635026
91635030
91635035
91635037
91635040
91639078
91639079
91639080
91639081
91640868
91642215
91642216
91642217
91642223
91642247
91643363
91643408
91654413
91654414
91654415
91654416
91656296
91656301
91656303
91656304
91656308
91660365
91660383
91660436
91660502
91660586
91660650
91660698
91660724
91660788
91660793
91660794
91660795
91660796
91660800
91660801
91660803
91660806
91660809
91660811
91660813
91660814
91660816
91660817
91660820
91665494
91665540
91667284
91667287
91667289
91667292
91667354
91667360
91667417
91667419
91667422
91667426
91667428
91667433
91667451
91667494
91667560
91667622
91667685
91667733
91667777
91667786
91667790
91667793
91669951
91669954
91669956
91669957
91669959
91669962
91669963
91669968
91669972
91669974
91669977
91669979
91669981
91669984
91669987
91669989
91670015
91670066
91670130
91670248
91670322
91670333
91670338
91670340
91673975
91674180
91674260
91674319
91674325
91674752
91674755
91674757
91674762
91674763
91674765
91674769
91674776
91674781
91674869
91674956
91675898
91675916
91675922
91675923
91675924
91675926
91675929
91675931
91675932
91675933
91675935
91675936
91675937
91675939
91676073
91676138
91676195
91676265
91676275
91678517
91678519
91678521
91678523
91678525
91678527
91678529
91678531
91678536
91678538
91679044
91679267
91679304
91679316
91679338
91679343
91679344
91679367
91679368
91679369
91679371
91679834
91679837
91679839
91679841
91679843
91679858
91680087
91680185
91680187
91680191
91680195
91680198
91680200
91680201
91680203
91680205
91680207
91680208
91680209
91680210
91680211
91680254
91680315
91680489
91680540
91680545
91680547
91680548
91680550
91684574
91684650
91684723
91684801
91684821
91685172
91685246
91685360
91685500
91685571
91685697
91687564
91692082
91692446
91693241
91693280
91698338
91699035
91699393
91699758
91715468
91718104
91720514
91720952
91720997
91721038
91726112
91726391
91732547
91752722
91752920
91752921
91753519
91753520
91753521
91753568
91753610
91761586
91761620
91761681
91761682
91761713
91775414
91775615
91784874
91784878
91792857
91792926
91799416
91799512
91799521
91799523
91802798
91802799
91802801
91802802
91802803
91802804
91804925
91804931
91810085
91816865
91818874
91818918
91874611
91874656
91890776
91914021
91914022
91914295
91914318
91914385
91930694
91930732
91988384
91988477
92014858
92019745
92019809
92019810
92040390
92040428
92041275
92041276
92041277
92041278
92041304
92041331
92087432
92087471
92097119
92097315
92097319
92118098
92118138
92120263
92126533
92126986
92126987
92126988
92126989
92126994
92139670
92139711
