28.227
32.827
31.726
33.191
32.827
30.520
30.386
31.008
32.065
38.590
35.856
31.641
30.795
30.426
33.640
31.694
33.078
32.190
32.842
30.584
32.315
31.635
34.071
32.991
34.496
32.198
33.484
33.782
33.884
33.857
30.141
29.586
30.036
30.063
31.120
30.306
31.614
30.346
32.230
31.539
30.440
30.975
30.348
31.637
32.240
29.872
29.894
29.287
31.397
30.745
30.722
29.687
32.443
33.075
34.648
34.895
31.739
29.913
29.253
30.897
35.648
26.683
32.458
32.776
30.204
28.611
29.902
29.225
27.191
28.777
27.669
28.042
27.449
28.128
30.865
31.198
29.822
28.754
29.203
29.225
27.592
26.988
27.701
27.278
26.011
26.385
27.853
26.792
29.247
30.902
28.911
28.501
28.297
29.691
27.475
27.476
29.370
30.193
29.294
28.605
30.502
29.490
31.127
30.518
29.051
29.591
29.430
27.731
28.067
28.941
28.125
27.827
32.074
34.467
29.816
30.776
29.263
30.428
27.046
27.990
25.766
28.236
29.632
29.356
28.998
28.993
28.862
28.599
29.506
30.704
27.467
29.087
28.013
30.090
29.434
28.780
29.124
29.965
28.261
28.256
29.207
28.639
28.681
27.832
28.980
29.331
32.387
33.519
33.994
30.800
30.404
30.091
27.776
28.923
28.324
28.180
