74.647
79.419
81.286
76.141
78.124
74.608
74.803
77.053
72.904
78.842
86.480
75.123
75.798
73.611
77.119
199.918
85.280
76.420
71.326
74.969
73.327
74.615
75.107
72.794
77.448
81.138
72.181
72.398
71.341
69.690
72.337
70.643
73.747
70.902
68.670
69.914
70.755
71.926
68.856
69.113
70.396
70.049
81.702
234.369
68.570
68.248
70.525
70.328
73.646
71.427
72.169
72.630
79.186
77.236
81.296
80.282
76.662
75.660
70.085
72.014
71.476
73.503
73.408
75.138
86.220
88.944
79.091
78.986
58.533
70.062
73.061
75.843
47.341
89.176
9.105
37.385
42.881
71.576
70.399
76.261
74.122
71.734
69.281
76.703
73.713
67.252
67.508
68.444
65.698
70.400
74.071
68.954
67.928
70.573
68.997
74.573
75.122
67.583
68.492
69.776
69.486
67.945
72.300
69.993
68.353
71.753
71.179
76.118
74.482
50.365
45.428
71.882
73.122
68.421
68.390
67.332
67.348
77.292
78.960
69.928
73.843
71.190
73.823
68.547
71.165
176.291
70.979
70.971
67.445
64.685
67.286
68.024
71.880
70.873
73.000
73.707
70.590
69.030
70.043
70.922
72.812
72.200
69.983
70.733
65.474
74.290
72.285
77.685
71.516
69.634
70.871
69.777
73.299
72.162
84.295
81.210
80.429
76.779
75.661
77.208
71.955
70.157
70.648
70.244
