15.860
15.339
17.349
16.534
19.835
15.711
32.319
16.074
17.473
17.145
42.128
17.250
46.605
18.274
16.040
15.817
42.043
19.473
17.146
16.596
18.634
42.155
44.493
27.544
34.563
34.721
23.120
9.353
17.793
16.383
18.265
17.837
17.686
15.884
15.825
17.911
20.134
22.300
19.091
19.545
17.821
18.523
19.041
15.895
15.741
16.253
16.663
16.533
16.480
16.152
18.545
19.339
21.531
21.007
25.759
17.759
18.487
16.654
17.339
18.060
16.797
17.621
18.793
19.118
17.111
17.190
16.805
16.692
17.570
16.996
16.285
22.445
5.117
9.945
36.898
10.046
17.168
16.527
20.053
18.127
16.649
16.359
16.306
17.955
17.094
18.011
16.015
16.260
16.536
16.918
16.676
16.198
18.994
19.189
16.930
16.624
15.736
15.809
16.543
16.384
16.110
16.964
18.584
16.877
18.157
17.164
17.867
19.001
14.975
14.370
17.301
17.857
16.419
16.955
16.475
17.084
17.159
17.753
19.148
20.669
48.918
22.345
19.618
19.786
24.010
48.805
28.956
123.945
17.883
18.110
4.911
20.097
16.977
17.050
16.635
17.270
17.284
18.466
18.233
15.788
10.295
24.627
24.588
17.446
18.448
16.655
17.536
17.289
16.389
17.992
17.157
21.739
21.187
17.862
17.924
17.738
17.148
17.178
16.301
16.433
16.517
22.947
22.531
23.221
16.766
18.362
18.865
18.855
16.957
17.487
16.184
