13.829
14.231
27.735
13.997
14.211
14.425
13.455
13.251
13.185
17.991
13.701
13.957
13.677
13.851
12.784
13.454
14.266
13.163
15.771
16.614
12.921
15.236
15.252
14.480
13.347
13.691
14.689
14.682
13.956
13.944
13.063
15.461
12.830
12.949
12.825
12.625
12.108
12.382
13.955
13.321
13.668
12.284
14.240
13.134
13.634
13.578
14.079
12.610
13.082
12.161
14.075
13.209
13.306
13.696
12.938
14.329
15.139
16.403
12.927
12.624
12.916
13.499
12.372
12.333
13.364
14.502
13.713
15.161
14.384
12.990
12.691
14.718
12.997
12.042
18.215
7.949
8.187
41.582
10.453
12.639
13.596
18.278
14.689
13.721
13.297
13.678
14.360
13.169
12.838
12.625
12.267
12.294
12.148
12.981
12.924
13.969
15.214
15.623
14.479
13.468
13.091
12.926
13.107
13.475
12.706
14.269
14.089
13.894
14.075
13.301
13.036
30.800
17.183
12.990
13.288
13.052
13.835
13.047
12.076
13.411
13.581
14.191
16.408
14.949
13.990
13.093
14.551
3.905
12.893
12.715
13.722
12.421
13.870
13.745
13.754
14.026
12.909
13.455
12.483
12.728
13.958
14.167
13.024
15.467
14.425
12.746
12.904
13.980
13.355
12.865
13.721
12.497
12.536
12.621
14.200
14.303
16.698
17.477
19.996
15.544
13.875
14.282
13.783
12.752
13.463
13.095
