15.664
15.151
15.108
17.291
17.839
17.651
18.020
15.205
17.741
17.863
23.417
24.720
17.206
16.500
15.699
16.381
15.528
19.801
20.750
18.440
18.464
18.929
18.347
18.380
16.533
16.581
15.724
16.008
16.042
16.058
17.267
17.030
16.811
17.264
16.251
17.335
15.719
15.435
24.093
23.915
15.086
15.445
15.949
16.200
17.507
17.522
16.601
16.857
17.208
20.144
15.674
15.993
15.711
16.150
15.789
17.235
19.208
18.801
18.280
17.677
16.939
16.583
16.342
16.748
15.873
15.967
15.212
15.544
16.010
18.284
19.002
17.676
17.077
17.003
16.832
16.213
16.919
16.193
16.341
16.745
16.811
15.884
16.669
16.759
19.902
17.587
18.471
19.655
18.774
16.410
16.312
18.515
16.024
16.783
17.184
16.448
18.759
17.896
16.517
17.155
17.071
23.155
15.665
15.791
15.966
17.547
17.481
15.219
16.658
17.269
16.018
16.303
16.557
17.295
17.094
16.158
16.967
16.629
16.411
16.752
14.699
18.771
17.292
15.926
16.542
15.858
15.666
16.075
15.588
18.946
17.464
17.846
17.854
16.050
16.461
16.284
16.593
15.895
16.075
16.402
18.022
20.366
18.048
16.116
15.328
15.296
12.740
16.556
17.361
16.606
17.012
16.139
15.550
16.425
19.370
18.809
18.079
13.446
15.885
16.216
16.228
