11.762
11.824
11.299
12.814
13.399
13.155
12.501
10.903
12.643
12.696
11.966
13.226
12.828
12.728
12.523
13.765
12.290
14.602
14.966
13.464
13.081
13.206
13.185
12.835
12.850
12.942
12.652
12.441
12.487
13.274
13.197
13.530
12.758
12.623
12.283
13.310
12.563
13.251
11.575
12.274
12.204
13.029
12.385
12.677
13.210
14.187
12.253
12.585
12.305
11.986
13.016
12.701
13.161
11.992
12.298
11.914
13.260
13.097
13.593
13.065
13.252
12.931
12.353
13.389
12.762
12.960
12.706
13.423
13.263
12.364
12.867
13.483
15.140
13.899
13.607
15.057
15.972
12.518
12.328
13.329
12.925
12.323
13.241
12.692
13.415
13.130
14.810
14.037
13.552
15.998
17.795
13.386
13.236
12.778
13.005
13.395
12.919
13.642
14.661
14.858
13.970
12.132
12.650
19.806
12.457
13.431
11.807
13.161
13.535
12.905
12.879
13.158
12.928
13.058
12.717
13.841
12.829
13.831
13.226
8.479
12.601
13.493
12.943
12.953
14.671
13.375
11.995
12.627
12.832
12.793
13.756
12.845
12.305
13.530
14.034
12.777
13.367
12.695
13.024
12.746
13.619
12.597
12.402
13.571
12.868
13.672
12.328
12.289
11.324
12.911
13.186
12.211
13.086
12.381
12.948
13.006
12.764
12.829
15.302
12.331
13.569
13.786
13.057
