15.681
16.614
15.752
16.217
16.003
16.796
19.706
17.883
15.945
17.215
15.312
19.435
18.869
18.665
19.883
18.753
18.833
18.585
18.437
16.117
17.773
16.133
17.974
17.159
15.186
16.551
16.877
19.583
20.590
14.780
14.637
15.094
15.060
15.311
14.877
15.868
15.956
15.171
15.494
16.516
18.835
15.915
17.057
17.044
16.729
15.079
15.066
17.421
17.339
15.738
15.752
20.117
18.897
15.339
14.809
15.266
15.104
15.266
15.091
15.585
16.463
16.331
20.238
21.085
15.979
15.875
16.663
16.401
16.278
15.955
17.444
17.477
17.435
17.669
18.697
19.795
16.227
16.775
15.549
15.388
15.417
15.337
17.207
16.573
16.473
17.029
16.709
15.964
17.021
16.765
16.695
16.226
15.686
15.296
15.360
17.364
17.105
16.352
15.932
15.305
15.979
15.068
15.307
17.751
16.784
16.306
15.604
15.712
15.457
16.887
17.231
15.933
16.588
16.351
16.935
15.556
16.813
17.572
17.053
16.051
16.253
15.544
17.090
16.192
16.393
15.386
16.063
15.531
15.104
15.380
16.265
16.769
16.265
19.137
21.211
14.803
14.897
16.188
17.849
15.839
15.414
14.646
15.609
16.401
16.339
17.652
17.395
18.428
18.337
15.579
15.361
16.348
17.125
16.265
14.812
18.464
17.945
19.387
19.885
15.266
15.281
16.660
15.539
16.377
15.209
19.426
17.737
17.447
19.025
19.222
15.806
15.703
15.184
15.777
