13.148
12.679
12.843
14.934
14.206
14.535
14.362
8.184
13.307
13.299
12.800
12.761
12.538
12.576
13.065
12.944
14.543
13.929
13.669
14.762
12.924
13.245
22.651
13.997
14.873
15.301
15.784
12.670
13.055
12.954
14.015
15.004
15.435
12.242
12.518
12.083
12.513
13.043
13.172
13.922
12.923
12.683
12.727
13.647
14.025
14.094
12.694
13.495
12.683
12.433
12.621
14.898
15.601
13.334
13.409
14.437
14.934
12.945
13.073
12.586
12.452
13.252
13.667
13.860
12.965
13.386
13.189
12.737
12.796
12.346
13.479
12.560
12.622
12.959
14.391
13.317
13.299
13.464
3.577
15.334
13.246
12.825
12.540
12.226
12.289
12.149
13.139
12.487
14.161
14.581
13.959
13.653
12.573
13.884
15.132
14.721
12.681
12.600
12.312
13.825
12.736
13.846
13.875
12.808
12.878
12.063
12.751
12.267
11.852
12.198
12.886
12.340
12.801
13.801
12.944
14.269
13.304
13.234
12.700
12.271
12.684
12.843
12.708
13.038
12.932
12.424
13.133
12.728
11.975
12.254
12.970
11.957
13.365
12.336
12.810
12.708
7.588
13.455
13.242
13.715
25.736
12.530
14.737
13.258
12.616
12.421
12.363
13.577
13.090
13.074
13.123
17.127
15.330
15.695
13.173
12.255
12.885
15.141
13.006
13.703
14.803
14.702
12.407
13.066
12.590
13.621
12.327
12.146
13.470
12.291
12.892
13.838
14.874
15.788
13.167
13.519
12.728
13.559
