16.493
16.929
17.280
18.185
19.179
22.889
19.853
8.684
17.155
17.561
17.301
17.778
16.947
16.846
17.190
18.166
3.417
20.141
19.288
19.771
19.638
19.461
20.245
18.492
19.311
18.908
17.699
17.643
18.516
18.196
19.378
21.398
19.935
16.721
16.947
16.723
16.538
17.884
17.463
20.628
18.275
17.978
18.726
18.062
20.385
17.411
16.475
17.135
18.183
20.523
18.714
17.190
28.832
25.432
16.807
17.447
17.403
17.712
16.580
17.677
17.827
17.022
18.958
18.053
18.437
21.578
16.734
17.579
17.844
15.995
17.010
15.867
19.834
17.434
20.806
17.548
34.200
34.725
17.919
18.365
17.903
18.352
18.818
18.159
18.811
19.094
18.791
19.418
20.031
17.153
24.509
19.040
19.341
17.115
17.768
18.392
19.777
20.660
18.877
19.142
16.314
16.270
15.859
16.503
15.594
18.111
17.664
17.247
15.985
18.296
19.063
17.359
16.977
16.992
16.167
17.651
18.754
17.245
17.238
17.519
20.678
17.143
16.656
16.691
17.459
17.017
15.500
18.696
19.253
17.246
17.366
21.252
21.750
18.079
15.059
15.549
16.914
16.748
15.721
17.633
15.571
16.751
17.994
22.656
21.968
19.622
20.522
14.313
14.917
16.281
19.012
16.776
16.645
17.924
17.432
4.083
20.770
21.298
17.175
16.504
16.098
15.642
15.338
16.626
15.972
18.499
18.184
20.616
21.583
17.271
17.159
15.519
15.248
