128210442
128210452
128210461
128210497
128210507
128210551
128210600
128210627
128210726
128210756
128210766
128210780
128210797
128210810
128210864
128210883
128210917
128210932
128210958
128210961
128211473
128211479
128211504
128211509
128211517
128211554
128211560
128211566
128211584
128211593
128211599
128211612
128211615
128211617
128211618
128211627
128211860
128211894
128211909
128211965
128212000
128212025
128212435
128212437
128212439
128212444
128212450
128212454
128212456
128212458
128213024
128213027
128213028
128213030
128213032
128213036
128213039
128214426
128214437
128214468
128214535
128214581
128214603
128214627
128214677
128214699
128214777
128214808
128214853
128214869
128214888
128214900
128214914
128214918
128214920
128214925
128215480
128215489
128215510
128215513
128215557
128215569
128215572
128215578
128215585
128215586
128215592
128215593
128215595
128215597
128215598
128215600
128215601
128215603
128215606
128216065
128216112
128216121
128216134
128216144
128216157
128216326
128216338
128216368
128216378
128216392
128216409
128216419
128216448
128216461
128216493
128216527
128216544
128216954
128216956
128216958
128216959
128216960
128216963
128216965
128216966
128217608
128217613
128217617
128217620
128217622
128217626
128217633
128217637
128217639
128217640
128217642
128217643
128217646
128217647
128218145
128218751
128218818
128219356
128219361
128219365
128219367
128219369
128219374
128219381
128219383
128219387
128219388
128219390
128219397
128219402
128219408
128219414
128219423
128219428
128219431
128219432
128219434
128220543
128220964
128220996
128221007
128221010
128221022
128221036
128221039
128221040
128221052
128221083
128221184
128221192
128221217
128221227
128221258
128221274
128221293
128221375
128221419
128221452
128221512
128221530
128221573
128221622
128221631
128221888
128222175
128222803
128222866
128222871
128222936
128223044
128223377
128223378
128223766
128223781
128223789
128223805
128223823
128223836
128223861
128223867
128223875
128223887
128223889
128223891
128223893
128223926
128223928
128224538
128224539
128224543
128224544
128224546
128224547
128224552
128225036
128225043
128225047
128225062
128225063
128225071
128225074
128225077
128225081
128225084
128225087
128225101
128225120
128225124
128225126
128225130
128225736
128225738
128225741
128226289
128226780
128226804
128226811
128226857
128228367
128228916
128229448
128229506
128230022
128774560
128774561
128774596
128774624
128774715
128774741
128774813
128774859
128774876
128774889
128774899
128774923
128774933
128774971
128774981
128775017
128775036
128775043
128775046
128775049
128775405
128775412
128775418
128775429
128775436
128775452
128775465
128775472
128775497
128775514
128775540
128775547
128775561
128776205
128776212
128776253
128776327
128776365
128776370
128776373
128777029
128777031
128777033
128777411
128777446
128777482
128777487
128777498
128777548
128777555
128777878
128777889
128777901
128777918
128777931
128778009
128778025
128778033
128778075
128778113
128778151
128778161
128778188
128778217
128778233
128778247
128778268
128778272
128778284
128779012
128779013
128779017
128779021
128779024
128779025
128779027
128779030
128779033
128779035
128779037
128779041
128779043
128779044
128779051
128779053
128779058
128779066
128779080
128779099
128779987
128779996
128780037
128780109
128780123
128780236
128780262
128780313
128780327
128780597
128780610
128780643
128780678
128780704
128780770
128780882
128780896
128780898
128780946
128780960
128781020
128781050
128781059
128781087
128781090
128781098
128781099
128781102
128781104
128781708
128781740
128781780
128781786
128781801
128781804
128781831
128781832
128781836
128781840
128781842
128781844
128781846
128781849
128782163
128782195
128782225
128782268
128782297
128782358
128782369
128782384
128782391
128782400
128782402
128782875
128782894
128782904
128782923
128782935
128782961
128782971
128782980
128782989
128782992
128782994
128782996
128783001
128940025
128940026
128940027
128940029
128940031
128940035
128940038
128940041
128940057
128940072
128940075
128940077
128940079
128940081
128940083
128940085
128940086
128940088
128940091
128940092
128940258
128940260
128940262
128940264
128940266
128940269
128940272
128940276
128940277
128940279
128940280
128940282
128940284
128940311
128940312
128940313
128940315
128940317
128940319
128940322
128940323
128940324
128940325
128940327
128940329
128940413
128940415
128940416
128940419
128940420
128940423
128940424
128940529
128940617
128940618
128940620
128940622
128940623
128940626
128940629
128940634
128940637
128940638
128940640
128940642
128940643
128940647
128940654
128940659
128940661
128940664
128940667
128940843
128940845
128940847
128940850
128940852
128940855
128940857
128940860
128940861
128940862
128940867
128940869
128940872
128940874
128940875
128940878
128940879
128940882
128940884
128940885
128940980
128940993
128940996
128940998
128940999
128941070
128941072
128941075
128941080
128941081
128941082
128941085
128941088
128941089
128941165
128941171
128941179
128941293
128941294
128941299
128941302
128941304
128941308
128941380
128941383
128941386
128941390
128941392
128941394
128941395
128941397
128941398
128941400
128941401
128941403
128941404
128941405
128941407
128941408
128941477
128941485
128941489
128941491
128941494
128941495
128941643
128941648
128941649
128941651
128941652
128941653
128941655
128941657
128941659
128941663
128941665
128941668
128941742
128941743
128941748
128941750
128941751
128941755
128941764
128941766
128941768
128941771
128941772
128941780
128941790
128941869
128941875
128941879
128941987
128941988
128941990
128941991
128941995
128941996
128941998
128942001
128942002
128942003
128942004
128942154
128942158
128942163
128942165
128942168
128942175
128942179
128942184
128942188
128942190
128942329
128942332
128942333
128942337
128942340
128942342
128942344
128942346
128942347
128942348
128942350
128942351
128942353
128942361
128942365
128942368
128942370
128942374
128942376
128942378
129096346
129096349
129096351
129096356
129096370
129096375
129096377
129096378
129096393
129096395
129096401
129096403
129096406
129096410
129096414
129096415
129096418
129096420
129096431
129096433
129096974
129096976
129096978
129096981
129096982
129096984
129096986
129097630
129097631
129097640
129097664
129097685
129097700
129097707
129097736
129097759
129097847
129097879
129097898
129097907
129097919
129097983
129097992
129098001
129098006
129098020
129098046
129098753
129098780
129098789
129098793
129098804
129098806
129098809
129098813
129098816
129098817
129098818
129098819
129098820
129098821
129098824
129098835
129098840
129098843
129098846
129098848
129099541
129099543
129099552
129099554
129099556
129099560
129099562
129099563
129099571
129100744
129100752
129100761
129100778
129100826
129100889
129100894
129100896
129100897
129100908
129100910
129100945
129100950
129100962
129100972
129101452
129101454
129101455
129101456
129101457
129101459
129101461
129101462
129101466
129101468
129101471
129101474
129101477
129101479
129101480
129102080
129102082
129102119
129102120
129102123
129102606
129102608
129102611
129102615
129102618
129102621
129102623
129102625
129102627
129102628
129102629
129102631
129102633
129102673
129102681
129102685
129102689
129102691
129103191
129103200
129103207
129103212
129103216
129103219
129103227
129103307
129103309
129103629
129103639
129103642
129103650
129103657
129103662
129103666
129103670
129103961
129103974
129104000
129104005
129104009
129104014
129104019
129104100
129104605
129104607
129104610
129104611
129104617
129104622
129105213
129105216
129105219
129105220
129105225
129105229
129105231
129105234
129105237
129105239
129105240
129105247
129105252
129105253
129105254
129105256
129105257
129105258
129105262
129105763
129105768
129105771
129105778
129105788
129105796
129106032
129106034
129106035
129106036
129106040
129106043
129106044
129106045
129106047
129106051
129106058
129106072
129106081
129106106
129106126
129106158
129106212
129106316
129106334
129107140
129107144
129107174
129107176
129107189
129107192
129107193
129107196
129107199
129107200
129107202
129107203
129107205
129107209
129107214
129107218
129107223
129107224
129107226
129107858
129107864
129107868
129107884
129107889
129107893
129107895
129107906
129107933
129107939
129107945
129107948
129107951
129108005
129108008
129108025
129108070
129108522
129108525
129108542
129108545
129108563
129108565
129109122
129109582
129109590
129109601
129109672
129109676
129110183
129110186
129110190
129110192
129110197
129110199
129110201
129110203
129110204
129110205
129110217
129110218
129110436
129110594
129110689
129110746
129111307
129111335
129111339
129111360
129111383
129111397
129111411
129111480
129111491
129111520
129111535
129111553
129111591
129111629
129111660
129111686
129111756
129111776
129111794
129111812
129111837
129112049
129112052
129112055
129112057
129112456
129112476
129112481
129112512
129112534
129112543
129112565
129112582
129112584
129112586
129112587
129112592
129112595
129112598
129112599
129112600
129112602
129112613
129261256
129261269
129261283
129261298
129261324
129261345
129261396
129261425
129261462
129261484
129261496
129261521
129261533
129261563
129261574
129261598
129261612
129261664
129261678
129261686
129262329
129262330
129262336
129262338
129262342
129262350
129262352
129262354
129262356
129262359
129262362
129262364
129262365
129262366
129262368
129263092
129263094
129263095
129263100
129263108
129263109
129263111
129263112
129263114
129263116
129263118
129263120
129263122
129264222
129264224
129264225
129264226
129264228
129264230
129264231
129264232
129264236
129264237
129264238
129264239
129264240
129264242
129264245
129264250
129264256
129264259
129264260
129264266
129265477
129265479
129265486
129265487
129265494
129265495
129265496
129265498
129265560
129265580
129265603
129265632
129265712
129265759
129265792
129265853
129266113
129266114
129266118
129267013
129267058
129267095
129267163
129267183
129267211
129267224
129267236
129267253
129267275
129267284
129267327
129267332
129267341
129267346
129267348
129267353
129267359
129267361
129267364
129267473
129267474
129267475
129267483
129267484
129268065
129268612
129268616
129268618
129268627
129268631
129268634
129268640
129268642
129268651
129268655
129268657
129268661
129268663
129268741
129268754
129268765
129268778
129268813
129269272
129269274
129269277
129269279
129269283
129269289
129269293
129269296
129269298
129269300
129269912
129269913
129269914
129269916
129269919
129269921
129269923
129269924
129269925
129269927
129269929
129269931
129269935
129269942
129270495
129270877
129270897
129270963
129270988
129270994
129271021
129271040
129271062
129271103
129271120
129271127
129271133
129271143
129271150
129271164
129271167
129271177
129271179
129271181
129271183
129271430
129271442
129271474
129271492
129271639
129271685
129271711
129271731
129271822
129271823
129271824
129271831
129271832
129271834
129271835
129271836
129271838
129271841
129272289
129272413
129272414
129272416
129272419
129272420
129272423
129272425
129272427
129272433
129272434
129272440
129272442
129272445
129272447
129272452
129272454
129272459
129273008
129273011
129273017
129273021
129273633
129273635
129273636
129273641
129273644
129273651
129273750
129273755
129273762
129273774
129273784
129273798
129273821
129273846
129273868
129273887
129273923
129273971
129274517
129274523
129274528
129274529
129274531
129274545
129274549
129274551
129274552
129274553
129274554
129274555
129274559
129274563
129274565
129274567
129274588
129274608
129275276
129275278
129275283
129275285
129275287
129275289
129275295
129275300
129275888
129275895
129275896
129275906
129275908
129275910
129275915
129275918
129275925
129275926
129275929
129275931
129275933
129275935
129275936
129275937
129275939
129276567
129276569
129276576
129276579
129276582
129756666
129756668
129756670
129756671
129756674
129756675
129756677
129756679
129756681
129756683
129756687
129756691
129756694
129756695
129756696
129756697
129756699
129756702
129756703
129756708
129757436
129757438
129757440
129757446
129757449
129757458
129757496
129758628
129758633
129758634
129758635
129758638
129758640
129759106
129759113
129759116
129759122
129759142
129759146
129759148
129759154
129759155
129759158
129759160
129759165
129759174
129759177
129759179
129759186
129759188
129759191
129759194
129759469
129759539
129759556
129759571
129759591
129759607
129759867
129759869
129759870
129759874
129759876
129760086
129760164
129760226
129760252
129760263
129760273
129760285
129760293
129760329
129760337
129760354
129760857
129760870
129760886
129760895
129760902
129760911
129760921
129760943
129760948
129761220
129761253
129761262
129761274
129761284
129761294
129761305
129761314
129761326
129761345
129761409
129761897
129761903
129761906
129761910
129761912
129761939
129761942
129762471
129762474
129762475
129762476
129762477
129762478
129762479
129762482
129762483
129762485
129762487
129762489
129762491
129762494
129762533
129762540
129762565
129762597
129762617
129762630
129763110
129763116
129763119
129763121
129763551
129763558
129763625
129763638
129763697
129763703
129763707
129763721
129763724
129763729
129763736
129763744
129763766
129763817
129763825
129763829
129763833
129764398
129764406
129764409
129764412
129764418
129764420
129764423
129764424
129764430
129764432
129764433
129764434
129764435
129764469
129764473
129764477
129764486
129764532
129764544
129764555
129764603
129764626
129764643
129764666
129764770
129765750
129765753
129765825
129765827
129765828
129765830
129765838
129765863
129765873
129765889
129765903
129766365
129766367
129766368
129766369
129766371
129766373
129766375
129766377
129766383
129766385
129766386
129766389
129766896
129766898
129766900
129766905
129766907
129766916
129766921
129766932
129767081
129767083
129767084
129767086
129767598
129767599
129767600
129767602
129767607
129767608
129767611
129767618
129767620
129767622
129767623
129767624
129767625
129767729
129767737
129767748
129767762
129767786
129767800
129767811
129767916
129768281
129768282
129768285
129768288
129768289
129768291
129768292
129768298
129768300
129768301
129768305
129768307
129768309
129768853
129768857
129768861
129768867
129768871
129768885
129768889
129768893
129769044
129769048
129769050
129769060
129769062
129769064
129769066
129769068
129769070
129769072
129769075
129770259
129770260
129770262
129770264
129770265
129770267
129770269
129770270
129770273
129770274
129770275
129770276
129770277
129770279
129770280
129770283
129770286
129770291
129770292
129770296
129770681
129770696
129770733
129770755
129770771
129770983
129770986
129770991
129770994
129770996
129770998
129771546
129771549
129771551
129771556
129771558
129771559
129771560
129772172
129772173
129772174
129772176
129772177
129772179
129772180
129772185
129772186
129772187
129772189
129772190
129772191
129772192
129772195
129772198
129772199
129772200
129772202
129772204
129772357
129772514
129772518
129772538
129772569
129870929
129870931
129870932
129870937
129870939
129870943
129870945
129870949
129870950
129870952
129870954
129870963
129870970
129870972
129870973
129870980
129870981
129870982
129870984
129870989
129871142
129871145
129871147
129871167
129871168
129871170
129871173
129871175
129871288
129871289
129871290
129871292
129871296
129871358
129871359
129871360
129871361
129871364
129871365
129871366
129871367
129871372
129871373
129871375
129871377
129871378
129871380
129871384
129871386
129871388
129871390
129871392
129871400
129871544
129871545
129871548
129871550
129871552
129871723
129871726
129871728
129871733
129871735
129871737
129871762
129871813
129871820
129871822
129871825
129871826
129871829
129871831
129871834
129871838
129871887
129871900
129871903
129871950
129871970
129872150
129872159
129872165
129872167
129872170
129872173
129872175
129872177
129872303
129872344
129872347
129872349
129872351
129872353
129872355
129872358
129872360
129872362
129872364
129872366
129872425
129872427
129872431
129872432
129872436
129872438
129872445
129872447
129872449
129872450
129872451
129872452
129872454
129872457
129872499
129872500
129872502
129872506
129872548
129872550
129872553
129872557
129872560
129872571
129872573
129872649
129872651
129872653
129872655
129872656
129872657
129872658
129872662
129872944
129872945
129872946
129872947
129872948
129872949
129872951
129872952
129872955
129872957
129872988
129872993
129873085
129873087
129873092
129873235
129873239
129873240
129873244
129873245
129873293
129873295
129873297
129873298
129873300
129873301
129873303
129873306
129873308
129873311
129873316
129873318
129873319
129873322
129873323
129873327
129873328
129873332
129873335
129873336
129873503
129873507
129873508
129873510
129873511
129873513
129873519
129873521
129873523
129873527
129873531
129873534
129873535
129873537
129873538
129873540
129873629
129873632
129873677
129873679
129873681
129873682
129873684
129873688
129873690
129873694
129873697
129873700
129873701
129873901
129873922
129873923
129873924
129873951
129874007
129874008
129874010
129874012
129874013
129874015
129874016
129874017
129874019
129874021
129874025
129874027
129874030
129874034
129874036
129874038
129874040
129874047
129874097
129874105
129874136
129874138
129874140
129874141
129874175
129874177
129874178
129874180
129874182
129874183
129874208
129874209
129874211
129874265
129874266
129874267
129874270
129874272
129874275
129874277
129874279
129874280
129874283
129874284
129874285
129874287
129874289
129874290
129874291
129874297
129874298
129874300
129874302
130138763
130138766
130138772
130138774
130138776
130138779
130138780
130138784
130138788
130138789
130138793
130138794
130138804
130138805
130138962
130138965
130138968
130138971
130138975
130138978
130138979
130138982
130138986
130138990
130139152
130139161
130139165
130139166
130139170
130139173
130139177
130139178
130139180
130139183
130139185
130139321
130139325
130139329
130139335
130139336
130139338
130139341
130139342
130139347
130139348
130139503
130139508
130139512
130139513
130139518
130139523
130139524
130139527
130139530
130139532
130139651
130139655
130139659
130139663
130139664
130139666
130139668
130139670
130139672
130139678
130139681
130139686
130139690
130139691
130139692
130139698
130139700
130139705
130139706
130139711
130139990
130139994
130139995
130140000
130140005
130140006
130140010
130140014
130140018
130140019
130140024
130140026
130140032
130140033
130140038
130140043
130140044
130140048
130140049
130140053
130140222
130140223
130140237
130140242
130140245
130140246
130140249
130140505
130140510
130140516
130140522
130140523
130140527
130140528
130140534
130140538
130140539
130140544
130140545
130140546
130140703
130140708
130140709
130140713
130140714
130140719
130140722
130140724
130140728
130140730
130140733
130140738
130140739
130140870
130140873
130140874
130140877
130140881
130140884
130140886
130140890
130140891
130140895
130140898
130140902
130140903
130141065
130141067
130141070
130141072
130141074
130141078
130141080
130141082
130141083
130141084
130141248
130141249
130141251
130141256
130141258
130141261
130141262
130141266
130141267
130141268
130141272
130141276
130141391
130141400
130141411
130141415
130141417
130141420
130141421
130141426
130141429
130141434
130141436
130141439
130141441
130141443
130141445
130141448
130141560
130141562
130141568
130141573
130141575
130141580
130141586
130141588
130141592
130141594
130141598
130141600
130141607
130141608
130141613
130141618
130141620
130141815
130141820
130141821
130141823
130141824
130141830
130141831
130141843
130141849
130141872
130141874
130141876
130141887
130141888
130244694
130244700
130244704
130244707
130244710
130244714
130244717
130244719
130244722
130244724
130244727
130244732
130244735
130244738
130244742
130244745
130244747
130244750
130244752
130246003
130246005
130246007
130246010
130246034
130246052
130246093
130246101
130246146
130246224
130246305
130246358
130246385
130246406
130246443
130246479
130246505
130246508
130246510
130246589
130246593
130246596
130246598
130246599
130247130
130247136
130247142
130247145
130247156
130247161
130247162
130247170
130247172
130247176
130247182
130247188
130247193
130247354
130247382
130247394
130247408
130247471
130248501
130248503
130248505
130248508
130248509
130248510
130248511
130248512
130248513
130248514
130248518
130248519
130248520
130248524
130248530
130248565
130248624
130248633
130248745
130249481
130249524
130249552
130249611
130249663
130249693
130249701
130249707
130249715
130249716
130249718
130249728
130249737
130249740
130249743
130249747
130249786
130249816
130249871
130249936
130249957
130250734
130250766
130250775
130250823
130250831
130250851
130250860
130250863
130250870
130251148
130251149
130251151
130251156
130251163
130251170
130251177
130251182
130251839
130251848
130251849
130251855
130251859
130251864
130251866
130251869
130251871
130251872
130251873
130251874
130251875
130251877
130252424
130252426
130252427
130252428
130252431
130252434
130252435
130252438
130252439
130252523
130252537
130252571
130252622
130252643
130252721
130252750
130252773
130252785
130253223
130253224
130253232
130253247
130253287
130253344
130253420
130253433
130253479
130253509
130253534
130253606
130253636
130253832
130253834
130253844
130253846
130253849
130253850
130254447
130254464
130254476
130254491
130254499
130254516
130254545
130254547
130255273
130255287
130255296
130255307
130255309
130255352
130255357
130255368
130255384
130255388
130255390
130255392
130256214
130256216
130256218
130256220
130256221
130256222
130256224
130256228
130256246
130256260
130256311
130256385
130256455
130256475
130256545
130256567
130256640
130256662
130256684
130256848
130256850
130256854
130256855
130256862
130256903
130256982
130257008
130257028
130257098
130257121
130257136
130257974
130257991
130258017
130258031
130258050
130258062
130258106
130258111
130258117
130258124
130258134
130258141
130258145
130258147
130258148
130258149
130258153
130258154
130258158
130258709
130258711
130258716
130258719
130258720
130258722
130258724
130258726
130258729
130258731
130258732
130258733
130258735
130259364
130259380
130259409
130259468
130259473
130259487
130260222
130260785
130260787
130260788
130260789
130260800
130260801
130260806
130260808
130260810
130260812
130260813
130261491
130261493
130261497
130261498
130261499
130261502
130261503
130261504
130261505
130261512
130261514
130261522
130262602
130262604
130262610
130262615
130262619
130262626
130262628
130262629
130262630
130262633
130262635
130262636
130262637
130262640
130262643
130262644
130262647
130262653
130262654
130263467
130263468
130263469
130263501
130263510
130263561
130263580
130263673
130263735
130263768
130263811
130263815
130263866
130263915
130263955
130263968
130263973
130263980
130263987
130264578
130264615
130264619
130264626
130264630
130264638
130264647
130264648
130264649
130264650
130264651
130264659
130264662
130264668
130264671
130264672
130264676
130264677
130265430
130265433
130265438
130265441
130265443
130265451
130265496
130265509
130265571
130265647
130265703
130265714
130265741
130265797
130265818
130265871
130265898
130265921
130265932
130266508
130266510
130266513
130266521
130266522
130266524
130266525
130266528
130266529
130266530
130266532
130266534
130266535
130266538
130266539
130266541
130266543
130266544
130266547
130267348
130267350
130267358
130267378
130267389
130267401
130267459
130267537
130267634
130267656
130267664
130267713
130267728
130267745
130267756
130267803
130267849
130267886
130267891
130268015
130268021
130268023
130268025
130268027
130268028
130268043
130269082
130269092
130269124
130269136
130269147
130269156
130269178
130269209
