17.370
20.826
22.209
17.958
18.198
18.395
16.976
16.825
18.294
18.205
19.081
17.366
17.685
17.900
16.732
18.045
18.471
19.846
19.799
18.579
17.503
18.169
18.133
18.696
19.027
18.153
18.369
17.533
18.171
17.458
17.207
17.951
18.405
17.236
17.748
19.583
18.647
18.188
17.257
18.650
18.429
19.241
20.070
19.459
17.927
18.232
19.765
18.215
17.618
18.698
18.357
18.136
16.590
19.761
19.062
20.824
18.044
17.760
17.562
18.970
18.119
19.222
17.216
16.866
17.271
18.564
19.850
19.135
19.038
17.765
17.186
17.974
19.148
18.661
20.083
18.188
17.960
18.800
19.586
18.186
18.796
17.713
18.815
18.136
18.580
18.347
18.767
17.268
19.008
17.996
18.929
17.435
18.336
17.414
17.593
