52.227
52.093
48.766
52.105
46.812
48.368
48.229
48.690
46.634
50.043
45.870
46.219
47.353
48.742
50.572
51.139
45.947
49.140
47.563
48.975
48.227
49.997
49.832
48.945
49.964
48.394
48.183
48.089
51.630
50.388
49.797
50.090
49.499
49.009
47.622
48.079
45.620
46.837
46.776
47.521
48.744
47.540
41.461
45.076
45.720
42.818
49.382
48.337
44.188
45.217
44.258
46.449
50.114
52.673
47.965
46.738
49.130
48.008
46.825
37.136
46.365
44.916
47.143
48.652
48.926
52.515
50.084
50.448
47.794
45.478
53.303
32.105
30.965
29.684
27.452
27.683
30.485
31.618
29.328
28.946
29.781
30.631
30.653
28.472
49.865
45.708
48.322
47.857
47.969
49.723
33.716
33.369
32.862
