95233377
95233607
95233696
95233700
95236669
95236670
95236777
95236783
95236790
95236797
95236927
95237174
95237187
95237296
95237299
95237307
95237315
95237320
95237326
95237331
95237337
95237396
95237641
95240326
95240327
95240380
95240390
95240518
95240530
95240779
95240938
95240963
95240977
95240986
95240987
95241001
95241008
95241010
95241016
95241083
95241335
95241345
95241505
95244656
95244658
95244664
95244671
95244676
95244682
95244689
95244773
95245035
95245045
95245066
95245203
95245207
95245211
95245223
95245240
95245254
95245258
95245278
95245294
95248218
95248219
95248225
95248328
95248333
95248334
95248381
95248392
95248403
95248646
95248653
95248808
95248846
95248855
95248859
95248863
95248872
95248879
95248905
95249122
95406476
95406479
95406502
95406507
95406509
95406510
95406515
95406519
95406524
95406531
95406590
95406834
95406844
95407011
95407045
95407060
95407066
95407067
95407172
95407177
95410261
95410508
95410657
95410682
95410694
95410697
95410701
95410707
95410709
95410710
95410714
95410847
95411064
95411083
95411272
95411320
95411324
95411327
95411334
95411340
95414460
95414519
95414530
95414785
95414945
95414983
95414994
95415006
95415014
95415016
95415029
95415032
95415041
95415042
95415082
95415303
95415323
95415517
95415573
95415584
95418748
95418753
95418757
95418760
95418764
95418847
95419091
95419235
95419241
95419262
95419267
95419271
95419273
95419276
95419278
95419305
95419528
95419551
95419738
95419893
95422565
95422789
95422800
95422893
95422896
95422897
95422907
95422914
95422919
95422920
95422929
95422940
95422948
95423080
95423323
95423446
95423487
95423507
95423509
95423517
95426507
95426515
95426516
95426526
95426709
95426933
95426944
95427026
95427036
95427043
95427051
95427056
95427057
95427065
95427070
95427071
95427201
95427463
95427595
95427615
95430587
95430651
95430661
95430672
95430697
95430722
95430734
95430735
95430736
95430756
95430981
95431213
95431297
95431315
95431334
95431354
95431362
95431363
95431373
95431378
95434674
95434688
95434697
95434698
95434705
95434706
95434711
95434714
95434761
95434775
95435022
95435185
95435227
95435233
95435243
95435250
95435254
95435258
95435272
95435280
95438339
95438583
95438710
95438717
95438732
95438836
95438840
95438864
95438865
95438866
95438873
95438876
95438939
95439183
95439343
95439386
95439387
95439400
95439406
95439407
95442361
95442366
95442377
95442392
95442510
95442760
95442891
95442914
95442921
95443004
95443032
95443040
95443048
95443102
95443356
95443535
95443583
95443594
95443600
95443608
95446615
95446620
95446725
95446743
95446958
95447166
95447170
95447174
95447182
95447187
95447229
95447238
95447242
95447243
95447248
95447253
95447257
95447266
95447273
95447468
95555911
95556143
95556332
95556392
95556400
95556406
95556411
95556418
95556425
95556432
95556585
95556831
95556943
95556958
95556967
95557009
95557082
95557083
95557091
95557097
95560089
95560121
95560346
95560536
95560588
95560591
95560598
95560602
95560606
95560614
95560619
95560721
95560726
95560902
95561135
95561210
95561215
95561216
95561220
95561225
95564322
95564350
95564568
95564774
95564829
95564839
95564844
95564854
95564860
95564868
95564872
95565004
95565017
95565257
95565380
95565394
95565411
95565420
95565426
95565430
95568473
95568479
95568480
95568481
95568487
95568488
95568515
95568738
95568938
95569000
95569006
95569010
95569011
95569013
95569020
95569027
95569032
95569040
95569198
95569439
95572449
95572450
95572452
95572461
95572473
95572474
95572484
95572493
95572501
95572502
95572535
95572760
95572963
95573027
95573037
95573047
95573048
95573062
95573072
95573080
95576153
95576359
95576431
95576432
95576442
95576451
95576474
95576486
95576496
95576501
95576675
95576904
95577024
95577048
95577059
95577068
95577075
95577093
95577102
95577160
95580401
95580484
95580495
95580497
95580498
95580499
95580507
95580508
95580509
95580510
95580515
95580522
95580533
95580543
95580726
95580966
95581051
95581060
95581061
95583750
95583756
95583765
95583770
95583791
95583797
95584008
95584211
95584276
95584277
95584284
95584289
95584295
95584299
95584306
95584310
95584451
95584688
95584811
95584816
95587262
95587503
95587630
95587641
95587647
95587655
95587658
95587659
95587666
95587669
95587734
95587980
95588134
95588140
95588173
95588182
95588183
95588185
95590896
95590900
95590903
95590904
95590905
95590906
95590912
95590923
95591109
95591342
95591431
95591444
95591445
95591452
95591460
95591461
95591470
95591480
95591493
95591601
95594629
95594649
95594824
95594876
95594879
95594884
95594889
95594899
95594905
95594914
95594924
95595100
95595122
95595343
95595420
95595430
95595431
95595438
95595443
95595451
95598886
95598892
95598902
95598959
95599200
95599380
95599428
95599441
95599452
95599463
95599464
95599465
95599466
95599474
95599482
95599514
95599519
95599746
95599761
95599957
95602741
95602747
95602751
95602760
95602761
95602762
95602770
95602838
95602851
95603099
95603249
95603269
95603270
95603275
95603280
95603284
95603290
95603293
95603318
95603325
95606717
95607334
95607338
95607853
95607858
95607866
95607873
95607879
95607881
95607884
95607887
95607897
95608085
95608101
95608321
95608333
95608401
95608409
95608417
95608420
95608428
95610839
95610842
95610852
95610868
95610954
95611201
95611358
95611385
95611391
95611397
95611399
95611411
95611428
95611434
95611435
95611489
95611718
95611921
95611980
95612002
95619265
95619386
95619415
95619416
95619533
95619534
95619665
95619666
95619789
95620041
95620401
95620407
95620419
95620650
95620820
95620900
95620901
95620905
95620909
95620910
95911234
95911235
95911236
95911242
95911243
95911248
95911252
95911254
95911259
95911260
95911374
95911617
95911756
95911772
95911778
95911784
95911788
95911794
95911796
95914466
95914474
95914475
95914476
95914478
95914479
95914490
95914498
95914499
95914505
95914506
95914564
95914809
95915068
95915114
95915130
95915133
95915138
95915245
95915250
95918109
95918117
95918236
95918485
95918618
95918631
95918637
95918639
95918646
95918653
95918655
95918657
95918663
95918669
95918736
95918983
95919139
95919144
95919177
95919183
95922135
95922148
95922160
95922249
95922498
95922657
95922689
95922698
95922707
95922708
95922717
95922718
95922727
95922736
95922765
95922987
95923193
95923246
95923257
95923267
95925775
95926006
95926103
95926112
95926116
95926117
95926118
95926123
95926127
95926134
95926140
95926142
95926256
95926502
95926638
95926655
95926664
95926671
95926675
95926678
95929500
95929747
95929759
95929773
95929784
95929890
95929900
95929907
95929914
95929920
95929928
95929934
95929993
95930004
95930246
95930407
95930446
95930454
95930460
95930465
95933171
95933172
95933176
95933177
95933184
95933185
95933187
95933191
95933195
95933212
95933410
95933628
95933635
95933644
95933696
95933701
95933708
95933713
95933716
95933723
95936449
95936458
95936664
95936670
95936678
95936760
95936774
95937023
95937043
95937187
95937218
95937220
95937235
95937248
95937250
95937258
95937264
95937270
95937411
95937648
95940544
95940639
95940641
95940643
95940650
95940657
95940658
95940660
95940661
95940673
95940674
95940679
95940682
95940683
95940687
95940836
95940852
95941089
95941181
95941187
95943492
95943636
95943650
95943890
95943992
95943994
95944008
95944015
95944021
95944022
95944029
95944039
95944050
95944051
95944144
95944408
95944559
95944607
95944617
95944625
95947456
95947465
95947470
95947472
95947482
95947492
95947638
95947878
95947987
95948001
95948011
95948018
95948026
95948032
95948038
95948099
95948370
95948385
95948546
95948581
95950971
95951033
95951276
95951452
95951495
95951503
95951509
95951516
95951527
95951534
95951543
95951548
95951757
95951995
95952072
95952081
95952087
95952096
95952104
95952110
95954756
95954760
95954780
95954784
95954791
95955013
95955229
95955237
95955290
95955294
95955295
95955300
95955308
95955314
95955317
95955318
95955325
95955502
95955735
95955819
95958636
95958641
95958642
95958643
95958651
95958825
95959059
95959144
95959149
95959155
95959159
95959161
95959166
95959167
95959170
95959171
95959274
95959523
95959654
95961961
95961979
95961991
95962248
95962393
95962398
95962406
95962407
95962415
95962420
95962426
95962436
95962437
95962444
95962500
95962741
95962917
95962922
95962927
95962935
96080868
96080885
96081087
96081107
96081322
96081378
96081385
96081391
96081398
96081405
96081499
96081515
96081637
96081653
96081896
96082014
96082028
96082036
96082047
96082052
96085282
96085291
96085300
96085316
96085324
96085328
96085540
96085761
96085837
96085852
96085862
96085872
96085881
96085889
96085890
96085897
96085898
96086042
96086058
96086295
96089607
96089611
96089615
96089616
96089623
96089624
96089637
96089818
96090045
96090123
96090183
96090184
96090188
96090189
96090196
96090198
96090207
96090210
96090211
96090214
96093705
96093714
96093725
96093730
96093736
96093741
96093747
96093911
96094155
96094270
96094283
96094392
96094398
96094403
96094413
96094449
96094454
96094527
96094770
96094939
96097806
96097883
96097885
96097894
96097900
96097902
96097908
96097914
96097917
96097942
96098136
96098381
96098525
96098555
96098567
96098574
96098576
96098579
96098586
96098587
96101650
96101674
96101691
96101700
96101702
96101711
96101724
96101735
96101792
96101803
96102043
96102053
96102202
96102222
96102379
96102390
96102406
96102437
96102445
96105661
96105666
96105668
96105674
96105675
96105849
96106090
96106100
96106194
96106196
96106202
96106213
96106226
96106240
96106347
96106355
96106441
96106702
96106862
96106878
96109957
96110087
96110088
96110089
96110098
96110102
96110108
96110117
96110118
96110125
96110144
96110334
96110560
96110649
96110667
96110668
96110674
96110678
96110689
96114617
96114623
96114631
96114645
96114646
96114647
96114656
96114666
96114822
96115067
96115222
96115250
96115251
96115264
96115276
96115287
96115297
96115305
96115338
96115564
96118751
96118752
96118760
96118762
96118764
96118785
96118995
96119201
96119265
96119274
96119275
96119281
96119282
96119285
96119288
96119295
96119298
96119451
96119465
96122103
96122110
96122114
96122126
96122132
96122145
96122153
96122160
96122166
96122384
96122590
96122646
96122647
96122648
96122656
96122661
96122664
96122669
96122681
96122682
96125416
96125420
96125421
96125425
96125430
96125613
96125847
96125857
96125864
96125932
96125939
96125946
96125955
96125956
96125959
96125963
96125969
96126110
96126360
96129228
96129233
96129239
96129241
96129268
96129278
96129285
96129287
96129289
96129301
96129311
96129318
96129320
96129401
96129654
96129825
96129844
96129850
96129856
96129869
96131967
96132241
96132242
96132277
96132514
96132713
96132720
96132770
96132782
96132793
96132795
96132803
96132811
96132812
96132822
96132839
96132846
96133045
96133061
96133078
96248074
96248256
96248684
96248837
96248962
96248972
96248983
96248992
96248993
96248994
96249007
96249018
96249044
96249287
96249505
96249570
96249572
96249586
96249588
96249600
96252376
96252608
96252838
96252910
96252929
96252949
96252970
96252989
96253008
96253021
96253165
96253466
96253600
96253624
96253647
96253667
96253686
96253706
96253724
96253778
96257337
96257353
96257366
96257377
96257391
96257514
96257529
96257541
96257558
96257572
96257588
96257604
96257692
96257949
96258111
96258147
96258167
96258182
96258184
96258199
96261645
96261746
96261784
96261801
96261803
96261820
96261835
96261854
96262041
96262059
96262302
96262392
96262419
96262450
96262476
96262512
96262515
96262539
96262567
96262702
96266654
96266704
96266879
96267159
96267176
96267359
96267366
96267427
96267449
96267498
96267514
96267516
96267551
96267589
96267637
96267644
96267895
96268120
96268203
96268206
96271259
96271299
96271537
96271554
96271576
96271762
96271815
96271832
96271850
96271866
96271881
96271897
96271914
96272102
96272124
96272363
96272449
96272467
96272469
96275508
96275710
96275948
96276029
96276042
96276044
96276046
96276048
96276064
96276082
96276098
96276099
96276116
96276133
96276303
96276320
96276340
96276589
96276679
96276710
96280304
96280407
96280410
96280429
96280431
96280448
96280468
96280487
96280505
96280526
96280647
96280908
96281048
96281054
96281078
96281097
96281117
96281136
96281153
96284191
96284270
96284281
96284282
96284297
96284306
96284313
96284321
96284329
96284427
96284683
96284826
96284852
96284870
96284871
96284893
96284917
96284929
96284939
96284976
96287929
96288170
96288184
96288193
96288269
96288270
96288276
96288281
96288287
96288293
96288296
96288300
96288404
96288655
96288785
96288791
96288793
96291419
96291577
96291585
96291627
96291645
96291666
96291681
96291682
96291693
96291711
96291752
96291980
96291997
96292012
96292197
96292250
96292264
96292265
96292273
96292287
96295091
96295094
96295106
96295122
96295124
96295125
96295126
96295147
96295334
96295353
96295578
96295652
96295658
96295668
96295677
96295686
96295694
96295704
96295705
96295832
96299534
96299546
96299733
96299767
96299770
96299799
96299807
96299845
96299849
96299850
96299890
96299918
96300163
96300185
96300383
96300449
96300469
96300502
96300516
96300549
96302953
96302988
96302992
96303125
96303144
96303156
96303414
96303502
96303509
96303510
96303514
96303526
96303527
96303538
96303545
96303547
96303549
96430816
96430826
96430841
96430863
96430871
96430879
96430951
96431198
96431367
96431501
96431515
96431516
96431528
96431541
96431553
96431561
96431562
96431586
96431794
96432012
96435264
96435270
96435448
96435462
96435692
96435767
96435768
96435775
96435777
96435780
96435781
96435787
96435791
96435794
96435797
96435936
96436182
96436339
96436393
96438823
96438936
96439176
96439192
96439210
96439218
96439324
96439334
96439341
96439342
96439343
96439351
96439356
96439362
96439369
96439449
96439698
96439708
96439717
96442272
96442276
96442281
96442285
96442290
96442393
96442394
96442397
96442400
96442520
96442760
96442773
96442892
96442905
96442909
96442912
96442914
96442917
96442920
96442927
96446013
96446026
96446030
96446229
96446453
96446529
96446545
96446546
96446551
96446557
96446561
96446562
96446563
96446571
96446578
96446718
96446980
96447089
96447099
96450086
96450094
96450097
96450102
96450103
96450107
96450118
96450296
96450531
96450611
96450612
96450623
96450628
96450631
96450632
96450636
96450641
96450642
96450643
96450646
96453945
96454017
96454028
96454029
96454037
96454049
96454051
96454061
96454068
96454069
96454081
96454090
96454094
96454325
96454557
96454632
96454646
96454659
96454661
96457501
96457511
96457521
96457551
96457765
96458002
96458062
96458068
96458079
96458080
96458081
96458086
96458093
96458098
96458111
96458264
96458280
96458297
96458311
96458545
96461727
96461728
96461740
96461762
96461840
96461851
96461856
96461857
96461862
96461906
96461918
96462152
96462166
96462325
96462374
96462375
96462376
96462384
96462389
96462392
96465089
96465256
96465264
96465299
96465300
96465304
96465307
96465310
96465311
96465314
96465317
96465318
96465343
96465563
96465769
96465772
96465780
96465788
96465832
96465835
96468436
96468677
96468878
96468937
96468941
96468951
96468957
96468967
96468974
96468978
96469104
96469341
96469467
96469597
96469598
96469608
96469613
96469616
96469620
96469621
96472590
96472596
96472605
96472620
96472805
96473024
96473116
96473119
96473126
96473133
96473134
96473174
96473249
96473256
96473261
96473365
96473381
96473396
96473647
96473769
96476949
96476954
96476955
96476956
96476964
96476971
96476972
96476977
96476990
96477172
96477405
96477471
96477472
96477473
96477474
96477478
96477480
96477483
96477484
97330957
97330970
97330971
97330979
97330992
97330996
97331008
97331009
97331017
97331018
97331029
97331239
97331476
97331488
97331497
97331568
97331580
97331590
97331598
97331600
97332803
97332835
97332838
97332856
97332871
97332873
97332881
97332892
97332893
97332906
97332907
97332985
97333232
97333395
97333443
97333458
97333461
97333474
97333487
97333499
97334659
97334670
97334678
97334686
97334687
97334696
97334698
97334716
97334719
97334740
97334918
97334938
97334970
97335390
97335475
97335484
97335490
97335500
97335509
97336716
97336721
97336743
97336768
97336777
97336791
97336795
97336802
97336803
97336804
97336846
97337088
97337104
97337118
97337282
97337330
97337346
97337366
97337448
97337515
97338843
97338845
97338847
97338854
97338860
97338867
97338876
97338877
97338889
97338890
97339016
97339038
97339272
97339283
97339384
97339391
97339400
97339406
97339432
97339442
97340217
97340333
97340348
97340365
97340620
97340726
97340735
97340745
97340752
97340762
97340770
97340778
97340781
97340845
97340858
97340866
97341117
97341266
97341441
97341482
97342316
97342334
97342354
97342367
97342384
97342572
97342632
97342635
97342643
97342645
97342655
97342779
97342796
97342805
97342861
97342863
97342865
97342895
97343130
97343147
97344285
97344538
97344701
97344729
97344738
97344748
97344749
97344758
97344764
97344771
97344792
97344987
97345070
97345080
97345289
97345296
97345300
97345306
97345377
97345385
97347234
97347455
97347482
97347697
97347745
97347751
97347774
97347787
97347804
97347820
97347911
97348193
97348359
97348398
97348399
97348419
97348432
97348449
97348467
97348469
97349884
97349885
97349907
97349909
97349927
97349947
97349964
97349983
97349985
97350007
97350196
97350452
97350461
97350473
97350548
97350700
97350719
97350741
97350764
97350784
97352030
97352058
97352081
97352102
97352197
97352274
97352293
97352340
97352600
97352809
97352818
97352830
97352839
97352887
97352928
97352957
97352989
97353020
97354448
97354450
97354471
97354473
97354492
97354494
97354510
97354513
97354531
97354550
97354569
97354754
97354771
97354988
97355059
97355066
97355072
97355073
97355084
97355190
97472774
97472786
97472789
97472798
97472809
97472819
97473035
97473278
97473289
97473301
97473420
97473432
97473441
97473442
97473451
97473462
97473472
97474693
97474703
97474720
97474730
97474741
97474752
97474753
97474767
97474955
97474971
97475206
97475285
97475299
97475310
97475322
97475323
97475325
97475335
97475351
97476644
97476646
97476659
97476672
97476684
97476719
97476935
97476950
97477145
97477302
97477311
97477319
97477328
97477336
97477343
97477344
97477351
97477352
97477517
97478224
97478250
97478418
97478522
97478531
97478538
97478583
97478584
97478586
97478593
97478599
97478600
97478601
97478605
97478616
97478617
97478624
97478647
97478850
97479731
97479737
97479745
97479754
97479761
97479866
97480120
97480129
97480143
97480259
97480274
97480275
97480285
97480286
97480294
97480299
97480300
97481365
97481405
97481406
97481407
97481418
97481420
97481426
97481434
97481444
97481452
97481480
97481488
97481702
97481912
97481978
97482000
97482007
97482008
97482021
97482626
97482628
97482803
97483059
97483175
97483184
97483186
97483195
97483196
97483208
97483220
97483238
97483254
97483336
97483587
97483748
97483789
97483797
97483810
97484690
97484706
97484944
97485019
97485033
97485049
97485066
97485067
97485076
97485086
97485101
97485102
97485105
97485245
97485507
97485621
97485636
97485646
97485651
97486857
97486912
97486925
97486928
97486929
97486937
97486946
97486955
97486962
97486972
97487146
97487402
97487510
97487529
97487544
97487545
97487546
97487548
97488271
97488283
97488529
97488689
97488724
97488740
97488752
97488764
97488765
97488774
97488781
97488808
97489025
97489235
97489305
97489313
97489327
97489328
97489341
97490545
97490561
97490577
97490598
97490620
97490811
97491053
97491155
97491171
97491178
97491186
97491199
97491210
97491211
97491224
97491324
97491575
97491720
97491740
97492370
97492559
97492789
97492870
97492877
97492878
97492887
97492896
97492905
97492913
97492915
97492924
97493050
97493065
97493317
97493436
97493449
97493458
97494111
97494149
97494378
97494574
97494632
97494640
97494651
97494663
97494683
97494695
97494697
97494716
97494876
97495121
97495130
97495232
97495252
97495264
97496199
97496387
97496436
97496437
97496439
97496440
97496456
97496457
97496470
97496478
97496480
97496489
97496490
97496505
97496554
97496791
97496973
97496981
97497057
97497777
97497908
97498153
97498164
97498293
97498313
97498327
97498328
97498338
97498348
97498367
97498374
97498376
97498449
97498458
97498715
97498876
97498908
97498919
97499546
97499570
97499576
97499786
97500006
97500073
97500075
97500084
97500092
97500103
97500117
97500130
97500131
97500139
97500291
97500534
97500546
97500650
97500662
97501860
97501873
97501883
97501899
97501910
97501921
97501929
97501930
97502086
97502335
97502347
97502449
97502468
97502482
97502483
97502486
97502494
97502507
97502518
97503682
97503683
97503695
97503706
97503725
97503738
97503742
97503774
97503991
97504207
97504279
97504290
97504304
97504317
97504328
97504340
97504341
97504353
97504509
97505510
97505517
97505526
97505546
97505554
97505763
97505977
97506037
97506049
97506057
97506064
97506074
97506082
97506083
97506090
97506228
97506473
97506585
97506588
97507213
97507427
97507635
97507696
97507704
97507715
97507722
97507731
97507740
97507747
97507904
97508148
97508269
97508272
97508289
97508295
97508303
97508309
97508315
97509450
97509453
97509462
97509477
97509478
97509487
97509488
97509489
97509500
97509523
97509529
97509539
97509547
97509778
97509975
97510034
97510045
97510054
97510065
97510682
97510846
97510862
97511085
97511196
97511201
97511206
97511218
97511231
97511233
97511234
97511242
97511250
97511257
97511266
97511386
97511666
97511798
97511803
97512399
97512405
97512413
97512419
97512508
97512523
97512538
97512785
97512915
97512933
97512935
97512942
97512948
97512954
97512963
97512966
97512974
97513027
97513269
97514071
97514073
97514080
97514087
97514232
97514244
97514486
97514586
97514596
97514603
97514609
97514610
97514616
97514622
97514630
97514707
97514964
97515145
97515174
97515911
97515912
97515913
97515927
97516107
97516349
97516355
97516365
97516461
97516496
97516533
97516561
97516606
97516647
97516682
97516807
97517027
97517174
97518209
97518215
97518276
97518530
97518758
97518859
97518893
97518945
97518982
97519017
97519019
97519063
97519110
97519300
97519594
97519609
97519727
97519771
97519820
97520976
97521258
97521458
97521520
97521555
97521562
97521597
97521643
97521674
97521721
97521768
97522005
97522263
97522274
97522280
97522394
97522439
97522442
97522480
97523672
97523688
97523701
97523977
97649645
97649651
97649677
97649889
97650094
97650151
97650155
97650162
97650171
97650180
97650188
97650196
97650203
97650209
97650378
97650614
97650707
97650711
97650721
97651753
97651759
97651807
97651812
97651821
97651822
97651823
97651829
97651840
97651856
97651870
97652046
97652289
97652369
97652376
97652377
97652381
97652385
97652966
97652970
97652971
97652976
97653091
97653340
97653471
97653488
97653496
97653498
97653505
97653509
97653517
97653518
97653525
97653579
97653823
97654005
97654645
97654654
97654772
97654787
97655031
97655155
97655157
97655161
97655170
97655180
97655199
97655206
97655213
97655214
97655220
97655300
97655306
97655320
97655574
97656372
97656374
97656548
97656800
97656882
97656886
97656893
97656900
97656906
97656910
97656914
97656984
97657228
97657238
97657395
97657416
97657421
97657427
97657432
97658478
97658484
97658487
97658494
97658495
97658503
97658508
97658571
97658820
97658985
97658993
97659015
97659016
97659017
97659019
97659021
97659025
97659031
97659038
97660098
97660171
97660173
97660174
97660184
97660185
97660194
97660201
97660206
97660210
97660216
97660388
97660638
97660722
97660729
97660731
97660732
97660740
97660742
97661437
97661691
97661860
97661889
97661903
97661911
97661920
97661921
97661932
97661942
97661971
97662181
97662395
97662458
97662459
97662474
97662481
97662490
97662502
97663608
97663666
97663670
97663691
97663692
97663693
97663700
97663701
97663702
97663707
97663713
97663715
97663716
97663721
97663836
97663850
97663867
97664106
97664217
97664790
97664791
97664801
97664808
97664812
97664818
97664823
97664927
97664947
97665186
97665200
97665317
97665331
97665340
97665347
97665348
97665353
97665359
97665368
97666495
97666502
97666508
97666516
97666522
97666523
97666525
97666702
97666942
97667029
97667030
97667038
97667053
97667062
97667065
97667073
97667080
97667093
97667206
97668275
97668291
97668293
97668307
97668342
97668561
97668778
97668847
97668848
97668857
97668858
97668870
97668871
97668873
97668875
97668886
97668887
97668895
97668910
97669786
97670021
97670028
97670035
97670040
97670092
97670105
97670118
97670132
97670145
97670157
97670159
97670160
97670184
97670378
97670395
97670413
97670570
97670704
97671477
97671714
97671860
97671886
97671892
97671899
97671906
97671912
97671914
97671922
97671924
97671967
97672200
97672220
97672237
97672249
97672415
97672456
97672466
97673252
97673513
97673632
97673669
97673680
97673689
97673714
97673723
97673724
97673759
97673831
97674082
97674245
97674305
97674315
97674317
97674330
97674343
97674356
97675417
97675497
97675508
97675517
97675528
97675538
97675554
97675569
97675570
97675679
97675937
97675953
97676082
97676117
97676132
97676142
97676143
97676152
97676167
97677342
97677344
97677352
97677360
97677370
97677371
97677382
97677394
97677548
97677789
97677907
97677909
97677911
97677920
97677926
97677931
97677937
97677939
97677945
97679108
97679118
97679125
97679130
97679132
97679143
97679339
97679565
97679576
97679686
97679711
97679734
97679752
97679760
97679768
97679769
97679775
97679776
97679889
97680950
97680955
97680985
97681211
97681411
97681468
97681470
97681472
97681473
97681474
97681475
97681486
97681492
97681501
97681510
97681525
97681543
97681741
97681975
97682680
97682681
97682697
97682699
97682768
97682778
97682791
97683037
97683191
97683228
97683239
97683248
97683259
97683261
97683262
97683272
97683279
97683318
97683551
97684448
97684458
97684466
97684475
97684620
97684637
97684652
97684877
97684996
97685007
97685014
97685015
97685016
97685017
97685024
97685030
97685036
97685043
97685158
97686166
97686171
97686340
97686569
97686671
97686680
97686687
97686689
97686698
97686703
97686708
97686717
97686798
97686957
97687079
97687096
97687223
97687225
97687322
97688754
97688790
97688995
97689207
97689272
97689281
97689290
97689299
97689302
97689304
97689314
97689319
97689328
97689474
97689721
97689732
97689830
97689842
97690726
97690935
97690992
97691003
97691014
97691024
97691036
97691049
97691050
97691055
97691058
97691060
97691072
97691260
97691503
97691511
97691582
97691584
97692272
97692343
97692598
97692766
97692802
97692813
97692815
97692825
97692836
97692846
97692852
97692872
97693071
97693297
97693370
97693377
97693383
97693384
97694546
97694561
97694571
97694583
97694585
97694593
97694595
97694596
97694629
97694849
