96430816
96430826
96430841
96430863
96430871
96430879
96430951
96431198
96431367
96431501
96431515
96431516
96431528
96431541
96431553
96431561
96431562
96431586
96431794
96432012
96435264
96435270
96435448
96435462
96435692
96435767
96435768
96435775
96435777
96435780
96435781
96435787
96435791
96435794
96435797
96435936
96436182
96436339
96436393
96438823
96438936
96439176
96439192
96439210
96439218
96439324
96439334
96439341
96439342
96439343
96439351
96439356
96439362
96439369
96439449
96439698
96439708
96439717
96442272
96442276
96442281
96442285
96442290
96442393
96442394
96442397
96442400
96442520
96442760
96442773
96442892
96442905
96442909
96442912
96442914
96442917
96442920
96442927
96446013
96446026
96446030
96446229
96446453
96446529
96446545
96446546
96446551
96446557
96446561
96446562
96446563
96446571
96446578
96446718
96446980
96447089
96447099
96450086
96450094
96450097
96450102
96450103
96450107
96450118
96450296
96450531
96450611
96450612
96450623
96450628
96450631
96450632
96450636
96450641
96450642
96450643
96450646
96453945
96454017
96454028
96454029
96454037
96454049
96454051
96454061
96454068
96454069
96454081
96454090
96454094
96454325
96454557
96454632
96454646
96454659
96454661
96457501
96457511
96457521
96457551
96457765
96458002
96458062
96458068
96458079
96458080
96458081
96458086
96458093
96458098
96458111
96458264
96458280
96458297
96458311
96458545
96461727
96461728
96461740
96461762
96461840
96461851
96461856
96461857
96461862
96461906
96461918
96462152
96462166
96462325
96462374
96462375
96462376
96462384
96462389
96462392
96465089
96465256
96465264
96465299
96465300
96465304
96465307
96465310
96465311
96465314
96465317
96465318
96465343
96465563
96465769
96465772
96465780
96465788
96465832
96465835
96468436
96468677
96468878
96468937
96468941
96468951
96468957
96468967
96468974
96468978
96469104
96469341
96469467
96469597
96469598
96469608
96469613
96469616
96469620
96469621
96472590
96472596
96472605
96472620
96472805
96473024
96473116
96473119
96473126
96473133
96473134
96473174
96473249
96473256
96473261
96473365
96473381
96473396
96473647
96473769
96476949
96476954
96476955
96476956
96476964
96476971
96476972
96476977
96476990
96477172
96477405
96477471
96477472
96477473
96477474
96477478
96477480
96477483
96477484
96799483
96799694
96799746
96799751
96799788
96800014
96800035
96800162
96800269
96800301
96800316
96800321
96800323
96800332
96800348
96800372
96800376
96800583
96800728
96800737
96804008
96804009
96804011
96804073
96804086
96804088
96804096
96804097
96804101
96804107
96804113
96804237
96804460
96804568
96804574
96804576
96804647
96804651
96804657
96804691
96807935
96807940
96807989
96808023
96808036
96808037
96808045
96808056
96808057
96808119
96808369
96808480
96808569
96808574
96808577
96808610
96808661
96808735
96808741
96808742
96812050
96812070
96812178
96812403
96812409
96812529
96812595
96812611
96812623
96812648
96812663
96812676
96812745
96812750
96812804
96813042
96813179
96813253
96813284
96813291
96816406
96816459
96816480
96816481
96816489
96816490
96816496
96816498
96816505
96816514
96816638
96816845
96816853
96816961
96817030
96817032
96817049
96817055
96817060
96820112
96820119
96820125
96820130
96820132
96820169
96820399
96820420
96820579
96820648
96820671
96820677
96820682
96820787
96820796
96820798
96820818
96823798
96823802
96823957
96823974
96824214
96824297
96824304
96824312
96824316
96824317
96824322
96824326
96824331
96824410
96824650
96824797
96824801
96824829
96824834
96824839
96827879
96827884
96827889
96827899
96828062
96828292
96828403
96828512
96828518
96828527
96828531
96828537
96828543
96828619
96828869
96829026
96829059
96829067
96829076
96829077
96831505
96831510
96831514
96831652
96831890
96832011
96832020
96832024
96832028
96832132
96832135
96832141
96832145
96832195
96832211
96832466
96832616
96832650
96835188
96835438
96835455
96835625
96835642
96835649
96835751
96835753
96835762
96835775
96835781
96835794
96835795
96835830
96836054
96836265
96836327
96836337
96836342
96836346
96838887
96838931
96839164
96839351
96839396
96839403
96839404
96839405
96839412
96839424
96839533
96839534
96839548
96839568
96839770
96840004
96840073
96840079
96840094
96840098
96843159
96843166
96843168
96843183
96843192
96843199
96843270
96843516
96843686
96843726
96843727
96843739
96843749
96843756
96843763
96843770
96843789
96843985
96844211
96844223
96847026
96847182
96847198
96847199
96847200
96847209
96847210
96847214
96847215
96847216
96847217
96847221
96847228
96847231
96847313
96847557
96847709
96847712
96847735
96847736
96850929
96850935
96850949
96850955
96850958
96851134
96851358
96851371
96851380
96851459
96851462
96851486
96851496
96851511
96851521
96851527
96967161
96967164
96967209
96967210
96967215
96967220
96967226
96967231
96967233
96967234
96967252
96967258
96967466
96967698
96967766
96967779
96967785
96967790
96967803
96967810
96970536
96970543
96970546
96970675
96970934
96971087
96971103
96971111
96971121
96971130
96971132
96971138
96971148
96971209
96971447
96971611
96971675
96971688
96974466
96974475
96974483
96974490
96974497
96974505
96974689
96974925
96975013
96975021
96975023
96975035
96975042
96975048
96975056
96975065
96975162
96975409
96975427
96975567
96978296
96978443
96978467
96978481
96978486
96978495
96978501
96978502
96978507
96978553
96978788
96978967
96978974
96978986
96979009
96979010
96979016
96979020
96979021
96979025
96982866
96982886
96983129
96983271
96983289
96983296
96983297
96983302
96983307
96983313
96983319
96983375
96983621
96983781
96983835
96983843
96983850
96983851
96983861
96983866
96986533
96986535
96986538
96986539
96986542
96986543
96986573
96986796
96986988
96987034
96987036
96987039
96987042
96987047
96987052
96987054
96987210
96987489
96987587
96987593
96990481
96990488
96990492
96990499
96990503
96990672
96990919
96991026
96991033
96991036
96991043
96991051
96991052
96991056
96991060
96991061
96991157
96994262
96994264
96994268
96994273
96994278
96994289
96994468
96994700
96994709
96994784
96994785
96994793
96994797
96994798
96994802
96994807
96994810
96994817
96994967
96995214
96998209
96998210
96998217
96998218
96998223
96998225
96998231
96998238
96998245
96998246
96998331
96998577
96998734
96998752
96998757
96998760
96998764
96998769
96998771
97001644
97001653
97001664
97001674
97001739
97002008
97002188
97002230
97002231
97002241
97002246
97002257
97002264
97002265
97002279
97002280
97002281
97002321
97002332
97002569
97005689
97005691
97005698
97005706
97005708
97005712
97005718
97005723
97005784
97006028
97006040
97006201
97006215
97006225
97006226
97006227
97006234
97006235
97006239
97008947
97008954
97008981
97009197
97009400
97009461
97009468
97009472
97009473
97009480
97009481
97009482
97009483
97009489
97009490
97009494
97009512
97009724
97009933
97009997
97012156
97012161
97012164
97012166
97012170
97012311
97012337
97012356
97012582
97012667
97012671
97012672
97012676
97012679
97012681
97012685
97012690
97012693
97012825
97014233
97014242
97014314
97014558
97014706
97015705
97015815
97017536
97017540
97017640
97017892
97018029
97018060
97018070
97018074
97018081
97018088
97018094
97018120
97018127
97018353
97018367
97018547
97018591
97018595
97018602
97126568
97126576
97126643
97126644
97126655
97126656
97126659
97126667
97126668
97126679
97126680
97126681
97126692
97126710
97126765
97127007
97127025
97127203
97127238
97127245
97128249
97128266
97128276
97128359
97128368
97128373
97128380
97128381
97128386
97128394
97128395
97128402
97128500
97128754
97128894
97128897
97128901
97128913
97128930
97128936
97130087
97130099
97130106
97130116
97130117
97130118
97130127
97130128
97130129
97130255
97130502
97130622
97130643
97130653
97130661
97130668
97130674
97130675
97130682
97130738
97131809
97131810
97131816
97131954
97132198
97132214
97132220
97132330
97132343
97132344
97132352
97132358
97132359
97132360
97132362
97132369
97132371
97132378
97132389
97132516
97133558
97133571
97133583
97133624
97133854
97134052
97134108
97134121
97134132
97134134
97134142
97134151
97134159
97134170
97134331
97134585
97134600
97134702
97134715
97134728
97135906
97135919
97135927
97135939
97136056
97136317
97136330
97136448
97136462
97136476
97136485
97136492
97136500
97136510
97136555
97136836
97137035
97137080
97137091
97137100
97138203
97138207
97138210
97138215
97138223
97138225
97138226
97138232
97138269
97138496
97138688
97138740
97138749
97138755
97138767
97138770
97138775
97138778
97138936
97139172
97140321
97140332
97140335
97140392
97140400
97140407
97140411
97140415
97140416
97140421
97140427
97140579
97140595
97140614
97140836
97140929
97140937
97140944
97140945
97140950
97141666
97141921
97141931
97142050
97142061
97142068
97142070
97142075
97142082
97142083
97142091
97142099
97142167
97142178
97142429
97142589
97142610
97142613
97142614
97142623
97143753
97143761
97143768
97143774
97143780
97143786
97143793
97143896
97144152
97144299
97144311
97144319
97144320
97144326
97144327
97144330
97144335
97145412
97145416
97145421
97145510
97145765
97145909
97145921
97145928
97145932
97145936
97145940
97145941
97145946
97145947
97145990
97146228
97146245
97146259
97146431
97146460
97147064
97147239
97147482
97147577
97147584
97147591
97147598
97147603
97147610
97147614
97147615
97147697
97147944
97148094
97148127
97148137
97148147
97148148
97148156
97148162
97149250
97149262
97149274
97149275
97149282
97149283
97149288
97149309
97149315
97149317
97149321
97149329
97149524
97149752
97149826
97149834
97149842
97149851
97149861
97149867
97150944
97150983
97150996
97151007
97151016
97151017
97151025
97151031
97151055
97151259
97151479
97151553
97151554
97151577
97151585
97151596
97151598
97151610
97151621
97152757
97152764
97152773
97152785
97152793
97152803
97152854
97153091
97153268
97153310
97153316
97153320
97153324
97153330
97153331
97153336
97153352
97153358
97153364
97153586
97154515
97154526
97154633
97154887
97155042
97155069
97155084
97155085
97155102
97155113
97155114
97155118
97155119
97155136
97155148
97155215
97155465
97155634
97155645
97155674
97156345
97156348
97156351
97156362
97156406
97156417
97156657
97156668
97156846
97156852
97156902
97156904
97156917
97156931
97156933
97156948
97156960
97156965
97156966
97156998
97158174
97158255
97158514
97158680
97158709
97158710
97158720
97158730
97158731
97158732
97158739
97158747
97158756
97158794
97158804
97159041
97159229
97159277
97159288
97159290
97160433
97160448
97160456
97160463
97160472
97160479
97160488
97160489
97160549
97160816
97160996
97161038
97161047
97161059
97161071
97161079
97161088
97161100
97161106
97161114
97162229
97162230
97162241
97162250
97162251
97162263
97162275
97162283
97162418
97162669
97162796
97162815
97162825
97162827
97162837
97162849
97162860
97162869
97162870
97162937
97164071
97164072
97164234
97164494
97164605
97164618
97164619
97164625
97164631
97164632
97164633
97164634
97164643
97164644
97164645
97164653
97164655
97164665
97164666
97165731
97165732
97165734
97165735
97165741
97165746
97165750
97165816
97166064
97166234
97166262
97166263
97166266
97166269
97166274
97166278
97166279
97166288
97166312
97167363
97167370
97167376
97167380
97167489
97167749
97167761
97167895
97167919
97167921
97167930
97167937
97167942
97167948
97167956
97168004
97168242
97168424
97168469
97168476
97169452
97169570
97169573
97169575
97169584
97169591
97169593
97169599
97169600
97169608
97169609
97169610
97169620
97169622
97169623
97169629
97169774
97170015
97170134
97170147
97171221
97171234
97171284
97171290
97171297
97171299
97171310
97171318
97171325
97171333
97171497
97171730
97171837
97171845
97171851
97171858
97171862
97171870
97171876
97173040
97173296
97173308
97173437
97173441
97173443
97173453
97173455
97173458
97173462
97173469
97173473
97173479
97173480
97173552
97173559
97173806
97173958
97173984
97173993
97175080
97175087
97175093
97175101
97175107
97175113
97175119
97175121
97175123
97175125
97175226
97175486
97175502
97175633
97175645
97175654
97175661
97175669
97175680
97175688
97176798
97176810
97176825
97176827
97176945
97177206
97177338
97177353
97177354
97177366
97177372
97177374
97177384
97177393
97177405
97177455
97177723
97177739
97177907
97177940
97178961
97179058
97179060
97179066
97179070
97179074
97179080
97179092
97179097
97179173
97179416
97179581
97179584
97179589
97179595
97179609
97179610
97179613
97180477
97330957
97330970
97330971
97330979
97330992
97330996
97331008
97331009
97331017
97331018
97331029
97331239
97331476
97331488
97331497
97331568
97331580
97331590
97331598
97331600
97332803
97332835
97332838
97332856
97332871
97332873
97332881
97332892
97332893
97332906
97332907
97332985
97333232
97333395
97333443
97333458
97333461
97333474
97333487
97333499
97334659
97334670
97334678
97334686
97334687
97334696
97334698
97334716
97334719
97334740
97334918
97334938
97334970
97335390
97335475
97335484
97335490
97335500
97335509
97336716
97336721
97336743
97336768
97336777
97336791
97336795
97336802
97336803
97336804
97336846
97337088
97337104
97337118
97337282
97337330
97337346
97337366
97337448
97337515
97338843
97338845
97338847
97338854
97338860
97338867
97338876
97338877
97338889
97338890
97339016
97339038
97339272
97339283
97339384
97339391
97339400
97339406
97339432
97339442
97340217
97340333
97340348
97340365
97340620
97340726
97340735
97340745
97340752
97340762
97340770
97340778
97340781
97340845
97340858
97340866
97341117
97341266
97341441
97341482
97342316
97342334
97342354
97342367
97342384
97342572
97342632
97342635
97342643
97342645
97342655
97342779
97342796
97342805
97342861
97342863
97342865
97342895
97343130
97343147
97344285
97344538
97344701
97344729
97344738
97344748
97344749
97344758
97344764
97344771
97344792
97344987
97345070
97345080
97345289
97345296
97345300
97345306
97345377
97345385
97347234
97347455
97347482
97347697
97347745
97347751
97347774
97347787
97347804
97347820
97347911
97348193
97348359
97348398
97348399
97348419
97348432
97348449
97348467
97348469
97349884
97349885
97349907
97349909
97349927
97349947
97349964
97349983
97349985
97350007
97350196
97350452
97350461
97350473
97350548
97350700
97350719
97350741
97350764
97350784
97352030
97352058
97352081
97352102
97352197
97352274
97352293
97352340
97352600
97352809
97352818
97352830
97352839
97352887
97352928
97352957
97352989
97353020
97354448
97354450
97354471
97354473
97354492
97354494
97354510
97354513
97354531
97354550
97354569
97354754
97354771
97354988
97355059
97355066
97355072
97355073
97355084
97355190
97472774
97472786
97472789
97472798
97472809
97472819
97473035
97473278
97473289
97473301
97473420
97473432
97473441
97473442
97473451
97473462
97473472
97474693
97474703
97474720
97474730
97474741
97474752
97474753
97474767
97474955
97474971
97475206
97475285
97475299
97475310
97475322
97475323
97475325
97475335
97475351
97476644
97476646
97476659
97476672
97476684
97476719
97476935
97476950
97477145
97477302
97477311
97477319
97477328
97477336
97477343
97477344
97477351
97477352
97477517
97478224
97478250
97478418
97478522
97478531
97478538
97478583
97478584
97478586
97478593
97478599
97478600
97478601
97478605
97478616
97478617
97478624
97478647
97478850
97479731
97479737
97479745
97479754
97479761
97479866
97480120
97480129
97480143
97480259
97480274
97480275
97480285
97480286
97480294
97480299
97480300
97481365
97481405
97481406
97481407
97481418
97481420
97481426
97481434
97481444
97481452
97481480
97481488
97481702
97481912
97481978
97482000
97482007
97482008
97482021
97482626
97482628
97482803
97483059
97483175
97483184
97483186
97483195
97483196
97483208
97483220
97483238
97483254
97483336
97483587
97483748
97483789
97483797
97483810
97484690
97484706
97484944
97485019
97485033
97485049
97485066
97485067
97485076
97485086
97485101
97485102
97485105
97485245
97485507
97485621
97485636
97485646
97485651
97486857
97486912
97486925
97486928
97486929
97486937
97486946
97486955
97486962
97486972
97487146
97487402
97487510
97487529
97487544
97487545
97487546
97487548
97488271
97488283
97488529
97488689
97488724
97488740
97488752
97488764
97488765
97488774
97488781
97488808
97489025
97489235
97489305
97489313
97489327
97489328
97489341
97490545
97490561
97490577
97490598
97490620
97490811
97491053
97491155
97491171
97491178
97491186
97491199
97491210
97491211
97491224
97491324
97491575
97491720
97491740
97492370
97492559
97492789
97492870
97492877
97492878
97492887
97492896
97492905
97492913
97492915
97492924
97493050
97493065
97493317
97493436
97493449
97493458
97494111
97494149
97494378
97494574
97494632
97494640
97494651
97494663
97494683
97494695
97494697
97494716
97494876
97495121
97495130
97495232
97495252
97495264
97496199
97496387
97496436
97496437
97496439
97496440
97496456
97496457
97496470
97496478
97496480
97496489
97496490
97496505
97496554
97496791
97496973
97496981
97497057
97497777
97497908
97498153
97498164
97498293
97498313
97498327
97498328
97498338
97498348
97498367
97498374
97498376
97498449
97498458
97498715
97498876
97498908
97498919
97499546
97499570
97499576
97499786
97500006
97500073
97500075
97500084
97500092
97500103
97500117
97500130
97500131
97500139
97500291
97500534
97500546
97500650
97500662
97501860
97501873
97501883
97501899
97501910
97501921
97501929
97501930
97502086
97502335
97502347
97502449
97502468
97502482
97502483
97502486
97502494
97502507
97502518
97503682
97503683
97503695
97503706
97503725
97503738
97503742
97503774
97503991
97504207
97504279
97504290
97504304
97504317
97504328
97504340
97504341
97504353
97504509
97505510
97505517
97505526
97505546
97505554
97505763
97505977
97506037
97506049
97506057
97506064
97506074
97506082
97506083
97506090
97506228
97506473
97506585
97506588
97507213
97507427
97507635
97507696
97507704
97507715
97507722
97507731
97507740
97507747
97507904
97508148
97508269
97508272
97508289
97508295
97508303
97508309
97508315
97509450
97509453
97509462
97509477
97509478
97509487
97509488
97509489
97509500
97509523
97509529
97509539
97509547
97509778
97509975
97510034
97510045
97510054
97510065
97510682
97510846
97510862
97511085
97511196
97511201
97511206
97511218
97511231
97511233
97511234
97511242
97511250
97511257
97511266
97511386
97511666
97511798
97511803
97512399
97512405
97512413
97512419
97512508
97512523
97512538
97512785
97512915
97512933
97512935
97512942
97512948
97512954
97512963
97512966
97512974
97513027
97513269
97514071
97514073
97514080
97514087
97514232
97514244
97514486
97514586
97514596
97514603
97514609
97514610
97514616
97514622
97514630
97514707
97514964
97515145
97515174
97515911
97515912
97515913
97515927
97516107
97516349
97516355
97516365
97516461
97516496
97516533
97516561
97516606
97516647
97516682
97516807
97517027
97517174
97518209
97518215
97518276
97518530
97518758
97518859
97518893
97518945
97518982
97519017
97519019
97519063
97519110
97519300
97519594
97519609
97519727
97519771
97519820
97520976
97521258
97521458
97521520
97521555
97521562
97521597
97521643
97521674
97521721
97521768
97522005
97522263
97522274
97522280
97522394
97522439
97522442
97522480
97523672
97523688
97523701
97523977
97649645
97649651
97649677
97649889
97650094
97650151
97650155
97650162
97650171
97650180
97650188
97650196
97650203
97650209
97650378
97650614
97650707
97650711
97650721
97651753
97651759
97651807
97651812
97651821
97651822
97651823
97651829
97651840
97651856
97651870
97652046
97652289
97652369
97652376
97652377
97652381
97652385
97652966
97652970
97652971
97652976
97653091
97653340
97653471
97653488
97653496
97653498
97653505
97653509
97653517
97653518
97653525
97653579
97653823
97654005
97654645
97654654
97654772
97654787
97655031
97655155
97655157
97655161
97655170
97655180
97655199
97655206
97655213
97655214
97655220
97655300
97655306
97655320
97655574
97656372
97656374
97656548
97656800
97656882
97656886
97656893
97656900
97656906
97656910
97656914
97656984
97657228
97657238
97657395
97657416
97657421
97657427
97657432
97658478
97658484
97658487
97658494
97658495
97658503
97658508
97658571
97658820
97658985
97658993
97659015
97659016
97659017
97659019
97659021
97659025
97659031
97659038
97660098
97660171
97660173
97660174
97660184
97660185
97660194
97660201
97660206
97660210
97660216
97660388
97660638
97660722
97660729
97660731
97660732
97660740
97660742
97661437
97661691
97661860
97661889
97661903
97661911
97661920
97661921
97661932
97661942
97661971
97662181
97662395
97662458
97662459
97662474
97662481
97662490
97662502
97663608
97663666
97663670
97663691
97663692
97663693
97663700
97663701
97663702
97663707
97663713
97663715
97663716
97663721
97663836
97663850
97663867
97664106
97664217
97664790
97664791
97664801
97664808
97664812
97664818
97664823
97664927
97664947
97665186
97665200
97665317
97665331
97665340
97665347
97665348
97665353
97665359
97665368
97666495
97666502
97666508
97666516
97666522
97666523
97666525
97666702
97666942
97667029
97667030
97667038
97667053
97667062
97667065
97667073
97667080
97667093
97667206
97668275
97668291
97668293
97668307
97668342
97668561
97668778
97668847
97668848
97668857
97668858
97668870
97668871
97668873
97668875
97668886
97668887
97668895
97668910
97669786
97670021
97670028
97670035
97670040
97670092
97670105
97670118
97670132
97670145
97670157
97670159
97670160
97670184
97670378
97670395
97670413
97670570
97670704
97671477
97671714
97671860
97671886
97671892
97671899
97671906
97671912
97671914
97671922
97671924
97671967
97672200
97672220
97672237
97672249
97672415
97672456
97672466
97673252
97673513
97673632
97673669
97673680
97673689
97673714
97673723
97673724
97673759
97673831
97674082
97674245
97674305
97674315
97674317
97674330
97674343
97674356
97675417
97675497
97675508
97675517
97675528
97675538
97675554
97675569
97675570
97675679
97675937
97675953
97676082
97676117
97676132
97676142
97676143
97676152
97676167
97677342
97677344
97677352
97677360
97677370
97677371
97677382
97677394
97677548
97677789
97677907
97677909
97677911
97677920
97677926
97677931
97677937
97677939
97677945
97679108
97679118
97679125
97679130
97679132
97679143
97679339
97679565
97679576
97679686
97679711
97679734
97679752
97679760
97679768
97679769
97679775
97679776
97679889
97680950
97680955
97680985
97681211
97681411
97681468
97681470
97681472
97681473
97681474
97681475
97681486
97681492
97681501
97681510
97681525
97681543
97681741
97681975
97682680
97682681
97682697
97682699
97682768
97682778
97682791
97683037
97683191
97683228
97683239
97683248
97683259
97683261
97683262
97683272
97683279
97683318
97683551
97684448
97684458
97684466
97684475
97684620
97684637
97684652
97684877
97684996
97685007
97685014
97685015
97685016
97685017
97685024
97685030
97685036
97685043
97685158
97686166
97686171
97686340
97686569
97686671
97686680
97686687
97686689
97686698
97686703
97686708
97686717
97686798
97686957
97687079
97687096
97687223
97687225
97687322
97688754
97688790
97688995
97689207
97689272
97689281
97689290
97689299
97689302
97689304
97689314
97689319
97689328
97689474
97689721
97689732
97689830
97689842
97690726
97690935
97690992
97691003
97691014
97691024
97691036
97691049
97691050
97691055
97691058
97691060
97691072
97691260
97691503
97691511
97691582
97691584
97692272
97692343
97692598
97692766
97692802
97692813
97692815
97692825
97692836
97692846
97692852
97692872
97693071
97693297
97693370
97693377
97693383
97693384
97694546
97694561
97694571
97694583
97694585
97694593
97694595
97694596
97694629
97694849
97833940
97834167
97834177
97834188
97834354
97834362
97834365
97834376
97834385
97834396
97834407
97834409
97834410
97834411
97834423
97834591
97834843
97835680
97835681
97835695
97835749
97835990
97836178
97836218
97836230
97836232
97836233
97836240
97836250
97836265
97836267
97836276
97836300
97836505
97836733
97836904
97837866
97837889
97838067
97838126
97838129
97838144
97838145
97838155
97838158
97838180
97838182
97838281
97838292
97838329
97838338
97838578
97838806
97838817
97838858
97839599
97839602
97839605
97839614
97839778
97840026
97840139
97840153
97840156
97840160
97840173
97840176
97840178
97840188
97840197
97840199
97840210
97840220
97840343
97841348
97841464
97841478
97841502
97841509
97841518
97841528
97841536
97841537
97841538
97841621
97841865
97842018
97842158
97842167
97842173
97842180
97842181
97843191
97843200
97843273
97843283
97843288
97843294
97843299
97843300
97843301
97843406
97843411
97843537
97843786
97843911
97843913
97843919
97843920
97843928
97843929
97844595
97844603
97844675
97844686
97844967
97845121
97845148
97845150
97845151
97845158
97845163
97845169
97845177
97845179
97845188
97845232
97845457
97845473
97845669
97846440
97846452
97846464
97846614
97846622
97846873
97846975
97846977
97846990
97846997
97846998
97847011
97847022
97847030
97847031
97847041
97847149
97847404
97847538
97848299
97848317
97848523
97848773
97848842
97848849
97848850
97848852
97848867
97848969
97848982
97848983
97848996
97849005
97849151
97849398
97849521
97849540
97849541
97850184
97850410
97850616
97850618
97850626
97850635
97850672
97850781
97850782
97850789
97850797
97850806
97850807
97850819
97850837
97851033
97851047
97851275
97851336
97852128
97852139
97852417
97852572
97852592
97852599
97852607
97852615
97852625
97852630
97852652
97852860
97853076
97853137
97853146
97853154
97853163
97853172
97853174
97854398
97854442
97854452
97854464
97854473
97854476
97854478
97854485
97854487
97854488
97854489
97854496
97854498
97854596
97854858
97855002
97855007
97855029
97855043
97856160
97856247
97856267
97856296
97856388
97856400
97856413
97856425
97856504
97856512
97856768
97856935
97856942
97856977
97856979
97856995
97857012
97857025
97857040
97858358
97858360
97858375
97858397
97858416
97858516
97858529
97858788
97858940
97858946
97858970
97858985
97858999
97859014
97859032
97859050
97859097
97859336
98012388
98012390
98012398
98012405
98012406
98012411
98012419
98012429
98012481
98012721
98012891
98012959
98012962
98012978
98012987
98012989
98012999
98013010
98013017
98014128
98014138
98014144
98014188
98014419
98014607
98014653
98014655
98014659
98014669
98014682
98014690
98014697
98014705
98014719
98014903
98015127
98015138
98015222
98015919
98016161
98016345
98016350
98016398
98016407
98016416
98016417
98016427
98016436
98016449
98016471
98016663
98016904
98016980
98016981
98016999
98017015
98017026
98018183
98018196
98018208
98018224
98018236
98018247
98018260
98018442
98018681
98018695
98018781
98018801
98018820
98018837
98018854
98018869
98018871
98018879
98018882
98019482
98019643
98019885
98019892
98019992
98020006
98020007
98020027
98020029
98020043
98020058
98020060
98020070
98020075
98020181
98020424
98020436
98020566
98020572
98021399
98021620
98021693
98021695
98021703
98021708
98021709
98021716
98021720
98021728
98021737
98021866
98021882
98022118
98022223
98022244
98022251
98022252
98022257
98023413
98023419
98023427
98023428
98023434
98023435
98023443
98023587
98023835
98023953
98023963
98023964
98023979
98023980
98023991
98023998
98023999
98024000
98024010
98025121
98025128
98025129
98025138
98025316
98025330
98025549
98025647
98025665
98025674
98025676
98025683
98025691
98025692
98025701
98025709
98025816
98026098
98026814
98026819
98026827
98026829
98026836
98026842
98026851
98026852
98026885
98027116
98027310
98027359
98027373
98027382
98027383
98027388
98027393
98027399
98027405
98028486
98028492
98028517
98028727
98028935
98028993
98029002
98029004
98029005
98029010
98029015
98029016
98029022
98029031
98029038
98029211
98029480
98029493
98029504
98030171
98030172
98030178
98030262
98030511
98030674
98030682
98030685
98030701
98030713
98030722
98030728
98030735
98030741
98030772
98030991
98031201
98031204
98031255
98031983
98032235
98032388
98032415
98032424
98032432
98032441
98032452
98032462
98032496
98032749
98032955
98032967
98033021
98033034
98033044
98033051
98033059
98033067
98034128
98034157
98034162
98034166
98034172
98034184
98034189
98034220
98034224
98034425
98034649
98034652
98034710
98034715
98034716
98034722
98034734
98034735
98034743
98845284
98845295
98845296
98845305
98845423
98845674
98845811
98845826
98845832
98845839
98845840
98845848
98845854
98845855
98845862
98845911
98846145
98846164
98847103
98847113
98847115
98847116
98847257
98847508
98847637
98847677
98847713
98847717
98847752
98847762
98847771
98847773
98847782
98847852
98848102
98848273
98849233
98849247
98849496
98849623
98849643
98849658
98849671
98849679
98849690
98849700
98849741
98849972
98849987
98850178
98850246
98850284
98850287
98850325
98851443
98851456
98851571
98851598
98851600
98851637
98851673
98851718
98851755
98851758
98851771
98851857
98852129
98852144
98852304
98852327
98852328
98853086
98853092
98853106
98853111
98853310
98853531
98853607
98853612
98853616
98853623
98853631
98853639
98853640
98853651
98853766
98854014
98854170
98854215
98854869
98854886
98855082
98855305
98855387
98855389
98855392
98855427
98855463
98855493
98855508
98855518
98855522
98855523
98855524
98855701
98855717
98856770
98856794
98856804
98856805
98856859
98857100
98857278
98857316
98857317
98857327
98857328
98857330
98857339
98857348
98857357
98857367
98857384
98857389
98858566
98858573
98858580
98858581
98858588
98858597
98858598
98858605
98858726
98858741
98858987
98859102
98859134
98859138
98859178
98859181
98859185
98859189
98860084
98860100
98860114
98860131
98860387
98860539
98860542
98860586
98860619
98860623
98860630
98860635
98860636
98860641
98860715
98860726
98860975
98861131
98861832
98861834
98861840
98861848
98862012
98862253
98862359
98862391
98862393
98862410
98862439
98862464
98862482
98862507
98862598
98862862
98863055
98863121
98863957
98864125
98864382
98864530
98864588
98864638
98864694
98864720
98864738
98864740
98864763
98864847
98865115
98865283
98865332
98865354
98865379
98865401
98866672
98866681
98866796
98866820
98866823
98866841
98866872
98866892
98866918
98866940
98866942
98867041
98867308
98867478
98867539
98867584
98867625
98867670
98869091
98869094
98869141
98869183
98869213
98869235
98869236
98869303
98869316
98869325
98869582
98869749
98869801
98869820
98869821
98869822
98869847
98869869
98871290
98871315
98871317
98871336
98871356
98871358
98871386
98871410
98871412
98871509
98871785
98871968
98872059
98872106
98872110
98872151
98872174
98873528
98873626
98873631
98873697
98873754
98873781
98873782
98873813
98873830
98873936
98873949
98873968
98874224
98874370
98874432
98874459
98874483
98874513
98875670
98875690
98875882
98875987
98875991
98876017
98876020
98876043
98876067
98876094
98876124
98876154
98876336
98876349
98876369
98876576
98876701
98876800
98877904
98878177
98878358
98878495
98878499
98878585
98878621
98878649
98878678
98878702
98878730
98878915
98878933
98879146
98879279
98879316
98879338
98879359
98880889
98880915
98880937
98880939
98880941
98880974
98881003
98881034
98881209
98881439
98881449
98881460
98881582
98881646
98881687
98881730
98881732
98881772
98883181
98883184
98883230
98883275
98883323
98883358
98883390
98883399
98883607
98883795
98883925
98883984
98883988
98884028
98884055
98884085
98884114
98884141
98885471
98885621
98885693
98885720
98885724
98885756
98885759
98885788
98885816
98885844
98885907
98886162
98886330
98886444
98886505
98886549
98886605
98886644
98888022
98888074
98888122
98888172
98888223
98888239
98888273
98888487
98888695
98888803
98888829
98888850
98888865
98888883
98888910
98888932
98889068
98889087
98890213
98890266
98890283
98890320
98890340
98890363
98890385
98890443
98890700
98890867
98890981
98891049
98891097
98891124
98891126
98891129
98891147
98891149
98891852
98891880
98891882
98891907
98891961
98892208
98892384
98892516
98892524
98892608
98892615
98892623
98892629
98892708
98892766
98892769
98892774
98892795
98894203
98894258
98894308
98894354
98894395
98894414
98894498
98894511
98894764
98894898
98895000
98895006
98895069
98895073
98895109
98895134
98895163
98895191
98896828
98896857
98896883
98896885
98896887
98896907
98896927
98897040
98897057
98897291
98897303
98897439
98897549
98897607
98897662
98897705
98897727
98898530
98898536
98898779
98898912
98899028
98899039
98899131
98899188
98899240
98899243
98899284
98899317
98899332
98899514
98899717
98899835
98899904
98899955
98900894
98900951
98900961
98900974
98901247
98901392
98901480
98901538
98901572
98901603
98901623
98901739
98901779
98901979
98902160
98902285
98902298
98902307
98903528
98903612
98903885
98904020
98904150
98904245
98904304
98904307
98904344
98904370
98904371
98904391
98904433
98904439
98904447
98904682
98904839
98904940
98906677
98906754
98906826
98906854
98906877
98906881
98906904
98907033
98907266
98907384
98907507
98907515
98907627
98907724
98907801
98907805
98907862
98907909
98909693
98909761
98909806
98909810
98909814
98909847
98909893
98910123
98910285
98910483
98910495
98910589
98910677
98910741
98910744
98910746
99034110
99034117
99034201
99034450
99034467
99322198
99322202
99322243
99322475
99322491
99322505
99322660
99322708
99322710
99322729
99322739
99322745
99322760
99322767
99322789
99322797
99323029
99323182
99323292
99324494
99324639
99324642
99324647
99324692
99324725
99324759
99324791
99324794
99324797
99324829
99324839
99324899
99325144
99325309
99325318
99325368
99325370
99325377
99326088
99326109
99326320
99326499
99326508
99326609
99326613
99326656
99326674
99326675
99326678
99326686
99326694
99326696
99326697
99326698
99326705
99326725
99326958
99327981
99327983
99327991
99327996
99328094
99328111
99328127
99328382
99328400
99328532
99328537
99328575
99328609
99328629
99328635
99328642
99328645
99328646
99328652
99329841
99329842
99329850
99329852
99329857
99329985
99330335
99330699
99330707
99330929
99331047
99331210
99331211
99331369
99331577
99331578
99331733
99331875
99332131
99333461
99333468
99333474
99333479
99333480
99333533
99333546
99333791
99333806
99333818
99333977
99334017
99334052
99334085
99334117
99334137
99334144
99334171
99334387
99335423
99335563
99335807
99335928
99335951
99335952
99335964
99335973
99335985
99335996
99336004
99336069
99336349
99336574
99336668
99336718
99336759
99336760
99336777
99338084
99338100
99338102
99338104
99338110
99338111
99338171
99338416
99338578
99338635
99338639
99338644
99338659
99338667
99338669
99338678
99338700
99338705
99338931
