128066722
128066726
128066733
128066755
128066775
128066790
128066808
128066813
128066835
128066859
128066900
128066908
128066942
128066995
128066999
128067003
128067034
128067046
128067205
128067221
128067229
128067297
128067317
128067332
128067339
128067350
128067359
128067369
128067708
128067726
128068006
128068021
128068026
128068030
128068036
128068060
128068067
128068074
128068089
128068104
128068119
128068125
128068130
128068133
128068144
128068147
128068153
128068159
128068452
128068751
128068757
128068760
128068761
128068770
128068773
128068775
128068777
128068778
128068780
128068785
128068788
128068791
128068792
128068798
128068807
128069364
128069379
128069401
128069419
128069428
128069433
128069444
128069458
128069483
128069495
128069500
128069503
128069533
128069536
128069545
128069549
128069558
128069574
128069576
128070023
128070027
128070030
128070040
128070056
128070064
128070068
128070114
128070123
128070378
128070387
128070392
128070396
128070407
128070420
128070450
128070456
128070484
128070492
128070495
128070499
128070502
128070508
128070771
128070772
128070775
128070777
128070778
128070780
128070782
128071196
128071204
128071216
128071226
128071233
128071251
128071256
128071262
128071482
128071491
128071507
128071514
128071523
128071526
128071543
128071560
128071566
128071570
128071590
128071905
128071925
128071931
128071935
128071944
128071962
128072052
128072061
128072075
128072098
128072315
128072322
128072337
128072338
128072349
128072700
128072716
128072721
128072737
128072744
128072758
128072759
128072766
128073127
128073156
128073164
128073170
128073182
128073187
128073237
128073253
128073315
128073335
128073352
128073360
128073369
128073374
128073384
128073393
128073413
128073419
128073541
128073544
128073557
128073560
128073589
128073593
128073598
128073601
128073605
128073661
128073667
128073712
128073735
128074063
128074068
128074072
128074073
128074079
128074080
128074082
128074086
128210966
128210968
128210979
128210981
128210984
128210993
128210994
128210998
128211001
128211006
128211014
128211017
128211022
128211025
128211029
128211032
128211039
128211045
128211047
128211645
128211683
128211695
128211699
128211702
128211705
128211707
128211711
128211715
128211717
128212468
128212479
128212484
128212500
128212558
128212585
128212600
128212617
128212629
128212673
128212728
128213060
128213065
128213068
128213073
128213077
128213079
128213080
128213083
128213084
128213087
128213090
128213092
128213101
128213104
128213126
128213156
128213188
128213198
128213251
128213273
128213776
128213781
128213782
128213784
128213786
128213787
128213790
128213792
128213794
128213797
128213802
128213808
128213833
128213843
128214929
128214931
128214934
128214935
128214938
128214940
128214941
128214944
128214945
128214949
128214951
128214953
128214956
128214958
128214960
128214962
128214965
128214966
128214969
128214971
128215613
128215616
128215624
128215631
128215633
128215635
128215636
128215639
128215643
128215646
128215648
128215650
128215654
128215657
128215660
128215663
128215665
128215666
128215669
128215672
128216253
128216255
128216259
128216261
128216270
128216271
128216272
128216573
128216592
128216598
128216613
128216664
128216678
128216693
128216697
128216718
128216738
128216980
128217004
128217019
128217071
128217090
128217128
128217654
128218254
128218300
128218573
128218768
128219116
128219435
128219437
128219440
128219443
128219445
128219457
128219479
128219502
128219521
128219558
128219606
128219991
128219993
128220434
128220551
128220557
128221105
128221115
128221126
128221127
128221138
128221637
128221643
128221648
128221672
128221675
128221679
128221681
128221689
128221693
128221696
128221698
128221699
128221704
128221711
128221715
128221732
128221748
128221751
128221752
128221756
128222301
128222329
128222817
128222822
128222829
128222839
128223093
128223182
128223288
128223383
128223896
128223901
128223932
128223948
128223951
128223976
128223994
128224019
128224056
128224070
128224097
128224136
128224556
128224563
128225132
128225133
128225135
128225140
128225149
128225152
128225153
128225156
128225158
128225165
128225166
128225168
128225172
128225176
128225177
128225180
128225182
128226305
128226821
128226998
128227156
128228385
128228926
128229557
128229719
128230043
128775051
128775056
128775057
128775058
128775059
128775061
128775062
128775064
128775065
128775067
128775069
128775071
128775073
128775076
128775081
128775083
128775090
128775091
128775095
128775100
128775627
128775639
128775645
128775651
128775657
128775662
128775667
128775671
128775713
128775736
128775743
128775744
128775770
128775774
128776422
128776425
128776426
128776427
128776428
128776434
128776467
128776470
128776472
128776473
128776476
128776480
128777034
128777040
128777041
128777044
128777046
128777054
128777056
128777059
128777060
128777062
128777063
128777629
128777635
128777643
128778321
128778333
128778336
128778356
128778359
128778366
128778368
128778377
128778383
128778386
128778391
128779142
128779195
128779253
128779286
128779326
128779345
128779353
128779385
128779413
128779418
128779447
128779462
128779495
128779526
128779550
128779558
128779561
128779603
128779614
128779630
128780450
128780454
128780460
128780469
128780471
128780504
128781107
128781109
128781112
128781114
128781115
128781117
128781123
128781126
128781131
128781132
128781133
128781851
128781856
128781859
128781885
128781890
128782426
128782428
128782430
128782432
128782434
128782436
128782438
128782441
128782447
128782449
128782452
128782455
128782456
128782458
128782461
128782467
128782468
128782470
128782473
128782478
128783008
128783009
128783010
128783012
128783015
128783016
128783018
128783019
128783027
128783033
128783035
128783036
128783039
128783041
128783043
128783044
128783047
128783048
128783051
128940093
128940096
128940097
128940101
128940106
128940108
128940109
128940111
128940114
128940116
128940117
128940118
128940122
128940124
128940126
128940127
128940129
128940130
128940131
128940132
128940169
128940170
128940171
128940172
128940173
128940175
128940177
128940183
128940334
128940336
128940338
128940340
128940344
128940348
128940350
128940352
128940354
128940356
128940357
128940358
128940362
128940364
128940367
128940370
128940374
128940377
128940378
128940380
128940428
128940432
128940436
128940439
128940442
128940444
128940448
128940534
128940541
128940543
128940544
128940547
128940549
128940551
128940669
128940671
128940673
128940675
128940677
128940705
128940709
128940718
128940720
128940722
128940726
128940728
128940729
128940730
128940731
128940736
128940737
128940741
128940743
128940744
128940886
128940888
128940889
128940892
128940895
128940903
128940904
128940906
128940910
128940911
128940913
128940916
128940918
128940920
128940923
128940924
128940925
128940928
128940933
128941013
128941014
128941017
128941022
128941023
128941026
128941096
128941098
128941099
128941101
128941105
128941110
128941113
128941185
128941188
128941193
128941313
128941314
128941322
128941324
128941327
128941329
128941416
128941418
128941423
128941426
128941499
128941501
128941505
128941514
128941523
128941532
128941540
128941541
128941670
128941674
128941676
128941677
128941680
128941681
128941682
128941683
128941684
128941804
128941883
128941886
128941889
128941892
128941894
128941899
128941902
128941904
128941906
128941912
128942011
128942015
128942017
128942018
128942020
128942021
128942024
128942198
128942201
128942206
128942207
128942212
128942217
128942222
128942223
128942229
128942235
128942240
128942245
128942246
128942382
128942385
128942389
128942392
128942395
128942402
128942406
128942409
128942414
128942415
128942419
128942421
128942423
128942434
128942437
128942442
128942446
128942453
128942462
128942470
129096442
129096444
129096445
129096446
129096447
129096448
129096450
129096452
129096455
129096457
129096458
129096459
129096460
129096462
129096463
129096465
129096467
129096469
129096470
129096473
129096989
129096990
129096993
129096995
129097002
129098058
129098070
129098079
129098092
129098097
129098108
129098159
129098164
129098193
129098215
129098221
129098224
129098228
129098232
129098243
129098246
129098248
129098850
129098852
129098853
129098855
129098858
129098859
129098861
129098863
129098864
129098865
129098866
129098871
129098872
129098874
129098876
129098878
129098881
129098886
129098887
129098889
129099576
129099578
129099580
129099581
129099590
129099599
129099610
129099623
129099633
129099641
129099655
129100273
129100281
129100284
129100285
129100286
129100287
129100288
129100844
129100999
129101018
129101101
129101173
129101249
129101312
129101483
129101485
129101487
129101489
129101491
129101498
129101500
129101508
129101514
129101519
129101521
129101869
129101878
129101903
129101915
129101961
129101969
129101985
129101995
129102087
129102088
129102089
129102091
129102093
129102097
129102128
129102133
129102137
129102143
129102156
129102184
129102201
129102207
129102238
129102253
129102268
129102282
129102298
129102313
129102329
129102346
129102367
129102397
129102409
129102419
129102634
129102636
129102643
129102644
129102646
129102650
129103241
129103242
129103243
129103245
129103247
129104717
129104726
129104740
129104751
129104759
129104779
129104792
129105265
129105266
129105268
129105271
129105272
129105273
129105274
129105275
129105277
129105280
129105281
129105282
129105283
129105285
129105900
129105908
129105912
129105920
129105926
129105931
129105933
129105934
129105935
129105938
129105942
129105944
129105945
129105956
129105959
129105962
129105964
129106361
129106374
129106382
129106403
129106428
129106444
129106476
129106510
129106523
129106528
129106531
129106536
129106542
129106548
129106555
129106572
129106574
129106575
129106582
129106638
129106640
129106644
129106645
129106647
129106649
129106657
129106660
129106661
129106662
129107228
129107229
129107235
129107237
129107242
129107244
129107246
129107248
129107249
129107250
129107251
129107282
129107286
129107289
129107300
129107311
129107324
129107340
129107351
129107365
129107391
129107955
129107959
129107961
129107965
129107968
129108127
129108169
129108221
129108274
129108317
129108351
129108392
129108567
129108568
129108569
129108570
129108574
129108578
129108579
129108587
129108588
129108589
129109128
129109615
129109624
129109636
129109679
129109681
129109688
129110221
129110226
129110230
129110237
129110240
129110243
129110769
129110773
129110779
129111424
129111433
129111437
129111863
129111911
129111928
129111943
129111952
129111970
129112061
129112069
129112620
129112622
129112623
129112625
129112627
129112631
129112635
129112642
129112644
129112645
129112650
129112651
129112657
129112660
129112663
129112665
129112668
129112671
129112675
129112677
129261697
129261702
129261719
129261726
129261731
129261749
129261752
129261758
129261762
129261770
129261773
129261777
129261779
129261780
129261782
129261784
129261786
129261789
129261792
129261794
129262373
129262375
129262376
129262378
129262382
129262386
129262387
129262389
129262391
129262392
129262394
129262395
129262396
129262398
129262402
129262406
129263125
129263131
129263134
129263136
129263140
129263142
129263143
129263144
129263146
129263148
129263150
129263154
129263158
129263178
129263191
129263210
129263277
129263362
129263660
129263661
129263663
129263666
129263668
129263669
129264268
129264269
129264270
129264271
129264272
129264274
129264275
129264277
129264280
129264283
129264287
129264288
129264289
129264298
129264303
129264331
129264355
129264364
129264384
129264428
129264940
129264943
129264953
129264959
129264963
129264967
129264970
129264972
129264975
129265884
129265932
129265957
129265987
129266005
129266011
129266042
129266072
129266074
129266124
129266125
129266126
129266127
129266130
129266131
129266132
129266133
129266136
129266137
129266160
129266171
129266199
129266209
129266221
129266230
129266250
129266266
129266284
129266301
129266782
129266784
129266789
129266791
129266806
129266814
129267366
129267370
129267384
129267389
129267401
129267407
129267414
129267535
129267553
129267833
129267867
129267901
129267933
129268071
129268073
129268078
129268080
129268084
129268085
129268677
129268682
129269104
129269137
129269153
129269162
129269174
129269182
129269187
129269207
129269212
129269218
129269224
129269229
129269240
129269310
129269311
129269313
129269315
129269319
129269323
129269328
129269330
129269332
129269950
129269951
129269952
129269953
129269956
129269957
129269963
129269966
129269968
129269970
129269975
129269977
129269978
129269981
129269982
129269984
129269985
129269988
129269989
129269993
129270595
129270597
129271187
129271190
129271193
129271196
129271200
129271211
129271218
129271224
129271229
129271233
129271240
129271243
129271244
129271245
129271251
129271252
129271254
129271255
129271257
129271260
129271776
129271843
129271847
129271848
129272358
129272361
129272364
129272365
129272368
129272461
129272469
129272481
129272491
129272506
129272552
129272568
129273039
129273040
129273049
129273052
129273672
129273674
129273679
129273685
129273689
129273691
129273695
129273986
129274002
129274063
129274073
129274081
129274115
129274122
129274129
129274163
129274177
129274190
129274196
129274206
129274210
129274218
129274235
129274242
129274246
129274254
129274262
129274662
129274686
129274705
129274720
129274748
129274819
129274846
129274877
129274890
129274934
129274953
129275005
129275026
129275034
129275061
129275076
129275088
129275091
129275095
129275100
129275308
129275311
129275316
129275318
129275319
129275337
129275348
129275418
129275444
129275475
129275527
129275550
129275597
129275621
129275641
129275687
129275704
129275742
129275765
129275951
129275953
129275957
129275961
129275964
129275967
129275970
129275972
129275979
129275981
129275982
129275984
129275992
129276000
129276003
129276005
129276008
129276011
129276013
129276017
129276631
129276643
129276648
129756710
129756712
129756713
129756721
129756722
129756724
129756727
129756729
129756731
129756732
129756734
129756737
129756738
129756739
129756742
129756774
129756790
129756804
129756846
129756862
129757367
129757370
129757512
129757524
129757544
129757587
129757604
129757618
129757708
129757730
129757748
129757751
129757758
129757769
129757829
129757833
129757850
129757864
129757873
129757883
129757893
129757898
129758049
129758057
129758069
129758082
129758106
129758121
129758158
129758186
129758217
129758241
129758323
129758340
129758357
129758371
129758417
129758490
129758499
129758512
129759198
129759200
129759204
129759205
129759219
129759221
129759223
129759232
129759234
129759239
129759240
129759241
129759244
129759246
129759248
129759249
129759250
129759252
129759254
129759255
129759777
129759812
129759816
129759825
129759830
129759834
129759839
129759843
129759854
129759878
129759880
129759881
129759885
129760429
129760431
129760433
129760435
129760436
129760437
129761053
129761076
129761090
129761095
129761098
129761102
129761106
129761237
129761578
129761590
129761610
129761624
129761638
129761663
129761677
129761698
129761708
129761725
129761741
129761751
129761766
129761776
129761787
129761795
129762264
129762281
129762315
129762495
129762841
129763152
129763154
129763157
129763160
129763163
129763165
129763167
129763172
129763175
129763177
129763179
129763180
129763182
129763184
129763186
129763194
129763199
129763201
129763835
129763836
129763838
129763844
129763845
129763851
129763852
129763855
129763859
129763860
129763861
129763863
129763865
129763867
129763868
129763869
129763871
129763872
129763873
129763875
129764795
129764812
129764817
129764836
129765113
129765115
129765117
129765119
129765130
129765133
129765137
129765139
129765140
129765142
129765144
129765150
129765154
129765199
129765200
129765208
129765219
129765227
129765232
129765785
129765787
129765788
129765789
129765790
129765793
129765794
129765795
129766174
129766188
129766205
129766230
129766244
129766254
129766261
129766274
129766391
129766393
129766399
129766422
129766432
129766444
129766936
129766940
129766944
129766949
129767087
129767094
129767101
129767119
129767123
129767142
129767153
129767161
129767634
129767636
129767638
129767640
129767643
129767644
129767647
129767649
129767655
129767661
129767667
129767669
129767671
129767674
129767676
129767678
129767683
129767686
129767692
129767693
129768062
129768083
129768101
129768122
129768141
129768147
129768162
129768310
129768312
129768315
129768323
129768324
129768325
129768328
129768330
129768333
129768336
129768337
129768338
129768341
129768344
129768345
129768346
129768367
129768385
129768413
129768431
129768957
129768961
129768964
129768966
129768971
129768973
129769087
129769088
129769089
129769091
129769092
129769093
129769096
129769099
129769104
129769115
129769127
129769147
129769740
129769744
129769745
129769747
129769753
129769755
129769756
129770298
129770300
129770301
129770302
129770308
129770309
129770312
129770314
129770318
129770323
129770324
129770325
129770327
129770329
129770330
129770332
129770337
129770338
129770341
129770342
129771000
129771008
129771009
129771011
129771013
129771018
129771023
129771026
129771027
129771029
129771030
129771032
129771034
129771035
129771038
129771043
129771052
129771064
129771592
129771595
129771599
129771602
129771606
129772206
129772208
129772626
129772637
129772648
129772663
129772673
129772685
129772694
129772704
129772710
129772752
129772760
129772763
129772770
129772777
129772798
129772804
129772833
129772838
129772848
129772851
129772965
129772970
129772975
129772977
129772978
129772980
129772983
129772984
129772985
129772987
129772988
129772992
129772993
129772996
129772997
129772998
129772999
129870991
129870992
129870995
129870996
129870997
129870998
129871002
129871003
129871006
129871008
129871048
129871052
129871054
129871056
129871057
129871059
129871060
129871062
129871064
129871068
129871176
129871179
129871181
129871187
129871402
129871404
129871406
129871407
129871408
129871410
129871418
129871427
129871428
129871430
129871432
129871434
129871435
129871437
129871441
129871442
129871443
129871447
129871449
129871451
129871565
129871567
129871573
129871576
129871584
129871625
129871627
129871628
129871629
129871633
129871637
129871638
129871645
129871646
129871651
129871657
129871659
129871662
129871665
129871764
129871766
129871768
129871770
129871772
129871774
129871776
129871779
129871781
129871844
129871846
129871851
129871855
129871856
129871858
129871906
129871908
129871913
129871916
129871952
129871972
129871973
129871975
129871981
129871984
129871985
129871990
129871991
129871993
129871995
129871996
129872001
129872003
129872081
129872085
129872087
129872128
129872130
129872131
129872134
129872179
129872181
129872183
129872185
129872187
129872191
129872192
129872193
129872195
129872197
129872208
129872213
129872216
129872220
129872225
129872227
129872228
129872229
129872231
129872233
129872304
129872307
129872370
129872376
129872378
129872459
129872466
129872467
129872469
129872470
129872471
129872472
129872473
129872474
129872475
129872477
129872518
129872519
129872521
129872523
129872525
129872577
129872584
129872586
129872587
129872588
129872590
129872592
129872594
129872595
129872598
129872600
129872602
129872604
129872605
129872606
129872611
129872612
129872613
129872615
129872616
129872995
129872999
129873001
129873003
129873004
129873006
129873094
129873097
129873099
129873101
129873103
129873104
129873107
129873108
129873109
129873111
129873115
129873116
129873117
129873119
129873120
129873122
129873124
129873125
129873126
129873127
129873252
129873256
129873338
129873339
129873341
129873342
129873343
129873345
129873347
129873350
129873353
129873355
129873359
129873360
129873362
129873363
129873365
129873368
129873371
129873376
129873377
129873380
129873460
129873463
129873542
129873544
129873545
129873549
129873552
129873557
129873558
129873559
129873560
129873562
129873565
129873568
129873569
129873572
129873574
129873575
129873576
129873577
129873579
129873595
129873641
129873703
129873708
129873711
129873714
129873718
129873720
129873722
129873723
129873727
129873732
129873734
129873738
129873739
129873743
129873744
129873746
129873749
129873753
129873755
129873757
129873907
129873925
129873928
129873930
129873931
129873957
129874051
129874052
129874054
129874056
129874057
129874061
129874062
129874066
129874069
129874071
129874073
129874075
129874078
129874080
129874148
129874184
129874186
129874188
129874192
129874215
129874221
129874223
129874304
129874306
129874308
129874310
129874312
129874316
129874317
129874319
129874321
129874322
129874324
129874326
129874328
129874329
129874331
129874333
129874335
129874337
129874338
129874339
