18.219
18.095
17.992
17.298
18.002
16.970
19.251
18.489
20.791
18.143
18.649
18.945
20.302
18.757
19.399
20.818
20.025
17.981
17.898
18.269
18.986
17.908
17.886
17.878
17.257
19.424
18.547
19.644
17.334
17.508
18.791
18.000
18.963
17.544
17.877
17.338
18.209
17.616
19.551
19.029
17.405
17.041
26.870
27.164
24.421
29.096
27.520
25.829
25.330
23.097
27.903
26.401
16.601
26.098
20.079
18.437
19.402
21.086
23.290
17.643
17.853
17.435
20.610
29.139
20.330
18.841
17.263
19.096
19.886
25.081
17.286
19.916
20.761
19.347
18.231
18.903
17.631
18.153
19.730
18.908
17.036
18.395
17.715
18.033
18.305
22.712
19.151
17.282
17.639
17.863
21.119
22.392
18.167
18.383
18.683
17.308
