54.404
52.743
51.203
47.373
48.457
53.683
48.899
54.995
54.934
49.908
55.844
58.746
54.279
56.495
51.228
46.568
55.741
55.767
54.688
51.678
47.563
51.581
54.227
49.198
50.431
50.221
54.689
51.413
54.791
51.182
49.287
48.653
52.119
56.796
50.028
49.807
47.694
49.753
56.898
51.781
50.789
52.337
60.097
56.930
57.931
58.364
57.072
60.406
57.896
51.996
54.567
50.383
54.812
48.391
51.941
49.839
51.931
48.934
51.165
49.630
54.918
49.615
51.639
50.291
48.381
48.654
49.521
54.825
48.551
50.301
52.478
51.149
52.975
54.161
50.558
52.931
50.744
52.382
49.212
47.577
43.906
45.633
42.206
48.290
48.583
50.788
51.105
51.030
49.567
49.205
54.448
51.484
48.210
51.333
46.323
47.793
