15.297
14.779
15.219
13.974
14.640
12.984
16.202
14.220
15.498
14.104
15.190
17.473
15.783
16.644
14.972
32.023
16.008
16.183
18.306
17.005
16.481
14.882
16.135
17.934
15.441
15.641
14.420
16.187
16.314
17.962
14.770
15.016
15.749
15.520
11.990
11.000
12.967
11.420
11.599
12.227
15.691
15.248
12.358
10.766
21.980
23.371
20.368
23.807
22.198
23.414
21.370
17.005
13.153
21.985
13.580
16.767
17.402
16.733
13.731
12.580
14.953
15.953
16.727
13.793
16.544
12.448
12.727
14.393
15.499
13.251
13.386
12.165
12.541
14.242
13.814
12.862
12.630
12.065
12.451
11.422
11.158
12.230
11.839
15.792
13.681
12.447
13.600
12.816
11.880
14.859
16.722
12.893
18.710
14.470
11.245
11.503
