121598648
121598684
121598705
121598723
121598726
121598728
121598733
121598763
121598765
121598769
121598770
121598773
121598775
121598777
121598779
121598782
121598784
121598785
121598808
121600141
121600145
121600150
121600152
121600155
121600157
121600161
121600163
121600178
121600214
121600280
121600352
121600437
121600506
121600561
121600603
121600626
121600646
121600651
121602029
121602042
121602044
121602047
121602049
121602052
121602053
121602055
121602059
121602062
121602065
121602068
121602070
121602072
121602075
121602076
121602092
121602133
121602172
121603578
121603580
121603581
121603584
121603586
121603588
121603592
121603621
121603678
121603753
121603829
121603903
121603963
121604045
121604111
121604156
121604195
121604208
121604210
121605460
121605463
121605466
121605470
121605473
121605474
121605475
121605478
121605480
121605485
121605487
121605488
121605489
121605491
121605492
121605493
121605494
121605496
121605501
121607034
121607041
121607044
121607047
121607053
121607087
121607142
121607218
121607292
121607371
121607430
121607469
121607504
121607522
121607525
121607529
121607531
121607537
121607539
121609021
121609028
121609030
121609033
121609035
121609036
121609038
121609041
121609043
121609047
121609049
121609051
121609054
121609057
121609059
121609063
121609065
121609068
121609076
121610533
121610535
121610546
121610580
121610637
121610712
121610791
121610853
121610915
121610957
121610984
121611002
121611009
121611011
121611015
121611052
121611119
121611158
121611197
121612531
121612532
121612534
121612535
121612540
121612542
121612543
121612544
121612546
121612548
121612554
121612594
121612635
121612674
121612715
121612751
121612779
121612816
121612876
121614023
121614060
121614119
121614197
121614273
121614340
121614404
121614483
121614541
121614590
121614629
121614670
121614694
121614697
121614702
121614703
121614706
121614708
121614712
121616018
121616020
121616030
121616069
121616111
121616151
121616192
121616231
121616250
121616251
121616253
121616255
121616259
121616261
121616273
121616311
121616372
121616451
121616526
121617738
121617851
121617966
121618071
121618143
121618179
121618204
121618226
121618232
121618235
121618236
121618239
121618241
121618242
121618244
121618245
121618248
121618252
121618253
121619735
121619737
121619740
121619742
121619743
121619747
121619749
121619752
121619755
121619756
121619758
121619759
121619773
121619810
121619873
121619949
121620032
121620097
121620162
121621450
121621490
121621525
121621561
121621577
121771385
121771388
121771406
121771442
121771508
121771582
121771669
121771736
121771806
121771847
121771886
121771898
121771900
121771902
121771903
121771909
121771911
121771912
121771914
121772952
121772955
121772958
121772963
121772965
121772968
121772971
121772975
121772978
121772979
121772983
121772985
121772987
121772990
121772994
121772995
121772999
121773010
121773047
121774218
121774221
121774246
121774296
121774368
121774447
121774522
121774582
121774639
121774674
121774696
121774706
121774707
121774713
121774717
121774719
121774722
121774724
121774727
121775958
121775960
121775962
121775965
121775968
121775972
121775975
121775976
121775979
121775983
121775987
121775991
121775996
121775998
121776000
121776004
121776033
121776083
121776161
121777252
121777308
121777397
121777479
121777569
121777635
121777695
121777734
121777769
121777779
121777783
121777790
121777796
121777801
121777805
121777811
121777822
121777827
121777835
121778972
121778974
121778975
121778982
121778984
121778987
121778988
121778991
121778992
121778993
121778995
121778998
121779001
121779006
121779042
121779101
121779180
121779260
121779338
121780460
121780544
121780630
121780678
121780734
121780771
121780801
121780816
121780833
121780846
121780868
121780886
121780889
121780893
121780895
121780900
121780907
121780910
121780914
121782114
121782126
121782129
121782134
121782136
121782144
121782147
121782149
121782153
121782158
121782160
121782165
121782199
121782252
121782329
121782407
121782479
121782540
121782588
121783623
121783678
121783728
121783756
121783782
121783792
121783798
121783801
121783809
121783815
121783817
121783820
121783821
121783829
121783830
121783831
121783833
121783835
121783838
121784911
121784914
121784915
121784916
121784919
121784920
121784923
121784926
121784928
121784936
121784971
121785024
121785105
121785181
121785251
121785313
121785359
121785392
121785407
121786434
121786460
121786479
121786485
121786499
121786501
121786502
121786506
121786507
121786508
121786510
121786513
121786518
121786523
121786526
121786527
121786529
121786532
121786534
121787734
121787738
121787745
121787749
121787754
121787758
121787761
121787774
121787811
121787872
121787949
121788026
121788089
121788153
121788194
121788224
121788243
121788248
121788255
121789410
121789416
121789423
121789428
121789432
121789437
121789442
121789445
121789449
121789453
121789459
121789461
121789923
121789953
121790785
121791242
121791248
121791251
121791255
121791285
121791290
121791294
121791296
121791302
121791309
121791313
121791315
121791317
121791319
121791322
121791325
121791328
121791331
121791335
121792459
121792461
121792465
121792468
121792474
121792506
121792565
121792642
121792717
121792783
121792848
121792896
121792925
121792950
121792957
121792958
121792961
121792963
121792966
121794073
121794076
121794079
121794085
121794091
121794092
121794095
121794097
121794101
121794104
121794143
121795300
121795304
121795323
121795363
121795427
121795505
121795582
121795649
121795704
121795744
121795772
121795787
121795791
121795796
121795799
121795803
121795809
121795812
121795815
121796403
121796406
121796408
121796411
121796414
121796416
121796418
121796420
121796424
121796429
121796431
121796463
121796516
121796594
121796669
121796744
121796796
121796850
121796879
121797983
121798033
121798067
121798083
121798092
121798094
121798096
121798109
121798133
121798135
121798141
121798143
121798145
121798148
121798154
121798156
121798158
121798162
121798165
121799238
121799240
121799243
121799246
121799247
121799248
121799252
121799259
121799264
121799295
121799347
121799424
121799501
121799572
121799638
121799684
121799721
121799736
121799743
121944315
121944318
121944320
121944321
121944325
121944330
121944331
121944333
121944335
121944336
121944338
121944341
121944342
121944344
121944350
121944352
121944364
121944424
121944509
121945870
121945894
121945943
121946014
121946088
121946165
121946223
121946277
121946308
121946336
121946340
121946341
121946342
121946344
121946350
121946351
121946354
121946355
121946357
121947737
121947741
121947742
121947744
121947747
121947748
121947750
121947754
121947755
121947756
121947760
121947762
121947764
121947766
121947769
121947821
121947903
121947978
121948055
121949200
121949263
121949343
121949422
121949486
121949538
121949573
121949600
121949624
121949634
121949645
121949648
121949653
121949659
121949695
121949716
121949718
121949720
121949722
121950313
121950337
121950344
121950349
121950353
121950355
121950358
121950360
121950362
121950366
121950379
121950388
121950391
121950395
121950397
121950400
121950402
121950406
121950434
121951679
121951695
121951698
121951700
121951703
121951706
121951711
121951715
121951718
121951721
121953059
121953063
121953066
121953068
121953106
121953149
121953192
121953246
121953327
121953406
121953464
121953513
121953549
121953578
121953615
121953645
121953659
121953672
121953678
121955009
121955011
121955015
121955017
121955020
121955021
121955022
121955024
121955026
121955027
121955030
121955031
121955034
121955035
121955036
121955038
121955040
121955041
121955044
121956214
121956216
121956217
121956218
121956220
121956222
121956233
121956270
121956309
121956330
121956331
121956336
121956340
121956342
121956346
121956348
121956350
121956374
121956419
121957846
121957866
121957913
121957986
121958095
121958202
121958243
121958298
121958358
121958402
121958432
121958454
121958502
121958544
121958574
121958576
121958582
121958587
121958590
121959879
121959881
121959886
121959910
121959947
121959955
121960083
121960520
121960546
121960557
121960565
121960569
121960570
121960574
121960577
121960580
121960585
121960588
121961835
121961871
121961912
121961947
121961949
121961950
121961951
121961954
121961955
121961957
121961959
121961961
121961963
121961965
121961968
121961997
121962050
121962121
121962196
121963122
121963125
121963129
121963132
121963134
121963136
121963138
121963140
121963143
121963146
121963179
121963243
121963324
121963430
121963516
121963587
121963648
121963696
121963725
121964823
121964868
121964903
121964936
121964976
121964998
121965006
121965011
121965018
121965052
121965072
121965077
121965086
121965092
121965095
121965096
121965117
121965156
121965191
121966597
121966614
121966625
121966628
121966631
121966637
121966640
121966642
121966647
121966693
121966781
121966873
121966938
121966966
121966981
121967025
121967093
121967169
121967271
121968138
121968143
121968146
121968151
121968155
121968158
121968160
121968165
121968169
121968194
121968240
121968312
121968398
121968475
121968535
121968592
121968626
121968651
121968657
121970002
121970064
121970085
121970088
121970089
121970090
121970092
121970094
121970097
121970100
121970101
121970103
121970105
121970106
121970108
121970112
121970113
121970115
121970117
121971339
121971341
121971342
121971344
121971351
121971391
121971425
121971482
121971563
121971677
121971776
121971849
121971912
121971960
121971996
121972023
121972029
121972033
121972036
121973270
121973273
121973279
121973282
121973288
121973290
121973291
121973294
121973295
121973302
121973305
121973307
121973309
121973341
121973377
121973415
121973454
121973493
121973522
121974838
121974839
121974842
121974844
121974849
121974878
121974934
121975005
121975060
121975091
121975104
121975133
121975191
121975276
121975338
121975370
121975387
121975405
121975438
121977177
121977179
121977182
121977186
121977189
121977192
121977195
121977197
121977200
121977206
121977209
121977213
121977217
121977220
121977221
121977222
121977225
121977227
121977231
121978732
121978736
121978738
121978766
121978820
121978894
121978969
121979044
121979102
121979149
121979184
121979202
121979209
121979213
121979217
121979223
121979225
121979228
121979229
121980464
121980465
121980469
121980504
121980543
121980579
121980615
121980653
121980680
121980681
121980683
121980685
121980687
121980688
121980689
121980690
121980694
121980723
121980778
121982020
121982050
121982104
121982183
121982260
121982332
121982385
121982426
121982456
121982485
121982499
121982544
121982585
121982624
121982663
121982704
121982727
121982730
121982732
121983958
121983961
121983964
121983965
121983978
121984012
121984014
121984019
121984040
121984085
121984159
121984238
121984351
121984441
121984530
121984603
121984631
121984639
121984642
121985844
121985849
121985851
121985855
121985875
121985913
121985914
121985918
121985922
121985930
121985933
121985937
121985975
121986010
121986015
121986016
121986017
121986019
121986021
121987282
121987283
121987287
121987289
121987290
121987293
121987319
121987369
121987443
121987521
121987624
121987716
121987807
121987876
121987940
121987977
121987982
121987984
121987986
121989209
121989211
121989212
121989216
121989218
121989222
121989224
121989225
121989227
121989229
121989230
121989232
122114120
122114123
122114126
122114127
122114132
122114134
122114136
122114140
122114141
122114144
122114146
122114148
122114150
122114164
122114204
122114265
122114337
122114406
122114447
122115263
122115325
122115400
122115467
122115501
122115527
122115559
122115591
122115622
122115647
122115662
122115675
122115686
122115693
122115697
122115700
122115704
122115706
122115709
122116854
122117449
122117462
122117492
122117496
122117501
122117503
122117506
122117508
122117511
122117513
122117515
122117519
122117521
122117534
122117536
122117540
122117544
122117546
122117549
122118706
122118713
122118714
122118732
122118774
122118836
122118915
122118980
122119019
122119046
122119078
122119109
122119135
122119158
122119177
122119190
122119196
122119202
122119208
122120368
122120375
122120380
122120385
122120390
122120395
122120396
122120398
122120402
122120404
122120408
122120410
122120412
122120416
122120419
122120422
122120427
122120447
122120489
122121545
122121565
122121608
122121675
122121750
122121821
122121851
122121885
122121916
122121950
122121986
122122006
122122024
122122035
122122046
122122049
122122052
122122054
122122059
122122609
122122612
122122613
122123787
122123789
122123795
122123797
122123802
122123804
122123805
122123809
122123812
122123814
122123833
122123882
122123948
122124026
122124082
122124108
122124131
122124153
122124184
122125251
122125284
122125316
122125350
122125377
122125394
122125409
122125423
122125468
122125796
122125826
122125851
122125885
122125918
122125942
122125958
122125968
122125981
122125989
122125992
122125995
122125998
122126001
122126004
122126006
122126009
122126012
122126014
122127119
122127122
122127125
122127126
122127128
122127130
122127133
122127134
122127144
122127182
122127243
122127318
122127387
122127428
122127449
122127472
122127501
122127535
122127563
122128602
122128631
122128655
122128683
122128704
122128710
122128717
122128720
122128726
122128729
122128731
122128733
122128738
122128743
122128744
122128746
122128747
122128749
122128751
122129822
122129824
122129827
122129830
122129832
122129834
122129847
122129883
122129945
122130014
122130052
122130075
122130099
122130121
122130176
122130218
122130258
122130295
122130324
122131532
122131556
122131571
122131583
122131590
122131594
122131596
122131599
122131601
122131612
122131614
122131617
122131621
122131623
122131628
122131629
122131631
122131632
122131635
122132732
122132736
122132739
122132742
122132761
122132801
122132868
122132941
122133002
122133032
122133054
122133084
122133112
122133146
122133172
122133194
122133208
122133222
122133229
122134314
122134346
122134359
122134368
122134374
122134375
122134376
122134378
122134380
122134384
122134386
122134391
122134394
122134396
122134399
122134402
122134403
122134407
122134429
122135497
122135500
122135519
122135565
122135631
122135704
122135771
122135791
122135811
122135834
122135866
122135904
122135935
122135950
122135964
122135976
122135985
122135990
122135996
122137124
122137130
122137132
122137142
122137148
122137152
122137155
122137157
122137159
122137162
122137167
122137170
122137173
122137176
122137177
122137179
122137201
122137246
122137314
122138387
122138432
122138501
122138583
122138640
122138670
122138686
122138717
122138750
122138783
122138814
122138832
122138847
122138862
122138871
122138872
122138875
122138878
122138882
122140007
122140010
122140021
122140023
122140029
122140031
122140037
122140040
122140044
122140049
122140050
122140051
122140052
122140054
122140078
122140122
122140194
122140260
122140309
122141270
122141343
122141398
122141420
122141435
122141465
122141499
122141536
122141562
122141584
122141601
122141613
122141618
122141622
122141625
122141626
122141631
122141634
122141637
122142705
122142708
122142713
122142716
122142719
122142722
122142724
122142725
122142727
122142729
122142732
122142735
122142766
122142813
122142886
122142957
122143020
122143044
122143059
122144115
122144149
122144167
122144189
122144225
122144256
122144282
122144297
122144323
122144354
122144362
122144370
122144375
122144378
122144382
122144385
122144387
122144391
122144395
122145504
122145506
122145508
122145521
122145561
122145627
122145701
122145764
122145802
122145826
122145854
122145883
122145920
122145948
122145972
122145987
122145998
122146003
122146009
122147116
122147127
122147129
122147130
122147135
122147138
122147140
122147141
122147143
122147147
122147152
122147153
122147155
122147158
122147161
122147163
122147165
122147181
122147222
122148247
122148263
122148302
122148368
122148443
122148514
122148545
122148572
122148600
122148629
122148657
122148692
122148714
122148730
122148744
122148749
122148752
122148754
122148755
122149872
122149877
122149883
122149885
122149887
122149891
122149893
122149895
122149898
122149903
122149904
122149905
122149909
122149911
122149914
122149933
122318331
122318333
122318342
122318348
122318355
122318364
122318384
122318406
122318427
122318443
122318466
122318494
122318550
122318608
122318685
122318766
122318829
122318891
122318932
122320131
122320191
122320241
122320274
122320293
122320297
122320301
122320308
122320329
122320350
122320371
122320392
122320413
122320433
122320435
122320437
122320440
122320441
122320443
122321668
122321669
122321671
122321673
122321676
122321677
122321694
122321715
122321736
122321757
122321802
122321871
122321967
122322048
122322117
122322178
122322222
122322264
122322292
122323546
122323595
122323620
122323635
122323652
122323669
122323710
122323744
122323761
122323784
122323809
122323828
122323851
122323873
122323881
122323883
122323889
122323895
122323899
122325258
122325263
122325265
122325271
122325275
122325278
122325281
122325289
122325323
122325377
122325473
122325574
122325666
122325747
122325813
122325860
122325891
122325899
122325903
122818786
122818854
122818910
122818948
122818975
122818988
122818990
122818993
122818996
122818999
122819002
122819005
122819008
122819021
122819044
122819063
122819079
122819099
122819119
122820870
122820880
122820893
122820904
122820916
122820927
122820934
122820945
122820956
122820970
122820988
122821019
122821082
122821170
122821256
122821341
122821405
122821463
122821505
122823303
122823379
122823426
122823481
122823505
122823521
122823542
122823554
122823561
122823576
122823588
122823600
122823612
122823624
122823632
122823644
122823658
122823666
122823678
122825565
122825581
122825589
122825600
122825610
122825626
122825645
122825657
122825676
122825716
122825769
122825853
122825950
122826042
122826100
122826163
122826210
122826240
122826258
122827732
122827760
122827771
122827774
122827775
122827778
122827779
122827780
122827783
122827785
122827786
122827788
122827790
122827791
122827792
122827795
122827796
122827797
122827799
122829051
122829070
122829090
122829108
122829110
122829111
122829112
122829134
122829181
122829252
122829326
122829401
122829445
122829487
122829524
122829558
122829581
122829610
122829626
122830955
122830958
122830960
122830964
122830966
122830969
122830972
122830973
122830975
122830977
122830978
122830980
122830983
122830984
122830986
122830988
122830989
122830992
122830994
122832251
122832252
122832255
122832257
122832259
122832284
122832331
122832403
122832476
122832551
122832606
122832662
122832696
122832722
122832736
122832738
122832740
122832742
122832744
122834003
122834006
122834035
122834040
122834042
122834048
122834060
122834065
122834071
122834081
122834090
122834099
122834109
122834120
122834140
122834143
122834156
122834173
122834197
122835785
122835792
122835800
122835831
122835885
122835958
122836035
122836109
122836163
122836213
122836247
122836267
122836276
122836278
122836281
122836282
122836283
122836284
122836287
122837667
122837678
122837691
122837699
122837708
122837713
122837719
122837720
122837721
122837725
122837726
122837729
122837732
122837733
122837737
122837739
122837740
122837770
122837830
122839097
122839133
122839193
122839275
122839356
122839437
122839500
122839547
122839577
122839601
122839622
122839624
122839627
122839630
122839634
122839639
122839641
122839642
122839644
122840952
122840954
122840958
122840960
122840965
122840969
122840971
122840975
122840977
122840983
122840985
123029193
123029217
123029226
123029228
123029231
123029233
123029236
123029238
123029240
123029241
123029243
123029255
123029274
123029295
123029312
123029330
123029349
123029374
123029394
123030746
123030749
123030752
123030757
123030761
123030764
123030769
123030772
123030774
123030797
123030841
123030906
123030986
123031068
123031119
123031171
123031204
123031232
123031265
123032746
123032776
123032786
123032790
123032793
123032797
123032798
123032800
123032805
123032806
123032809
123032810
123032813
123032815
123032819
123032822
123032824
123032826
123032828
123034310
123034330
123034332
123034334
123034337
123034339
123034341
123034346
123034375
123034432
123034509
123034588
123034657
123034720
123034770
123034798
123034819
123034825
123034831
123036294
123036321
123036342
123036364
123036413
123036437
123036459
123036480
123036501
123036518
123036519
123036522
123036525
123036527
123036530
123036533
123036538
123036542
123036545
123037725
123037740
123037761
123037778
123037799
123037824
123037873
123037928
123038001
123038084
123038154
123038209
123038257
123038284
123038307
123038310
123038312
123038315
123038317
123039544
123039565
123039586
123039609
123039617
123039622
123039623
123039626
123039628
123039632
123039634
123039637
123039641
123039643
123039647
123039649
123039652
123039655
123039657
123040941
123040953
123040955
123040963
123040996
123041053
123041133
123041211
123041276
123041339
123041383
123041417
123041431
123041435
123041438
123041441
123041443
123041446
123041449
123042773
123042775
123042776
123042778
123042779
123042782
123042785
123042786
123042791
123042795
123042797
123042800
123042802
123042803
123042806
123042807
123042808
123042818
123042854
123044145
123044154
123044185
123044243
123044322
123044399
123044468
123044525
123044568
123044595
123044615
123044624
123044627
123044629
123044631
123044633
123044635
123044637
123044640
123045902
123045906
123045909
123045913
123045916
123045917
123045919
123045921
123045922
123045925
123045927
123045929
123045932
123045934
123045936
123045940
123045972
123046024
123046099
123047303
123047356
123047435
123047509
123047580
123047629
123047678
123047715
123047737
123047746
123047759
123047765
123047784
123047792
123047798
123047801
123047803
123047804
123047807
123049080
123049082
123049086
123049087
123220763
123220783
123220803
123220824
123220840
123220842
123220844
123220846
123220853
123220888
123220943
123221026
123221100
123221163
123221213
123221271
123221301
123221324
123221332
123222617
123222649
123222672
123222691
123222714
123222734
123222781
123222801
123222823
123222844
123222865
123222884
123222894
123222895
123222896
123222898
123222900
123222902
123222903
123224035
123224038
123224039
123224051
123224073
123224093
123224120
123224171
123224246
123224337
123224436
123224532
123224619
123224693
123224746
123224768
123224782
123224792
123224810
123226054
123226061
123226748
123226788
123226834
123226875
123226930
123226971
123227035
123227123
123227215
123227316
123227412
123227510
123227590
123227651
123227698
123227727
123227751
123227774
123227796
123230188
123230221
123230252
123230283
123230324
123230358
123230401
123230446
123231531
123231570
123231597
123231617
123231636
123231656
123231675
123231693
123231713
123231735
123231752
123231773
123231791
123231814
123231835
123231858
123231878
123231899
123231913
123234116
123234137
123234157
123234176
123234196
123234216
123234244
123234296
123234368
123234464
123234560
123234644
123234720
123234781
123234827
123234851
123234855
123234857
123234858
123236169
123236172
123236173
123236174
123236175
123236176
123236178
123236179
123236182
123236184
123236185
123236192
123236213
123236233
123236256
123236283
123236303
123236326
123236330
123237604
123237606
123237607
123237609
123237618
123237652
123237713
123237787
123237869
123237934
123237981
123238021
123238047
123238079
123238131
123238173
123238209
123238246
123238276
123238971
123238973
123238976
123238977
123238982
123238997
123239018
123239036
123239056
123239079
123239099
123239120
123239141
123239165
123239205
123239269
123239361
123239442
123239520
123240662
123240740
123240819
123240877
123240929
123240978
123240998
123241005
123241008
123241011
123241014
123241016
123241018
123241034
123241057
123241080
123241100
123241121
123241144
123242533
123242534
123242536
123242538
123242541
123242544
123242546
123242547
123242549
123242550
123242551
123242553
123242579
123242627
123242697
123242786
123242879
123242949
123243018
123244237
123244301
123244346
123244379
123244397
123244401
123244403
123244404
123244406
123244407
123244721
123244807
123244891
123244955
123245011
123245048
123245072
123245079
123245081
123245083
123245086
123245087
123245088
123245090
123245091
123245092
123245093
123245095
123245096
123246484
123246504
123246526
123246547
123246569
123246589
123246611
123246633
123246657
123246664
123246668
123246670
123246687
123246731
123246800
123246871
123246950
123247024
123247077
123247963
123247965
123247967
123247969
123247971
123247975
123247978
123247980
123247982
123247986
123247988
123247998
123248035
123248098
123248171
123248256
123248324
123248381
123248435
123249282
123250675
123250679
123250680
123250681
123250683
123250684
123250695
123250696
123250697
123250718
123250760
123250832
123250906
123250987
123251050
123251101
123251136
123251179
123251206
123252613
123252627
123252629
123253696
123253746
123253794
123253834
123253869
123253895
123253905
123253908
123253913
123253935
123253954
123253974
123253995
123254017
123254037
123254053
123254078
123254082
123254084
123255337
123255457
123255503
123255590
123255686
123255779
123255863
123255935
123255988
123256033
123256058
123256079
123256101
123256123
123256132
123256136
123256140
123256143
123256147
123256150
123258996
123259706
123259747
123259796
123259868
123259947
123260022
123455077
123455078
123455079
123455083
123455113
123455163
123455234
123455316
123455388
123455445
123455486
123455522
123455549
123455571
123455587
123455611
123455629
123455651
123455671
123456982
123457012
123457013
123457016
123457018
123457020
123457022
123457024
123457027
123457030
123457031
123457035
123457037
123457056
123457077
123457098
123457118
123457138
123457177
123458391
123458393
123458402
123458438
123458497
123458571
123458652
123458712
123458770
123458814
123458844
123458862
123458871
123458877
123458900
123458921
123458942
123458963
123458984
123460277
123460287
123460291
123460295
123460298
123460301
123460302
123460304
123460307
123460310
123460314
123460315
123460317
123460319
123460320
123460323
123460343
123460383
123460444
123461672
123461697
123461745
123461818
123461890
123461970
123462029
123462083
123462118
123462148
123462156
123462159
123462160
123462164
123462165
123462168
123462169
123462172
123462198
123463657
123463658
123463661
123463664
123463665
123463667
123463670
123463672
123463673
123463675
123463677
123463678
123463681
123463682
123463683
123463701
123463740
123463807
123463879
123465510
123465525
123465532
123465535
123465537
123465539
123465542
123465545
123465548
123465550
123465552
123465554
123465555
123465557
123465560
123465562
123465566
123465568
123465569
123466971
123466974
123466979
123466980
123466983
123466988
123466991
123467018
123467069
123467143
123467223
123467294
123467347
123467396
123467435
123467460
123467471
123467476
123467478
123468833
123468838
123468839
123468861
123468870
123468872
123468873
123468875
123468876
123468877
123468878
123468881
123468882
123468883
123468884
123468887
123468888
123468889
123468892
123470360
123470364
123470368
123470369
123470371
123470395
123470442
123470512
123470587
123470662
123470720
123470768
123470804
123470828
123470838
123470841
124204530
124204550
124204572
124204591
124204611
124204613
124204615
124204617
124204619
124204621
124204640
124204688
124204756
124204830
124204906
124204965
124205026
124205063
124205088
124206259
124206311
124206354
124206392
124206415
124206436
124206455
124206465
124206476
124206478
124206480
124206482
124206485
124206486
124206487
124206489
124206490
124206493
124206498
124207839
124207841
124207844
124207855
124207872
124207895
124207915
124207933
124207964
124208011
124208072
124208143
124208217
124208288
124208339
124208381
124208415
124208436
124208442
124209563
124209606
124209660
124209702
124209740
124209777
124209808
124209835
124209864
124209888
124209911
124209931
124209933
124209935
124209938
124209939
124209941
124209944
124209946
124211216
124211218
124211220
124211221
124211222
124211224
124211231
124211264
124211336
124211424
124211521
124211599
124211666
124211725
124211769
124211811
124211853
124211893
124211921
124213151
124213156
124213160
124213164
124213170
124213172
124213173
124213177
124213182
124213184
124213199
124213219
124213239
124213259
124213280
124213300
124213316
124213335
124213359
124214755
124214834
124214899
124214961
124215001
124215046
124215087
124215114
124215137
124215157
124215178
124215197
124215220
124215238
124215258
124215279
124215291
124215295
124215296
124216543
124216561
124216565
124216567
124216572
124216595
124216623
124216628
124216649
124216660
124216674
124216696
124216748
124216828
124216912
124216999
124217053
124217101
124217157
124218272
124218318
124218364
124218394
124218422
124218435
124218441
124218443
124218450
124218469
124218491
124218514
124218532
124218555
124218578
124218583
124218586
124218589
124218591
124219856
124219857
124219859
124219862
124219863
124219865
124219866
124219867
124219884
124219904
124219940
124220002
124220087
124220183
124220274
124220341
124220411
124220469
124220516
124221622
124221655
124221683
124221697
124221701
124221703
124221704
124221705
124221708
124221710
124221730
124221752
124221772
124221789
124221809
124221829
124221848
124221869
124221889
124223188
124223192
124223194
124223195
124223197
124223199
124223201
124223203
124223226
124223273
124223338
124223414
124223485
124223530
124223577
124223613
124223642
124223677
124223711
