121538861
121538864
121538866
121538867
121539409
121539508
121539514
121539518
121539711
121539714
121539715
121539716
121539864
121539880
121539883
121539886
121540196
121540274
121540275
121540276
121540725
121540767
121540769
121540772
121540842
121540844
121540845
121540846
121540879
121540884
121540885
121540886
121562018
121562021
121562022
121562023
121562183
121562185
121562186
121562187
121562319
121562390
121562396
121562403
121563140
121563164
121563166
121563168
121563327
121563330
121563331
121563349
121563408
121563411
121563412
121563414
121563556
121563677
121563689
121563696
121564097
121564160
121564164
121564167
121599412
121599416
121599420
121599422
121599423
121599427
121599429
121599432
121599435
121599439
121599441
121599444
121599448
121599450
121599454
121599458
121599472
121599510
121599573
121600846
121600885
121600951
121601032
121601113
121601182
121601241
121601278
121601307
121601316
121601319
121601324
121601329
121601332
121601335
121601337
121601341
121601343
121601347
121602827
121602828
121602829
121602831
121602833
121602836
121602841
121602843
121602845
121602849
121602853
121602855
121602858
121602860
121602885
121602958
121603053
121603163
121603281
121604341
121604418
121604496
121604561
121604616
121604663
121604693
121604716
121604726
121604728
121604730
121604732
121604733
121604734
121604735
121604744
121604782
121604829
121604868
121606224
121606226
121606229
121606231
121606232
121606235
121606239
121606241
121606242
121606243
121606246
121606248
121606254
121606285
121606344
121606420
121606499
121606567
121606637
121608025
121608097
121608163
121608203
121608241
121608254
121608257
121608258
121608260
121608262
121608264
121608266
121608268
121608269
121608273
121608275
121608282
121608287
121608289
121609786
121609790
121609793
121609794
121609797
121609799
121609800
121609803
121609804
121609805
121609813
121609844
121609903
121609977
121610055
121610118
121610179
121610258
121610324
121611660
121611703
121611734
121611758
121611765
121611768
121611771
121611774
121611777
121611779
121611781
121611783
121611790
121611826
121611867
121611905
121611946
121611989
121612015
121613280
121613282
121613283
121613285
121613287
121613288
121613293
121613294
121613310
121613378
121613468
121613576
121613687
121613794
121613868
121613912
121613945
121613960
121613964
121615196
121615213
121615220
121615222
121615230
121615279
121615338
121615373
121615411
121615451
121615481
121615486
121615488
121615492
121615496
121615499
121615500
121615503
121615506
121616792
121616834
121616873
121616910
121616950
121616992
121617022
121617062
121617123
121617196
121617278
121617347
121617400
121617444
121617476
121617496
121617503
121617506
121617507
121618909
121618946
121618963
121618966
121618969
121618971
121618973
121618974
121618977
121618978
121618979
121618980
121618983
121618986
121618987
121618989
121618990
121618993
121618995
121620488
121620489
121620492
121620493
121620507
121620546
121620611
121620683
121620760
121620826
121620883
121620919
121620944
121620953
121620954
121620958
121620959
121620961
121620967
121772267
121772327
121772369
121772399
121772417
121772420
121772424
121772426
121772428
121772433
121772434
121772436
121772437
121772440
121772441
121772444
121772448
121772449
121772451
121773599
121773604
121773607
121773609
121773613
121773616
121773621
121773625
121773627
121773637
121773681
121773739
121773818
121773904
121773973
121774035
121774080
121774112
121774130
121775212
121775254
121775276
121775281
121775286
121775296
121775299
121775303
121775307
121775309
121775313
121775317
121775320
121775325
121775331
121775337
121775343
121775351
121775357
121776552
121776555
121776559
121776564
121776568
121776573
121776574
121776577
121776606
121776665
121776749
121776837
121776924
121776995
121777050
121777092
121777117
121777130
121777134
121778383
121778391
121778394
121778397
121778400
121778403
121778404
121778408
121778409
121778411
121778412
121778415
121778416
121778418
121778420
121778422
121778425
121778426
121778427
121779593
121779601
121779605
121779611
121779619
121779632
121779672
121779725
121779799
121779878
121779961
121780020
121780072
121780104
121780126
121780150
121780174
121780184
121780190
121781442
121781444
121781448
121781449
121781453
121781456
121781458
121781463
121781468
121781470
121781473
121781476
121781481
121781484
121781486
121781501
121781502
121781504
121781508
121782710
121782713
121782714
121782720
121782758
121782811
121782890
121782965
121783042
121783104
121783151
121783177
121783198
121783206
121783211
121783213
121783215
121783223
121783226
121784338
121784364
121784371
121784373
121784375
121784377
121784379
121784382
121784384
121784387
121784389
121784391
121784393
121784394
121784396
121784397
121784398
121784404
121784431
121785460
121785468
121785507
121785563
121785641
121785715
121785784
121785839
121785885
121785914
121785932
121785935
121785942
121785945
121785949
121785951
121785952
121785953
121785967
121787098
121787105
121787109
121787112
121787115
121787117
121787119
121787125
121787129
121787131
121787133
121787137
121787141
121787142
121787148
121787161
121787198
121787260
121787336
121788384
121788446
121788525
121788613
121788683
121788745
121788787
121788816
121788837
121788844
121788845
121788849
121788856
121788862
121788869
121788872
121788875
121788881
121788884
121790049
121790052
121790056
121790093
121790150
121790227
121790306
121790366
121790393
121790429
121790474
121790516
121790565
121790595
121790622
121790641
121790658
121790670
121790679
121791143
121791875
121791878
121791880
121791884
121791885
121791890
121791892
121791895
121791900
121791905
121791907
121791910
121791915
121791947
121792001
121792083
121792161
121792237
121792296
121793270
121793342
121793395
121793446
121793474
121793495
121793501
121793506
121793509
121793511
121793516
121793519
121793521
121793525
121793529
121793530
121793534
121793535
121793542
121794116
121794692
121794699
121794707
121794712
121794715
121794718
121794721
121794724
121794729
121794733
121794751
121794795
121794860
121794938
121795020
121795087
121795150
121795185
121795211
121795850
121795853
121796977
121796981
121796983
121797014
121797067
121797140
121797213
121797288
121797327
121797370
121797418
121797460
121797492
121797519
121797525
121797536
121797548
121797553
121797556
121798696
121798698
121798705
121798708
121798713
121798716
121798718
121798720
121798722
121798726
121798731
121798733
121798735
121798739
121798741
121798743
121798746
121798776
121798830
121799795
121945079
121945082
121945084
121945088
121945093
121945096
121945100
121945103
121945106
121945131
121945181
121945252
121945328
121945407
121945446
121945484
121945520
121945546
121945587
121947015
121947039
121947054
121947056
121947060
121947063
121947066
121947068
121947073
121947075
121947078
121947081
121947083
121947084
121947086
121947088
121947094
121947097
121947100
121948438
121948441
121948443
121948446
121948448
121948451
121948455
121948478
121948521
121948586
121948662
121948737
121948801
121948853
121948892
121948922
121948947
121948962
121949001
121949859
121951029
121951033
121951036
121951039
121951043
121951045
121951047
121951050
121951052
121951057
121951061
121951062
121951065
121951069
121951084
121951124
121951189
121951262
121951336
121951687
121952316
121952356
121952396
121952428
121952430
121952432
121952434
121952438
121952440
121952443
121952445
121952447
121952449
121952457
121952489
121952545
121952623
121952697
121952765
121953985
121954097
121954187
121954248
121954290
121954323
121954341
121954349
121954353
121954360
121954363
121954365
121954372
121954373
121954375
121954376
121954379
121954381
121954385
121955674
121956877
121956888
121956899
121956904
121956908
121956911
121956914
121956917
121956944
121956999
121957081
121957177
121957254
121957329
121957355
121957387
121957435
121957484
121957545
121959074
121959105
121959115
121959120
121959123
121959127
121959140
121959178
121959208
121959210
121959213
121959218
121959223
121959229
121959243
121959283
121959323
121959332
121959334
121959970
121960314
121961178
121961232
121961244
121961245
121961250
121961256
121961260
121961261
121961262
121961265
121961268
121961269
121961272
121961275
121961278
121961280
121961281
121961283
121961287
121962610
121962612
121962614
121962616
121962617
121962619
121962620
121962645
121962697
121962817
121963787
121963790
121963794
121963827
121963881
121963953
121964029
121964108
121964160
121964216
121964246
121964267
121964284
121964324
121964361
121964398
121964438
121964440
121964443
121965749
121965750
121965752
121965753
121965756
121965760
121965762
121965765
121965767
121965769
121965773
121965775
121965788
121965827
121965849
121965851
121965860
121965890
121965952
121967437
121967472
121967526
121967598
121967676
121967745
121967808
121967855
121967886
121967905
121967908
121967941
121967981
121968021
121968059
121968101
121968123
121968124
121968129
121968923
121968947
121968997
121969065
121969140
121969216
121969272
121969329
121969360
121969386
121969396
121969401
121969405
121969407
121969413
121969414
121969415
121969417
121969421
121970623
121970653
121970691
121970730
121970767
121970803
121970824
121970827
121970829
121970830
121970832
121970833
121970835
121970836
121970838
121970861
121970909
121970982
121971056
121972145
121972222
121972298
121972375
121972435
121972485
121972518
121972537
121972543
121972579
121972617
121972656
121972695
121972732
121972763
121972766
121972768
121972770
121972776
121974063
121974066
121974069
121974072
121974076
121974079
121974084
121974086
121974088
121974089
121974093
121974096
121974097
121974125
121974178
121974254
121974329
121974446
121974537
121976173
121976246
121976304
121976349
121976386
121976412
121976423
121976427
121976431
121976435
121976437
121976441
121976444
121976446
121976453
121976455
121976457
121976461
121976464
121977944
121977947
121977950
121977955
121977958
121977961
121977965
121977967
121977970
121977972
121977979
121978005
121978063
121978138
121978218
121978282
121978339
121978384
121978415
121979713
121979795
121979864
121979915
121979946
121979947
121979950
121979953
121979954
121979956
121979959
121979960
121979964
121979967
121979968
121979970
121979972
121979973
121979974
121981206
121981210
121981211
121981212
121981215
121981217
121981223
121981259
121981300
121981361
121981439
121981545
121981641
121981702
121981736
121981771
121981821
121981860
121981901
121983206
121983224
121983227
121983233
121983236
121983244
121983246
121983250
121983253
121983255
121983256
121983258
121983261
121983262
121983269
121983320
121983361
121983396
121983428
121984714
121984757
121984828
121984906
121984984
121985051
121985102
121985137
121985201
121985240
121985242
121985245
121985246
121985249
121985251
121985254
121985294
121985334
121985348
121986537
121986539
121986545
121986547
121986550
121986551
121986585
121986623
121986660
121986699
121986739
121986771
121986772
121986777
121986804
121986851
121986925
121986998
121987075
121988164
121988241
121988320
121988373
121988429
121988458
121988478
121988490
121988492
121988493
121988497
121988499
121988502
121988503
121988535
121988572
121988610
121988647
121988687
122114658
122114659
122114660
122114661
122114664
122114667
122114669
122114683
122114730
122114788
122114863
122114942
122114980
122115006
122115039
122115081
122115108
122115129
122115157
122116185
122116210
122116231
122116246
122116258
122116269
122116275
122116279
122116283
122116287
122116292
122116296
122116300
122116304
122116309
122116312
122116316
122116319
122116325
122116846
122118070
122118076
122118078
122118081
122118086
122118089
122118092
122118094
122118096
122118098
122118102
122118134
122118190
122118263
122118348
122118391
122118413
122118436
122118462
122118696
122119608
122119641
122119672
122119704
122119737
122119757
122119770
122119787
122119793
122119797
122119800
122119803
122119808
122119811
122119814
122119817
122119823
122119825
122119827
122120975
122120977
122120979
122120981
122120985
122120988
122120992
122120994
122121001
122121022
122121063
122121131
122121202
122121272
122121306
122121331
122121364
122121396
122121434
122122603
122123142
122123150
122123155
122123158
122123161
122123165
122123170
122123174
122123175
122123178
122123180
122123183
122123186
122123187
122123190
122123194
122123197
122123199
122123219
122124393
122124397
122124422
122124464
122124534
122124609
122124672
122124702
122124725
122124752
122124785
122124820
122124846
122124862
122124882
122124890
122124896
122124899
122124901
122125456
122125479
122126518
122126522
122126527
122126528
122126530
122126531
122126533
122126537
122126542
122126543
122126545
122126552
122126553
122126555
122126561
122126564
122126578
122126615
122126674
122127712
122127747
122127809
122127882
122127959
122127999
122128019
122128042
122128070
122128102
122128130
122128158
122128174
122128185
122128190
122128199
122128202
122128204
122128207
122129262
122129264
122129265
122129267
122129269
122129270
122129273
122129275
122129276
122129281
122129284
122129289
122129290
122129297
122129314
122129355
122129414
122129488
122129561
122130633
122130709
122130775
122130806
122130826
122130848
122130879
122130912
122130942
122130964
122130985
122131016
122131040
122131052
122131054
122131059
122131063
122131065
122131068
122132155
122132157
122132159
122132161
122132164
122132167
122132172
122132174
122132178
122132182
122132185
122132189
122132206
122132246
122132309
122132382
122132459
122132495
122132512
122133518
122133557
122133580
122133610
122133639
122133677
122133715
122133730
122133746
122133762
122133783
122133801
122133807
122133811
122133817
122133818
122133820
122133821
122133826
122134922
122134927
122134929
122134931
122134937
122134938
122134939
122134941
122134944
122134945
122134967
122135007
122135072
122135147
122135209
122135236
122135269
122135290
122135317
122136361
122136389
122136417
122136450
122136475
122136494
122136509
122136525
122136534
122136540
122136546
122136547
122136551
122136558
122136560
122136562
122136563
122136565
122136566
122137771
122137776
122137780
122137783
122137787
122137790
122137792
122137794
122137816
122137863
122137937
122138010
122138064
122138094
122138123
122138142
122138177
122138208
122138240
122139335
122139365
122139396
122139419
122139435
122139438
122139444
122139448
122139452
122139454
122139463
122139473
122139476
122139479
122139483
122139486
122139490
122139496
122139498
122140569
122140574
122140578
122140579
122140581
122140583
122140608
122140651
122140724
122140799
122140866
122140886
122140913
122140939
122140971
122141001
122141028
122141042
122141069
122142105
122142123
122142139
122142160
122142164
122142168
122142172
122142177
122142179
122142181
122142182
122142183
122142184
122142188
122142192
122142195
122142200
122142203
122142205
122143270
122143274
122143275
122143277
122143305
122143357
122143435
122143494
122143559
122143576
122143597
122143619
122143655
122143691
122143727
122143752
122143770
122143780
122143784
122144889
122144898
122144911
122144916
122144919
122144921
122144923
122144931
122144933
122144935
122144936
122144940
122144944
122144947
122144949
122144950
122144952
122144956
122144988
122146371
122146388
122146418
122146448
122146483
122146508
122146532
122146546
122146557
122146567
122146571
122146579
122146583
122146587
122146589
122146594
122146599
122146601
122146604
122147705
122147708
122147710
122147712
122147713
122147717
122147719
122147720
122147726
122147743
122147783
122147849
122147921
122147992
122148020
122148039
122148061
122148096
122148126
122149117
122149144
122149180
122149209
122149232
122149251
122149265
122149275
122149283
122149285
122149286
122149290
122149292
122149293
122149296
122149297
122149300
122149303
122149309
122150486
122150490
122150491
122150495
122150500
122150502
122151050
122151601
122151613
122151616
122151619
122151624
122151662
122151718
122152716
122152721
122152768
122152820
122152892
122152967
122153012
122153034
122153052
122153079
122153110
122153140
122153163
122153185
122153198
122153210
122153220
122153225
122153228
122153796
122153812
122154342
122154344
122154345
122154347
122154355
122154390
122154463
122154529
122154596
122154631
122154654
122154674
122154705
122154734
122154770
122154793
122154809
122154821
122154829
122319057
122319060
122319063
122319070
122319101
122319166
122319262
122319361
122319451
122319537
122319593
122319648
122319685
122319708
122319730
122319742
122319745
122319775
122319778
122320964
122320968
122320971
122320973
122320977
122320980
122321000
122321021
122321042
122321063
122321085
122321107
122321127
122321146
122321147
122321150
122321156
122321163
122321197
122322362
122322364
122322396
122322447
122322524
122322603
122322679
122322740
122322798
122322854
122322914
122322969
122323012
122323036
122323049
122323062
122323072
122323082
122323087
122324429
122324433
122324440
122324444
122324453
122324458
122324474
122324498
122324521
122324547
122324570
122324592
122324616
122324638
122324660
122324686
122324736
122324809
122324886
122326020
122326076
122326156
122326239
122326302
122326358
122326405
122326434
122326462
122326491
122326514
122326538
122326561
122326584
122326604
122326629
122326650
122326674
122326696
122551838
122552389
122819879
122819884
122819890
122819895
122819898
122819903
122819905
122819908
122819914
122819917
122819920
122819923
122819925
122819927
122819929
122819930
122819932
122819940
122819948
122821871
122821878
122821891
122821931
122821994
122822075
122822157
122822235
122822302
122822359
122822400
122822434
122822455
122822465
122822473
122822489
122822499
122822509
122822524
122824450
122824463
122824474
122824488
122824499
122824508
122824523
122824538
122824554
122824571
122824589
122824603
122824621
122824640
122824657
122824678
122824698
122824737
122824796
122826635
122826667
122826719
122826796
122826875
122826954
122827019
122827076
122827109
122827134
122827141
122827144
122827146
122827150
122827151
122827153
122827154
122827155
122827156
122828425
122828426
122828427
122828428
122828430
122828431
122828432
122828433
122828435
122828436
122828438
122828439
122828440
122828441
122828442
122828470
122828516
122828587
122828660
122829864
122829946
122830023
122830099
122830156
122830205
122830241
122830266
122830277
122830281
122830283
122830301
122830317
122830319
122830321
122830322
122830324
122830326
122830327
122831606
122831609
122831610
122831613
122831615
122831618
122831620
122831622
122831625
122831628
122831631
122831632
122831634
122831659
122831708
122831782
122831860
122831939
122831998
122833113
122833187
122833241
122833287
122833318
122833347
122833364
122833371
122833377
122833380
122833385
122833390
122833394
122833395
122833398
122833401
122833404
122833405
122833407
122834968
122834979
122834992
122834999
122835006
122835015
122835027
122835037
122835045
122835056
122835064
122835103
122835166
122835246
122835334
122835403
122835460
122835518
122835550
122836801
122836847
122836882
122836902
122836915
122836919
122836923
122836927
122836932
122836937
122836941
122836944
122836947
122836950
122836957
122836960
122836963
122836967
122836970
122838410
122838412
122838413
122838416
122838418
122838420
122838422
122838425
122838428
122838456
122838508
122838584
122838663
122838735
122838796
122838851
122838881
122838902
122838907
122840249
122840271
122840278
122840280
122840282
122840285
122840287
122840291
122840294
122840297
122840299
122840301
122840306
122840308
122840310
122840314
122840318
122840320
122840323
122914239
122915995
122916571
122916872
123029954
123029960
123029961
123029963
123029964
123029967
123029970
123029973
123029975
123029976
123029978
123029980
123029983
123029984
123029986
123029989
123029990
123030019
123030080
123031608
123031629
123031674
123031740
123031812
123031892
123031960
123032018
123032054
123032081
123032091
123032098
123032102
123032115
123032138
123032140
123032145
123032148
123032151
123033543
123033545
123033548
123033550
123033553
123033555
123033557
123033561
123033563
123033566
123033572
123033575
123033583
123033587
123033589
123033595
123033629
123033682
123033760
123035053
123035127
123035220
123035324
123035388
123035443
123035478
123035503
123035544
123035592
123035628
123035652
123035674
123035688
123035704
123035719
123035730
123035738
123035743
123037049
123037051
123037071
123037090
123037111
123037132
123037153
123037174
123037182
123037184
123037186
123037187
123037189
123037195
123037227
123037282
123037358
123037436
123037512
123038545
123038639
123038713
123038779
123038844
123038894
123038935
123038954
123038957
123038960
123038964
123038967
123038971
123038973
123038976
123038979
123038980
123038982
123038984
123040260
123040274
123040291
123040293
123040297
123040299
123040302
123040304
123040307
123040309
123040311
123040322
123040356
123040411
123040486
123040565
123040637
123040703
123040741
123041926
123041991
123042035
123042064
123042079
123042087
123042091
123042095
123042099
123042103
123042108
123042112
123042113
123042115
123042119
123042121
123042123
123042127
123042132
123043473
123043474
123043477
123043480
123043482
123043483
123043484
123043486
123043488
123043504
123043539
123043600
123043675
123043754
123043822
123043883
123043922
123043952
123043967
123045195
123045227
123045244
123045252
123045255
123045257
123045258
123045259
123045261
123045262
123045263
123045266
123045269
123045270
123045271
123045273
123045274
123045275
123045277
123046559
123046562
123046564
123046566
123046568
123046570
123046571
123046573
123046602
123046653
123046730
123046808
123046879
123046925
123046970
123047001
123047035
123047065
123047081
123048424
123048429
123048433
123048435
123048439
123048441
123048444
123048448
123048450
123048452
123048454
123048457
123048458
123048463
123048465
123048467
123048470
123048471
123048482
123221455
123221506
123221575
123221672
123221767
123221854
123221920
123221983
123222021
123222061
123222091
123222108
123222119
123222122
123222130
123222136
123222141
123222143
123222145
123223397
123223399
123223403
123223405
123223410
123223429
123223449
123223468
123223489
123223510
123223530
123223535
123223536
123223538
123223546
123223579
123223632
123223706
123223792
123225037
123225115
123225192
123225266
123225326
123225371
123225400
123225437
123225465
123225495
123225523
123225556
123225601
123225655
123225694
123225735
123225793
123225851
123225893
123226385
123228340
123228433
123228540
123228635
123228726
123228807
123228873
123228928
123228973
123229018
123229078
123229114
123229146
123229171
123229221
123229245
123229264
123229296
123229315
123230728
123232780
123232803
123232825
123232848
123232869
123232891
123232913
123232935
123232956
123232980
123233001
123233024
123233039
123233061
123233092
123233144
123233222
123233313
123233414
123235060
123235112
123235189
123235254
123235313
123235356
123235386
123235409
123235437
123235457
123235480
123235504
123235527
123235548
123235570
123235592
123235612
123235632
123235653
123236845
123236847
123236849
123236851
123236853
123236854
123236856
123236857
123236858
123236860
123236876
123236897
123236932
123236980
123237060
123237153
123237251
123237326
123237393
123238499
123239748
123239749
123239751
123239752
123239754
123239756
123239780
123239827
123239898
123239985
123240076
123240159
123240235
123240290
123240335
123240362
123240381
123240404
123240427
123241654
123241658
123241661
123241663
123241666
123241669
123241671
123241674
123241676
123241679
123241683
123241690
123241711
123241731
123241752
123241774
123241794
123241818
123241839
123243281
123243282
123243284
123243285
123243312
123243359
123243432
123243509
123243585
123243644
123243693
123243729
123243749
123243751
123243753
123243756
123243760
123243762
123243763
123244423
123244425
123245714
123245734
123245756
123245776
123245800
123245807
123245808
123245809
123245812
123245817
123245819
123245820
123245821
123245823
123245825
123245826
123245827
123245832
123245833
123247224
123247226
123247255
123247282
123247335
123248760
123248763
123248765
123248772
123248811
123248863
123248939
123249022
123249094
123249152
123249195
123249225
123249239
123249243
123249245
123249249
123249251
123249252
123249265
123249883
123249893
123249894
123249896
123249898
123249900
123249902
123249905
123249906
123249907
123249910
123249911
123249913
123249933
123249953
123249990
123250053
123251449
123251469
123251510
123251577
123251652
123251732
123251796
123251852
123251889
123251911
123251923
123251927
123251931
123251934
123251936
123251938
123251939
123251942
123251943
123252619
123252638
123252640
123252653
123253251
123254625
123254628
123254634
123254638
123254640
123254642
123254645
123254648
123254650
123254659
123254682
123254703
123254726
123254745
123254766
123254787
123254810
123254840
123254893
123255390
123256670
123256681
123256683
123256685
123256690
123256694
123256716
123256736
123256758
123256780
123256800
123256819
123256841
123256862
123256884
123256906
123256927
123256937
123256940
123257216
123258144
123258151
123258406
123260224
123260227
123260230
123260231
123260233
123260237
123260261
123260317
123260403
123260496
123260589
123260660
123260732
123260784
123260823
123260854
123260877
123260899
123260920
123456023
123456066
123456114
123456152
123456188
123456224
123456259
123456271
123456292
123456305
123456310
123456316
123456320
123456331
123456354
123456376
123456397
123456417
123456437
123457677
123457679
123457680
123457682
123457685
123457686
123457688
123457690
123457693
123457697
123457721
123457763
123457847
123457944
123458036
123458119
123458190
123458242
123458287
123459398
123459453
123459484
123459508
123459514
123459518
123459521
123459522
123459527
123459530
123459531
123459533
123459542
123459561
123459580
123459603
123459622
123459643
123459663
123460960
123460961
123460963
123460964
123460966
123460968
123460969
123460971
123460972
123460997
123461043
123461116
123461192
123461263
123461325
123461389
123461441
123461484
123461516
123462833
123462856
123462868
123462871
123462873
123462874
123462875
123462878
123462880
123462884
123462885
123462886
123462887
123462889
123462891
123462892
123462897
123462907
123462916
123464360
123464364
123464365
123464367
123464370
123464372
123464376
123464396
123464438
123464503
123464584
123464662
123464720
123464774
123464808
123464835
123464851
123464855
123464858
123466197
123466200
123466202
123466204
123466209
123466212
123466216
123466218
123466223
123466228
123466230
123466232
123466233
123466236
123466238
123466268
123466319
123466394
123466463
123467716
123467790
123467868
123467930
123467980
123468017
123468049
123468092
123468125
123468159
123468174
123468191
123468203
123468211
123468219
123468221
123468226
123468227
123468231
123469575
123469578
123469581
123469583
123469585
123469588
123469590
123469592
123469594
123469596
123469598
123469600
123469602
123469627
123469675
123469746
123469823
123469898
123469957
124031857
124031858
124031859
124031860
124031861
124031862
124031863
124031864
124031865
124031866
124031867
124031868
124031869
124031870
124031871
124032532
124032533
124032534
124032535
124032536
124032537
124032538
124032539
124032540
124032541
124032542
124032543
124032544
124032545
124032546
124082408
124082427
124205211
124205231
124205264
124205315
124205378
124205450
124205514
124205563
124205614
124205656
124205688
124205725
124205739
124205746
124205749
124205751
124205752
124205753
124205755
124207046
124207067
124207082
124207103
124207125
124207144
124207165
124207185
124207205
124207227
124207248
124207255
124207256
124207258
124207259
124207260
124207278
124207314
124207381
124208531
124208568
124208637
124208725
124208824
124208907
124208979
124209033
124209083
124209117
124209139
124209148
124209151
124209153
124209154
124209157
124209159
124209163
124209166
124210458
124210460
124210463
124210465
124210476
124210497
124210519
124210541
124210564
124210585
124210605
124210628
124210649
124210669
124210704
124210745
124210795
124210871
124210946
124212098
124212171
124212247
124212310
124212361
124212413
124212445
124212468
124212482
124212487
124212488
124212519
124212539
124212559
124212578
124212599
124212621
124212640
124212646
124213922
124213923
124213924
124213925
124213928
124213930
124213933
124213934
124213935
124213936
124213937
124213939
124213944
124213976
124214050
124214141
124214239
124214320
124214395
124215816
124215831
124215843
124215848
124215850
124215854
124215858
124215861
124215866
124215886
124215904
124215918
124215941
124215961
124215980
124215990
124215993
124215997
124216001
124217269
124217271
124217274
124217282
124217318
124217375
124217453
124217527
124217609
124217683
124217745
124217790
124217820
124217850
124217872
124217892
124217908
124217912
124217915
124219084
124219086
124219087
124219089
124219093
124219095
124219096
124219100
124219115
124219136
124219158
124219178
124219198
124219218
124219237
124219257
124219260
124219261
124219281
124220607
124220608
124220627
124220668
124220737
124220811
124220882
124220927
124220977
124221017
124221049
124221073
124221105
124221131
124221153
124221173
124221193
124221210
124221212
124222436
124222438
124222439
124222440
124222443
124222444
124222445
124222447
124222448
124222449
124222450
124222451
124222453
124222463
124222484
124222504
124222543
124222606
124222691
124251284
124251842
124251894
124252401
124328601
124328623
