92174431
92185196
92185288
92243762
92243798
92287730
92287770
92319816
92319825
92320237
92339436
92339477
92369184
92369186
92369188
92369190
92369194
92369197
92369200
92369261
92369321
92369326
92369333
92369337
92369341
92369466
92369528
92369532
92369592
92369604
92369618
92369624
92369630
92369639
92369648
92369711
92369873
92369876
92369881
92369889
92370410
92370424
92370673
92370676
92370679
92370681
92370682
92370687
92370690
92370692
92370697
92370701
92370702
92370706
92370708
92370709
92370721
92370723
92370732
92370734
92370923
92370926
92370928
92370929
92370931
92370935
92370940
92370943
92370963
92370982
92370986
92370993
92370998
92371000
92371003
92371005
92371008
92371010
92371012
92371016
92371024
92371026
92371029
92371032
92371046
92371051
92371052
92372598
92372603
92373661
92373728
92373800
92373857
92373899
92373923
92373942
92373959
92373962
92373967
92373970
92375856
92375857
92375860
92375862
92375863
92375864
92375866
92375867
92375885
92376009
92376115
92376210
92376292
92376401
92376444
92376468
92376469
92376471
92376473
92376476
92381350
92381352
92381414
92381474
92381540
92381565
92381601
92381661
92381662
92381665
92384188
92384255
92384263
92384381
92384438
92384442
92387700
92387704
92387707
92387708
92387709
92387710
92387713
92387720
92387721
92387849
92388052
92388199
92388253
92388297
92388316
92388323
92388327
92388328
92388329
92388330
92388332
92388334
92388376
92388439
92388472
92389784
92389786
92389790
92389792
92390289
92390298
92390300
92390312
92390318
92390321
92390324
92390328
92390333
92390339
92391786
92391798
92419807
92432734
92432755
92448156
92448216
92463678
92464093
92464097
92467937
92467962
92486977
92487007
92516901
92516955
92529319
92529320
92529321
92545581
92545694
92558505
92569276
92569277
92569278
92569279
92569283
92598790
92598838
92604035
92605304
92605378
92622534
92626553
92638282
92638327
92639098
92672768
92672831
92706909
92731745
92731754
92745997
92747599
92750154
92750165
92768862
92768908
92805568
92807062
92807117
92814558
92816118
92818420
92825873
92825881
92827325
92843082
92843143
92879739
92886068
92886132
92921317
92921347
92921754
92922150
92922403
92927587
92937137
92937171
92966962
92967010
92988488
92995727
92999377
92999382
92999385
92999388
92999528
92999532
92999534
92999535
92999539
92999541
92999543
92999546
92999550
92999551
93004305
93004351
93027868
93035648
93035761
93067973
93068205
93068331
93069144
93069156
93069605
93070737
93070746
93079923
93080011
93085231
93092014
93092016
93092020
93092022
93099350
93099419
93127781
93127833
93127884
93127937
93127986
93128033
93128112
93128197
93128290
93128368
93128425
93128460
93128483
93128490
93128493
93128496
93128499
93128504
93128507
93128512
93128519
93128521
93128527
93128529
93128535
93128554
93128604
93128679
93128773
93130702
93130773
93132325
93132326
93132327
93132332
93132336
93132339
93132344
93132345
93132346
93132350
93132351
93132352
93132355
93132414
93132492
93132661
93132729
93135608
93135612
93135613
93135614
93135619
93135621
93135622
93135626
93135648
93135703
93135808
93135904
93135987
93136054
93136107
93136144
93136167
93136169
93136176
93136180
93136185
93136190
93136195
93136196
93136206
93136232
93138454
93138458
93138460
93139032
93139060
93139115
93139201
93139293
93139372
93139441
93139545
93139560
93139568
93139570
93141148
93141150
93141155
93141156
93141159
93141160
93141161
93141163
93141166
93141186
93141285
93141337
93141443
93141702
93141838
93142046
93142061
93142065
93142072
93142075
93144998
93144999
93145002
93145004
93145006
93145008
93145010
93145014
93145015
93145017
93145020
93146051
93146065
93146072
93146078
93146079
93146082
93149425
93149431
93149432
93149435
93149438
93149439
93149441
93149442
93149445
93149448
93149491
93149645
93149731
93149804
93149873
93149910
93149938
93149946
93149947
93149948
93149949
93149950
93149951
93149952
93149954
93152968
93152973
93152974
93152976
93153916
93153954
93154019
93154104
93154205
93154397
93154426
93154445
93154462
93154473
93164512
93164567
93195744
93195815
93227307
93227378
93258438
93258522
93293807
93293867
93323415
93326733
93326770
93354504
93354572
93381336
93381463
93391803
93391884
93429244
93429336
93450040
93450067
93450116
93450125
93450162
93450169
93450186
93450197
93450200
93451957
93452009
93464868
93464898
93489671
93489772
93533351
93533427
93573654
93573730
93610275
93610348
93628034
93633483
93633505
93650417
93650499
93684345
93684353
93684359
93684365
93684384
93684432
93684514
93684602
93684664
93684690
93684729
93684777
93684822
93684899
93684924
93684953
93684972
93684994
93685000
93685009
93685017
93685025
93685031
93685039
93685050
93685115
93685184
93685276
93685372
93689322
93689408
93691490
93691510
93691527
93691536
93691547
93691555
93691566
93691574
93691583
93691589
93691595
93691601
93691608
93691684
93691769
93691874
93691899
93694312
93694328
93694338
93694348
93694353
93694364
93694372
93694382
93694422
93694512
93694616
93694676
93694705
93694727
93694777
93694852
93694968
93695003
93695048
93695218
93695368
93695460
93695538
93695593
93695765
93695860
93699317
93699383
93699421
93700466
93700523
93700610
93700695
93700753
93700773
93700822
93700930
93700964
93701022
93701041
93703188
93703218
93703301
93703314
93703325
93703334
93703339
93703344
93703355
93703364
93703379
93703423
93703499
93703682
93703858
93703885
93703906
93703921
93703945
93709208
93709215
93709220
93709226
93709232
93709237
93709242
93709248
93709253
93709260
93710492
93710500
93710509
93710521
93710526
93710532
93712410
93712417
93712422
93712427
93712434
93712439
93712456
93712461
93712482
93712528
93712679
93712859
93712927
93712967
93713013
93713074
93713170
93713234
93713289
93713346
93713451
93713560
93713615
93713630
93713639
93717068
93717083
93717090
93717096
93718357
93718449
93718522
93718580
93718622
93718681
93718693
93718701
93718715
93718742
93720100
93727351
93727440
93760685
93764882
93764979
93794721
93804041
93804133
93822976
93838292
93838377
93875832
93875913
93889437
93889438
93889439
93889440
93889445
93912788
93912882
93951830
93953073
93961169
93961639
93962345
93962354
93962486
93962536
93962936
93963043
93963069
93984535
93984867
93984965
93989222
93989295
94025928
94026021
94059612
94059716
94083200
94083907
94092748
94092844
94093922
94098946
94098964
94129887
94129977
94171114
94171206
94210300
94210378
94249727
94249801
94254965
94264906
94286072
94293552
94293606
94293856
94293860
94293865
94293868
94293874
94294020
94294052
94294107
94323023
94323109
94361596
94361686
94400130
94400263
94420380
94420382
94423054
94423058
94423083
94423088
94423090
94423092
94423094
94423099
94423101
94423108
94431970
94432060
94462597
94462687
94485967
94494317
94494398
94524945
94525022
94552052
94552055
94552056
94552058
94552079
94552129
94552212
94552300
94552387
94552460
94552512
94552554
94552565
94552572
94552575
94552579
94552582
94552588
94552589
94552594
94552597
94552600
94552603
94552606
94552610
94552628
94552672
94552748
94552835
94555348
94555440
94556873
94556874
94556881
94556883
94556914
94556968
94557019
94557084
94557174
94557225
94557246
94557249
94557250
94557335
94557421
94557585
94557654
94558859
94558860
94558863
94558866
94558867
94558872
94558876
94558910
94558976
94559065
94559166
94559247
94559310
94559351
94559383
94559387
94559391
94559394
94559398
94559404
94559410
94559416
94559422
94559427
94559442
94559459
94559495
94559561
94561678
94562335
94562419
94562515
94562595
94562663
94562710
94562750
94562773
94562778
94562787
94562792
94564378
94564381
94564384
94564386
94564387
94564388
94564389
94564390
94564393
94564403
94564447
94564521
94564609
94564819
94564888
94564893
94564896
94564897
94564898
94564901
94567541
94567544
94567546
94567548
94567551
94567555
94567556
94567558
94567560
94568601
94568603
94568605
94568609
94568611
94568613
94570200
94570201
94570203
94570205
94570206
94570207
94570212
94570213
94570216
94570302
94570478
94570629
94570673
94570703
94570707
94570708
94570710
94570711
94570712
94570714
94570715
94570717
94570719
94570723
94570725
94570746
94573425
94573430
94573432
94574524
94574599
94574669
94574753
94574802
94574806
94574812
94574821
94574829
94584316
94584393
94616473
94616621
94648081
94648172
94669816
94674821
94674913
94701425
94701608
94701696
94710720
94710725
94710736
94710793
94738316
94738401
94773764
94773850
94785053
94785061
94809201
94809295
94813409
94847219
94847311
94881057
94918867
94984003
94984131
95015618
95030661
95037856
95037997
95076139
95076236
95105441
95105543
95132824
95132920
95137795
95158450
95158545
95181407
95181409
95181410
95181412
95181432
95181485
95181568
95181656
95181741
95181819
95181867
95181908
95181924
95181931
95181935
95181938
95181940
95181945
95181951
95181953
95181957
95181959
95181965
95181968
95181972
95181992
95182033
95182105
95182196
95183858
95183954
95185338
95185339
95185341
95185343
95185345
95185348
95185349
95185350
95185353
95185356
95185358
95185360
95185361
95185431
95185512
95185680
95185758
95186965
95186967
95186969
95186972
95186973
95186975
95186978
95186980
95187004
95187060
95187144
95187233
95187315
95187384
95187435
95187468
95187497
95187503
95187508
95187523
95187529
95187538
95187539
95187542
95187547
95187569
