17.863
16.335
19.848
20.925
19.539
18.865
20.768
21.515
17.581
18.834
17.790
17.573
17.491
17.611
42.156
22.305
20.902
22.970
21.113
20.159
19.071
19.966
17.677
17.443
17.562
18.151
18.524
23.156
23.278
3.018
19.743
19.882
21.305
21.038
17.269
18.084
17.315
17.692
17.803
17.216
20.198
20.045
19.324
20.292
21.523
19.865
18.565
18.880
19.447
19.613
17.806
18.489
18.782
19.697
20.628
25.027
21.776
8.684
17.518
17.927
17.414
17.904
18.129
17.999
18.685
19.550
22.479
21.502
21.726
22.099
20.951
21.670
20.259
21.020
20.430
19.260
19.294
20.135
19.848
20.797
23.140
21.785
17.952
18.072
18.017
17.831
19.068
18.608
21.678
19.491
18.937
19.663
18.482
19.530
21.680
21.309
18.839
17.758
18.560
19.686
21.939
20.288
18.584
29.963
26.542
18.167
18.776
19.036
19.417
19.507
19.269
19.471
18.729
20.498
19.385
19.744
23.260
18.046
18.887
19.115
17.080
18.433
17.017
22.187
18.970
22.038
18.748
35.046
35.584
19.214
19.667
20.114
20.529
20.287
19.637
20.393
20.335
20.075
20.830
21.443
18.500
24.473
20.455
20.859
18.715
19.325
19.499
20.862
21.688
20.646
20.979
17.610
17.510
16.958
17.861
16.681
19.627
19.194
17.860
16.608
19.689
20.274
18.597
18.202
17.982
17.205
18.848
19.995
18.379
18.474
18.705
21.850
18.065
17.550
17.880
18.608
