13.886
14.778
14.215
15.444
13.861
14.319
15.868
15.363
13.213
14.517
13.302
13.113
13.580
12.300
63.256
14.627
14.434
14.120
14.218
14.413
14.284
14.203
14.106
13.652
14.035
13.472
13.854
14.763
14.456
13.533
13.728
14.166
14.068
12.509
13.755
7.777
17.544
3.585
12.262
12.475
13.506
12.395
14.041
13.313
14.252
13.153
15.706
13.643
28.892
13.190
13.610
13.184
14.255
13.627
13.347
13.505
15.549
14.817
15.216
15.040
8.184
13.580
13.550
13.052
13.036
13.421
13.433
13.792
13.815
15.364
14.765
14.482
15.647
13.834
14.275
22.651
14.898
15.825
16.003
16.441
13.465
14.743
13.688
14.697
15.455
16.019
12.976
13.208
12.847
13.278
13.718
13.712
14.496
13.431
13.340
13.327
14.119
14.488
14.920
13.528
14.314
13.611
13.336
13.470
15.557
16.256
14.211
14.328
15.262
15.761
13.735
13.877
13.453
13.267
14.120
14.400
14.637
13.794
14.182
13.955
13.556
13.537
13.103
14.228
13.278
13.478
13.812
15.011
13.847
13.924
14.086
3.577
15.617
13.967
13.556
13.149
12.855
13.023
12.814
14.482
13.492
14.976
15.270
14.669
14.353
13.419
13.686
15.924
15.557
13.550
13.483
13.058
14.514
13.374
14.461
13.875
14.086
14.201
13.061
13.620
13.133
13.599
12.712
13.033
13.688
13.145
13.466
14.454
13.836
14.773
13.848
13.904
13.327
12.978
13.399
13.562
13.481
13.814
13.690
13.255
13.778
13.244
12.732
13.000
