28.666
27.530
27.956
29.671
29.154
28.562
21.534
21.306
19.770
20.764
19.554
19.261
19.591
18.840
21.914
21.708
21.738
21.173
20.987
20.919
20.154
20.931
19.453
19.220
24.072
23.585
21.912
21.900
20.477
21.997
19.507
19.839
19.094
18.893
19.867
19.540
21.205
21.060
19.836
20.408
16.545
16.976
16.498
16.413
16.972
16.426
17.319
16.894
17.325
17.210
17.941
20.685
19.006
16.613
17.844
15.863
17.115
20.250
19.710
19.566
20.658
19.873
19.846
19.732
20.064
17.094
18.787
17.314
19.263
18.365
16.629
19.005
17.742
18.024
20.470
21.629
15.969
15.842
16.163
16.102
16.157
15.742
16.645
16.780
16.104
16.444
17.402
19.612
16.931
17.985
18.151
17.874
16.311
16.270
18.452
18.388
16.915
18.280
20.958
19.822
16.320
15.924
16.344
16.256
16.383
16.778
17.346
17.534
17.357
21.251
21.944
16.999
16.853
17.717
17.490
17.360
17.106
18.424
18.405
18.489
18.728
19.438
20.464
17.082
17.635
16.368
16.248
16.271
16.216
18.294
17.947
17.634
18.199
18.046
17.315
17.358
18.055
17.979
17.534
17.015
16.512
16.581
18.175
17.936
17.652
17.264
16.336
17.001
16.213
16.381
18.732
17.836
17.130
16.465
16.388
16.210
18.090
18.433
16.693
17.299
17.165
17.739
16.436
17.639
18.379
17.887
17.074
17.287
16.784
18.341
17.041
17.193
16.477
17.125
