71.627
72.737
68.078
68.646
72.522
75.308
73.579
71.521
70.950
71.408
68.166
68.836
74.459
76.511
73.277
72.570
76.802
76.336
79.039
80.902
74.096
75.287
74.332
74.510
75.570
75.562
81.636
78.579
85.087
83.984
82.377
83.587
72.475
73.390
69.509
71.900
71.473
74.231
78.643
49.859
67.433
71.172
79.731
72.294
70.839
71.799
70.146
69.507
72.278
73.111
78.178
78.888
81.224
78.120
83.126
86.278
5.848
76.020
76.940
78.307
78.017
73.967
72.282
72.599
72.963
83.697
76.663
78.365
84.025
70.535
71.210
68.652
68.910
72.346
73.400
72.608
72.847
85.344
84.214
79.195
86.527
74.353
72.610
69.933
69.335
67.727
67.449
71.527
68.976
68.520
67.941
83.893
72.154
70.274
67.025
69.476
68.457
66.931
70.316
71.372
70.418
71.195
82.745
79.999
76.439
74.131
73.166
75.033
75.975
71.704
92.610
84.364
76.879
82.301
74.998
74.142
73.346
73.602
74.090
73.028
75.037
78.395
76.871
77.239
81.621
85.349
77.577
76.984
75.708
75.567
78.192
76.507
76.515
78.370
77.222
78.310
81.256
79.617
76.760
76.274
77.346
78.668
75.271
76.181
73.699
74.982
84.322
83.205
76.444
79.970
70.941
70.830
71.078
71.218
72.864
71.509
59.097
57.641
231.571
77.563
76.230
83.017
79.480
72.826
73.268
74.696
77.504
74.284
76.021
73.741
72.766
73.012
77.372
84.384
84.758
76.194
75.666
77.307
77.040
