12.354
12.512
2.526
12.884
2.072
11.837
16.916
45.487
23.575
12.823
13.119
12.985
14.018
6.778
15.770
14.777
14.804
22.058
12.949
13.423
13.065
14.369
13.204
13.504
12.957
14.410
13.934
14.735
13.443
11.467
8.108
14.438
13.378
12.855
13.005
13.031
12.091
12.789
15.084
13.518
18.358
13.218
16.313
13.776
13.750
14.071
13.372
13.084
13.015
13.331
13.732
13.755
14.557
13.858
13.437
15.077
12.757
14.325
13.703
15.210
14.003
14.669
11.818
8.621
16.257
14.528
14.888
15.814
18.124
15.821
14.674
15.395
13.023
12.253
13.511
12.597
0.000
13.657
13.936
13.847
16.084
12.961
15.594
15.043
14.032
14.099
13.955
12.810
