15.630
15.158
16.944
15.963
17.250
16.721
16.317
16.765
18.570
18.291
18.347
19.821
27.673
25.747
16.583
15.930
16.559
16.762
15.854
25.474
17.592
16.844
17.935
18.091
17.112
17.396
16.954
18.554
16.760
16.576
16.392
16.170
16.611
15.939
16.955
19.859
18.117
22.158
16.292
21.335
18.816
17.015
17.553
16.532
16.221
15.382
17.315
18.361
18.426
17.905
17.969
18.948
19.311
18.496
16.699
16.299
17.952
17.307
17.364
18.502
17.714
19.776
19.376
20.515
19.792
20.163
16.562
19.165
19.892
16.723
16.290
16.223
18.821
17.083
18.970
19.125
18.993
18.670
17.690
16.310
16.566
