51.692
52.436
53.924
3.505
5.720
6.121
26.314
53.802
55.109
44.006
48.230
52.616
59.885
59.788
66.784
69.529
63.949
63.878
74.184
57.047
58.710
54.551
53.330
54.085
55.209
59.943
56.989
58.826
58.512
56.293
55.723
55.278
59.852
54.786
55.883
54.696
54.508
54.075
54.002
56.649
54.057
56.159
50.415
53.344
51.939
51.800
49.735
51.036
52.162
50.268
50.044
56.056
55.768
54.839
54.868
53.897
56.882
54.106
54.772
55.665
54.520
55.892
55.818
59.952
52.745
54.489
55.496
17.581
53.943
54.974
51.108
56.641
55.747
54.029
51.601
53.676
54.948
51.622
50.639
53.633
47.860
52.089
54.063
50.724
52.915
54.266
