99219131
99219159
99219176
99219180
99219185
99219191
99219195
99219199
99219202
99219206
99220183
99220255
99220311
99220402
99220444
99220475
99221997
99222050
99222103
99222107
99222161
99222191
99222539
99222684
99223074
99223229
99223431
99223491
99223498
99223501
99223505
99223508
99223512
99223514
99223517
99223520
99223525
99223527
99223532
99223550
99223880
99224140
99224244
99224427
99224563
99224635
99229571
99229586
99229601
99229618
99229634
99229681
99229697
99229714
99229745
99229802
99229972
99239306
99239389
99274966
99275048
99282924
99290776
99291090
99291577
99292346
99292432
99292619
99294793
99294827
99295271
99295368
99297518
99310849
99310850
99310851
99310852
99322757
99333057
99333144
99333222
99344018
99344119
99372677
99388214
99388286
99418063
99429089
99429164
99466081
99466150
99491418
99505126
99505200
99536053
99536133
99549055
99559320
99559329
99566990
99567078
99595367
99595400
99603025
99603026
99603027
99609137
99609139
99609141
99610079
99610081
99610082
99610100
99610397
99610599
99610602
99620895
99620974
99638869
99651799
99651865
99664050
99681001
99681058
99698424
99698455
99711647
99711740
99711879
99733425
99733436
99740651
99740652
99740653
99742331
99742399
99771466
99771547
99799550
99799618
99827875
99827935
99855678
99855736
99883491
99883552
99911229
99911311
99917913
99917916
99917917
99939041
99939096
99950696
99950706
99950707
99951272
99963309
99963347
99963416
99963503
99963598
99963676
99963738
99963788
99963821
99963841
99963843
99963845
99963846
99963848
99963849
99963850
99963852
99963854
99963855
99963857
99963858
99963859
99963860
99963862
99963867
99967422
99967494
99968183
99968185
99968188
99968192
99968193
99968196
99968201
99968203
99968206
99968208
99968210
99968212
99968215
99968247
99968310
99968395
99968485
99968634
99968675
99968724
99968729
99969868
99969888
99969893
99969895
99969896
99969899
99969901
99969905
99969906
99969908
99969911
99969912
99969915
99969917
99969918
99969923
99969925
99969928
99969968
99970117
99970203
99970285
99970351
99970435
99970454
99973199
99973287
99973375
99973508
99974195
99974205
99974215
99974226
99974234
99974236
99974241
99974246
99974248
99974255
99974259
99975465
99975467
99975661
99975760
99975837
99975896
99975936
99975962
99975974
99975976
99975977
99975979
99975980
99975981
99975983
99975984
99975985
99975986
99975987
99976055
99979372
99979374
99979410
99979479
99979567
99979666
99979750
99979824
99979874
99979908
99980546
99980550
99980551
99980554
99980556
99980580
99981723
99981725
99981726
99981727
99981729
99981731
99981736
99981737
99981739
99981740
99981843
99982036
99982187
99982238
99982272
99982296
99982308
99982320
99982328
99982336
99982337
99982338
99982340
99982367
99986019
99986043
99986056
99986057
99986061
99986062
99987039
99987084
99987109
99987113
99987125
99987151
99987160
99987171
99987190
99987207
99987218
99995760
99995821
100023415
100023486
100050970
100051036
100073298
100079607
100079695
100103665
100105389
100105398
100105407
100107628
100107701
100136923
100136981
100147709
100165350
100165421
100182607
100193867
100193941
100225264
100225333
100253575
100253641
100274053
100274056
100279182
100279237
100296271
100306172
100306236
100334690
100334750
100349746
100356830
100356832
100362796
100362853
100394527
100394592
100409383
100409384
100409385
100423245
100423315
100450519
100451089
100451589
100451649
100451718
100453497
100457725
100457727
100457729
100462355
100462443
100463017
100463020
100475454
100475489
100475553
100475661
100475767
100475841
100475855
100475902
100475938
100475974
100475991
100476004
100476013
100476023
100476044
100476053
100476061
100476070
100476081
100476083
100476085
100476087
100476089
100476090
100476093
100477232
100477258
100477292
100479629
100479693
100480337
100480338
100480342
100480345
100480347
100480352
100480355
100480356
100480359
100480361
100480362
100480364
100480367
100480381
100480421
100480495
100480583
100480670
100480804
100480843
100480892
100480907
100481350
100482114
100482131
100482143
100482145
100482147
100482149
100482152
100482155
100482157
100482158
100482162
100482163
100482164
100482167
100482168
100482170
100482172
100482174
100482177
100482231
100482388
100482477
100482558
100482622
100482707
100485274
100485415
100485512
100485595
100485705
100485814
100485846
100486380
100486390
100486401
100486414
100486423
100486432
100486437
100486443
100486446
100486450
100486453
100487643
100487645
100487647
100487730
100487839
100487930
100488007
100488084
100488129
100488165
100488190
100488209
100488210
100488211
100488212
100488213
100488214
100488217
100488218
100488220
100488222
100488223
100488288
100488744
100491641
100491644
100491665
100491713
100491790
100491877
100491963
100492036
100492089
100492134
100492819
100492821
100492823
100492826
100492828
100492831
100493961
100493972
100493981
100493988
100493996
100494005
100494032
100494034
100494038
100494039
100494075
100494227
100494412
100494476
100494522
100494551
100494570
100494579
100494587
100494592
100494594
100494600
100494602
100494604
100494605
100498335
100498336
100498338
100498340
100498341
100498343
100499077
100499167
100499253
100499332
100499386
100499458
100499468
100499471
100499476
100499478
100499481
100508525
100508588
100523161
100535115
100538695
100538758
100563718
100572156
100572240
100598197
100599239
100600260
100600540
100601123
100601203
100614633
100614715
100649623
100649729
100687815
100687888
100707961
100707964
100707965
100716573
100716625
100730618
100744531
100744613
100775042
100790487
100804245
100822276
100822472
100822549
100829849
100855488
100870419
100886147
100894517
100903089
100903091
100903092
100917627
100960120
100985208
100994783
101000691
101034187
101067540
101103298
101111766
101136639
101152987
101170366
101187265
101201526
101208077
101208116
101208622
101227413
101234236
101234268
101234302
101235823
101248626
101248661
101248727
101248827
101248932
101249007
101249082
101249113
101249139
101249141
101249142
101249145
101249146
101249148
101249150
101249155
101249162
101249163
101249164
101249167
101249169
101249172
101249173
101249184
101249200
101249599
101249648
101249678
101249700
101249703
101249705
101249706
101249708
101249709
101249712
101249713
101249715
101249718
101249719
101249721
101249723
101252925
101253640
101253643
101253645
101253649
101253650
101254778
101254787
101254790
101254806
101254818
101254819
101254821
101254823
101254824
101254825
101254840
101254856
101254863
101254865
101254868
101254869
101254874
101254898
101254954
101255129
101255282
101255344
101255380
101255404
101255420
101255434
101255438
101255439
101255443
101258538
101259280
101259329
101259347
101259350
101259353
101259358
101259360
101259378
101259381
101259384
101259386
101260670
101260688
101260718
101260719
101260739
101260804
101260891
101260979
101261115
101261196
101261220
101261230
101261236
101261262
101261278
101261280
101261281
101261306
101261322
101261336
101264905
101264908
101264910
101264914
101264915
101264931
101264963
101265027
101265110
101265200
101266150
101266152
101266154
101266157
101266159
101266161
101267236
101267268
101267312
101267339
101267347
101267351
101267373
101267391
101267420
101267434
101267455
101267507
101267580
101267689
101267786
101267857
101267918
101267954
101267977
101267984
101267985
101267993
101267994
101268016
101268047
101268051
101268054
101268055
101268057
101272641
101272647
101272649
101272652
101272653
101272671
101272672
101272675
101272747
101272923
101273089
101282882
101289466
101309017
101335629
101350604
101355259
101366789
101399311
101429978
101461664
101467553
101467556
101469472
101492154
101495517
101531977
101537132
101537389
101552552
101552571
101552572
101552591
101576152
101588294
101614237
101629019
101629600
101629669
101654219
101694144
101715915
101733139
101774776
101783498
101786471
101789725
101789763
101789764
101789765
101800103
101823090
101834322
101840167
101840175
101840176
101858984
101868114
101869081
101872175
101872185
101872207
101890435
101890497
101890576
101890674
101890774
101890878
101890959
101891004
101891035
101891047
101891057
101891068
101891091
101891108
101891120
101891132
101891150
101891161
101891167
101891174
101891180
101891185
101891189
101891195
101891205
101891678
101891736
101891780
101891810
101891827
101891839
101891849
101891860
101891872
101891884
101891917
101891929
101891947
101891957
101891983
101892001
101895838
101896714
101896731
101896746
101896765
101896781
101898201
101898213
101898222
101898232
101898245
101898254
101898264
101898274
101898283
101898294
101898312
101898330
101898349
101898361
101898375
101898389
101898413
101898458
101898531
101898722
101898873
101898925
101898964
101898986
101899021
101899051
101899083
101899096
101899112
101902768
101903638
101903656
101903666
101903680
101903691
101903702
101903713
101903732
101903745
101903779
101903801
101905445
101905463
101905514
101905556
101905626
101905713
101905801
101905865
101905965
101906017
101906028
101906043
101906056
101906079
101906083
101906084
101906086
101906087
101906088
101906101
101910038
101910041
101910042
101910048
101910072
101910129
101910213
101910310
101910402
101910489
101911339
101911341
101911343
101911346
101911348
101911349
101912501
101912521
101912538
101912553
101912565
101912577
101912612
101912619
101912624
101912633
101912704
101912887
101913005
101913098
101913154
101913196
101913222
101913230
101913235
101913244
101913251
101913261
101913267
101913293
101913306
101913321
101913334
101913357
101913368
101913378
101918224
101918235
101918250
101918262
101918271
101918275
101918277
101918304
101918441
101918617
101918733
101929481
101939983
101946308
101961358
101964594
101985049
101992654
102024686
102052962
102054789
102086383
