99239314
99239393
99274972
99275046
99322756
99344017
99344117
99388218
99388287
99429092
99429169
99466076
99466152
99491417
99505134
99505197
99536058
99536134
99549054
99567000
99567080
99595364
99595414
99620902
99620980
99651807
99651868
99664048
99681002
99681067
99711639
99711735
99711878
99742328
99742397
99771464
99771539
99799549
99799611
99827876
99827939
99855667
99855734
99883482
99883549
99911233
99911309
99939044
99939100
99967425
99967493
99995754
99995822
100023412
100023489
100050971
100051029
100073297
100079600
100079692
100107629
100107703
100136927
100136985
100165346
100165424
100182606
100193866
100193936
100225267
100225329
100253582
100253640
100279181
100279245
100306167
100306238
100334691
100334743
100349738
100362792
100362849
100394534
100394589
100423243
100423309
100451586
100451651
100479624
100479697
100508522
100508589
100523160
100538693
100538762
100563717
100572154
100572239
100614629
100614719
100649627
100649737
100687817
100687890
100716577
100716618
100730617
100744530
100744614
100775045
100790485
100804244
100829850
100855490
100886142
100894515
100917619
100960119
100985202
101000686
101034192
101067539
101103294
101111764
101136642
101170373
101187262
101201521
101227411
101252926
101282873
101289464
101309019
101335626
101350602
101366790
101399309
101429977
101461662
101469469
101492157
101495513
101531974
101537134
101537387
101576147
101614241
101654220
101694143
101715904
101733143
101774765
101783497
101823087
101858992
101895834
101929482
101946307
101961353
101985048
101992658
102024678
102054790
102086382
