15.994
15.706
17.309
17.552
15.858
16.594
17.067
15.531
15.774
16.453
16.723
15.577
15.061
14.836
17.225
16.849
17.745
18.055
15.156
17.747
17.873
23.447
23.765
17.162
16.452
15.624
16.318
15.421
19.832
20.790
18.624
18.748
18.951
18.490
18.629
16.652
16.701
15.783
16.072
16.103
16.115
17.353
17.115
16.898
17.350
16.505
17.614
15.893
15.610
23.906
23.629
15.267
15.622
16.040
16.227
17.528
17.541
16.536
16.912
17.263
20.418
15.944
16.272
15.991
16.431
16.067
17.160
19.737
19.311
18.460
18.134
17.095
16.694
16.468
16.873
15.977
16.070
15.350
15.690
16.111
19.420
20.723
17.769
17.312
16.999
16.637
16.142
16.863
16.121
16.271
16.715
16.783
15.797
16.681
16.753
20.360
17.705
18.472
20.018
19.100
16.572
16.473
18.673
16.158
16.869
17.277
16.509
18.775
17.900
16.365
17.148
16.980
23.198
15.681
15.896
16.064
17.707
17.623
15.493
16.651
17.402
16.125
16.203
16.560
17.199
17.013
15.959
16.891
16.687
16.329
16.819
14.651
18.889
17.258
16.116
16.693
16.031
15.819
16.222
15.813
19.102
17.549
17.665
17.977
16.480
16.425
16.279
16.599
15.899
16.075
16.423
17.980
20.358
18.069
16.263
15.463
15.502
13.039
16.748
17.411
16.679
17.141
16.235
15.723
