17.458
16.716
18.865
18.364
14.076
17.054
15.927
15.001
15.963
16.467
15.927
14.160
14.535
14.261
15.847
15.851
15.902
16.085
14.994
16.944
17.158
16.245
15.717
16.296
16.072
15.516
15.456
15.407
16.482
16.980
16.350
17.892
13.814
16.739
16.251
16.477
16.121
15.707
15.546
15.832
16.373
19.186
19.929
15.791
15.528
17.446
16.733
15.472
15.833
15.342
14.685
15.423
15.734
16.270
16.325
17.265
16.225
14.855
16.190
15.685
15.887
15.773
15.763
16.170
15.278
15.332
14.369
25.840
18.106
16.610
15.875
18.036
15.383
15.191
15.137
2.360
15.533
15.405
15.326
15.648
16.270
17.416
17.712
17.510
18.324
18.038
17.904
15.751
15.065
15.685
16.224
15.371
17.404
14.677
27.779
27.799
17.298
17.379
18.180
21.852
20.942
15.842
16.108
17.205
15.539
15.478
16.141
14.244
16.581
17.196
17.515
17.247
15.811
18.274
15.300
15.007
14.674
15.638
16.651
17.309
15.557
15.002
16.549
15.980
15.770
18.024
21.015
15.444
15.721
16.622
15.591
14.990
15.637
13.822
19.413
18.223
16.997
16.226
15.287
16.129
15.524
15.044
15.532
16.892
16.715
15.482
15.831
15.380
15.082
16.543
16.277
16.387
17.186
15.942
6.518
16.536
15.954
15.378
14.291
15.895
13.884
17.783
16.143
14.857
15.233
