78.411
78.045
67.872
67.860
83.666
83.408
82.224
82.539
82.745
83.640
82.228
81.952
81.108
74.857
78.305
78.493
65.380
65.826
81.051
84.218
85.391
83.693
84.840
81.129
82.526
79.157
80.049
77.094
84.832
84.624
81.638
80.162
84.813
83.088
84.697
80.259
79.420
80.935
80.669
80.124
81.744
84.504
85.904
85.270
84.728
87.306
84.558
81.716
82.079
79.017
79.383
79.276
79.966
80.053
81.894
87.580
86.500
96.180
86.632
86.264
85.028
80.480
79.776
76.379
76.812
78.163
71.578
56.506
79.010
77.893
81.718
81.145
80.440
78.621
76.449
75.712
79.611
78.813
81.032
80.133
77.285
79.476
83.380
87.014
84.930
81.565
81.113
80.063
80.088
79.166
78.385
75.217
75.401
71.508
80.190
81.424
87.826
76.532
77.305
88.549
71.079
71.291
70.829
72.068
70.740
69.931
69.027
82.962
74.649
74.934
71.234
71.266
75.000
72.849
72.405
72.283
69.125
82.167
73.393
75.772
72.106
71.473
70.679
72.139
69.364
73.200
74.082
64.562
78.660
73.957
73.615
72.263
68.219
81.856
78.428
72.536
77.073
73.925
72.775
75.519
74.214
77.590
76.346
82.328
78.266
77.848
77.265
67.504
76.677
85.524
78.428
80.750
74.002
71.210
82.620
57.365
75.429
61.907
71.580
77.207
