133147122
133147141
133147156
133147178
133147192
133147212
133147229
133147240
133147248
133147263
133156507
133156577
133161780
133161807
133163563
133164315
133164467
133165437
133165439
133166039
133166105
133169426
133169427
133195233
133195244
133195289
133195811
133196439
133196443
133448906
133448908
133448912
133448916
133448921
133448925
133448930
133448938
133448944
133448950
133534261
133573989
134778054
134778109
134778344
134778606
134779018
134785346
134993540
134993541
134993542
134993543
134993544
134993545
134993546
134993547
134993548
134993549
134993550
134993551
134993552
134993553
134993554
135007329
135020736
135091883
135094004
135099601
135130373
135133753
135141431
135143083
