133156614
133156629
133168085
133169406
133287511
133534262
133556284
133573937
133626112
134014808
134667125
134778055
134778113
134778346
134778607
134779021
134785347
134993557
134993558
134993559
134993560
134993561
134993562
134993563
134993564
134993565
134993566
134993567
134993568
134993569
134993570
134993571
134993994
134993995
134993996
134993997
134993998
134993999
134994000
134994001
134994003
134994004
134994006
134994007
134994008
134994009
134994010
135007332
135020738
135091884
135094005
135099603
135130374
135133754
135141435
135143085
