125545658
125545660
125545661
125545663
125545664
125545667
125545668
125545671
125545673
125545674
125545675
125545681
125545684
125545685
125545687
125545688
125545690
125545691
125545782
125545788
125545789
125545791
125545792
125545793
125545794
125546565
125546567
125546568
125546569
125546570
125546571
125546573
125546574
125546577
125546578
125546581
125546582
125546584
125546586
125546588
125546589
125546592
125546593
125547187
125547223
125547230
125547236
125547242
125547247
125547252
125547516
125547520
125547523
125547524
125548104
125548106
125548111
125548114
125548118
125548120
125548121
125548127
125548131
125548133
125548134
125548139
125548140
125548142
125548149
125548564
125548576
125548592
125548604
125548618
125548634
125548646
125548658
125548667
125548906
125549143
125549146
125549153
125549155
125549160
125549162
125549166
125549168
125549172
125549174
125549178
125549181
125549183
125549186
125549285
125549892
125549897
125549904
125549910
125550090
125550092
125550093
125550096
125550097
125550098
125550143
125550144
125550145
125550146
125550147
125550148
125550149
125550150
125550154
125550158
125550163
125550169
125550175
125550182
125550811
125550822
125550823
125550829
125550833
125551019
125551027
125551036
125551041
125551048
125551053
125551061
125551066
125551076
125551132
125551146
125551557
125551561
125551566
125551574
125551581
125551603
125551607
125551611
125551614
125551752
125551754
125551756
125551758
125551760
125551846
125552428
125552435
125552447
125552454
125552461
125552472
125552507
125552511
125552513
125672126
125672127
125672128
125672129
125672132
125672133
125672134
125672135
125672136
125672137
125672138
125672139
125672140
125672141
125672156
125672161
125672167
125672171
125672661
125672730
125672932
125673200
125673215
125673216
125673217
125673218
125673219
125673221
125673222
125673223
125673225
125673226
125673227
125673228
125673229
125673231
125673232
125673235
125673236
125673237
125673694
125673699
125673707
125673804
125673842
125673844
125673845
125673849
125673850
125673851
125673854
125673870
125674296
125674435
125674436
125674438
125674439
125674559
125674672
125674953
125674963
125674966
125674967
125674969
125674970
125674999
125675003
125675005
125675006
125675008
125675009
125675010
125675011
125675016
125675018
125675019
125675085
125675087
125675088
125675089
125675090
125675091
125675662
125675663
125675665
125675669
125675670
125675671
125675672
125675674
125675675
125675676
125675678
125675682
125675684
125675685
125675693
125675726
125675733
125675792
125676167
125676170
125676173
125676176
125676178
125676179
125676183
125676279
125676280
125676285
125676289
125676297
125676301
125676308
125676312
125676362
125676371
125676447
125676458
125676472
125676549
125676809
125676810
125676811
125676813
125676814
125676815
125676816
125676817
125676819
125676820
125676823
125677345
125677347
125677349
125677351
125677353
125677405
125677407
125677409
125677411
125677412
125677413
125677415
125677417
125677418
125677913
125677917
125677922
125677960
125678002
125678135
125678136
125678140
125678142
125678144
125678146
125678148
125678149
125678151
125678154
125678156
125678398
125678413
125678424
125678435
125678513
125678524
125678532
125678542
125678553
125678558
125678565
125678622
125678660
125678665
125678673
125678676
125678713
125678724
125678834
125678836
125678837
125678838
125678839
125678841
125678844
125679228
125679236
125679244
125679253
125679264
125679272
125679277
125679286
125679295
125679302
125679306
125679365
125679366
125679367
125679368
125679371
125679372
125679373
125679582
125679588
125679603
125679613
125679625
125679639
125679646
125679976
125679978
125679981
125679993
125679996
125679997
125679998
125680004
125680005
125680007
125680509
125680510
125680511
125680514
125680523
125680536
125680791
125680804
125680818
125680830
125680840
125680849
125680854
125680862
125680872
125680878
125680887
125680901
125680906
125680917
125681109
125681110
125681111
125681112
125681192
125681203
125681215
125681225
125681238
125681249
125681284
125681555
125681577
125681716
125681742
125681743
125681744
125681745
125681746
125681748
125681749
125681750
125681751
125681752
125681753
125681754
125681755
125681756
125681757
125865269
125865280
125865282
125865284
125865286
125865288
125865290
125865329
125865332
125865337
125865343
125865350
125865355
125865360
125865366
125865371
125865378
125865388
125865441
125865451
125865464
125865472
125865482
125865496
125865503
125865960
125865963
125865973
125865974
125865976
125865977
125865979
125866322
125866327
125866334
125866345
125866354
125866358
125866366
125866373
125866380
125866386
125866422
125866569
125866572
125866574
125866575
125866576
125866577
125866579
125866992
125866999
125867026
125867029
125867031
125867035
125867038
125867046
125867064
125867066
125867068
125867069
125867071
125867073
125867075
125867076
125867079
125867083
125867492
125867525
125867554
125867592
125867602
125867606
125867607
125867815
125867822
125867824
125867825
125867830
125867832
125867833
125867837
125867839
125867841
125867843
125867845
125867847
125867848
125867849
125867851
125867852
125867855
125868410
125868421
125868447
125868453
125868461
125868469
125868471
125868520
125868521
125868524
125868527
125868529
125868530
125869043
125869046
125869049
125869064
125869065
125869068
125869069
125869071
125869072
125869073
125869076
125869079
125869227
125869233
125869245
125869253
125869269
125869278
125869286
125869299
125869311
125869386
125869397
125869406
125869416
125869952
125869962
125869974
125869982
125869993
125870000
125870007
125870016
125870021
125870028
125870036
125870043
125870060
125870068
125870079
125870083
125870244
125870245
125870246
125870247
125870248
125870250
125870251
125870254
125870268
125870825
125870826
125870827
125870829
125870832
125870834
125870835
125870837
125870839
125870840
125870841
125870843
125870847
125870851
125870852
125870853
125871042
125871057
125871068
125871077
125871088
125871097
125871102
125871110
125871116
125871498
125871500
125871508
125871513
125871515
125871517
125871520
125871521
125871522
125871523
125871529
125871537
125871543
125871547
125871549
125871550
125871551
125871552
125872060
125872063
125872065
125872067
125872068
125872069
125872070
125872075
125872082
125872102
125872104
125872105
125872106
125872107
125872108
125872109
125872111
125872113
125872202
125872203
125872204
125872205
125872206
125872207
125872209
125872745
125872746
125872747
125872750
125872751
125872752
125872753
125872755
125872756
125872759
125872760
125872761
125872762
125872763
125872764
125872765
125872766
125872769
125873218
125873222
125873244
125873254
125873258
125873261
125873263
125873421
125873477
125873487
125873496
125873509
125873515
125873525
125873538
125873548
125873563
125873573
125873582
125873640
125873649
125873657
125873662
125873668
125873676
125873950
125873951
125873952
125873954
125873955
125873956
125873958
125874332
125874339
126009573
126009575
126009576
126009577
126009578
126009579
126009580
126009583
126009584
126009585
126009586
126009588
126009589
126009590
126009591
126009592
126009593
126009594
126009595
126009597
126009598
126009599
126009601
126009602
126009603
126010108
126010112
126010117
126010161
126010171
126010179
126010187
126010197
126010204
126010215
126010232
126010306
126010317
126010325
126010342
126010356
126010366
126010391
126010403
126010416
126010471
126010482
126010490
126010497
126010511
126011012
126011022
126011040
126011047
126011057
126011059
126011074
126011079
126011084
126011086
126011091
126011101
126011105
126011108
126011132
126011137
126011139
126011142
126011146
126011150
126011151
126011166
126011170
126011172
126011173
126588756
126588757
126588758
126588759
126588764
126588765
126588766
126588768
126588769
126588770
126588772
126588774
126588775
126588776
126588778
126588779
126588780
126588781
126588782
126589249
126589288
126589295
126589297
126589302
126589307
126589380
126589382
126589384
126589385
126589386
126589387
126589388
126589389
126589543
126589560
126589572
126589587
126589599
126589611
126589625
126589639
126589654
126589663
126589680
126590013
126590017
126590024
126590028
126590037
126590045
126590052
126590062
126590070
126590078
126590086
126590099
126590109
126590123
126590517
126590519
126590523
126590526
126590530
126590536
126590542
126590548
126590550
126590551
126590557
126591145
126591150
126591153
126591154
126591156
126591157
126591162
126591164
126591168
126591189
126591195
126591201
126591212
126591213
126591264
126591265
126591266
126591267
126591268
126591269
126591270
126591271
126591272
126591273
126591302
126591794
126591795
126591796
126591797
126591800
126591803
126591805
126591806
126591807
126591808
126591809
126591810
126591811
126591812
126592260
126592263
126592270
126592274
126592279
126592283
126592288
126592292
126592297
126592301
126592302
126592416
126592443
126592449
126592456
126592915
126592918
126592919
126592921
126592923
126592925
126592926
126592927
126592929
126592930
126592931
126592934
126592938
126592940
126592941
126592942
126592944
126592945
126592946
126592978
126592979
126593523
126593527
126593528
126593529
126593531
126593532
126593535
126593538
126593540
126593611
126593612
126593614
126593615
126593616
126593617
126593619
126593620
126593621
126593623
126593626
126593627
126593628
126593629
126593866
126593877
126594261
126594270
126594274
126594276
126594280
126594283
126594287
126594288
126594290
126594374
126594380
126594386
126594392
126594397
126594443
126594451
126594460
126594474
126594486
126594499
126594512
126594523
126594533
126594862
126594863
126594962
126594963
126594964
126594966
126594968
126594970
126594971
126594972
126594973
126595491
126595493
126595494
126595495
126595496
126595498
126595516
126595517
126595518
126595520
126595521
126595522
126595523
126595524
126595525
126595526
126596066
126596071
126596102
126596133
126596140
126596143
126596148
126596151
126596155
126596158
126596160
126596168
126596169
126596175
126596176
126596177
126596178
126596179
126596184
126596267
126596268
126596275
126596280
126596317
126596332
126596344
126596353
126596362
126596372
126596386
126596399
126596410
126596424
126596436
126596448
126596462
126596477
126596491
126596856
126596858
126596859
126596860
126596862
126596864
126597374
126597375
126597377
126597380
126597381
126597382
126597385
126597386
126597387
126597389
126597390
126597392
126597393
126597396
126597399
126597400
126597401
126597402
126597502
126597503
126597504
126597505
126597506
126597507
126598106
126598110
126598114
126598117
126598123
126598125
126598130
126598135
126598141
126598158
126598162
126598164
126598168
126598173
126598185
126598187
126598190
126598192
126598197
126598590
126598596
126598603
126598613
126598623
126598634
126598996
126599008
126599019
126599032
126599043
126599057
126599106
126599118
126599129
126599140
126599149
126599159
126599164
126599213
126599226
126599233
126599243
126599250
126599259
