88340249
88340251
88340252
88340253
88340255
88340256
88340258
88340259
88340260
88340263
88340265
88340268
88340269
88340270
88340271
88340272
88340273
88340274
88487964
88488031
88488092
88567143
88567147
88567206
88567348
88567364
88567480
88567484
88567600
88567661
88567664
88567725
88567844
88567848
88567906
88567959
88567961
88567963
88567965
88713973
88721343
88721402
88721417
88721464
88721522
88721577
88723808
88742241
88742243
88836146
88836155
88836164
88837070
88837079
88837107
88837760
88837769
88837778
88838673
88838682
88838692
88839677
88839686
88839695
88840639
88840648
88840657
88841739
88841748
88841796
88842711
88842720
88842786
88843761
88843821
88843835
88844877
88844887
88844953
88846050
88846059
88846069
88846981
88846990
88847000
88848025
88848034
88848044
88849119
88849128
88849138
88849695
88849704
88849713
88850787
88850796
88850805
88851446
88851455
88851524
88852535
88852544
88852553
88853156
88853165
88853203
88854159
88854168
88854234
88854822
88854835
88854903
88855908
88855974
88855983
88856493
88856558
88856567
88857697
88857706
88857722
88858249
88858296
88858324
88859416
88859426
88859435
88860061
88860070
88860101
88861152
88861208
88861227
88861942
88861952
88861961
88862889
88862898
88862907
88863556
88863565
88863574
88864469
88864478
88864547
88865367
88865376
88865385
88866178
88866187
88866196
88867095
88867104
88867113
88867852
88867861
88867870
88868936
88868956
88868965
88869633
88869642
88869652
88870607
88870616
88870625
88871365
88871374
88871384
88872350
88872359
88872368
88873005
88873014
88873023
88873949
88873959
88873968
88874616
88874625
88874637
88875563
88875572
88875581
88876246
88876255
88876265
88877221
88877231
88877254
88877958
88877967
88877987
88878922
88878931
88878966
88879596
88879662
88879671
88880683
88880692
88880701
88881431
88881487
88881503
88882308
88882374
88882383
88883236
88883245
88883255
88884119
88884129
88884164
88884966
88884976
88885042
88885866
88885876
88885889
88886895
88886906
88886915
88887748
88887758
88887822
88888612
88888621
88888630
88889455
88889526
88889540
88890642
88890651
88890661
88891535
88891579
88891589
88892338
88892347
88892356
88893231
88893240
88893306
88894014
88894023
88894032
88894943
88894952
88894961
88895677
88895686
88895695
88896557
88896566
88896575
88897418
88897429
88897496
88898226
88898235
88898244
88899160
88899169
88899179
88899845
88899854
88899863
88900813
88900822
88900831
88901515
88901524
88901533
88902493
88902502
88902511
88903248
88903257
88903266
88904193
88904202
88904211
88904858
88904868
88904877
88905807
88905816
88905825
88906477
88906487
88906496
88907491
88907500
88907510
88908183
88908193
88908203
88909188
88909198
88909225
88909887
88909896
88909905
88910988
88910997
88911007
88911704
88911713
88911746
88912741
88912751
88912777
88913486
88913495
88913504
88914455
88914464
88914502
88915183
88915194
88915256
88916147
88916203
88916212
88916880
88916889
88916953
88917864
88917874
88917884
88918613
88918622
88918631
88919575
88919641
88919650
88920311
88920321
88920381
88921342
88921411
88921420
88922100
88922109
88922174
88923180
88923189
88923198
88923817
88923884
88923893
88924837
88924846
88924855
88925545
88925554
88925563
88926461
88926471
88926481
88927292
88927301
88927310
88928102
88928111
88928120
88928981
88928990
88928999
88929805
88929815
88929824
88930677
88930740
88930747
88931469
88931478
88931487
88932417
88932426
88932435
88933170
88933179
88933188
88934121
88934130
88934139
88934807
88934816
88934826
88935716
88935726
88935735
88936449
88936458
88936468
88937335
88937344
88937353
88938150
88938160
88938171
88939011
88939020
88939029
88939784
88939794
88939803
88940699
88940708
88940771
88941565
88941610
88941619
88942438
88942448
88942457
88943285
88943296
88943305
88943958
88943970
88943983
88944026
88944035
88944045
88944102
88944111
88944120
88944235
88944248
88944259
88944345
88944355
88944364
88944423
88944439
88944463
88944656
88944663
88944669
88944736
88944742
88944749
88944810
88944813
88944821
88944823
88944827
88944828
88944831
88944834
88944838
88944857
88944860
88944863
88944866
88944946
88944955
88945017
88945023
88945030
88945035
88945044
88945052
88945055
88945058
88945060
88945062
88945080
88945098
88945151
88945160
88945169
88945197
88945206
88945216
88945232
88945241
88945250
88945307
88945316
88945328
88945403
88945413
88945422
88945491
88945501
88945511
88945621
88945631
88945640
88945688
88945697
88945706
88946446
88946455
88946464
88947575
88947585
88947594
88948444
88948515
88948525
88949363
88949372
88949381
88950318
88950327
88950396
88951221
88951230
88951240
88952055
88952064
88952073
88953101
88953110
88953119
88954133
88954142
88954151
88955129
88955138
88955147
88956095
88956105
88956114
88956934
88956944
88956953
88957973
88957982
88958053
88958862
88958871
88958937
88959953
88960020
88960029
88960730
88960739
88960748
88961853
88961862
88961871
88962643
88962652
88962661
88963643
88963652
88963662
88964662
88964672
88964739
88965763
88965774
88965805
88966659
88966725
88966735
88967836
88967847
88967910
88968751
88968760
88968769
88969706
88969717
88969727
88970743
88970753
88970762
88971489
88971558
88971568
88972458
88972468
88972477
88973168
88973178
88973244
88974214
88974223
88974232
88974919
88974928
88974937
88975908
88975917
88975926
88976610
88976619
88976689
88977597
88977606
88977616
88978368
88978428
88978437
88979294
88979304
88979313
88980384
88980393
88980402
88981061
88981070
88981079
88982021
88982090
88982099
88982719
88982728
88982737
88983812
88983821
88983830
88984372
88984382
88984391
88985454
88985464
88985473
88986083
88986110
88986157
88986999
88987008
88987017
88987818
88987828
88987864
88988928
88988939
88988949
88989623
88989632
88989641
88990673
88990740
88990749
88991300
88991366
88991375
88992347
88992393
88992425
88992929
88992938
88992948
88993925
88993935
88993953
88994653
88994722
88994731
88995644
88995654
88995717
88996435
88996472
88996481
88997364
88997373
88997383
88998283
88998293
88998303
88999193
88999202
88999211
89000095
89000104
89000114
89001021
89001030
89001040
89001769
89001778
89001787
89002686
89002695
89002704
89003394
89003403
89003412
89004324
89004333
89004342
89005182
89005192
89005252
89006064
89006073
89006082
89006923
89006932
89006941
89007695
89007704
89007714
89008717
89008737
89008747
89009614
89009623
89009632
89010576
89010587
89010596
89011490
89011552
89011561
89012387
89012396
89012405
89013341
89013350
89013359
89014329
89014338
89014348
89015176
89015202
89015237
89016158
89016178
89016236
89017151
89017162
89017171
89017900
89017923
89017974
89019030
89019056
89019065
89019730
89019773
89019799
89020909
89020922
89020933
89021603
89022768
89022778
89024684
89025354
89025364
89025427
89026438
89026447
89026458
89027172
89027181
89027209
89028147
89028157
89028168
89029041
89029050
89029063
89029816
89029826
89029835
89030706
89030773
89030782
89031565
89031574
89031583
89034404
89036121
89036130
89036139
89036736
89036747
89036756
89037840
89037849
89037858
89038433
89038442
89038453
89039517
89039526
89039538
89040103
89040112
89040122
89041300
89041334
89041343
89041927
89043064
89043077
89043710
89043719
89043728
89044818
89045463
89045472
89045535
89046609
89046618
89046627
89047223
89047234
89047243
89048323
89049016
89049042
89050910
89050919
89050928
89052766
89052832
89052841
89053908
89053917
89053926
89054485
89054558
89054567
89055574
89055583
89056304
89057334
89058162
89059991
89060972
89062746
89140844
89141375
89141706
89142476
89142492
89143033
89143152
89143649
89143707
89144153
89144452
89145309
89145610
89146261
89146325
89146769
89146774
89148703
89151708
89152512
89363612
89363703
89363720
89363738
89363756
89363775
89363850
89365665
89365683
89365705
89365724
89367077
89367097
89367169
89367444
89367655
89367674
89367692
89367712
89382218
89382646
89383001
89383468
89383847
89401802
89404097
89404534
89404656
89584926
89584928
89584930
89584932
89584934
89585068
89585070
89585072
89585074
89585076
89585703
89585705
89585707
89585709
89585711
89585714
89585971
89585973
89585975
89585977
89585979
89588346
89588348
89588352
89588369
89588405
89588552
89588554
89588556
89588565
89590467
89590469
89590471
89590497
89590530
89632248
89633224
89633227
89633955
89633982
89634580
89641414
89641830
89649620
89649621
89649676
89649678
89649680
89649681
89649683
89649685
89649696
89649757
89649834
89649898
89650054
89650073
89650212
89650217
89650220
89650354
89650373
89650417
89650418
89650475
89650531
89650532
89650965
89651087
89651205
89651327
89651329
89651330
89651331
89651454
89652659
89652782
89652787
89652908
89652910
89653133
89653194
89653319
89653389
89653391
89653538
89653720
89653856
89653987
89654110
89654484
89654616
89654752
89654786
89654890
89655262
89655393
89655551
89655720
89655875
89656007
89656388
89656513
89656644
89656705
89656801
89656873
89656995
89656998
89657005
89657132
89657134
89681312
89681372
89681373
89681494
89681618
89681852
89682019
89682082
89682083
89682084
89682090
89682095
89682099
89682109
89682174
89682298
89682471
89682598
89682724
89682849
89763626
89768526
89768528
89768531
89768534
89768537
89793613
89793620
89794702
89794705
89794708
89794710
89794712
89794714
89796695
89796698
89796701
89796704
89796706
89796708
89798714
89798716
89801687
89801690
89801693
89801695
89801697
89801882
89801907
89801910
89801912
89801914
89801916
89803698
89803705
89803711
89803717
89803722
89803727
89803736
89803742
89803750
89803780
89803812
89806497
89806500
89806599
89806601
89806705
89806707
89807851
89807853
89808495
89808498
89808501
89808503
89808505
89808508
89809945
89809949
89809952
89809956
89809960
89811650
89811653
89811655
89811657
89811659
89811873
89811876
89811879
89813798
89813800
89813802
89813804
89813806
89836590
89836594
89836628
89836665
89836695
89836698
89836702
89836703
89836705
89836712
89836716
89836721
89836724
89836747
89836765
89836766
89836775
89836787
89836788
89836794
89838933
89838962
89839003
89839153
89839301
89839425
89839549
89839551
89839578
89839702
89839870
89839871
89839932
89839998
89840010
89840167
89840313
89844601
89844728
89844852
89844853
89844855
89845033
89845154
89845275
89845343
89845354
89845421
89845599
89845719
89845720
89845844
89845845
89845974
89850383
89850447
89850557
89850621
89850743
89850748
89850895
89850957
89851012
89851013
89851017
89851020
89851023
89851028
89851029
89851094
89851276
89851396
89851518
89851640
89855871
89855993
89856053
89856054
89856059
89856061
89856065
89856068
89856072
89856074
89856127
89856247
89856373
89856503
89856504
89856684
89856792
89856904
89857024
89857086
89857910
89857917
89857918
89857930
89857939
89857947
89857956
89857957
89857958
89857970
89857979
89857980
89857983
89857992
89858003
89858007
89858008
89858017
89858021
89858030
89862846
89863034
89863097
89863219
89863343
89863404
89863406
89863584
89863711
89863777
89863778
89863967
89864095
89864165
89864290
89864465
89864467
89864591
89864714
89864919
89870635
89870756
89870882
89870884
89870885
89871011
89871241
89871364
89871497
89871671
89871792
89871854
89871977
89872035
89872163
89872231
89872299
89872432
89872591
89872715
89877850
89877851
89878025
89878099
89878219
89878340
89878467
89878586
89878708
89878836
89878964
89878965
89879087
89879088
89879214
89879337
89879338
89879344
89879525
89884966
89884967
89884974
89884989
89885004
89885018
89885030
89885031
89885046
89885047
89885048
89885061
89885071
89885086
89885088
89885096
89885109
89885121
89885133
89885144
89885956
89885975
89885999
89886018
89886033
89886049
89886051
89886067
89886081
89886098
89886100
89886120
89886139
89886165
89886185
89886205
89886219
89886220
89887040
89887048
89887063
89887075
89887086
89887089
89887103
89887109
89887115
89887121
89887122
89887137
89887149
89887157
89887168
89887546
89887547
89887553
89887556
89887561
89887564
89887631
89887807
89887933
89888059
89888183
89888312
89888482
89888596
89888717
89888800
89888964
89889102
89889247
89889376
89893072
89893079
89893089
89893216
89893281
89893282
89893459
89893460
89893465
89893588
89893717
89893889
89894012
89894075
89894083
89894151
89894153
89894274
89894330
89894488
89913375
89913377
89913379
89913381
89913383
89913385
89917198
89917240
89917242
89917244
89917246
89917248
90069011
90069012
90069128
90069250
90069438
90069439
90069505
90069506
90069507
90069515
90069521
90069527
90069592
90069714
90069715
90069903
90070028
90070030
90070149
90070150
90072832
90072950
90073099
90073253
90073257
90073399
90073538
90073719
90073721
90073724
90073725
90073843
90073851
90073857
90073928
90073929
90074053
90074177
90074178
90074197
90078395
90078520
90078521
90078522
90078523
90078653
90078777
90078898
90078899
90078900
90078902
90078904
90079053
90079119
90079184
90079307
90079308
90079433
90079561
90079735
90083342
90083460
90083571
90083689
90083823
90083985
90083988
90083992
90084108
90084226
90084227
90084228
90084229
90084273
90084291
90084417
90084536
90084654
90084660
90084661
90089393
90089394
90089396
90089517
90089598
90089804
90089928
90090075
90090078
90090082
90090178
90090222
90090226
90090230
90090232
90090233
90090234
90090241
90090248
90090254
90307477
90307839
90309133
90313448
90313510
90313632
90313812
90313938
90314000
90314154
90314213
90314542
90314741
90314876
90314891
90314901
90314904
90314905
90314911
90314925
90314934
90315025
90315356
90321891
90321896
90322056
90322130
90322133
90322139
90322144
90322148
90322156
90322355
90322367
90322381
90322672
90322872
90323000
90323120
90323238
90323301
90323307
90323314
90325424
90325446
90325452
90325620
90325632
90325648
90325788
90325824
90325832
90325838
90325839
90325844
90325845
90325852
90325860
90325869
90326017
90326188
90326248
90326265
90328538
90328540
90328541
90328562
90328567
90328743
90328890
90328933
90328935
90328942
90328946
90328950
90328958
90328959
90328966
90328970
90329096
90329274
90329347
90329348
90333201
90333265
90333272
90333283
90333299
90333570
90333855
90333862
90334031
90334205
90334325
90334454
90334516
90334526
90334533
90334534
90334702
90335006
90335018
90335026
90341163
90341232
90341239
90341359
90341360
90341362
90341474
90341517
90341535
90341652
90341654
90341718
90341724
90341725
90341842
90342147
90342365
90342424
90342429
90342587
90348158
90348468
90348478
90348709
90348796
90348926
90349102
90349103
90349221
90349222
90349287
90349292
90349310
90349609
90349894
90350046
90350107
90350109
90350222
90350341
90356236
90356296
90356413
90356472
90356475
90356535
90356796
90357012
90357143
90357257
90357377
90357552
90357554
90357614
90357615
90357616
90357734
90357867
90358169
90358409
90364279
90364560
90364838
90365023
90365080
90365199
90365312
90365433
90365434
90365559
90365731
90365732
90365797
90365967
90366273
90366281
90366472
90366647
90366648
90366768
90373228
90373353
90373381
90373416
90373541
90373660
90373781
90373898
90374044
90374351
90374364
90374604
90374744
90374750
90374754
90374762
90374766
90374771
90374772
90374778
90380744
90380867
90380984
90381048
90381050
90381343
90381655
90381839
90381969
90381975
90381985
90381986
90381991
90381998
90382002
90382129
90382435
90382674
90382834
90382835
90388947
90388952
90388954
90389094
90389096
90389132
90389225
90389233
90389236
90389243
90389248
90389261
90389262
90389263
90389360
90389371
90389689
90389925
90390086
90390127
90396580
90396581
90396586
90396587
90396589
90396707
90396965
90397189
90397315
90397316
90397380
90397504
90397505
90397623
90397740
90397855
90398034
90398355
90398558
90398562
90404585
90404703
90404825
90404951
90404999
90405077
90405078
90405084
90405230
90405478
90405638
90405824
90405945
90406008
90406009
90406016
90406017
90406019
90406024
90406025
90421386
90421499
90423071
90425414
90425599
90428756
90429178
90435483
90435854
90435977
90438001
90438222
90441215
90444078
90444303
90445730
90445731
90445732
90445733
90445734
90445735
90445736
90445737
90445738
90445739
90447841
90449851
90452989
90455549
90456823
90457414
90460070
90460319
90460412
90462986
90464665
90465136
90467694
90469718
90469759
90470253
90470352
90470486
90471917
90472032
90472065
90472579
90472901
90473846
90474774
90474875
90475925
90476909
90477029
90477939
90478667
90480630
90480780
90484304
90488166
90490578
90493108
90494997
90495401
90497856
90497986
90500697
90500786
90501701
90501996
90502101
90503027
90503896
90503986
90504843
90504946
90505876
90506716
90507251
90507355
90507518
90508515
90508626
90509933
90511801
90512176
90515405
90515629
90519551
90519606
90523931
90525284
90525348
90526860
90529462
90531221
90531590
90534082
90535182
90535362
90535470
90537945
90538044
90539434
90540141
90542696
90545368
90547432
90550208
90552766
90554617
90555000
90557613
90560442
90562302
90565037
90565361
90566917
90569795
90573340
90573475
90576982
90577082
90578749
90579068
90579289
90581947
90582031
90584536
90584663
90587773
90590622
90590737
90593198
90593419
90595450
90596610
90596732
90599962
90601076
90602210
90603022
90605468
90605700
90608041
90609335
90612743
90613117
90615862
90618797
90620860
90623495
90623620
90626172
90626271
90629459
90631978
90634739
90637800
90637968
90638008
90641576
90643801
90646503
90649133
90649397
90651418
90655637
90658412
90658617
90661041
90661172
90663951
90666558
90667988
90668876
90670072
90670166
90671563
90671663
90674339
90674435
90675844
90676881
90678142
90680572
90680667
90681427
90684044
90684414
90687908
90690544
90690794
90692745
90694651
90695538
90697168
90698207
90700010
90700207
90700366
90704585
90704667
90979866
90979998
90980140
90980218
90980237
90980259
90980263
90980265
90980267
90980269
90980284
90980430
90980443
90980784
90980824
90981055
90981059
90981198
90981334
90981462
90988719
90988720
90988739
90988754
90988755
90988773
90988864
90989172
90989453
90989617
90989619
90989659
90989680
90989812
90989944
90990079
90990100
90990271
90990402
90990404
90997172
90997194
90997425
90997442
90997763
90997976
90997980
90998186
90998208
90998288
90998485
90998489
90998507
90998510
90998702
90998704
90998706
90998708
90998876
90999157
91006039
91006049
91006180
91006368
91006444
91006509
91006689
91006765
91006786
91006787
91006870
91007194
91007417
91007553
91007688
91007821
91007954
91007968
91008118
91008242
91014673
91014674
91014694
91014695
91014716
91014719
91014722
91014821
91015145
91015416
91015579
91015713
91015892
91015962
91015965
91015967
91016041
91016174
91016193
91016462
91024174
91024230
91024245
91024292
91024631
91024951
91024955
91025110
91025243
91025245
91025374
91025377
91025445
91025462
91025478
91025497
91025752
91026069
91026253
91026386
91035045
91035216
91035380
91035572
91035734
91035742
91035750
91036063
91036395
91036422
91036709
91036930
91036935
91037120
91037290
91037498
91037500
91037628
91037751
91037971
91120570
91120861
91120950
91121323
91121338
91121342
91121359
91121369
91121386
91121402
91121786
91121803
91121820
91121836
91177239
91177257
91177264
91177265
91177272
91177281
91177295
91177379
91177590
91177701
91177704
91177716
91177726
91177734
91177744
91177801
91177857
91177888
91178070
91178081
91180906
91180912
91180920
91180946
91181131
91181280
91181311
91181317
91181351
91181387
91181393
91181401
91181409
91181532
91181718
91181785
91181788
91181795
91181804
91181809
91184598
91184610
91184670
91184777
91184783
91184788
91184793
91184795
91184802
91184804
91184811
91184886
91185088
91185198
91185200
91185212
91185221
91185223
91185224
91185226
91187528
91187534
91187535
91187540
91187545
91187553
91187713
91187880
91187922
91187926
91187932
91187934
91187939
91187945
91187946
91187953
91187956
91188045
91188244
91188338
91190849
91190855
91190947
91191148
91191237
91191247
91191251
91191261
91191315
91191371
91191378
91191407
91191592
91191738
91191741
91191768
91191775
91191779
91191810
91191811
91194197
91194201
91194205
91194211
91194289
91194508
91194611
91194615
91194628
91194629
91194632
91194633
91194639
91194643
91194646
91194653
91194657
91194715
91194726
91194929
91197222
91197244
91197445
91197459
91197620
91197653
91197665
91197676
91197687
91197699
91197709
91197710
91197728
91197878
91198078
91198153
91198164
91198165
91198273
91198281
91201023
91201029
91201036
91201044
91201054
91201082
91201259
91201417
91201456
91201469
91201479
91201489
91201490
91201500
91201510
91201519
91201662
91201857
91201928
91201940
91204162
91204168
91204171
91204178
91204183
91204329
91204504
91204552
91204558
91204564
91204569
91204576
91204580
91204583
91204652
91204661
91204865
91204956
91204973
91204975
91207116
91207124
91207131
91207142
91207143
91207245
91207444
91207519
91207529
91207530
91207540
91207546
91207547
91207559
91207565
91207579
91207629
91207641
91207843
91207969
91210106
91210110
91210114
91210119
91210122
91210128
91210130
91210230
91210429
91210503
91210513
91210518
91210523
91210526
91210530
91210531
91210534
91210575
91210771
91213289
91213450
91213487
91213494
91213502
91213503
91213509
91213516
91213525
91213531
91213657
91213842
91213910
91213920
91213935
91213950
91213954
91213974
91213988
91214040
91220298
91220484
91525823
91561586
91561640
91561642
91561800
91562005
91562163
91562167
91562218
91562328
91562337
91562344
91562438
91562776
91562791
91563072
91563168
91563176
91563194
91563207
91563217
91565694
91565792
91565801
91565806
91565809
91565811
91565821
91565831
91565839
91565841
91565842
91565843
91565844
91565890
91566079
91566189
91566203
91566209
91566216
91566217
91568234
91568239
91568244
91568250
91568328
91568514
91568610
91568617
91568622
91568623
91568626
91568637
91568639
91568647
91568656
91568688
91568859
91568873
91569007
91569011
91571080
91571101
91571109
91571110
91571112
91571121
91571124
91571130
91571139
91571145
91571152
91571265
91571429
91571495
91571497
91571626
91571628
91571789
91571813
91571998
91574995
91574999
91575004
91575014
91575019
91575023
91575027
91575034
91575039
91575040
91575044
91575173
91575343
91575387
91575394
91575401
91575408
91575413
91575414
91575415
91577442
91577444
91577446
91577453
91577454
91577466
91577467
91577474
91577480
91577490
91577589
91577761
91577774
91577786
91577795
91577838
91577846
91577847
91577853
91577860
91580127
91580300
91580342
91580345
91580355
91580371
91580381
91580388
91580390
91580393
91580399
91580400
91580412
91580525
91580699
91580761
91580771
91580780
91580790
91580800
91585928
91585933
91586064
91586230
91586272
91586276
91586279
91586283
91586290
91586295
91586305
91586310
91586381
91586565
91586662
91586670
91586679
91586680
91586686
91586691
91588768
91588947
91589030
91589036
91589037
91589042
91589050
91589058
91589063
91589067
91589070
91589113
91589294
91589420
91589424
91589463
91589464
91589476
91589477
91589478
91591436
91591440
91591523
91591698
91591709
91591779
91591781
91591785
91591789
91591790
91591794
91591795
91591798
91591805
91591811
91591868
91592081
91592179
91592190
91592194
91597279
91597314
91597321
91597325
91597330
91597333
91597545
91597918
91598154
91598300
91598470
91598579
91598584
91598589
91598595
91598643
91598923
91599062
91599083
91599088
91603355
91603360
91603364
91603367
91603374
91603428
91603438
91603621
91603712
91603727
91603732
91603733
91603734
91603739
91603744
91603748
91603755
91603777
91603944
91604095
