88286611
88286669
88286703
88286729
88286781
88286783
88286784
88286785
88286787
88286790
88286792
88286793
88291141
88309806
88340354
88340362
88340363
88340366
88340368
88340370
88340372
88340375
88527947
88706682
88706687
88706778
88706814
88706872
88706888
88706931
88706991
88707051
88707058
88707064
88707069
88707074
88707079
88707085
88709740
88709744
88712071
88712553
88748717
88836143
88836152
88836161
88837067
88837076
88837086
88837757
88837766
88837775
88838670
88838679
88838688
88839674
88839683
88839692
88840636
88840645
88840654
88841736
88841745
88841754
88842708
88842717
88842783
88843755
88843818
88843830
88844874
88844884
88844950
88846047
88846056
88846065
88846978
88846987
88846996
88848022
88848031
88848041
88849116
88849125
88849134
88849692
88849701
88849710
88850784
88850793
88850802
88851443
88851452
88851476
88852532
88852541
88852550
88853153
88853162
88853171
88854156
88854165
88854231
88854819
88854831
88854898
88855905
88855971
88855980
88856486
88856555
88856564
88857681
88857703
88857718
88858246
88858255
88858321
88859413
88859422
88859432
88860057
88860067
88860076
88861149
88861163
88861224
88861939
88861949
88861958
88862886
88862895
88862904
88863553
88863562
88863571
88864466
88864475
88864513
88865364
88865373
88865382
88866175
88866184
88866193
88867092
88867101
88867110
88867849
88867858
88867867
88868900
88868952
88868962
88869630
88869639
88869649
88870604
88870613
88870622
88871362
88871371
88871381
88872347
88872356
88872365
88873002
88873011
88873020
88873946
88873956
88873965
88874613
88874622
88874634
88875560
88875569
88875578
88876243
88876252
88876262
88877218
88877227
88877237
88877955
88877964
88877973
88878919
88878928
88878937
88879593
88879630
88879668
88880680
88880689
88880698
88881428
88881437
88881500
88882305
88882359
88882380
88883219
88883242
88883252
88884115
88884126
88884136
88884963
88884972
88885039
88885863
88885873
88885882
88886892
88886903
88886912
88887745
88887755
88887790
88888609
88888618
88888627
88889450
88889513
88889536
88890639
88890648
88890657
88891510
88891576
88891585
88892335
88892344
88892353
88893228
88893237
88893303
88894011
88894020
88894029
88894938
88894949
88894958
88895674
88895683
88895692
88896554
88896563
88896572
88897415
88897425
88897488
88898223
88898232
88898241
88899157
88899166
88899175
88899842
88899851
88899860
88900810
88900819
88900828
88901512
88901521
88901530
88902490
88902499
88902508
88903245
88903254
88903263
88904190
88904199
88904208
88904855
88904865
88904874
88905804
88905813
88905822
88906474
88906484
88906493
88907488
88907497
88907506
88908180
88908190
88908199
88909185
88909194
88909205
88909884
88909893
88909902
88910985
88910994
88911003
88911700
88911710
88911719
88912738
88912748
88912757
88913483
88913492
88913501
88914452
88914461
88914470
88915180
88915190
88915218
88916134
88916200
88916209
88916877
88916886
88916949
88917861
88917871
88917881
88918610
88918619
88918628
88919572
88919581
88919647
88920308
88920318
88920357
88921339
88921389
88921417
88922096
88922106
88922153
88923134
88923186
88923195
88923814
88923868
88923890
88924834
88924843
88924852
88925542
88925551
88925560
88926458
88926467
88926478
88927289
88927298
88927307
88928099
88928108
88928117
88928978
88928987
88928996
88929802
88929811
88929821
88929841
88929843
88929844
88929846
88929848
88929852
88930673
88930717
88931466
88931475
88931484
88932414
88932423
88932432
88933167
88933176
88933185
88934118
88934127
88934136
88934804
88934813
88934823
88935713
88935722
88935732
88936446
88936455
88936465
88937332
88937341
88937350
88938147
88938157
88938168
88939008
88939017
88939026
88939781
88939791
88939800
88940695
88940705
88940768
88941543
88941606
88941616
88942435
88942444
88942454
88943282
88943292
88943302
88943955
88943964
88943979
88944023
88944032
88944042
88944099
88944108
88944117
88944230
88944244
88944255
88944342
88944351
88944361
88944417
88944432
88944455
88944631
88944633
88944635
88944639
88944642
88944645
88944646
88944650
88944652
88944655
88944675
88944677
88944680
88944720
88944725
88944733
88944835
88944844
88944850
88944943
88944952
88944963
88945020
88945031
88945041
88945095
88945104
88945110
88945148
88945157
88945166
88945194
88945203
88945212
88945229
88945238
88945247
88945304
88945313
88945325
88945400
88945409
88945419
88945488
88945497
88945508
88945618
88945628
88945637
88945685
88945694
88945703
88946443
88946452
88946461
88947572
88947582
88947591
88948440
88948511
88948522
88949360
88949369
88949378
88950315
88950324
88950380
88951218
88951227
88951236
88952052
88952061
88952070
88953098
88953107
88953116
88954130
88954139
88954148
88955126
88955135
88955144
88956092
88956102
88956111
88956931
88956941
88956950
88957970
88957979
88958036
88958859
88958868
88958934
88959950
88959971
88960026
88960727
88960736
88960745
88961850
88961859
88961868
88962640
88962649
88962658
88963603
88963649
88963659
88964659
88964668
88964736
88965760
88965771
88965780
88966656
88966722
88966731
88967831
88967842
88967907
88968748
88968757
88968766
88969703
88969714
88969724
88970739
88970749
88970759
88971486
88971555
88971565
88972418
88972464
88972474
88973165
88973175
88973241
88974211
88974220
88974229
88974916
88974925
88974934
88975905
88975914
88975923
88976605
88976616
88976686
88977594
88977603
88977612
88978365
88978425
88978434
88978743
88979291
88979301
88979310
88980380
88980390
88980399
88981058
88981067
88981076
88982018
88982073
88982096
88982716
88982725
88982734
88983809
88983818
88983827
88984369
88984379
88984388
88985451
88985461
88985470
88986080
88986090
88986153
88986996
88987005
88987014
88987814
88987825
88987834
88988925
88988935
88988946
88989620
88989629
88989638
88990670
88990705
88990746
88991297
88991341
88991372
88992344
88992353
88992422
88992926
88992935
88992945
88993922
88993931
88993941
88994650
88994712
88994728
88995641
88995651
88995714
88996401
88996469
88996478
88997360
88997370
88997379
88998280
88998290
88998299
88999190
88999199
88999208
89000092
89000101
89000111
89001018
89001027
89001037
89001766
89001775
89001784
89002683
89002692
89002701
89003391
89003400
89003409
89004321
89004330
89004339
89005179
89005188
89005216
89006061
89006070
89006079
89006920
89006929
89006938
89007692
89007701
89007711
89008665
89008734
89008744
89009611
89009620
89009629
89010572
89010584
89010593
89011483
89011549
89011558
89012384
89012393
89012402
89013338
89013347
89013356
89014290
89014335
89014345
89015173
89015184
89015223
89016155
89016164
89016233
89017148
89017159
89017168
89017897
89017907
89017970
89018990
89019053
89019062
89019727
89019736
89019796
89020906
89020917
89020929
89021592
89021609
89021616
89022765
89022775
89022785
89023470
89023476
89023482
89024681
89024690
89024696
89025351
89025361
89025424
89026435
89026444
89026455
89027169
89027178
89027200
89028144
89028154
89028165
89028995
89029047
89029060
89029813
89029823
89029832
89030703
89030758
89030779
89031561
89031571
89031580
89032558
89032564
89032633
89033323
89033330
89033336
89034401
89034410
89034416
89035041
89035047
89035053
89036118
89036127
89036136
89036733
89036744
89036753
89037837
89037846
89037855
89038430
89038439
89038450
89039514
89039523
89039533
89040100
89040109
89040119
89041264
89041331
89041340
89041892
89041950
89041956
89043060
89043073
89043084
89043707
89043716
89043725
89044815
89044825
89044832
89045460
89045469
89045532
89046606
89046615
89046624
89047220
89047230
89047240
89048320
89048329
89048335
89048973
89049039
89049048
89050197
89050205
89050212
89050906
89050916
89050925
89052086
89052126
89052133
89052763
89052829
89052838
89053905
89053914
89053923
89054482
89054519
89054564
89055571
89055580
89056276
89057325
89057330
89058159
89059174
89059988
89060969
89061843
89061849
89062742
89140845
89141433
89141589
89142478
89142491
89142973
89143215
89143648
89143767
89144151
89144622
89145371
89145554
89146202
89146383
89146765
89146776
89148645
89151712
89189182
89363609
89363660
89363693
89363701
89363718
89363736
89363754
89363772
89363848
89363869
89365663
89365681
89365702
89365722
89365742
89365759
89365838
89367095
89367167
89367442
89367653
89367672
89367690
89367710
89367730
89382213
89382780
89382859
89383473
89383478
89383789
89401798
89404169
89404530
89404673
89453754
89584916
89584918
89584920
89584922
89584924
89585056
89585058
89585060
89585062
89585064
89585066
89585694
89585696
89585698
89585700
89585902
89585929
89585963
89585965
89585967
89585969
89588336
89588338
89588340
89588342
89588344
89588540
89588542
89588544
89588546
89588548
89588550
89590457
89590459
89590461
89590463
89590465
89632250
89633222
89633230
89633949
89633987
89634583
89634830
89651326
89651390
89651391
89651452
89651456
89651457
89651459
89651460
89651461
89651464
89651465
89651466
89651469
89651470
89651471
89651472
89651474
89651475
89651478
89651529
89651532
89651583
89651584
89651585
89652907
89653132
89653315
89653317
89653385
89653387
89654491
89654492
89654621
89654624
89654625
89654757
89654804
89654888
89654904
89654918
89654954
89654955
89655079
89655256
89655257
89655260
89655387
89655388
89655392
89655422
89655523
89655524
89655588
89656870
89656999
89657133
89657135
89657154
89657182
89657344
89657470
89657472
89657603
89657784
89657899
89658024
89658211
89658337
89658492
89658632
89658634
89658753
89658814
89684490
89684607
89684730
89684800
89684866
89684877
89685032
89685184
89685245
89685309
89685310
89685370
89685434
89685656
89685661
89685662
89685745
89685871
89685993
89686145
89695456
89762852
89768291
89768516
89768518
89768520
89768522
89768524
89793530
89793554
89793588
89793590
89793599
89793605
89793781
89793783
89793785
89793787
89793789
89794687
89794690
89794692
89794694
89794697
89794700
89796019
89796021
89796054
89796085
89796680
89796683
89796685
89796687
89796691
89796693
89798051
89798053
89798055
89798710
89798712
89798800
89798802
89798805
89798807
89798810
89801677
89801679
89801681
89801683
89801685
89801834
89801836
89801838
89801841
89801843
89801845
89803659
89803664
89803669
89803675
89803681
89803691
89803702
89803709
89803715
89803720
89803728
89806493
89806495
89806594
89806597
89806691
89806694
89806696
89806698
89806700
89806703
89807843
89808480
89808482
89808484
89808487
89808490
89808492
89809924
89809928
89809932
89809936
89809940
89811867
89811869
89811871
89813788
89813790
89813792
89813794
89813796
89813983
89813985
89813987
89813990
89813992
89813994
89837092
89837099
89837106
89837107
89837117
89837124
89837129
89837136
89837141
89837142
89837152
89837157
89837162
89837171
89837172
89837180
89837185
89837192
89837193
89837202
89841833
89841846
89841914
89841941
89842110
89842234
89842238
89842362
89842492
89842500
89842507
89842522
89842535
89842599
89842716
89842870
89843023
89843024
89843150
89843280
89847193
89847371
89847492
89847493
89847607
89847671
89847672
89847705
89847711
89847715
89847719
89847841
89847990
89848144
89848260
89848377
89848553
89848673
89848738
89848747
89852980
89853098
89853099
89853224
89853378
89853510
89853631
89853687
89853692
89853759
89853767
89853941
89854072
89854073
89854191
89854318
89854329
89854337
89854342
89854349
89857396
89857401
89857409
89857415
89857418
89857425
89857434
89857470
89857548
89857560
89857567
89857571
89857574
89857578
89857583
89857593
89857595
89857603
89857623
89857624
89858962
89859083
89859164
89859234
89859236
89859360
89859537
89859546
89859663
89859836
89859837
89859959
89860184
89860337
89860496
89860621
89860747
89860748
89860928
89861054
89867149
89867153
89867154
89867155
89867270
89867343
89867345
89867471
89867648
89867765
89867831
89867950
89868015
89868016
89868136
89868310
89868441
89868565
89868690
89868810
89874581
89874651
89874653
89874779
89874780
89874843
89874844
89875024
89875136
89875221
89875359
89875504
89875507
89875632
89875760
89875908
89876061
89876063
89876190
89876193
89881680
89881742
89881804
89881921
89882034
89882036
89882158
89882269
89882272
89882408
89882544
89882672
89882674
89882855
89882857
89882973
89883089
89883261
89883380
89883504
89885240
89885336
89885337
89885352
89885372
89885412
89885418
89885423
89885442
89885466
89885485
89885505
89885523
89885538
89885559
89885583
89885605
89885623
89885641
89885660
89885662
89886604
89886619
89886636
89886656
89886669
89886672
89886692
89886717
89886739
89886756
89886758
89886759
89886776
89886778
89886787
89886800
89886820
89886834
89886852
89886854
89887325
89887332
89887340
89887351
89887359
89887367
89887371
89887373
89887378
89887388
89887395
89887403
89887411
89887413
89887417
89887421
89887426
89887427
89887428
89887435
89890438
89890619
89890621
89890746
89890869
89890871
89890872
89891010
89891049
89891178
89891297
89891302
89891309
89891310
89891318
89891355
89891380
89891506
89891628
89891751
89896023
89896180
89896315
89896433
89896498
89896499
89896506
89896508
89896509
89896513
89896516
89896639
89896644
89896770
89896892
89897022
89897145
89897146
89897300
89897438
89913306
89913321
89913359
89913369
89913371
89913373
89914311
89914314
89914317
89914319
89915054
89917172
89917174
89917176
89917178
89917180
89917182
90071474
90071475
90071593
90071763
90071764
90071765
90071884
90072041
90072070
90072076
90072085
90072149
90072324
90072811
90072820
90072825
90075586
90075593
90075712
90075833
90076006
90076129
90076256
90076321
90076329
90076337
90076338
90076346
90076347
90076471
90076595
90076736
90076737
90076863
90076981
90076982
90081149
90081266
90081392
90081393
90081395
90081459
90081465
90081470
90081471
90081472
90081477
90081478
90081483
90081704
90081815
90081931
90082047
90082167
90082168
90082228
90086231
90086369
90086385
90086386
90086391
90086393
90086395
90086400
90086406
90086471
90086603
90086731
90086865
90086886
90086930
90087065
90087191
90087313
90087432
90087549
90092105
90092145
90092150
90092154
90092156
90092160
90092302
90092303
90092447
90092642
90092643
90092784
90092788
90092920
90093082
90093213
90093330
90093448
90093520
90093575
90106249
90305539
90305873
90311011
90317532
90317896
90317904
90317916
90317922
90318026
90318104
90318225
90318398
90318514
90318633
90318753
90318877
90318878
90319004
90319014
90319351
90319391
90319600
90319730
90319734
90324167
90324245
90324438
90324452
90324537
90324558
90324566
90324567
90324570
90324574
90324580
90324585
90324586
90324587
90324638
90324835
90324950
90324953
90324956
90324980
90326849
90327037
90327158
90327174
90327184
90327190
90327199
90327206
90327215
90327233
90327403
90327567
90327610
90327619
90327626
90327632
90327643
90327648
90327674
90327682
90329914
90329971
90330162
90330292
90330321
90330330
90330337
90330348
90330356
90330357
90330393
90330397
90330419
90330426
90330601
90330766
90330806
90330821
90330837
90330845
90336970
90336980
90337284
90337524
90337608
90337729
90337850
90337968
90338091
90338092
90338096
90338103
90338370
90338650
90338657
90338814
90338942
90339105
90339112
90339236
90345223
90345336
90345337
90345513
90345514
90345522
90345523
90345533
90345535
90345691
90346065
90346267
90346385
90352220
90352348
90352523
90352646
90352767
90352886
90352891
90352934
90353130
90353249
90353381
90353500
90353559
90353618
90353785
90360283
90360346
90360512
90360528
90360833
90360962
90360971
90361092
90361151
90361268
90361336
90361337
90361344
90361410
90361585
90361595
90361912
90362195
90362321
90362439
90369145
90369259
90369260
90369438
90369553
90369616
90369620
90369621
90369627
90369883
90370115
90370125
90370285
90370286
90370397
90370398
90370509
90370675
90370695
90370758
90377107
90377110
90377111
90377116
90377120
90377121
90377245
90377626
90377844
90377980
90377982
90378097
90378156
90378157
90378278
90378460
90378461
90378574
90378725
90379026
90384390
90384411
90384738
90384971
90384976
90385062
90385200
90385360
90385478
90385599
90385710
90385834
90386068
90386381
90386572
90386753
90386756
90386761
90386767
90386775
90392271
90392279
90392461
90392648
90392774
90392839
90392840
90393022
90393145
90393153
90393165
90393270
90393589
90393768
90393965
90393972
90393981
90394045
90394169
90394176
90394186
90400150
90400262
90400500
90400740
90400920
90401042
90401167
90401281
90401286
90401289
90401294
90401334
90401645
90401888
90402074
90402075
90402214
90402341
90402462
90402499
90408465
90408466
90408473
90408474
90408675
90409035
90409226
90409228
90409230
90409232
90409351
90409468
90409595
90409718
90409839
90409956
90410077
90410387
90410605
90410785
90421374
90421480
90422970
90425399
90425568
90428730
90429137
90435471
90435841
90435956
90438212
90441175
90444051
90444291
90447828
90449808
90450211
90450387
90450388
90450389
90450390
90450391
90450392
90450393
90450394
90450395
90450396
90452923
90455536
90456819
90457374
90460314
90460404
90462974
90464617
90465044
90467682
90469714
90469747
90470339
90470448
90471895
90472028
90472061
90472865
90473826
90474861
90475887
90476890
90477017
90477927
90478568
90480622
90480695
90481820
90484300
90484334
90488154
90488254
90490560
90493096
90493304
90494906
90495387
90497848
90497966
90498194
90500693
90500782
90501987
90502074
90503019
90503982
90504015
90504831
90504916
90505864
90506703
90507344
90507466
90508614
90509920
90511701
90512171
90515617
90519545
90519594
90521164
90521169
90521175
90522006
90522008
90522010
90522386
90522394
90522401
90522410
90522469
90525276
90525342
90526847
90529450
90531123
90531581
90534072
90535171
90535301
90535463
90537941
90537975
90539424
90540122
90542684
90545299
90545563
90547376
90547601
90550166
90552752
90554517
90554981
90557593
90557819
90560429
90562233
90564957
90565355
90566899
90568468
90569993
90573281
90573469
90576978
90577010
90579050
90579257
90581886
90581977
90584468
90584651
90587735
90590616
90590720
90593407
90595408
90596602
90596710
90598478
90601016
90602198
90602977
90605444
90605696
90609324
90612669
90613102
90615820
90616099
90618791
90618893
90620826
90623455
90623552
90626259
90627382
90629386
90631096
90632056
90634670
90637728
90637963
90637996
90641567
90641744
90643782
90643952
90646484
90649354
90649425
90651377
90655623
90658612
90658647
90661032
90661119
90663939
90666546
90667975
90668861
90670067
90670162
90671559
90671653
90674335
90674423
90675771
90676853
90678130
90679625
90680655
90681414
90684007
90684399
90687894
90689530
90690722
90692715
90694647
90695526
90697162
90698193
90700192
90700348
90704520
90704658
90713267
90867979
90868740
90868742
90868744
90869747
90870405
90983577
90983835
90984024
90984168
90984180
90984230
90984356
90984359
90984498
90984638
90984642
90984725
90984804
90985118
90985414
90985573
90985575
90985758
90985900
90985927
90993004
90993142
90993269
90993272
90993274
90993275
90993414
90993741
90994025
90994178
90994182
90994314
90994316
90994397
90994417
90994440
90994463
90994464
90994514
90994526
90998718
91001619
91001858
91001865
91002042
91002118
91002249
91002383
91002385
91002514
91002645
91002786
91002896
91003112
91003256
91003403
91003529
91003530
91003657
91003732
91003733
91010708
91010839
91010842
91010858
91010860
91011052
91011408
91011624
91011775
91011912
91012051
91012052
91012055
91012071
91012089
91012109
91012226
91012242
91012566
91012807
91018877
91018933
91018957
91019282
91019534
91019537
91019677
91019862
91019998
91020069
91020085
91020100
91020121
91020418
91020436
91020726
91020936
91021059
91021191
91021280
91028567
91028830
91028834
91028990
91029174
91029176
91029321
91029454
91029575
91029710
91029726
91029734
91030093
91030110
91030418
91030602
91030760
91030957
91031095
91031232
91041275
91041592
91041663
91041902
91042044
91042167
91042288
91042424
91042579
91042710
91042721
91042995
91043349
91043515
91121340
91121356
91121367
91121384
91121400
91121784
91121801
91121818
91121834
91178870
91178880
91178996
91179195
91179279
91179292
91179301
91179310
91179321
91179324
91179334
91179343
91179391
91179598
91179608
91179724
91179746
91179754
91179764
91179774
91182877
91182890
91182894
91182967
91183164
91183264
91183269
91183285
91183291
91183292
91183296
91183297
91183303
91183308
91183309
91183340
91183384
91183395
91183595
91183710
91186250
91186260
91186264
91186269
91186276
91186278
91186284
91186286
91186400
91186587
91186659
91186679
91186683
91186686
91186690
91186698
91186703
91186704
91186709
91186761
91189317
91189325
91189326
91189332
91189438
91189439
91189446
91189453
91189540
91189552
91189743
91189833
91189843
91189851
91189860
91189868
91189876
91189882
91189911
91190098
91192664
91192718
91192721
91192726
91192731
91192740
91192747
91192753
91192810
91193004
91193108
91193144
91193148
91193149
91193151
91193172
91193182
91193279
91193284
91193285
91195597
91195598
91195607
91195618
91195625
91195626
91195643
91195816
91195978
91196017
91196075
91196135
91196136
91196145
91196155
91196156
91196162
91196172
91196289
91196491
91199221
91199228
91199235
91199328
91199530
91199620
91199632
91199633
91199640
91199651
91199658
91199659
91199671
91199683
91199722
91199920
91200051
91200075
91200082
91200089
91202442
91202450
91202492
91202686
91202810
91202829
91202837
91202845
91202854
91202863
91202870
91202880
91203028
91203206
91203261
91203271
91203277
91203313
91203322
91203324
91203333
91205810
91205819
91205825
91205826
91205830
91205878
91206075
91206197
91206218
91206224
91206228
91206229
91206233
91206238
91206239
91206246
91206258
91206263
91206439
91206603
91208498
91208504
91208651
91208834
91208876
91208878
91208885
91208894
91208896
91208899
91208900
91208903
91208976
91208987
91209002
91209201
91209283
91209290
91209293
91209299
91211763
91211775
91211781
91211782
91211788
91211798
91211803
91211811
91211836
91212022
91212169
91212199
91212209
91212217
91212223
91212229
91212235
91212246
91212366
91212551
91214982
91214993
91215104
91215300
91215373
91215381
91215383
91215387
91215389
91215392
91215395
91215438
91215643
91215765
91215782
91220296
91220482
91412778
91525835
91564051
91564061
91564093
91564100
91564281
91564418
91564437
91564438
91564448
91564454
91564465
91564477
91564488
91564495
91564633
91564813
91564859
91564872
91564873
91564883
91566995
91567040
91567044
91567047
91567050
91567051
91567056
91567059
91567061
91567062
91567068
91567145
91567328
91567342
91567421
91567427
91567436
91567441
91567445
91567452
91569481
91569498
91569511
91569652
91569827
91569877
91569887
91569893
91569899
91569901
91569909
91569917
91569918
91569926
91569929
91570015
91570199
91570214
91570283
91570296
91573502
91573582
91573766
91573776
91573785
91573846
91573854
91573858
91573859
91573863
91573869
91573872
91573877
91573915
91573924
91574106
91574212
91574214
91574222
91574231
91576185
91576186
91576196
91576197
91576204
91576205
91576209
91576232
91576238
91576246
91576258
91576440
91576455
91576573
91576576
91576578
91576602
91576613
91576617
91576618
91578625
91578632
91578637
91578643
91578650
91578770
91578942
91578951
91579002
91579006
91579011
91579016
91579022
91579031
91579036
91579101
91579115
91579357
91579476
91579506
91581593
91581594
91581604
91581720
91581877
91582083
91582243
91582245
91582403
91582693
91583013
91583287
91583446
91583626
91583655
91583818
91583819
91584029
91584031
91584192
91587481
91587482
91587483
91587489
91587490
91587496
91587499
91587504
91587610
91587787
91587796
91587853
91587862
91587868
91587876
91587882
91587887
91587892
91587930
91588119
91590284
91590288
91590293
91590295
91590303
91590304
91590309
91590311
91590316
91590317
91590420
91590594
91590654
91590657
91590666
91590669
91590672
91590677
91590678
91590682
91592914
91592962
91592964
91592971
91592978
91592979
91592981
91592982
91593139
91593346
91593534
91593551
91593553
91593712
91594031
91594348
91594565
91594776
91594931
91594935
91601301
91601418
91601424
91601558
91601765
91601903
91601909
91601914
91601940
91602099
91602111
91602126
91602250
91602253
91602259
91602312
91602450
91602553
91602557
91602560
91604917
91604929
91604933
91604940
91604947
91604955
91604964
91604966
91604982
91610002
