93559906
93559908
93559932
93559933
93559956
93559977
93559995
93559996
93559997
93559999
93569375
93570060
93570113
93570762
93570792
93570827
93570854
93570880
93570917
93570951
93571087
93571356
93571505
93571525
93571542
93571563
93571579
93571595
93571597
93571599
93571615
93571617
93575657
93575660
93575674
93575689
93575705
93575745
93575971
93575991
93576189
93576197
93576263
93576283
93576302
93576319
93576321
93576336
93576353
93576370
93576549
93767256
93767424
93767651
93768008
93768023
93768083
93768397
93768477
93768497
93768517
93768536
93768559
93768579
93768581
93768598
93768599
93768755
93769008
93769016
93769136
93772825
93772847
93772867
93772885
93772903
93772926
93772959
93773167
93773185
93773402
93773583
93773606
93773700
93773868
93774089
93774091
93774251
93774271
93774418
93774672
93778561
93778621
93778643
93778661
93778663
93778677
93778692
93778806
93778830
93779032
93779047
93779273
93779352
93779367
93779369
93779383
93779385
93779398
93779412
93779426
93783930
93784186
93784645
93784977
93785122
93785143
93785146
93785148
93785165
93785182
93785198
93785199
93785201
93785216
93785256
93785486
93785689
93785698
93785705
93785709
93788715
93788725
93788738
93788994
93789172
93789179
93789188
93789213
93789215
93789235
93789253
93789266
93789283
93789286
93789303
93789452
93789852
93790057
93790130
93790147
93793775
93793956
93794209
93794314
93794317
93794321
93794322
93794343
93794360
93794378
93794393
93794410
93794426
93794427
93794430
93794608
93794859
93794981
93795010
93795013
93799853
93799855
93799856
93799869
93799904
93800124
93800142
93800159
93800368
93800440
93800462
93800464
93800480
93800496
93800511
93800527
93800528
93800552
93800757
93800979
93804801
93804971
93804974
93805024
93805084
93805086
93805104
93805107
93805126
93805245
93805497
93805654
93805682
93805705
93805788
93805806
93805825
93805844
93805846
93805895
93809140
93809141
93809165
93809183
93809201
93809247
93809495
93809699
93809703
93809767
93809769
93809792
93809817
93809819
93809821
93809843
93809862
93809880
93809915
93809924
93814183
93814402
93814404
93814573
93814769
93815087
93815284
93815356
93815375
93815378
93815379
93815400
93815419
93815420
93815440
93815441
93815458
93815484
93815492
93815707
93818864
93819106
93819209
93819211
93819228
93819230
93819256
93819386
93819604
93819687
93819702
93819814
93820078
93820228
93820232
93820236
93820264
93820266
93820287
93820304
93823608
93823623
93823624
93823639
93823655
93823688
93823914
93824124
93824134
93824139
93824204
93824222
93824224
93824239
93824253
93824268
93824282
93824284
93824309
93824505
93828251
93828381
93828404
93828419
93828435
93828458
93828461
93828481
93828501
93828505
93828508
93828599
93828851
93829018
93829064
93829079
93829095
93829112
93829130
93829147
94203495
94203497
94203500
94203515
94203517
94203532
94203548
94203563
94203565
94203581
94203583
94203722
94203978
94204141
94204171
94204198
94204219
94204240
94204261
94209874
94209884
94210005
94210047
94210070
94210087
94210090
94210108
94210126
94210142
94210222
94210498
94210506
94210668
94210675
94210713
94210761
94210779
94210800
94214555
94214571
94214573
94214589
94214590
94214607
94214623
94214642
94214644
94214699
94214952
94215176
94215238
94215266
94215289
94215410
94215437
94215459
94215484
94218914
94218927
94219222
94219388
94219437
94219460
94219483
94219485
94219489
94219512
94219531
94219552
94219591
94219823
94220036
94220096
94220113
94220132
94220151
94224481
94224737
94224977
94225145
94225354
94225569
94225734
94226049
94226300
94226553
94226569
94226719
94226759
94226776
94226778
94226795
94226797
94226812
94226828
94231744
94231759
94231776
94231789
94231791
94231805
94231930
94232181
94232320
94232343
94232359
94232375
94232389
94232404
94232406
94232463
94232573
94232820
94233002
94236602
94236623
94236646
94236860
94236877
94236893
94236911
94237108
94237168
94237186
94237200
94237220
94237238
94237248
94237264
94237436
94237686
94237695
94237802
94241857
94242024
94242241
94242254
94242369
94242655
94243057
94243066
94243187
94243190
94243210
94243225
94243227
94243240
94243242
94243257
94243258
94243275
94243288
94247767
94247857
94248003
94248039
94248063
94248081
94248082
94248086
94248105
94248108
94248126
94248265
94248524
94248654
94248657
94248662
94248665
94248686
94248706
94252303
94252319
94252491
94252510
94252742
94252752
94252855
94252873
94252891
94252909
94252925
94252940
94252956
94253050
94253316
94253482
94253522
94253542
94253560
94257210
94257547
94257764
94257767
94257986
94258156
94258371
94258375
94258376
94258550
94258571
94258572
94258611
94259029
94259356
94259438
94259461
94259483
94259500
94263345
94263438
94263624
94263641
94263870
94263968
94263970
94263988
94264003
94264103
94264156
94264238
94264252
94264272
94264393
94264670
94264816
94264851
94264868
94611464
94611471
94611475
94611483
94611510
94611521
94611753
94611769
94611944
94611950
94611990
94611998
94612001
94612007
94612009
94612014
94612017
94612031
94612220
94617045
94617064
94617067
94617077
94617078
94617084
94617232
94617247
94617264
94617498
94617506
94617592
94617604
94617614
94617623
94617625
94617634
94617640
94617645
94621321
94621557
94621650
94621653
94621661
94621669
94621681
94621683
94621689
94621700
94621707
94621798
94622051
94622066
94622206
94622227
94622246
94622272
94622293
94625394
94625402
94625508
94625757
94625907
94625935
94625955
94625972
94625991
94626015
94626026
94626071
94626311
94626329
94626526
94626569
94626576
94626581
94626586
94631728
94631768
94632002
94632019
94632237
94632286
94632295
94632297
94632304
94632309
94632314
94632318
94632325
94632329
94632486
94632728
94632826
94632828
94632837
94635616
94635619
94635726
94635974
94636108
94636123
94636144
94636164
94636185
94636202
94636219
94636221
94636264
94636276
94636521
94636536
94636711
94636769
94636792
94639684
94639686
94639687
94639710
94639730
94639733
94639735
94639758
94639848
94640096
94640255
94640275
94640283
94640287
94640293
94640299
94640306
94640307
94640332
94643294
94643299
94643473
94643700
94643800
94643805
94643809
94643812
94643815
94643820
94643825
94643900
94644144
94644157
94644169
94644314
94644330
94644334
94644338
94647344
94647352
94647362
94647475
94647726
94647857
94647884
94647898
94647904
94647912
94647919
94647920
94647921
94647923
94647929
94647986
94648248
94648416
94648461
94651178
94651390
94651450
94651455
94651456
94651457
94651461
94651466
94651472
94651476
94651486
94651632
94651648
94651880
94651986
94651995
94652001
94652008
94652020
94655085
94655118
94655326
94655537
94655602
94655614
94655628
94655644
94655662
94655664
94655670
94655680
94655860
94656083
94656161
94656171
94656176
94656177
94656178
94658500
94658514
94658752
94658763
94658861
94658863
94658882
94658885
94658908
94658914
94658915
94658919
94658926
94658932
94659046
94659059
94659075
94659310
94659428
94661685
94661686
94661692
94661769
94661782
94662029
94662185
94662220
94662234
94662241
94662243
94662244
94662249
94662253
94662257
94662295
94662305
94662544
94662560
94664923
94664927
94664930
94664931
94664960
94665173
94665376
94665441
94665455
94665457
94665458
94665469
94665472
94665478
94665481
94665486
94665639
94665870
94665884
94668251
94668258
94668265
94668267
94668268
94668277
94668437
94668670
94668788
94668810
94668813
94668827
94668833
94668840
94668848
94668851
94668933
94669174
94669325
95073237
95073328
95073346
95073352
95073353
95073354
95073410
95073656
95073823
95073856
95073857
95073867
95073873
95073878
95073884
95073885
95073892
95073908
95074108
95074324
95078173
95078180
95078187
95078191
95078197
95078219
95078226
95078448
95078652
95078703
95078712
95078718
95078724
95078831
95078838
95078856
95079000
95079248
95079264
95079373
95082530
95082544
95082564
95082806
95082944
95082951
95082953
95082954
95083016
95083081
95083085
95083098
95083126
95083137
95083146
95083212
95083460
95083622
95083658
95083668
95086335
95086345
95086595
95086744
95086768
95086772
95086780
95086791
95086793
95086795
95086800
95086802
95086804
95086852
95087089
95087253
95087305
95087306
95087309
95090038
95090042
95090043
95090050
95090052
95090058
95090064
95090175
95090425
95090561
95090565
95090579
95090580
95090591
95090592
95090603
95090607
95090615
95090620
95090690
95093747
95093835
95093836
95093843
95093844
95093847
95093852
95093853
95093856
95093861
95093864
95093866
95093867
95094023
95094261
95094358
95094367
95094368
95094372
95097383
95097392
95097430
95097518
95097522
95097733
95097949
95097956
95098016
95098027
95098028
95098034
95098040
95098046
95098051
95098059
95098064
95098068
95098078
95098289
95101390
95101531
95101535
95101540
95101552
95101557
95101560
95101566
95101568
95101573
95101616
95101844
95102019
95102024
95102083
95102096
95102112
95102125
95102127
95105021
95105168
95105212
95105221
95105223
95105230
95105237
95105249
95105254
95105281
95105285
95105523
95105550
95105742
95105799
95105824
95105838
95105839
95105947
95105954
95108938
95108942
95108949
95108951
95109039
95109051
95109297
95109438
95109467
95109487
95109488
95109506
95109517
95109525
95109526
95109535
95109671
95109902
95109919
95110095
95112678
95112684
95112690
95112725
95112950
95112969
95113151
95113202
95113259
95113318
95113327
95113343
95113362
95113377
95113535
95113766
95113876
95113878
95113890
95113891
95116631
95116647
95116654
95116659
95116663
95116670
95116693
95116698
95116704
95116924
95117125
95117178
95117179
95117186
95117191
95117196
95117201
95117209
95117213
95117363
95119997
95119999
95120004
95120184
95120198
95120424
95120500
95120506
95120510
95120515
95120519
95120522
95120528
95120610
95120853
95120868
95121005
95121029
95121034
95121036
95123709
95123714
95123715
95123720
95123870
95123883
95124124
95124137
95124145
95124222
95124232
95124239
95124240
95124245
95124255
95124259
95124261
95124271
95124423
95124657
95555911
95556143
95556332
95556392
95556400
95556406
95556411
95556418
95556425
95556432
95556585
95556831
95556943
95556958
95556967
95557009
95557082
95557083
95557091
95557097
95560089
95560121
95560346
95560536
95560588
95560591
95560598
95560602
95560606
95560614
95560619
95560721
95560726
95560902
95561135
95561210
95561215
95561216
95561220
95561225
95564322
95564350
95564568
95564774
95564829
95564839
95564844
95564854
95564860
95564868
95564872
95565004
95565017
95565257
95565380
95565394
95565411
95565420
95565426
95565430
95568473
95568479
95568480
95568481
95568487
95568488
95568515
95568738
95568938
95569000
95569006
95569010
95569011
95569013
95569020
95569027
95569032
95569040
95569198
95569439
95572449
95572450
95572452
95572461
95572473
95572474
95572484
95572493
95572501
95572502
95572535
95572760
95572963
95573027
95573037
95573047
95573048
95573062
95573072
95573080
95576153
95576359
95576431
95576432
95576442
95576451
95576474
95576486
95576496
95576501
95576675
95576904
95577024
95577048
95577059
95577068
95577075
95577093
95577102
95577160
95580401
95580484
95580495
95580497
95580498
95580499
95580507
95580508
95580509
95580510
95580515
95580522
95580533
95580543
95580726
95580966
95581051
95581060
95581061
95583750
95583756
95583765
95583770
95583791
95583797
95584008
95584211
95584276
95584277
95584284
95584289
95584295
95584299
95584306
95584310
95584451
95584688
95584811
95584816
95587262
95587503
95587630
95587641
95587647
95587655
95587658
95587659
95587666
95587669
95587734
95587980
95588134
95588140
95588173
95588182
95588183
95588185
95590896
95590900
95590903
95590904
95590905
95590906
95590912
95590923
95591109
95591342
95591431
95591444
95591445
95591452
95591460
95591461
95591470
95591480
95591493
95591601
95594629
95594649
95594824
95594876
95594879
95594884
95594889
95594899
95594905
95594914
95594924
95595100
95595122
95595343
95595420
95595430
95595431
95595438
95595443
95595451
95598886
95598892
95598902
95598959
95599200
95599380
95599428
95599441
95599452
95599463
95599464
95599465
95599466
95599474
95599482
95599514
95599519
95599746
95599761
95599957
95602741
95602747
95602751
95602760
95602761
95602762
95602770
95602838
95602851
95603099
95603249
95603269
95603270
95603275
95603280
95603284
95603290
95603293
95603318
95603325
95606717
95607334
95607338
95607853
95607858
95607866
95607873
95607879
95607881
95607884
95607887
95607897
95608085
95608101
95608321
95608333
95608401
95608409
95608417
95608420
95608428
95610839
95610842
95610852
95610868
95610954
95611201
95611358
95611385
95611391
95611397
95611399
95611411
95611428
95611434
95611435
95611489
95611718
95611921
95611980
95612002
95619265
95619386
95619415
95619416
95619533
95619534
95619665
95619666
95619789
95620041
95620401
95620407
95620419
95620650
95620820
95620900
95620901
95620905
95620909
95620910
