69.476
73.141
79.659
74.325
85.087
83.806
68.975
74.975
73.043
79.290
69.706
76.532
94.910
72.930
77.905
67.240
63.468
63.360
63.646
68.524
70.567
67.185
71.573
79.983
78.983
70.315
68.008
67.053
70.167
70.181
75.625
67.246
68.974
68.320
74.040
81.567
72.629
75.764
73.146
77.153
78.942
76.908
77.494
85.954
72.202
70.809
72.761
77.373
75.658
75.625
70.789
81.387
70.871
71.117
69.535
75.443
76.726
77.142
76.982
81.769
69.752
68.572
68.327
71.593
73.118
75.899
79.684
88.161
70.114
73.023
72.935
70.328
74.360
83.436
69.949
75.316
73.611
78.447
75.927
77.141
82.431
83.927
90.060
79.816
74.278
72.166
72.971
77.122
80.297
74.449
76.076
72.485
72.660
74.722
70.579
77.340
85.596
72.999
73.632
