16.440
15.586
18.541
18.004
18.315
16.131
16.570
41.830
17.745
18.508
16.150
17.685
17.711
17.445
19.859
17.929
17.763
16.727
2.450
16.137
17.224
22.006
17.008
40.636
22.460
17.758
21.965
18.315
3.300
18.156
17.164
16.630
16.969
18.412
18.578
16.682
2.506
16.134
17.641
49.492
49.488
28.640
26.204
2.483
49.871
21.256
16.119
17.443
18.520
48.765
38.681
18.654
16.347
48.510
16.630
48.750
24.170
16.584
16.679
16.591
16.696
17.491
17.960
16.660
41.945
75.059
62.044
15.273
17.353
79.908
18.384
17.680
3.196
15.354
15.998
18.564
15.887
42.006
34.059
20.566
17.439
17.320
17.307
17.825
16.610
16.648
16.072
17.276
17.533
21.026
17.004
32.319
16.801
18.612
18.199
42.128
17.990
46.605
19.556
17.003
