12.608
12.787
14.148
14.367
14.133
14.299
12.755
13.245
2.680
12.701
13.545
12.645
13.282
13.425
13.797
12.834
13.254
12.217
12.862
13.020
13.205
17.256
13.270
13.739
14.902
14.490
13.746
13.678
2.331
13.228
13.492
13.388
14.318
1.480
15.564
14.301
13.798
13.726
14.139
13.799
14.247
13.883
59.342
12.815
13.312
14.997
14.472
14.294
13.771
13.906
13.892
2.465
13.801
14.201
13.169
14.097
14.145
13.490
15.270
13.446
13.681
13.101
13.841
16.375
11.924
13.667
15.483
14.421
14.202
13.951
13.499
14.087
15.405
15.484
14.206
14.895
14.245
13.742
14.019
14.191
14.228
14.029
14.297
69.153
14.067
15.234
14.168
3.416
13.362
14.580
16.580
13.554
21.781
10.497
13.845
13.416
14.211
13.928
13.804
13.960
14.321
27.735
13.737
15.110
14.431
13.508
13.330
13.267
17.768
13.769
13.982
13.714
13.944
12.917
