130950938
130980873
130981348
131010305
131036435
131036604
131044449
131048095
131052198
131052315
131055601
131061066
131064546
131091507
131121603
131151658
131184249
131213308
131237472
131262744
131290444
131318711
131338884
131355890
131369804
131370344
131395975
131421990
131448427
131475597
131502976
131536519
131566069
131593812
131609580
131610756
131610758
131610760
131613253
131616372
131625181
131635539
131665726
131687292
131687562
131695239
131723277
131753495
131787213
131812561
131839940
131867623
131895249
131923915
131949461
131950422
131976916
131989323
131993007
131996952
132002970
132010173
132017122
132020397
132023636
132027294
132049238
132081554
132111012
132140646
132183001
132225026
132258518
132301436
132335488
132366268
132397533
132428809
132454042
132483270
132511847
132526031
132555966
132584839
132617739
132648530
132678975
132692524
132723074
132754157
132767318
132784275
132785423
132812797
132813999
132840323
132846404
132860711
132880181
132908852
132938388
132969622
132975214
132995059
