18.389
19.206
20.030
17.602
18.962
19.171
18.688
18.193
19.440
20.534
19.134
20.120
20.541
18.858
19.495
18.730
19.129
19.125
18.201
19.818
18.633
21.112
18.130
17.455
17.902
20.815
22.732
17.629
18.755
17.791
18.787
18.154
20.953
19.094
20.001
18.836
18.911
18.550
20.819
19.905
19.074
17.834
19.710
19.539
18.752
20.913
19.699
19.598
16.552
20.234
20.363
18.176
17.727
17.541
18.356
21.136
21.275
21.377
20.470
18.778
18.562
18.668
19.530
20.767
19.488
20.018
21.501
20.725
19.760
19.734
20.320
19.024
18.524
20.374
21.429
20.793
24.104
18.118
19.000
16.615
18.570
19.666
18.359
17.685
19.787
18.189
18.761
21.111
21.009
20.446
17.371
