13.753
13.671
16.126
14.617
13.790
14.453
13.690
12.722
14.869
13.950
12.922
15.039
14.740
12.790
14.372
13.876
13.454
14.094
14.135
15.153
14.104
16.436
15.731
12.180
14.968
15.360
14.820
16.333
14.000
13.391
13.004
13.525
13.513
14.452
14.487
14.967
12.040
12.801
12.219
12.680
12.350
12.945
12.247
12.795
14.224
13.120
13.012
18.225
24.339
12.504
13.147
12.808
14.998
12.235
13.230
12.333
13.073
14.127
13.583
17.619
15.442
14.408
14.628
12.619
12.857
14.387
12.976
14.454
12.965
11.730
14.816
13.541
16.449
15.883
15.285
13.532
14.685
15.680
20.455
14.576
15.543
13.305
14.416
13.899
12.889
12.440
13.085
13.496
14.577
15.343
13.653
13.081
12.148
