14.031
12.936
16.855
18.419
13.230
36.413
13.551
14.099
14.491
16.432
12.727
13.978
14.019
13.502
13.646
11.834
21.099
14.477
4.821
11.239
9.934
9.927
11.914
16.540
14.115
13.226
12.577
14.848
13.527
18.977
13.271
12.969
13.077
14.825
14.178
14.511
13.006
12.725
12.475
13.082
14.912
14.482
15.965
1.359
14.155
14.201
13.259
13.621
13.997
13.373
13.867
13.457
13.612
14.404
16.059
14.016
14.251
14.802
15.401
13.647
13.522
13.658
13.577
13.804
14.572
15.346
14.042
24.049
13.811
13.295
14.228
12.451
13.374
13.578
15.049
14.228
12.103
13.680
13.860
12.306
13.320
14.270
13.190
15.347
14.489
15.493
16.651
14.140
16.470
16.362
15.223
13.981
13.906
15.356
15.322
14.648
14.667
15.314
15.073
13.573
16.443
14.825
16.022
