49.283
47.841
65.818
63.962
64.559
64.264
65.358
60.467
63.632
63.009
61.265
62.253
63.111
64.267
64.476
60.858
62.536
61.075
62.315
61.129
60.538
64.085
62.702
61.622
66.004
62.090
61.251
61.788
64.851
65.594
78.243
87.626
69.890
67.736
69.157
68.929
72.648
61.495
64.142
64.974
65.448
65.389
70.236
67.084
66.899
58.391
61.601
60.351
59.482
65.938
60.465
71.863
71.256
71.861
72.404
77.991
71.794
71.649
72.905
72.218
76.495
78.109
70.915
70.776
72.565
71.444
76.498
81.948
76.341
59.816
60.082
74.183
61.774
65.421
63.302
63.159
62.145
63.747
61.647
62.569
60.876
64.034
62.431
43.177
64.546
59.658
61.583
65.151
61.473
60.591
59.651
67.039
66.544
70.445
62.453
60.802
