13.972
14.237
14.420
13.605
13.990
13.828
13.427
13.382
12.933
14.072
13.104
13.274
13.629
13.793
13.857
13.920
14.090
3.577
15.630
13.908
13.494
13.112
12.811
12.981
12.781
14.252
13.243
14.764
15.062
14.508
14.246
13.206
14.523
15.766
15.395
13.335
13.258
12.871
14.352
13.193
14.289
13.875
13.854
13.954
12.824
13.409
12.888
13.378
12.483
12.821
13.419
12.880
13.189
14.188
13.637
14.714
13.414
13.834
13.262
12.898
13.296
13.459
13.373
13.717
13.642
13.191
13.731
13.353
12.635
12.908
13.617
12.568
13.813
12.748
13.470
13.365
7.588
14.144
13.885
14.377
26.219
13.141
14.982
13.843
13.147
13.162
13.090
14.334
13.784
13.821
13.855
17.127
15.983
16.337
13.927
13.092
13.683
15.904
13.791
14.457
15.414
15.377
12.972
13.074
13.743
13.304
14.251
12.993
12.814
14.138
12.944
13.465
13.382
15.537
16.446
13.795
14.142
12.849
13.682
12.662
13.772
14.332
14.093
13.447
14.890
13.263
14.271
12.870
12.787
12.592
13.611
12.665
13.264
13.709
13.491
13.304
13.243
13.569
13.906
13.579
13.465
12.958
11.955
14.071
13.703
14.851
15.787
13.287
13.113
12.824
13.442
13.375
12.578
14.571
14.220
12.756
13.678
15.052
13.760
13.920
16.692
13.599
13.362
15.361
13.218
13.596
13.692
13.842
14.747
48.651
14.269
12.339
12.395
12.588
