19.407
19.177
19.336
18.522
20.415
19.279
19.669
23.206
17.973
18.817
19.012
16.947
18.321
16.889
22.275
19.019
21.912
18.795
35.241
35.787
19.065
19.525
20.161
20.585
20.331
19.665
20.286
20.237
19.708
20.727
21.332
18.373
25.555
20.472
20.822
18.634
19.217
19.402
20.736
21.569
20.497
20.863
17.444
17.381
16.832
17.735
16.537
19.447
19.004
17.701
16.421
19.622
20.269
18.591
18.187
17.919
17.111
18.807
19.960
18.310
18.420
18.652
21.977
18.129
17.617
17.951
18.719
18.353
16.553
19.971
20.515
18.511
18.588
22.652
23.178
19.400
16.165
16.661
17.700
17.843
16.819
19.509
17.149
18.359
19.416
24.653
23.998
20.903
21.795
15.418
16.007
17.337
19.988
18.188
18.007
19.575
18.001
9.193
22.548
23.133
18.526
17.750
17.008
16.604
16.295
17.877
17.266
20.036
19.766
22.725
23.469
18.594
18.477
15.692
15.414
16.510
17.052
18.432
17.488
18.162
19.239
19.188
17.144
17.484
16.674
15.940
16.201
17.927
16.452
16.921
20.478
20.773
22.730
17.696
18.491
19.313
19.135
16.720
16.572
17.907
18.218
22.319
21.836
20.416
18.283
16.053
16.427
16.604
16.058
16.325
19.782
18.383
14.282
17.945
17.699
19.419
18.898
17.601
17.604
16.062
18.188
15.949
16.052
18.469
18.576
18.462
17.932
58.146
20.636
15.083
15.715
15.483
15.356
