75.709
76.655
72.004
72.499
93.091
85.156
78.447
84.598
75.661
74.778
73.948
74.214
74.679
73.618
75.027
78.761
77.238
77.607
82.388
86.025
76.631
76.038
74.610
74.614
77.280
75.567
75.639
77.209
76.303
77.282
80.221
78.518
76.051
76.577
77.058
77.951
74.404
75.342
72.484
73.783
85.101
83.946
75.857
78.837
70.167
70.062
69.886
70.426
72.132
70.756
58.058
56.565
231.571
75.065
82.069
73.948
74.415
75.731
78.621
75.400
77.175
74.996
73.943
74.790
79.302
84.615
84.979
78.204
77.490
77.721
77.450
73.495
73.578
70.474
71.324
79.009
78.278
86.426
84.536
79.893
89.819
76.988
78.157
78.866
79.440
82.335
79.609
77.180
82.391
87.626
86.583
79.410
78.169
77.024
80.636
59.183
62.780
83.017
85.029
85.492
83.755
72.674
71.563
72.979
74.094
72.683
79.580
78.886
79.773
79.333
83.769
83.993
74.508
75.442
73.456
73.805
75.301
75.107
78.843
74.793
77.086
79.222
87.366
85.815
77.495
78.681
76.808
76.527
76.896
75.139
74.906
74.711
75.853
80.279
82.371
77.979
74.849
74.874
76.003
76.212
83.905
81.848
63.967
58.679
73.951
75.868
86.156
78.014
75.216
75.892
75.656
74.680
75.634
73.776
63.331
78.263
80.093
75.681
76.079
77.293
77.927
79.595
75.881
76.132
78.769
79.927
76.811
77.183
121.687
81.559
79.132
