87801112
87801126
87801137
87801146
87801156
87801165
87801177
87801187
87801254
87801325
87801397
87801462
87801529
87801543
87801613
87801672
87801739
87801801
87801867
87801934
87815271
87815273
87815276
87815465
87815466
87815468
87815469
87815470
87815472
87815505
87864741
87864742
87864743
87864744
87864745
87864746
87864747
87864748
87864749
87864750
88056374
88056377
88056378
88056380
88056381
88056384
88056385
88056448
88056627
88056688
88056713
88056749
88056808
88056863
88056922
88056981
88340283
88340284
88340285
88340286
88340287
88340288
88340289
88340290
88340291
88340294
88340295
88340297
88340303
88340304
88340310
88340317
88340337
88340342
88340343
88567969
88567970
88567976
88567977
88567979
88567984
88568047
88568105
88571348
88571409
88571470
88571525
88571526
88571584
88571936
88705875
88705936
88705941
88705949
88705958
88705982
88705988
88705996
88706003
88706009
88706019
88706158
88706228
88706294
88706357
88706421
88706426
88706490
88706551
88706556
88836149
88836158
88836167
88837073
88837082
88837149
88837763
88837772
88837781
88838676
88838685
88838695
88839680
88839689
88839698
88840642
88840651
88840704
88841742
88841751
88841818
88842714
88842768
88842789
88843801
88843824
88843838
88844881
88844909
88844956
88846053
88846062
88846072
88846984
88846993
88847003
88848028
88848037
88848052
88849122
88849131
88849141
88849698
88849707
88849765
88850790
88850799
88850817
88851449
88851458
88851527
88852538
88852547
88852556
88853159
88853168
88853234
88854162
88854205
88854237
88854828
88854863
88854907
88855944
88855977
88855986
88856538
88856561
88856570
88857700
88857710
88857725
88858252
88858318
88858328
88859419
88859429
88859438
88860064
88860073
88860139
88861155
88861221
88861230
88861946
88861955
88861964
88862892
88862901
88862910
88863559
88863568
88863577
88864472
88864481
88864550
88865370
88865379
88865388
88866181
88866190
88866199
88867098
88867107
88867116
88867855
88867864
88867873
88868949
88868959
88868968
88869636
88869645
88869655
88870610
88870619
88870628
88871368
88871378
88871387
88872353
88872362
88872371
88873008
88873017
88873026
88873952
88873962
88873971
88874619
88874628
88874640
88875566
88875575
88875584
88876249
88876258
88876268
88877224
88877234
88877294
88877961
88877970
88878015
88878925
88878934
88878997
88879599
88879665
88879675
88880686
88880695
88880705
88881434
88881497
88881506
88882318
88882377
88882386
88883239
88883248
88883258
88884122
88884133
88884196
88884969
88885022
88885045
88885870
88885879
88885933
88886899
88886909
88886918
88887752
88887761
88887825
88888615
88888624
88888633
88889458
88889532
88889544
88890645
88890654
88890664
88891570
88891582
88891592
88892341
88892350
88892359
88893234
88893266
88893309
88894017
88894026
88894035
88894946
88894955
88894964
88895680
88895689
88895698
88896560
88896569
88896578
88897422
88897449
88897500
88898229
88898238
88898247
88899163
88899172
88899182
88899848
88899857
88899866
88900816
88900825
88900835
88901518
88901527
88901537
88902496
88902505
88902519
88903251
88903260
88903269
88904196
88904205
88904214
88904861
88904871
88904880
88905810
88905819
88905828
88906480
88906490
88906499
88907494
88907503
88907513
88908186
88908196
88908218
88909191
88909201
88909245
88909890
88909899
88909908
88910991
88911000
88911011
88911707
88911716
88911783
88912745
88912754
88912820
88913489
88913498
88913507
88914458
88914467
88914533
88915186
88915197
88915263
88916197
88916206
88916215
88916883
88916905
88916956
88917868
88917878
88917887
88918616
88918625
88918634
88919578
88919644
88919653
88920314
88920324
88920384
88921345
88921414
88921424
88922103
88922113
88922177
88923183
88923192
88923201
88923836
88923887
88923896
88924840
88924849
88924858
88925548
88925557
88925567
88926464
88926474
88926484
88927295
88927304
88927313
88928105
88928114
88928124
88928984
88928993
88929002
88929808
88929818
88929827
88930680
88930743
88930750
88931472
88931481
88931490
88932420
88932429
88932438
88933173
88933182
88933191
88934124
88934133
88934142
88934810
88934819
88934829
88935719
88935729
88935738
88936452
88936461
88936471
88937338
88937347
88937356
88938153
88938164
88938174
88939014
88939023
88939032
88939787
88939797
88939806
88940702
88940729
88940775
88941603
88941613
88941622
88942441
88942451
88942467
88943288
88943299
88943308
88943961
88943973
88943986
88944029
88944038
88944048
88944105
88944114
88944124
88944241
88944252
88944263
88944348
88944358
88944367
88944428
88944443
88944471
88944659
88944666
88944672
88944729
88944739
88944745
88944746
88944752
88944757
88944759
88944763
88944766
88944769
88944772
88944776
88944779
88944780
88944783
88944784
88944786
88944790
88944793
88944794
88944797
88944800
88944841
88944847
88944854
88944949
88944959
88944966
88945026
88945038
88945048
88945101
88945107
88945113
88945154
88945163
88945172
88945200
88945209
88945219
88945235
88945244
88945253
88945310
88945320
88945331
88945406
88945416
88945425
88945494
88945504
88945515
88945624
88945634
88945643
88945691
88945700
88945709
88946449
88946458
88946467
88947578
88947588
88947597
88948486
88948519
88948528
88949366
88949375
88949384
88950321
88950345
88950399
88951224
88951233
88951243
88952058
88952067
88952076
88953104
88953113
88953122
88954136
88954145
88954154
88955132
88955141
88955150
88956098
88956108
88956117
88956938
88956947
88956957
88957976
88957987
88958056
88958865
88958892
88958940
88959956
88960023
88960032
88960733
88960742
88960751
88961856
88961865
88961874
88962646
88962655
88962664
88963646
88963656
88963665
88964665
88964720
88964742
88965768
88965777
88965844
88966662
88966728
88966738
88967839
88967891
88967914
88968754
88968763
88968772
88969710
88969721
88969730
88970746
88970756
88970765
88971552
88971562
88971571
88972461
88972471
88972481
88973171
88973212
88973247
88974217
88974226
88974235
88974922
88974931
88974940
88975911
88975920
88975929
88976613
88976627
88976692
88977600
88977609
88977619
88978402
88978431
88978440
88979298
88979307
88979316
88980387
88980396
88980406
88981064
88981073
88981082
88982042
88982093
88982103
88982722
88982731
88982740
88983815
88983824
88983833
88984375
88984385
88984394
88985457
88985467
88985476
88986086
88986150
88986160
88987002
88987011
88987020
88987821
88987831
88987892
88988932
88988942
88988952
88989626
88989635
88989644
88990676
88990743
88990752
88991304
88991369
88991378
88992350
88992419
88992428
88992932
88992942
88992951
88993928
88993938
88993983
88994678
88994725
88994734
88995647
88995668
88995720
88996459
88996475
88996484
88997367
88997376
88997393
88998286
88998296
88998306
88999196
88999205
88999251
89000098
89000108
89000117
89001024
89001033
89001043
89001772
89001781
89001790
89002689
89002698
89002707
89003397
89003406
89003415
89004327
89004336
89004345
89005185
89005195
89005255
89006067
89006076
89006086
89006926
89006935
89006945
89007698
89007708
89007717
89008731
89008741
89008822
89009617
89009626
89009636
89010580
89010590
89010599
89011535
89011555
89011564
89012390
89012399
89012408
89013344
89013353
89013362
89014332
89014342
89014351
89015179
89015211
89015252
89016161
89016230
89016240
89017154
89017165
89017174
89017903
89017967
89017977
89019050
89019059
89019068
89019733
89019793
89019802
89020913
89020926
89020936
89021606
89021612
89021620
89022771
89022782
89022840
89023473
89023479
89023485
89024687
89024693
89024699
89025357
89025421
89025430
89026441
89026450
89026461
89027175
89027185
89027217
89028150
89028162
89028171
89029044
89029057
89029066
89029820
89029829
89029838
89030713
89030776
89030785
89031568
89031577
89031586
89032561
89032630
89032636
89033326
89033333
89033340
89034407
89034413
89034419
89035044
89035050
89035056
89036124
89036133
89036142
89036739
89036750
89036759
89037843
89037852
89037861
89038436
89038445
89038456
89039520
89039529
89039598
89040106
89040116
89040125
89041328
89041337
89041346
89041947
89041953
89041959
89043068
89043081
89043124
89043713
89043722
89043731
89044822
89044829
89044835
89045466
89045496
89045538
89046612
89046621
89046630
89047227
89047237
89047246
89048326
89048332
89048338
89049033
89049045
89049051
89050201
89050208
89050259
89050913
89050922
89050931
89052123
89052130
89052136
89052807
89052835
89052844
89053911
89053920
89053929
89054488
89054561
89054570
89055577
89055586
89056340
89059994
89061846
89140846
89141436
89141586
89142480
89142489
89142950
89143217
89143592
89143829
89144148
89144630
89145373
89145501
89146200
89146386
89146762
89146830
89148585
89151713
89363618
89363710
89363727
89363746
89363763
89363782
89363857
89365672
89365691
89365712
89365732
89365749
89365766
89365783
89367085
89367144
89367663
89367681
89367700
89367720
89382210
89382760
89382902
89383544
89383783
89401793
89404230
89404525
89404725
89493182
89585016
89585018
89585020
89585022
89585024
89585799
89585801
89585803
89585805
89585807
89585809
89588439
89588442
89588444
89588446
89588448
89588638
89588640
89588642
89588644
89588646
89588648
89590129
89590131
89590133
89590135
89590558
89590561
89590563
89590565
89590568
89632370
89633221
89633231
89633946
89633993
89634645
89634770
89651589
89651590
89651595
89651596
89651599
89651600
89651660
89651661
89651717
89651718
89651779
89651796
89651798
89651837
89651838
89651839
89651840
89651903
89651966
89651967
89651968
89651969
89651971
89652029
89652086
89652087
89652145
89652146
89652147
89652170
89652210
89652265
89652266
89652268
89652269
89652271
89652272
89652275
89652276
89652340
89652342
89652343
89652404
89652407
89652467
89652469
89652471
89652472
89652532
89652534
89653411
89653412
89653417
89653419
89653421
89653539
89653598
89653600
89653602
89653732
89653738
89653740
89653741
89653858
89653863
89653865
89653989
89653993
89653997
89654111
89654489
89654620
89654754
89654885
89655073
89655078
89655741
89655749
89655810
89655813
89655881
89655940
89655941
89655944
89655946
89656069
89656073
89656074
89656141
89656384
89656387
89656512
89656515
89656645
89656647
89656798
89656849
89656869
89656996
89656997
89657129
89657131
89657156
89657175
89657345
89657471
89657473
89657605
89657785
89657900
89658025
89658026
89658821
89658825
89658827
89658828
89658932
89658938
89659061
89659185
89659306
89659307
89659427
89659603
89659725
89659726
89659838
89659964
89659969
89660036
89660155
89660332
89686280
89686354
89686486
89686502
89686567
89686695
89686823
89686949
89687153
89687292
89687356
89687473
89687474
89687535
89687540
89687545
89687608
89687819
89687937
89688057
89764013
89768613
89768615
89768617
89768619
89768621
89793715
89793723
89793730
89793734
89793736
89793738
89793815
89793817
89793819
89793821
89793823
89794804
89794806
89794808
89794812
89794815
89794818
89796802
89796804
89796806
89796809
89796811
89796813
89798593
89798595
89798597
89798600
89798604
89798606
89798788
89798790
89801726
89801728
89801730
89801733
89801735
89803560
89803563
89803565
89803567
89803569
89803571
89803854
89803857
89803859
89803862
89803864
89803867
89803869
89805674
89805676
89806536
89806576
89806613
89806615
89806791
89806793
89806795
89806797
89806799
89806801
89809743
89809789
89809803
89809805
89809807
89809809
89810046
89810048
89810050
89810052
89810054
89810058
89811748
89811751
89811753
89811755
89811759
89811763
89811904
89811939
89811964
89813686
89813688
89813690
89813883
89813886
89813889
89813892
89813895
89837208
89837218
89837226
89837304
89837365
89837497
89837622
89837736
89837855
89838031
89838151
89838276
89838405
89838525
89838650
89838781
89838902
89838903
89838911
89838926
89843450
89843588
89843599
89843602
89843609
89843737
89843887
89844041
89844166
89844236
89844238
89844239
89844247
89844248
89844257
89844265
89844271
89844408
89844539
89844580
89848809
89848931
89849123
89849237
89849238
89849359
89849363
89849365
89849370
89849373
89849376
89849496
89849616
89849791
89849853
89849854
89849968
89850140
89850260
89850379
89854368
89854416
89854548
89854549
89854551
89854664
89854834
89854952
89855065
89855179
89855354
89855407
89855451
89855535
89855536
89855537
89855539
89855559
89855596
89855747
89857627
89857633
89857640
89857649
89857658
89857675
89857678
89857687
89857689
89857704
89857728
89857751
89857761
89857771
89857780
89857781
89857786
89857787
89857789
89857802
89861114
89861270
89861418
89861544
89861610
89861611
89861731
89861911
89862170
89862288
89862401
89862472
89862473
89862592
89862593
89862651
89862653
89862654
89862726
89862730
89868819
89869012
89869013
89869134
89869257
89869258
89869445
89869535
89869683
89869809
89869877
89869878
89870001
89870118
89870251
89870315
89870326
89870377
89870498
89870503
89876308
89876488
89876489
89876491
89876500
89876630
89876851
89876918
89876977
89877103
89877228
89877291
89877468
89877535
89877663
89877678
89877844
89877845
89877847
89877849
89883627
89883639
89883804
89883807
89883932
89884061
89884184
89884234
89884255
89884256
89884266
89884334
89884461
89884587
89884589
89884641
89884642
89884715
89884836
89884956
89885680
89885695
89885698
89885701
89885702
89885719
89885734
89885736
89885755
89885764
89885783
89885801
89885822
89885847
89885868
89885885
89885901
89885918
89885919
89885935
89886876
89886881
89886909
89886911
89886927
89886938
89886944
89886945
89886951
89886959
89886971
89886979
89886988
89886995
89887003
89887008
89887009
89887016
89887020
89887027
89887437
89887442
89887457
89887466
89887475
89887477
89887485
89887486
89887489
89887490
89887491
89887495
89887504
89887505
89887506
89887512
89887521
89887528
89887530
89887538
89891752
89891930
89892049
89892165
89892236
89892238
89892239
89892241
89892248
89892249
89892315
89892442
89892443
89892597
89892747
89892748
89892874
89892875
89893003
89893064
89897502
89897509
89897510
89897512
89897582
89897705
89897706
89897829
89897950
89898009
89898140
89898203
89898209
89898219
89898220
89898232
89898292
89898409
90072505
90072828
90077167
90077169
90077292
90077360
90077361
90077372
90077443
90077444
90077445
90077571
90077689
90077868
90077992
90078057
90078064
90078070
90078071
90078077
90078084
90078207
90082348
90082410
90082415
90082419
90082421
90082551
90082659
90082661
90082776
90082893
90083014
90083078
90083083
90083085
90083088
90083093
90083094
90083099
90083218
90083222
90087550
90087555
90087772
90087924
90087926
90088083
90088232
90088278
90088291
90088295
90088299
90088303
90088388
90088533
90088612
90088800
90088803
90088936
90089084
90089220
90093712
90093801
90093802
90093977
90093997
90093998
90094026
90094031
90094036
90094039
90094042
90094119
90094120
90094255
90094257
90094387
90094580
90307857
90308705
90319743
90319749
90319755
90319761
90319762
90319847
90319858
90320164
90320400
90320407
90320552
90320554
90320577
90320737
90320857
90320977
90321150
90321273
90321286
90321600
90324985
90324986
90324990
90324991
90324997
90324998
90325002
90325007
90325038
90325049
90325237
90325358
90325388
90325399
90325403
90325405
90325411
90325412
90325414
90325419
90327792
90327978
90327984
90328060
90328068
90328075
90328080
90328089
90328097
90328098
90328105
90328157
90328170
90328360
90328474
90328507
90328514
90328521
90328526
90328532
90330847
90330857
90330866
90330870
90330881
90331011
90331188
90331259
90331385
90331507
90331684
90331806
90331931
90332050
90332274
90332520
90332750
90332752
90332899
90333080
90339237
90339302
90339306
90339312
90339516
90339830
90339841
90340037
90340039
90340223
90340224
90340347
90340463
90340495
90340500
90340505
90340614
90340966
90341152
90341158
90346446
90346447
90346566
90346684
90346745
90346746
90346752
90346757
90346758
90346955
90347293
90347486
90347489
90347611
90347731
90347851
90347852
90347974
90348038
90348045
90353851
90353926
90353980
90354281
90354536
90354776
90354874
90354945
90355069
90355189
90355191
90355197
90355219
90355370
90355612
90355852
90356039
90356108
90356234
90356235
90362569
90362728
90362730
90362898
90362899
90363105
90363134
90363165
90363513
90363730
90363833
90364014
90364015
90364079
90364197
90364262
90364268
90364272
90364274
90364275
90370870
90370871
90370872
90370929
90371169
90371463
90371651
90371715
90371840
90371845
90371846
90371962
90372138
90372252
90372312
90372313
90372505
90372856
90373066
90373069
90379348
90379506
90379515
90379520
90379525
90379530
90379534
90379537
90379539
90379540
90379544
90379559
90379851
90379863
90380160
90380321
90380374
90380443
90380562
90380564
90386779
90386784
90386786
90386850
90386907
90387238
90387460
90387617
90387619
90387621
90387655
90387682
90387802
90387921
90388042
90388200
90388289
90388324
90388643
90388943
90394459
90394780
90394943
90395063
90395064
90395237
90395357
90395474
90395475
90395476
90395477
90395595
90395600
90395839
90396137
90396324
90396443
90396562
90396564
90396571
90402634
90402635
90402698
90402774
90403059
90403078
90403338
90403477
90403543
90403545
90403666
90403673
90403674
90403678
90403681
90403687
90403942
90403954
90404279
90404469
90410802
90410859
90410861
90410863
90410864
90410867
90410873
90410874
90410879
90410975
90411284
90411529
90411666
90411786
90411903
90412015
90412132
90421425
90422776
90423212
90425196
90425455
90428926
90435891
90438060
90441044
90441368
90444185
90447659
90447938
90450028
90450582
90450583
90450584
90450585
90450586
90450587
90450588
90450589
90450590
90450591
90452811
90455642
90457258
90457588
90460191
90460331
90462880
90463080
90464839
90467553
90467790
90469730
90469797
90470294
90470396
90470588
90471973
90472045
90472705
90473888
90474811
90475729
90476031
90476967
90477876
90477976
90478789
90480658
90481651
90484137
90484316
90486735
90488206
90490375
90493202
90494855
90495132
90495433
90497890
90498094
90500588
90500709
90500798
90501829
90502036
90502955
90503051
90503933
90503998
90504680
90504878
90505801
90505913
90506752
90507295
90507405
90507616
90508560
90509870
90509969
90511984
90512205
90515513
90519495
90519569
90522239
90524087
90525314
90526765
90529346
90529498
90531364
90535088
90535267
90535381
90537856
90537958
90538140
90539952
90542633
90542732
90545404
90547159
90547499
90550062
90552858
90554763
90557709
90560306
90562479
90565159
90566810
90568365
90569886
90573123
90573375
90576994
90577174
90578884
90579129
90581750
90581959
90582074
90584561
90587577
90587942
90590694
90590844
90593294
90594567
90595579
90596686
90598351
90599999
90601100
90602781
90605584
90605769
90609210
90609422
90612926
90615749
90615964
90618688
90618869
90620645
90621012
90623535
90623656
90626209
90627276
90628404
90630989
90632009
90633326
90634777
90637849
90637980
90641461
90641655
90643509
90643844
90646398
90646598
90649227
90649409
90651169
90654091
90655733
90658451
90658630
90660794
90661070
90663829
90664043
90666666
90668671
90668911
90670141
90670179
90671637
90672960
90674405
90674535
90676691
90678038
90679517
90680584
90681262
90684201
90687789
90688006
90690353
90690621
90692146
90692874
90695450
90695634
90698294
90700071
90700254
90702820
90704616
90705720
90985944
90985967
90985987
90985990
90986213
90986582
90986589
90986779
90986918
90987055
90987236
90987373
90987509
90987511
90987644
90987764
90988058
90988303
90988505
90988638
90994913
90995112
90995265
90995268
90995453
90995595
90995680
90995760
90995775
90995825
90995826
90995959
90995997
90996361
90996644
90996762
90996904
90997041
90997123
90997146
91003735
91003737
91003870
91003889
91004064
91004294
91004309
91004323
91004334
91004346
91004617
91004765
91004843
91004990
91005153
91005284
91005410
91005536
91005777
91005788
91013023
91013154
91013231
91013361
91013486
91013487
91013490
91013511
91013542
91013549
91013556
91013597
91013942
91014156
91014160
91014162
91014372
91014448
91014589
91014592
91021455
91021533
91021550
91021709
91021902
91021947
91022139
91022342
91022467
91022610
91022803
91022817
91022941
91023264
91023273
91023496
91023638
91023772
91023912
91024048
91031364
91031504
91031727
91031740
91032074
91032342
91032562
91032759
91032780
91032993
91033169
91033323
91033510
91033705
91034032
91034047
91034356
91034573
91034582
91034868
91121348
91121376
91121392
91121792
91121810
91121826
91179782
91179893
91179902
91179910
91180085
91180259
91180308
91180316
91180331
91180333
91180346
91180357
91180369
91180381
91180485
91180684
91180769
91180886
91180895
91180901
91183730
91183735
91183743
91183749
91183753
91183754
91183858
91183860
91183873
91184042
91184203
91184210
91184246
91184251
91184257
91184261
91184271
91184276
91184284
91184417
91186772
91186968
91187072
91187075
91187089
91187094
91187100
91187101
91187106
91187108
91187112
91187117
91187145
91187151
91187341
91187357
91187481
91187513
91187521
91187526
91190243
91190244
91190277
91190278
91190387
91190396
91190397
91190403
91190411
91190412
91190420
91190435
91190596
91190770
91190815
91190823
91190831
91190837
91190838
91190843
91193287
91193314
91193502
91193639
91193645
91193667
91193672
91193673
91193680
91193681
91193689
91193695
91193701
91193705
91193709
91193867
91194036
91194083
91194160
91194192
91196501
91196504
91196570
91196581
91196588
91196592
91196597
91196598
91196607
91196616
91196685
91196889
91197004
91197057
91197059
91197076
91197094
91197104
91197106
91197216
91200096
91200103
91200113
91200120
91200261
91200458
91200465
91200524
91200532
91200533
91200544
91200552
91200563
91200572
91200581
91200659
91200856
91200866
91200991
91201013
91203338
91203410
91203420
91203432
91203631
91203723
91203739
91203748
91203757
91203758
91203764
91203770
91203776
91203804
91203814
91204002
91204127
91204153
91204158
91204161
91206636
91206637
91206644
91206647
91206651
91206657
91206669
91206673
91206690
91206693
91206704
91206705
91206706
91206708
91206725
91206902
91207058
91207090
91207103
91207112
91209304
91209305
91209306
91209309
91209312
91209361
91209559
91209568
91209676
91209691
91209696
91209699
91209705
91209718
91209719
91209723
91209734
91209899
91210070
91210102
91212618
91212634
91212636
91212650
91212656
91212667
91212674
91212682
91212713
91212920
91213036
91213061
91213066
91213074
91213077
91213081
91213089
91213091
91213098
91213116
91220304
91220491
