132209881
132210567
132210689
132210796
132210885
132210950
132211064
132298288
132298454
132301052
132301060
132301069
132301077
132301081
132301088
132301094
132301097
132301103
132301113
132301127
132301139
132301143
132301146
132301150
132301153
132301155
132301161
132302229
132302241
132302243
132302247
132302249
132302261
132302262
132302265
132302268
132302269
132302272
132302276
132302292
132302295
132302310
132302314
132302317
132302318
132303388
132303389
132303817
132303835
132303845
132303858
132303867
132303876
132303890
132303902
132304806
132304873
132304880
132304886
132304932
132304938
132304944
132304952
132304955
132304960
132304966
132304969
132304975
132304981
132306166
132306171
132306173
132306178
132306182
132306184
132306187
132306268
132306280
132306289
132306294
132306303
132306310
132306869
132306875
132306886
132306906
132306911
132306918
132306926
132306930
132306938
132306940
132306944
132307057
132307624
132307630
132307641
132307650
132307896
132307898
132307901
132307907
132307910
132307913
132309614
132309617
132309623
132309631
132309653
132309660
132309662
132309687
132309691
132309696
132309700
132309701
132309707
132309751
132309761
132309877
132309881
132309902
132309910
132309914
132309922
132309923
132310395
132310403
132310412
132310422
132310430
132310442
132310448
132310459
132310472
132310479
132310683
132310686
132310703
132310707
132310708
132310712
132310717
132310720
132310887
132310891
132310899
132310945
132310956
132310971
132310989
132311570
132311574
132311581
132311585
132311588
132311593
132311599
132311606
132311613
132311622
132312507
132312509
132312513
132312516
132312519
132312533
132312547
132312551
132312554
132313414
132313415
132313427
132313428
132313431
132313435
132313436
132313439
132313597
132313599
132313601
132313603
132313605
132314169
132314174
132314177
132314189
132314989
132314992
132314994
132314995
132314997
132315645
132315647
132315648
132315649
132315651
132315652
132315653
132315655
132453373
132453376
132454007
132454009
132454010
132454011
132454012
132454013
132454014
132454016
132454018
132454020
132454021
132454022
132454024
132454025
132454026
132454027
132454029
132454030
132454797
132454808
132454815
132454825
132454833
132454867
132454873
132454907
132454910
132454916
132454924
132454973
132454981
132454987
132454994
132455009
132455015
132455075
132455420
132455422
132455929
132455931
132455933
132455936
132455937
132455938
132455939
132455943
132456451
132456460
132456462
132456464
132456466
132456468
132456470
132456473
132456475
132456476
132456569
132457049
132457054
132457060
132457066
132457070
132457078
132457085
132457088
132457091
132457094
132457097
132457251
132457254
132457256
132457259
132457261
132457987
132457998
132458021
132458088
132458097
132458114
132458130
132458148
132458167
132458238
132458248
132458255
132458266
132458275
132458295
132458307
132458553
132458556
132458565
132458570
132458579
132458584
132459262
132459303
132459307
132459640
132459649
132459701
132459715
132459720
132459722
132459744
132459751
132459761
132459804
132459849
132459855
132460043
132460049
132460051
132460054
132460056
132460058
132460521
132460524
132460531
132460559
132460565
132460568
132460571
132460578
132460580
132460583
132460593
132460595
132460599
132460600
132460606
132460609
132460611
132460612
132595681
132602456
132602842
132602922
132604999
132605043
132605636
132605716
132605734
132625884
132625906
132626043
132626300
132647151
132647155
132647160
132647166
132647170
132647214
132647223
132647232
132647293
132647318
132647327
132647340
132647348
132647358
132647399
132647404
132647408
132647420
132647706
132647718
132647756
132647822
132647833
132647845
132648451
132648452
132648461
132648467
132648470
132648472
132648474
132648476
132648479
132648481
132648484
132648486
132648487
132648489
132648491
132648493
132648495
132648497
132648991
132648995
132648997
132649001
132649002
132649052
132649055
132649058
132649060
132649064
132649068
132649995
132650002
132650063
132650075
132650157
132650173
132650181
132650191
132650202
132650277
132650280
132650288
132650300
132650330
132650337
132650345
132650351
132650982
132650994
132651003
132651011
132651015
132651055
132651061
132651067
132651074
132651081
132651089
132651596
132651605
132651612
132651646
132651658
132651663
132651679
132651950
132651953
132651955
132651958
132651960
132651961
132651962
132651963
132651967
132651971
132651972
132651976
132651979
132651981
132651985
132651986
132651987
132651989
132652676
132652678
132652680
132652682
132652684
132652727
132652736
132652744
132652753
132652758
132652764
132652771
132652778
132653308
132653311
132653352
132653354
132653357
132653363
132653369
132653377
132653420
132653906
132653911
132653916
132653949
132653951
132653983
132654939
132654941
132654942
132654945
132654946
132654949
132654951
132654953
132654955
132654957
132654960
132654962
132654963
132654969
132654970
132654971
132654972
132654973
132655445
132655451
132655458
132655462
132655466
132655498
132655503
132655628
132655629
132655630
132655635
132655636
132655637
132655638
132655639
132656907
132656912
132656919
132656924
132656931
132656939
132656976
132656980
132657018
132657021
132657024
132657031
132657033
132657035
132657036
132657038
132657040
132657042
132657077
132657079
132657081
132657488
132657493
132657504
132657512
132657697
132657700
132657701
132657703
132657706
132657994
132657998
132658002
132658010
132658050
132658055
132658061
132658537
132658538
132658569
132658619
132658629
132658642
132658713
132658722
132658785
132659126
132659128
132659133
132659138
132659142
132659251
132659257
132659260
132659264
132659636
132659642
132659651
132659656
132659662
132659673
132659725
132659734
132659742
132659789
132659800
132659808
132821016
132821018
132821020
132821024
132821026
132821029
132821031
132821033
132821035
132821038
132821664
132821667
132821670
132821672
132821681
132821685
132821687
132821691
132821695
132821698
132821785
132821787
132821794
132821801
132821807
132821811
132821817
132821824
132821830
132822435
132822436
132822437
132822438
132822441
132822442
132822443
132822444
132822445
132822452
132822467
132822473
132822479
132822517
132822529
132822538
132823093
132823098
132823102
132823106
132823113
132823121
132823125
132823625
132823650
132823675
132823820
132823828
132824168
132824175
132824185
132824196
132824203
132824211
132824216
132824226
132824234
132824834
132824845
132824895
132824901
132824907
132824914
132824922
132824926
132824929
132824937
132825074
132825076
132825078
132825081
132825083
132825085
132825087
132825088
132825089
132825098
132825100
132825106
132825108
132825110
132825112
132825865
132825867
132825883
132825886
132825888
132825890
132825893
132825897
132825899
132825906
132826048
132826057
132826067
132826076
132826674
132826675
132826677
132826678
132827092
132827099
132827107
132827293
132827301
132827303
132827304
132827306
132827308
132827361
132827364
132827368
132827374
132827380
132827422
132827859
132827866
132827871
132828146
132828148
132828151
132828152
132828153
132828154
132828156
132828162
132828163
132828541
132828548
132828601
132828641
132828646
132828652
132828658
132828789
132828796
132828799
132828802
132828804
132828805
132828806
132828807
132828808
132829233
132829238
132829245
132829252
132829298
132829305
132829313
132829320
132829327
132829457
132829459
132829653
132829667
132829679
132829690
132829697
132829712
132829724
132829733
132829743
132830119
132830121
132830122
132830125
132830132
132830138
132830139
132830141
132830143
132830146
132830506
132830516
132830527
132830535
132830589
132830600
132831795
132831800
132831804
132831810
132831816
132831823
133147122
133147141
133147156
133147178
133147192
133147212
133147229
133147240
133147248
133147263
133156507
133156577
133161780
133161807
133163563
133164315
133164467
133165437
133165439
133166039
133166105
133169426
133169427
133195233
133195244
133195289
133195811
133196439
133196443
133448906
133448908
133448912
133448916
133448921
133448925
133448930
133448938
133448944
133448950
133534261
133573989
