14.403
13.720
14.546
17.604
15.425
14.950
15.675
13.913
13.844
49.371
14.774
14.043
14.859
15.324
14.321
16.426
14.649
13.902
14.079
13.665
17.130
16.787
12.912
13.586
12.802
14.023
13.973
14.448
14.260
13.715
14.687
13.228
15.702
16.778
13.302
15.288
13.391
1.237
13.968
12.701
14.077
1.885
14.126
13.057
13.966
14.465
15.729
8.175
11.568
6.591
18.250
13.603
13.769
149.451
13.890
13.735
13.312
12.361
12.469
12.164
15.039
14.271
14.045
13.161
12.909
12.741
13.261
14.097
16.610
13.128
14.323
13.982
16.453
13.995
15.921
15.039
14.047
13.514
13.098
18.151
7.624
13.971
11.901
14.758
13.894
13.957
13.240
14.840
14.410
12.792
12.803
14.151
13.806
14.496
14.064
14.805
14.319
13.637
13.971
15.199
14.212
14.020
14.004
