93144998
93144999
93145002
93145004
93145006
93145008
93145010
93145014
93145015
93145017
93145020
93146051
93146065
93146072
93146078
93146079
93146082
93149425
93149431
93149432
93149435
93149438
93149439
93149441
93149442
93149445
93149448
93149491
93149645
93149731
93149804
93149873
93149910
93149938
93149946
93149947
93149948
93149949
93149950
93149951
93149952
93149954
93152968
93152973
93152974
93152976
93153916
93153954
93154019
93154104
93154205
93154397
93154426
93154445
93154462
93154473
93164512
93164567
93195744
93195815
93227307
93227378
93258438
93258522
93293807
93293867
93323415
93326733
93326770
93354504
93354572
93381336
93381463
93391803
93391884
93429244
93429336
93450040
93450067
93450116
93450125
93450162
93450169
93450186
93450197
93450200
93451957
93452009
93464868
93464898
93489671
93489772
93533351
93533427
93573654
93573730
93610275
93610348
93628034
93633483
93633505
93650417
93650499
93684345
93684353
93684359
93684365
93684384
93684432
93684514
93684602
93684664
93684690
93684729
93684777
93684822
93684899
93684924
93684953
93684972
93684994
93685000
93685009
93685017
93685025
93685031
93685039
93685050
93685115
93685184
93685276
93685372
93689322
93689408
93691490
93691510
93691527
93691536
93691547
93691555
93691566
93691574
93691583
93691589
93691595
93691601
93691608
93691684
93691769
93691874
93691899
93694312
93694328
93694338
93694348
93694353
93694364
93694372
93694382
93694422
93694512
93694616
93694676
93694705
93694727
93694777
93694852
93694968
93695003
93695048
93695218
93695368
93695460
93695538
93695593
93695765
93695860
93699317
93699383
93699421
93700466
93700523
93700610
93700695
93700753
93700773
93700822
93700930
93700964
93701022
93701041
93703188
93703218
93703301
93703314
93703325
93703334
93703339
93703344
93703355
93703364
93703379
93703423
93703499
93703682
93703858
93703885
93703906
93703921
93703945
93709208
93709215
93709220
93709226
93709232
93709237
93709242
93709248
93709253
93709260
93710492
93710500
93710509
93710521
93710526
93710532
93712410
93712417
93712422
93712427
93712434
93712439
93712456
93712461
93712482
93712528
93712679
93712859
93712927
93712967
93713013
93713074
93713170
93713234
93713289
93713346
93713451
93713560
93713615
93713630
93713639
93717068
93717083
93717090
93717096
93718357
93718449
93718522
93718580
93718622
93718681
93718693
93718701
93718715
93718742
93720100
93727351
93727440
93760685
93764882
93764979
93794721
93804041
93804133
93822976
93838292
93838377
93875832
93875913
93889437
93889438
93889439
93889440
93889445
93912788
93912882
93951830
93953073
93961169
93961639
93962345
93962354
93962486
93962536
93962936
93963043
93963069
93984535
93984867
93984965
93989222
93989295
94025928
94026021
94059612
94059716
94083200
94083907
94092748
94092844
94093922
94098946
94098964
94129887
94129977
94171114
94171206
94210300
94210378
94249727
94249801
94254965
94264906
94286072
94293552
94293606
94293856
94293860
94293865
94293868
94293874
94294020
94294052
94294107
94323023
94323109
94361596
94361686
94400130
94400263
94420380
94420382
94423054
94423058
94423083
94423088
94423090
94423092
94423094
94423099
94423101
94423108
94431970
94432060
94462597
94462687
94485967
94494317
94494398
94524945
94525022
94552052
94552055
94552056
94552058
94552079
94552129
94552212
94552300
94552387
94552460
94552512
94552554
94552565
94552572
94552575
94552579
94552582
94552588
94552589
94552594
94552597
94552600
94552603
94552606
94552610
94552628
94552672
94552748
94552835
94555348
94555440
94556873
94556874
94556881
94556883
94556914
94556968
94557019
94557084
94557174
94557225
94557246
94557249
94557250
94557335
94557421
94557585
94557654
94558859
94558860
94558863
94558866
94558867
94558872
94558876
94558910
94558976
94559065
94559166
94559247
94559310
94559351
94559383
94559387
94559391
94559394
94559398
94559404
94559410
94559416
94559422
94559427
94559442
94559459
94559495
94559561
94561678
94562335
94562419
94562515
94562595
94562663
94562710
94562750
94562773
94562778
94562787
94562792
94564378
94564381
94564384
94564386
94564387
94564388
94564389
94564390
94564393
94564403
94564447
94564521
94564609
94564819
94564888
94564893
94564896
94564897
94564898
94564901
94567541
94567544
94567546
94567548
94567551
94567555
94567556
94567558
94567560
94568601
94568603
94568605
94568609
94568611
94568613
94570200
94570201
94570203
94570205
94570206
94570207
94570212
94570213
94570216
94570302
94570478
94570629
94570673
94570703
94570707
94570708
94570710
94570711
94570712
94570714
94570715
94570717
94570719
94570723
94570725
94570746
94573425
94573430
94573432
94574524
94574599
94574669
94574753
94574802
94574806
94574812
94574821
94574829
94584316
94584393
94616473
94616621
94648081
94648172
94669816
94674821
94674913
94701425
94701608
94701696
94710720
94710725
94710736
94710793
94738316
94738401
94773764
94773850
94785053
94785061
94809201
94809295
94813409
94847219
94847311
94881057
94918867
94984003
94984131
95015618
95030661
95037856
95037997
95076139
95076236
95105441
95105543
95132824
95132920
95137795
95158450
95158545
95181407
95181409
95181410
95181412
95181432
95181485
95181568
95181656
95181741
95181819
95181867
95181908
95181924
95181931
95181935
95181938
95181940
95181945
95181951
95181953
95181957
95181959
95181965
95181968
95181972
95181992
95182033
95182105
95182196
95183858
95183954
95185338
95185339
95185341
95185343
95185345
95185348
95185349
95185350
95185353
95185356
95185358
95185360
95185361
95185431
95185512
95185680
95185758
95186965
95186967
95186969
95186972
95186973
95186975
95186978
95186980
95187004
95187060
95187144
95187233
95187315
95187384
95187435
95187468
95187497
95187503
95187508
95187523
95187529
95187538
95187539
95187542
95187547
95187569
95189805
95189809
95189814
95190442
95190484
95190558
95190651
95190743
95190816
95190877
95190945
95190953
95190967
95190974
95192628
95192630
95192639
95192641
95192647
95192650
95192655
95192659
95192664
95192666
95192667
95192692
95192747
95193000
95193162
95193166
95193169
95193171
95193175
95193182
95195908
95195910
95195913
95195915
95195918
95195924
95195925
95195928
95195933
95196995
95196997
95197001
95197009
95197010
95197012
95198662
95198666
95198673
95198679
95198680
95198682
95198683
95198686
95198698
95198779
95198949
95199092
95199158
95199190
95199211
95199220
95199221
95199224
95199226
95199227
95199228
95199237
95199242
95199261
95199269
95199290
95202059
95202066
95202070
95203126
95203174
95203202
95203230
95203261
95203341
95203357
95203369
95203382
95203393
95209873
95209984
95236275
95236379
95264803
95264900
95285045
95290559
95290648
95305510
95311285
95316315
95316416
95341812
95341911
95368035
95368132
95395711
95395828
95423877
95423977
95429435
95429444
95447553
95452125
95452247
95455492
95460273
95473283
95478577
95478667
95490005
95490507
95505491
95505605
95538114
95538210
95566311
95566423
95593438
95593539
95611429
95634786
95650844
95661183
95672846
95672952
95700135
95700247
95714432
95714447
95728704
95728796
95754675
95754773
95780559
95780663
95806480
95806583
95832314
95832412
95861463
95861465
95861468
95861470
95861486
95861531
95861607
95861699
95861794
95861860
95861921
95861956
95861985
95861997
95862004
95862009
95862013
95862018
95862021
95862024
95862027
95862029
95862032
95862036
95862043
95862089
95862153
95862237
95862331
95864001
95864096
95865438
95865442
95865445
95865447
95865448
95865452
95865453
95865455
95865464
95865465
95865467
95865470
95865471
95865521
95865591
95865774
95865851
95867125
95867127
95867130
95867133
95867135
95867137
95867142
95867144
95867151
95867191
95867267
95867371
95867464
95867548
95867608
95867651
95867691
95867693
95867696
95867699
95867705
95867707
95867711
95867712
95867718
95869949
95869955
95869957
95869959
95870531
95870533
95870562
95870625
95870712
95870807
95870897
95871033
95871061
95871063
95871067
95871604
95872636
95872639
95872643
95872646
95872650
95872651
95872653
95872655
95872656
95872658
95872659
95872660
95872667
95872850
95873089
95873124
95873148
95873162
95873166
95873168
95875924
95875925
95875927
95875930
95875938
95875939
95875942
95875945
95875947
95875951
95876996
95877035
95877064
95877088
95877089
95877092
95878716
95878752
95878774
95878782
95878786
95878790
95878802
95878803
95878807
95878823
95878829
95878830
95878853
95878906
95878989
95879080
95879157
95879234
95879291
95879327
95879345
95879354
95879358
95879363
95879367
95882117
95882162
95882206
95882208
95882211
95883052
95883069
95883087
95883178
95883441
95883506
95883561
95883634
95883651
95883670
95891386
95891484
95917757
95917853
95935355
95935382
95944912
95945012
95971200
95971315
95997345
95997449
96014766
96014819
96014914
96022962
96023054
