71.078
69.366
71.768
72.140
81.389
74.043
75.767
82.312
68.736
69.447
66.419
66.683
70.094
71.145
70.702
71.548
84.013
82.846
77.235
84.299
72.590
70.821
67.959
67.360
65.700
65.426
69.672
66.838
66.331
65.737
81.324
70.875
68.522
64.987
67.562
66.594
65.027
68.366
69.574
68.087
68.906
80.442
78.034
74.927
71.948
70.955
72.873
73.862
69.998
70.160
92.780
82.360
74.126
79.995
73.407
72.560
71.652
72.338
72.461
71.352
73.390
76.849
75.291
75.651
79.099
82.868
76.013
75.399
73.697
73.556
76.242
74.480
75.427
76.929
76.158
76.918
79.537
77.369
75.347
75.867
76.347
77.185
73.728
74.704
73.223
74.531
81.837
80.757
74.980
78.685
70.586
70.473
70.623
70.947
72.076
71.086
58.251
56.730
76.752
75.390
81.566
77.840
71.694
72.132
73.548
76.476
73.129
74.960
73.976
72.953
73.010
76.357
82.783
83.267
75.118
74.620
76.345
76.456
72.043
72.176
70.849
71.758
78.330
76.777
84.957
82.993
78.670
88.828
74.031
75.141
75.510
76.116
80.994
78.352
75.809
79.771
84.960
83.871
76.734
74.943
74.415
78.058
57.753
61.420
79.579
81.458
80.805
79.181
69.206
68.197
68.894
70.509
68.771
76.423
76.416
74.151
73.858
78.411
78.888
69.566
70.436
68.315
68.357
69.861
70.596
74.358
70.537
72.573
74.813
84.055
82.249
74.541
77.010
75.201
