17.035
16.904
17.442
18.325
3.417
21.262
20.226
20.339
20.770
19.766
20.490
18.928
19.740
19.144
17.929
18.004
18.844
18.613
19.613
21.608
20.316
16.882
17.002
16.617
16.443
17.740
17.267
20.494
18.224
18.077
18.836
18.363
19.398
20.478
20.097
17.528
16.658
17.339
18.144
20.659
19.117
17.648
28.992
25.547
16.854
17.467
17.396
17.810
17.996
17.802
18.236
17.447
19.279
18.354
18.232
22.053
16.855
17.726
17.934
16.103
17.150
15.998
19.771
17.388
20.873
17.709
34.344
34.883
17.841
18.295
17.746
18.168
18.642
17.986
18.891
19.267
18.979
19.577
20.216
17.345
24.595
19.515
19.806
17.582
18.188
18.769
20.166
21.026
19.426
19.640
16.600
16.412
16.006
16.615
15.722
18.204
17.771
17.482
16.302
18.427
19.157
17.433
17.017
17.061
16.271
17.723
19.088
17.598
17.408
17.645
20.737
17.194
16.654
16.738
17.503
17.117
15.620
19.073
19.610
17.343
17.446
21.370
21.977
18.159
15.132
15.533
16.878
16.725
15.690
18.353
16.234
17.401
18.487
22.929
22.370
19.752
20.585
14.354
14.956
16.377
19.081
17.132
17.004
18.315
17.827
9.193
21.141
21.584
17.070
16.516
16.085
15.701
15.383
17.353
16.028
18.891
18.532
21.265
22.272
17.237
17.112
15.379
15.109
16.152
16.690
17.325
16.387
16.521
17.605
18.377
16.071
16.553
16.705
15.987
