12.879
12.878
13.318
13.343
14.954
14.332
13.982
15.211
13.324
13.794
22.651
14.305
15.306
15.448
15.882
12.884
14.204
13.132
14.166
14.981
15.542
12.406
12.683
12.193
12.651
13.115
13.138
13.943
12.833
12.900
12.878
13.525
13.864
14.428
13.010
13.748
13.017
12.809
12.943
15.079
15.875
13.674
13.788
14.819
15.325
13.152
13.284
12.766
12.565
13.556
13.751
13.882
13.188
13.591
13.431
13.013
13.093
12.649
13.809
12.839
12.893
13.255
14.574
13.371
13.458
13.639
3.577
15.145
13.271
12.837
12.534
12.233
12.420
12.213
13.803
12.879
14.566
14.871
14.268
13.956
12.999
14.318
15.594
15.205
13.118
13.062
12.725
14.200
13.096
14.211
13.875
13.529
13.648
12.673
13.253
12.666
13.153
12.244
12.567
13.133
12.591
13.313
14.310
13.341
14.352
13.382
13.439
12.858
12.506
13.154
13.325
13.064
13.415
13.302
12.837
13.390
12.819
12.292
12.562
13.259
12.200
13.656
12.634
13.147
13.053
7.588
13.827
13.576
14.094
26.008
12.661
14.828
13.613
12.733
12.844
12.776
13.462
13.132
13.508
13.490
17.127
15.649
15.962
13.533
12.511
13.348
15.575
13.619
14.290
15.052
15.014
12.379
12.675
13.374
13.037
14.028
12.740
12.540
14.184
12.637
12.891
13.836
15.093
16.015
13.185
13.558
12.466
13.369
12.337
13.462
13.876
13.629
12.567
14.112
12.874
13.940
12.539
12.402
12.633
13.628
