5.720
6.121
27.547
53.760
55.345
44.006
48.230
52.570
59.402
58.655
64.413
67.204
62.233
62.148
72.636
55.475
57.102
52.932
51.717
52.442
53.559
58.236
55.280
57.151
56.847
54.586
54.032
53.637
58.292
53.793
54.386
53.150
52.938
52.511
53.627
56.244
53.835
55.967
50.111
53.342
51.820
51.676
49.649
50.905
52.026
50.115
49.915
55.803
55.661
54.731
54.758
53.797
56.778
54.050
54.724
55.631
54.474
55.841
55.558
58.056
51.359
52.450
53.542
17.581
52.097
53.192
49.341
55.011
54.070
52.448
50.001
52.616
55.148
51.562
50.513
53.704
48.039
52.259
54.553
51.283
53.422
54.792
56.193
56.177
53.770
58.172
57.366
60.683
60.105
54.159
55.336
49.875
52.854
57.156
57.859
54.127
53.178
56.182
50.346
54.652
54.372
56.583
55.230
56.037
57.918
54.274
52.035
48.524
49.569
51.395
51.093
45.421
48.475
50.776
51.661
55.268
49.465
52.645
55.866
53.051
53.810
54.507
52.933
54.500
52.772
48.873
52.655
49.694
52.606
