12.477
2.072
11.837
16.916
45.487
23.575
12.497
12.828
12.651
13.735
6.778
15.550
14.382
12.980
12.660
13.951
12.746
13.241
12.772
13.988
13.528
14.370
13.141
11.467
8.108
14.097
13.056
12.530
12.678
12.695
11.757
12.496
14.888
13.251
18.047
12.845
16.009
13.495
13.472
13.783
13.105
12.780
12.686
13.057
13.442
13.466
14.240
13.596
13.115
14.758
12.488
13.432
14.930
13.698
14.384
11.818
8.621
16.018
14.226
14.567
15.518
17.807
15.582
14.368
15.087
12.712
11.889
13.227
12.380
0.000
13.411
13.515
13.353
15.806
12.563
15.265
14.777
13.772
13.862
13.638
12.486
12.913
13.044
12.550
12.688
13.359
12.904
13.916
12.910
14.825
15.133
13.624
12.530
13.262
13.591
13.780
12.712
15.862
12.689
13.525
13.558
15.243
13.212
13.055
14.060
12.308
13.996
13.391
12.638
13.881
15.116
13.601
14.779
14.152
14.183
13.492
12.893
13.404
13.049
13.866
13.250
12.434
13.151
14.529
14.930
13.423
