131164391
131164392
131164394
131164395
131164398
131164402
131164416
131164418
131164421
131164423
131164429
131164432
131164433
131164434
131164436
131164455
131164499
131164511
131164525
131165196
131165199
131165206
131165215
131165262
131165282
131165450
131165457
131165482
131165494
131165513
131166545
131166547
131166555
131166571
131166587
131166588
131166590
131166593
131166595
131166604
131166607
131166611
131166614
131166625
131166627
131166629
131166631
131166632
131166634
131167341
131167345
131167851
131167853
131167856
131167859
131167864
131167868
131167871
131167934
131167935
131167936
131167937
131167938
131167939
131167947
131167950
131167952
131167955
131168625
131168649
131168651
131168654
131168754
131168762
131168795
131168804
131168873
131168962
131168978
131169003
131170029
131170031
131170033
131170035
131170037
131170039
131170040
131170045
131170047
131170049
131170051
131170052
131170097
131170098
131170099
131170422
131170688
131170693
131170697
131170704
131170727
131170734
131170739
131170742
131170745
131170752
131170754
131170764
131170765
131170766
131170776
131170786
131170793
131170798
131170801
131171308
131171333
131171348
131171536
131171543
131171545
131171556
131171558
131171561
131171563
131171565
131171566
131171567
131171569
131171573
131171574
131171576
131171578
131171582
131171583
131171584
131171587
131172214
131172215
131172224
131172228
131172229
131172230
131172231
131172233
131172235
131172238
131172240
131172244
131172245
131172248
131172249
131172251
131172282
131172283
131172288
131172290
131172291
131172845
131172857
131172872
131172880
131173138
131173187
131173199
131173218
131173810
131173811
131173813
131173876
131173884
131173898
131173927
131173982
131173997
131174024
131174066
131174094
131174108
131174420
131174424
131174426
131174428
131174429
131174431
131174442
131174803
131174816
131174819
131174826
131174830
131174839
131174845
131174861
131174879
131174887
131174890
131174899
131175238
131175240
131175248
131175254
131175258
131175271
131175276
131175279
131175284
131175286
131175288
131175290
131175292
131175293
131176521
131176532
131176534
131176535
131176538
131176541
131176545
131176547
131176549
131176551
131176553
131176555
131176556
131176558
131176625
131176627
131176628
131176630
131176631
131176636
131176637
131176640
131176654
131176655
131176656
131176658
131177226
131177258
131177265
131177296
131177304
131177513
131177524
131177534
131177537
131178175
131178178
131178180
131178182
131178190
131178717
131178719
131178721
131178723
131178725
131178726
131178727
131178729
131178737
131178738
131178741
131178742
131178743
131178750
131178756
131178758
131178759
131178761
131178762
131179511
131179515
131179517
131179527
131179528
131179530
131179532
131179534
131179536
131179538
131179552
131180073
131180077
131180079
131180080
131180081
131180091
131180988
131180996
131181005
131181008
131181011
131181018
131181033
131181072
131181081
131181086
131181092
131181129
131181141
131181150
131181174
131181231
131181242
131182320
131182322
131182325
131182327
131182329
131182330
131182331
131182339
131182342
131182346
131182349
131182351
131182808
131182814
131182825
131182845
131182847
131182849
131182852
131182855
131182858
131182860
131182861
131182864
131182865
131182866
131182867
131182868
131182871
131182872
131182873
131237515
131237755
131253852
131328301
131328302
131328306
131328309
131328313
131328315
131328316
131328317
131328318
131328319
131328322
131328325
131328332
131328333
131328335
131328337
131328338
131328340
131328341
131328893
131328894
131328895
131328896
131328897
131328898
131330278
131330297
131330322
131330326
131330337
131330341
131330343
131330350
131330353
131330355
131330356
131330357
131330359
131330953
131330955
131330956
131330958
131330959
131330961
131330962
131330965
131330968
131330969
131330974
131330984
131330985
131330988
131330989
131330991
131330995
131330997
131331000
131331881
131332440
131332446
131332452
131332456
131332460
131332471
131332477
131332480
131332482
131332486
131332489
131332493
131332495
131332497
131332500
131332859
131332905
131332940
131332970
131332984
131332998
131333044
131333048
131333055
131333061
131333063
131333067
131333072
131333075
131333077
131333080
131333085
131333090
131333092
131333158
131333161
131333173
131333189
131333201
131333841
131333848
131333855
131333861
131333866
131333870
131333871
131333877
131333884
131333889
131333892
131333898
131334507
131334509
131334511
131335076
131335081
131335082
131335084
131335086
131335087
131335088
131335090
131335435
131335465
131335476
131335484
131335492
131335515
131335580
131335594
131335608
131336002
131336005
131336008
131336011
131336013
131336015
131336711
131336715
131336721
131336725
131336726
131336728
131336730
131336733
131336737
131336746
131337284
131337300
131337307
131337310
131337319
131337321
131337324
131337325
131337328
131337330
131337337
131337344
131337345
131337350
131337355
131337356
131337359
131337361
131337367
131337760
131337772
131337784
131337811
131337838
131338319
131338347
131338371
131338410
131338435
131338460
131338497
131338562
131338590
131338608
131338630
131338682
131338702
131338727
131338729
131338743
131338755
131338758
131338760
131338881
131338882
131338886
131338893
131338922
131338944
131339236
131339272
131339298
131339480
131339481
131339487
131339499
131339529
131339540
131339553
131339567
131339624
131339655
131339784
131340260
131340267
131340270
131340272
131340274
131340279
131340286
131340297
131340300
131340301
131340303
131340305
131341530
131341533
131341536
131341539
131341543
131341544
131341546
131341548
131341549
131341550
131341553
131341555
131341557
131341559
131341560
131341911
131341922
131341946
131341958
131341972
131342019
131342051
131342082
131342100
131342113
131342146
131342156
131342195
131342209
131342212
131342234
131342256
131342277
131342897
131342902
131342904
131342908
131342910
131342911
131342916
131342918
131342933
131343515
131343517
131343519
131343520
131343521
131343523
131343524
131343527
131343531
131343535
131343536
131343537
131343540
131343628
131343643
131343670
131343685
131343720
131343790
131343841
131343880
131343915
131343959
131343966
131343985
131344023
131344035
131344057
131344081
131344091
131344103
131344134
131344817
131344839
131344876
131344908
131344933
131344955
131344981
131345005
131345029
131345034
131345040
131345042
131345045
131345047
131345049
131345055
131345056
131345058
131345060
131345749
131345752
131345753
131345754
131345756
131345757
131345763
131345764
131345766
131345768
131345771
131345785
131345788
131345789
131345792
131345794
131345798
131345801
131346553
131346558
131346584
131346588
131346589
131346598
131346603
131346606
131346611
131346612
131346617
131346619
131346621
131346624
131346626
131346629
131346631
131346633
131346635
131347296
131347297
131347322
131347349
131347404
131347490
131347536
131347613
131347643
131347676
131347704
131347733
131347757
131347771
131347852
131348282
131348294
131348302
131348324
131348335
131348390
131348464
131348488
131348527
131348529
131348555
131348573
131348586
131348603
131348622
131348645
131348676
131348693
131348714
131349577
131349579
131349583
131349586
131349587
131349606
131349607
131349608
131349610
131349612
131349614
131349616
131350806
131350812
131350854
131350862
131350867
131350870
131350898
131350899
131350907
131350911
131350915
131350920
131350923
131350930
131350934
131350939
131350947
131350958
131351635
131351638
131351641
131351642
131351644
131351645
131351647
131351649
131351650
131352202
131353356
131354090
131354751
131355333
131494182
131494184
131494186
131494193
131494194
131494197
131494198
131494200
131494201
131494204
131494206
131494208
131494210
131494212
131494214
131494218
131494221
131494223
131494224
131494841
131494848
131494849
131494850
131494856
131494859
131494867
131494870
131494872
131494874
131494876
131494878
131495721
131495785
131495819
131495828
131495847
131495865
131495897
131495920
131495932
131495938
131495948
131496040
131496041
131496042
131496044
131496047
131496049
131496051
131496054
131496056
131496058
131496060
131496069
131496077
131496096
131496108
131496117
131496150
131496182
131496201
131496727
131496728
131496731
131496733
131496737
131496738
131496743
131496744
131496748
131496751
131496755
131496757
131496759
131496763
131496820
131497298
131497299
131497301
131497303
131497305
131497306
131497307
131497309
131497310
131497311
131497318
131497319
131497321
131497790
131497819
131497846
131497851
131497854
131497866
131497868
131497869
131498435
131498437
131498438
131498440
131498946
131498949
131498952
131498955
131498983
131498986
131499496
131499497
131499500
131499502
131499503
131499507
131499511
131499532
131499533
131499534
131499539
131499543
131499545
131499546
131499548
131499555
131499558
131499560
131499561
131500256
131500263
131500281
131500310
131500375
131500422
131500436
131500456
131500652
131500842
131500843
131500845
131500847
131500849
131500850
131500852
131500855
131500870
131500872
131500874
131500880
131500886
131500889
131500890
131500892
131500893
131500898
131500899
131501517
131501532
131501536
131501538
131501542
131501547
131501549
131501617
131501618
131501620
131501622
131501624
131501626
131501629
131501631
131501634
131501635
131501637
131501644
131501650
131501660
131501665
131501692
131501744
131501782
131501798
131502300
131502301
131502303
131502833
131502836
131502837
131502838
131502841
131502844
131502845
131502847
131502848
131502889
131502901
131502902
131502908
131502913
131502915
131502916
131502917
131502921
131502923
131502924
131502925
131502927
131502928
131502930
131503490
131503502
131503503
131503505
131503508
131503976
131504227
131504237
131504238
131504240
131504851
131504854
131504855
131504857
131504858
131504862
131504865
131504866
131504867
131504869
131504871
131504873
131505486
131505487
131505491
131505496
131505498
131505748
131505765
131505791
131505824
131505882
131505893
131505907
131505922
131505957
131505984
131506021
131506037
131506063
131506069
131506075
131506078
131506092
131506100
131506700
131506716
131506718
131506720
131506725
131506732
131506737
131506744
131506747
131506748
131506749
131506751
131506753
131506755
131506756
131506758
131506761
131506762
131506773
131507380
131507384
131507394
131507400
131507403
131507405
131507867
131507924
131507944
131508002
131508019
131508034
131508066
131508072
131508076
131508103
131508125
131508152
131508156
131508164
131508167
131508178
131508187
131508193
131508196
131508829
131508834
131508838
131508840
131508843
131508850
131508856
131509047
131509063
131509145
131509171
131509249
131509292
131509330
131509365
131509398
131509433
131509453
131509466
131509486
131509493
131509499
131509505
131509508
131509512
131509517
131509642
131509656
131509664
131509696
131509727
131509781
131509813
131509982
131510001
131510021
131510075
131510182
131510186
131510189
131510191
131510193
131510195
131510197
131510200
131510204
131510207
131510863
131511406
131511417
131511419
131511421
131511424
131511429
131511882
131512113
131512120
131512121
131512122
131512123
131512124
131512126
131512127
131512130
131512132
131512133
131512136
131512137
131512139
131512142
131512152
131512153
131512154
131512156
131512804
131513386
131513389
131513390
131513759
131513813
131513826
131513844
131513868
131513891
131513906
131513916
131513937
131513946
131514073
131514097
131514157
131514628
131514630
131514632
131514646
131514650
131514652
131514653
131514654
131514655
131514660
131514662
131514667
131514668
131514671
131514674
131514676
131514678
131514679
131514695
131616268
131616270
131616274
131616277
131616281
131616287
131616295
131616296
131616299
131616303
131616306
131616308
131616309
131616312
131616315
131616316
131616317
131616318
131616320
131616376
131616381
131616393
131616673
131616678
131616682
131616685
131616687
131616688
131616693
131616694
131616696
131616700
131616701
131616702
131616705
131616712
131616714
131616715
131616716
131616718
131616872
131616875
131616879
131616882
131616885
131616886
131616888
131616892
131616903
131616904
131616906
131616909
131616912
131616913
131616917
131616920
131616921
131616973
131616985
131616987
131616990
131616992
131616998
131616999
131617001
131617003
131617005
131617007
131617014
131617015
131617182
131617186
131617187
131617188
131617196
131617197
131617202
131617203
131617205
131617207
131617209
131617211
131617216
131617226
131617233
131617235
131617238
131617242
131617249
131617427
131617428
131617430
131617432
131617434
131617437
131617438
131617439
131617444
131617446
131617447
131617454
131617456
131617457
131617460
131617463
131617467
131617470
131617472
131617628
131617630
131617632
131617633
131617638
131617639
131617657
131617658
131617659
131617664
131617666
131617668
131617837
131617840
131617843
131617845
131617853
131617854
131617856
131617857
131617860
131617861
131617862
131617863
131617864
131617865
131617868
131617869
131617871
131617877
131617878
131618058
131618059
131618062
131618064
131618065
131618066
131618070
131618077
131618079
131618083
131618089
131618093
131618096
131618098
131618106
131618108
131618109
131618110
131618113
131618347
131618352
131618355
131618359
131618360
131618361
131618366
131618368
131618371
131618372
131618376
131618589
131618594
131618596
131618606
131618610
131618613
131618615
131618619
131618624
131618627
131618637
131618638
131618864
131618870
131618874
131618918
131618925
131618955
131618996
131618997
131619001
131619004
131619011
131619016
131619017
131619018
131619162
131619164
131619166
131619201
131619233
131619247
131619258
131619304
131619329
131619332
131619848
131619852
131619856
131619859
131619861
131619864
131619865
131619866
131619869
131619871
131619872
131619873
131619878
131619879
131620093
131620094
131620095
131620097
131620099
131620102
131620104
131620109
131620111
131620114
131620116
131620121
131620123
131620125
131620128
131620129
131620136
131620137
131620141
131620431
131620436
131620441
131620443
131620449
131620459
131620462
131620463
131620465
131620612
131620615
131620617
131620620
131620622
131620623
131620630
131620633
131620638
131620641
131620644
131620650
131620654
131620658
131620664
131620678
131620684
131620694
131620701
131620907
131620910
131620924
131620927
131620935
131620940
131620943
131620947
131620948
131620949
131620965
131620968
131620970
131620982
131620984
131620989
131621211
131621212
131621214
131621217
131621226
131621238
131621243
131621246
131621250
131621253
131621255
131621256
131621258
131621260
131621261
131621265
131621266
131621269
131621274
131621473
131621478
131621482
131621483
131621484
131621612
131621619
131621624
131621755
131621756
131621757
131621760
131621761
131621767
131621773
131621774
131621868
131621873
131621874
131621876
131621882
131621884
131621887
131621888
131621890
131621895
131622008
131622010
131622012
131622014
131622016
131622026
131622029
131622030
131622091
131622100
131622102
131622105
131622113
131622118
131622122
131622123
131622125
131622126
131622128
131622130
131622131
131622132
131622133
131622135
131622137
131622143
131622145
131622498
131622500
131622501
131622502
131622504
131622507
131622510
131622511
131622599
131622601
131622603
131622605
131622609
131622907
131622913
131622922
131622974
131622978
131622990
131623010
131623012
131623014
131623015
131623017
131623018
131623021
131623027
131623032
131623034
131623038
131759023
131759076
131759096
131759128
131759131
131759145
131759154
131759161
131759165
131759169
131759175
131759179
131759195
131759199
131759205
131759209
131759210
131759222
131759897
131759902
131759904
131759906
131759907
131759909
131759911
131759913
131759915
131759916
131759920
131759921
131759922
131759923
131759924
131760531
131760537
131760550
131760554
131760559
131760561
131760740
131760743
131760755
131760763
131760771
131760772
131760791
131760796
131760811
131760821
131761409
131761411
131761414
131761418
131761428
131761430
131761431
131762065
131762071
131762081
131762087
131762099
131762111
131762138
131762173
131762231
131763581
131763582
131763585
131763586
131763590
131763593
131763596
131763598
131763599
131763601
131763602
131763607
131763609
131763611
131763612
131763613
131763618
131763619
131763620
131764226
131764228
131764236
131764240
131764241
131764278
131764280
131764283
131764288
131764291
131764295
131764938
131764943
131764945
131764951
131764952
131765098
131765108
131765121
131765160
131765180
131765206
131765220
131765318
131765330
131765364
131765377
131765395
131765405
131765423
131765440
131765457
131765636
131765661
131765678
131765730
131765783
131765835
131765946
131765972
131765982
131766008
131766054
131766071
131766083
131766093
131766865
131766871
131766876
131767475
131767482
131767489
131767494
131767531
131767544
131767705
131767877
131767879
131767882
131767889
131767890
131767892
131767896
131767898
131767899
131767901
131767904
131767907
131767908
131768429
131768432
131768436
131768437
131768438
131768439
131768440
131768441
131768870
131768947
131768956
131768958
131769005
131769021
131769040
131769075
131769096
131769125
131769135
131769154
131769159
131769175
131769181
131769191
131769200
131769204
131769212
131769898
131769900
131769903
131769911
131769971
131769973
131769974
131769975
131769976
131769978
131769984
131769985
131769986
131769987
131769990
131769992
131769994
131770627
131770643
131770644
131770646
131770648
131770653
131771203
131771209
131771214
131771223
131771228
131771246
131771255
131771260
131772105
131772109
131772127
131772134
131772136
131772261
131772262
131772275
131772295
131772354
131772433
131772462
131772508
131772566
131772608
131772623
131772697
131772702
131772711
131772718
131772830
131772834
131772836
131772840
131772842
131772863
131772868
131773657
131773681
131773690
131773707
131773721
131773740
131773760
131774314
131774318
131774319
131774320
131774321
131774343
131774353
131774406
131774459
131774497
131774533
131774567
131774602
131774631
131774656
131774677
131774732
131774761
131774773
131775265
131775270
131775283
131775317
131775329
131775344
131775400
131775414
131775471
131775486
131775512
131775851
131775857
131775860
131775863
131775866
131775868
131775873
131775884
131775891
131775893
131775895
131775898
131775907
131775928
131775940
131775967
131775999
131776029
131776697
131776721
131776747
131776771
131776804
131776846
131776880
131776938
131776986
131777021
131777043
131777104
131777141
131777181
131777193
131777199
131777202
131777204
131777888
131777909
131777910
131777921
131778149
131778168
131778197
131778225
131778251
131778274
131778344
131778379
131778421
131778468
131778508
131778578
131778588
131778599
131779177
131779197
131779204
131779225
131779241
131779251
131779269
131779294
131779306
131779317
131779325
131779326
131779327
131779338
131779341
131779350
131779354
131779358
131779917
131779974
131779984
131779999
131780028
131780039
131780047
131780060
131780061
131780068
131780093
131780143
131780157
131780189
131780191
131780207
131780214
131780220
131780228
131781005
131781007
131781009
131781011
131781015
131781021
131781027
131781029
131781032
131781034
131781036
131781037
131781038
131781041
131781042
131781043
131781581
131781585
131781587
131781588
131781590
131781593
131781598
131781600
131781602
131781603
131781604
131781612
131781614
131781616
131782984
131782989
131782992
131782995
131783003
131783007
131783015
131783017
131783021
131783029
131783030
131783031
131783032
131783045
131783046
131783051
131783053
131783057
131783058
131783413
131783427
131783448
131783464
131783509
131783519
131783533
131783560
131783601
131783621
131783637
131783660
132058434
132058437
132058439
132058440
132058441
132058449
132058450
132058452
132058455
132058457
132058459
132058461
132058463
132058465
132058467
132058469
132058471
132058473
132059007
132059009
132059010
132059011
132059012
132059015
132059017
132059018
132059156
132059193
132059206
132059704
132059706
132059708
132059709
132059710
132059712
132059713
132059715
132059717
132059719
132059721
132059723
132059725
132059731
132059733
132060420
132060421
132060422
132060423
132060450
132060503
132060514
132060541
132060576
132060609
132060634
132060650
132060711
132060732
132060762
132060777
132060809
132060835
132061052
132061054
132061858
132061859
132061863
132061873
132061876
132061879
132061881
132061883
132061888
132061891
132062543
132062545
132062563
132062567
132062572
132062579
132062585
132062596
132062597
132062600
132063698
132063872
132063880
132063882
132063883
132063890
132063891
132063892
132063894
132063896
132063898
132064510
132064513
132064515
132064516
132064519
132064565
132064591
132065739
132065742
132065745
132065757
132065771
132065972
132065974
132065977
132065988
132066009
132066703
132066705
132066729
132066739
132066809
132066822
132066863
132066899
132066921
132066959
132066982
132067007
132067017
132067034
132067053
132067075
132067106
132067120
132067648
132067656
132067670
132067695
132067723
132067736
132067746
132067761
132067777
132067790
132067801
132067806
132067812
132067974
132068004
132068026
132068450
132068455
132068456
132068459
132068461
132068463
132068465
132068467
132068469
132068471
132068473
132068475
132068479
132069019
132069024
132069037
132069039
132069044
132069046
132069687
132069695
132069705
132069714
132069724
132069741
132069751
132069754
132069778
132069781
132069783
132069785
132069787
132069795
132069800
132071026
132071060
132071086
132071112
132071146
132071230
132071239
132071270
132071311
132071319
132071332
132071361
132071369
132071396
132071400
132071405
132071408
132071423
132072280
132072281
132072285
132072290
132072291
132072299
132072334
132072405
132072484
132072548
132072563
132072612
132072655
132072713
132072759
132072785
132072789
132072806
132073452
132073453
132073455
132073465
132073468
132073472
132073474
132073477
132073481
132073482
132073485
132073498
132073500
132073501
132073504
132074383
132074490
132074500
132074516
132074588
132074593
132074621
132074630
132074678
132074732
132074747
132074793
132074812
132074831
132074838
132074867
132074876
132074907
132075556
132075563
132075566
132075567
132075568
132075569
132075576
132075578
132075579
132075581
132075583
132075585
132075598
132075600
132075602
132075604
132075605
132075609
132076819
132076825
132076837
132076854
132076860
132076864
132076874
132076876
132076880
132076883
132076884
132076887
132076890
132076891
132076901
132076902
132076903
132076907
132077727
132077747
132077800
132077837
132077845
132077869
132077896
132077956
132078018
132078044
132078078
132078129
132078133
132078144
132078182
132078207
132078261
132078313
132080426
132080458
132080504
132080546
132080575
132080609
132080640
132080658
132080689
132080715
132080737
132080754
132080771
132080784
132080795
132080807
132080814
132080821
132082102
132082109
132082114
132082124
132082128
132082129
132082130
132082134
132082146
132082147
132082148
132082149
132082153
132082211
132082220
132082303
132082335
132082363
132091487
132299700
132299709
132299724
132299734
132299742
132299753
132299771
132299780
132299787
132299795
132299801
132299809
132299855
132299867
132299899
132299913
132299933
132299941
132301268
132302065
132302069
132302078
132302081
132302084
132302085
132302088
132302092
132302094
132302106
132302109
132302114
132302116
132302119
132302123
132302125
132302131
132302134
132302466
132302475
132302487
132302503
132302516
132302532
132302548
132303209
132303225
132303234
132303244
132303277
132303297
132303300
132303321
132303326
132303449
132303456
132303461
132303468
132303474
132303481
132303492
132303503
132303522
132303533
132303543
132304211
132304376
132304381
132304387
132304396
132304402
132304464
132304477
132305072
132305073
132305076
132305079
132305081
132305084
132305086
132305095
132305100
132305104
132305108
132305297
132305303
132305311
132305320
132305326
132305333
132305346
132305404
132305489
132305925
132305931
132305934
132305940
132305948
132305995
132306001
132306005
132306010
132306037
132306065
132306074
132306079
132306658
132306672
132306679
132306690
132306721
132306740
132306750
132307012
132307136
132307138
132307141
132307144
132307145
132307148
132307152
132307155
132307159
132307161
132307180
132307184
132307188
132307190
132307193
132307194
132307199
132307264
132307971
132307973
132307977
132307981
132307982
132308701
132308707
132308720
132308727
132308732
132308898
132308917
132308918
132308922
132308924
132309057
132309066
132309154
132309163
132309179
132309198
132309219
132309230
132309246
132309265
132309277
132309302
132309323
132309335
132309356
132309371
132309387
132309394
132309803
132309807
132309814
132309822
132309825
132309981
132309988
132309999
132310006
132310011
132310794
132310812
132310814
132310818
132310822
132310834
132310838
132310853
132310856
132311267
132311271
132311282
132311287
132311294
132311297
132311344
132311354
132311372
132311381
132311390
132311423
132311428
132311436
132311447
132311455
132312347
132312354
132312363
132312369
132312385
132312394
132312409
132312418
132312619
132312621
132312637
132312641
132312646
132312665
132312668
132312669
132312672
132312675
132313486
132313489
132313490
132313493
132313497
132313498
132313501
132313504
132313505
132313508
132313523
132313527
132313528
132313537
132313540
132313609
132313611
132313615
132313620
132313626
132313632
132313688
132313699
132313707
132314848
132314861
132314868
132314884
132314891
132314896
132314903
132314918
132315074
132315075
132315076
132315077
132315079
132315081
132315083
132315085
132315447
132315456
132315466
132315521
132315525
132315539
132315550
132315554
132315562
132315565
132315594
132315596
132315601
132315602
132452533
132452535
132452538
132452540
132452542
132452544
132452547
132452551
132452553
132452556
132452558
132452567
132452568
132452570
132452571
132452572
132452574
132452575
132453246
132453249
132453267
132453272
132453277
132453280
132453406
132453407
132453408
132453411
132453413
132453930
132453932
132453934
132453935
132453936
132453937
132453938
132453955
132453956
132453958
132453960
132453962
132453964
132453966
132453969
132453971
132454563
132454564
132454580
132454582
132454584
132454586
132454587
132454588
132454592
132454593
132454594
132454595
132454598
132454599
132454600
132454601
132454603
132454605
132455723
132455726
132455766
132455773
132455779
132455781
132455788
132455814
132455815
132455818
132455821
132455826
132455834
132455835
132455841
132455846
132455854
132455856
132456312
132456318
132456330
132456340
132456348
132456356
132456363
132456374
132456383
132456386
132456391
132456399
132456424
132456428
132456442
132456493
132456495
132456498
132456500
132456502
132456503
132456504
132456520
132456522
132456524
132456528
132457185
132457194
132457197
132457201
132457206
132457314
132457315
132457316
132457320
132457322
132457324
132457840
132457842
132457846
132457847
132457849
132457851
132457852
132457854
132457856
132457859
132457871
132457874
132457876
132457877
132457878
132457879
132457880
132457881
132458494
132458497
132458499
132458501
132458504
132458507
132458525
132458528
132458879
132458881
132458889
132458898
132458907
132458914
132458920
132458924
132458928
132458971
132458979
132458989
132459404
132459406
132459414
132459941
132459945
132459950
132459955
132459960
132460013
132460017
132460022
132460024
132460029
132460646
132460648
132460663
132460664
132460665
132460666
132460671
132460673
132460680
132460682
132460684
132502687
132646140
132646142
132646143
132646145
132646147
132646149
132646152
132646155
132646156
132646158
132646160
132646162
132646167
132646169
132646180
132646181
132646189
132646190
132646813
132646815
132646816
132646818
132646820
132646823
132646825
132646832
132646833
132646838
132646842
132646843
132646844
132646859
132646865
132646870
132646883
132648331
132648335
132648342
132648343
132648346
132648348
132648350
132648352
132648354
132648357
132648359
132648360
132648364
132648365
132648366
132648388
132648394
132648395
132649020
132649021
132649024
132649025
132649027
132649029
132649030
132649032
132649034
132649102
132649107
132649111
132649120
132649124
132649130
132649136
132649908
132649911
132649914
132649916
132649926
132651179
132651180
132651186
132651187
132651196
132651199
132651203
132651204
132651205
132651206
132651207
132651208
132651210
132651212
132651214
132651804
132651811
132651814
132651820
132651821
132651827
132652175
132652187
132652239
132652274
132652706
132652710
132652712
132652714
132652716
132652718
132652719
132652720
132653092
132653099
132653153
132653160
132653326
132653332
132653334
132653633
132653637
132654079
132654083
132654089
132654094
132654101
132654248
132654253
132654258
132654281
132654290
132654359
132654369
132654385
132654397
132654469
132654486
132654497
132654540
132654541
132654561
132654569
132654573
132654577
132654806
132654810
132654813
132654815
132654848
132654868
132654870
132654874
132654876
132654877
132654887
132654889
132654890
132654891
132655017
132655021
132655067
132655082
132655092
132655102
132655115
132655140
132655151
132655164
132655179
132655190
132655203
132655216
132655594
132655598
132655599
132655601
132655602
132655609
132655611
132655652
132655658
132655704
132655727
132655735
132655810
132655886
132655895
132655907
132656210
132656215
132656220
132656240
132656267
132656292
132656295
132656298
132656325
132656430
132656431
132656443
132656447
132656449
132656452
132656477
132656481
132656486
132656495
132656502
132656565
132656580
132656592
132656607
132656674
132656685
132656699
132657126
132657129
132657135
132657141
132657145
132657150
132657159
132657217
132657229
132657664
132657667
132657668
132657671
132657673
132657675
132657677
132657680
132657682
132657733
132657739
132657745
132659222
132659224
132659225
132659284
132659288
132659293
132659300
132659309
132659315
132659366
132679181
132820929
132820930
132820936
132820937
132820938
132820939
132820940
132820941
132820943
132820944
132820945
132820949
132820950
132820951
132820953
132820954
132820955
132820956
132821585
132821588
132821594
132821599
132821602
132821606
132821608
132821610
132821615
132821620
132821732
132821734
132821735
132821736
132821737
132821739
132821742
132821743
132821745
132821747
132821749
132821750
132821755
132821758
132821760
132821762
132821764
132822929
132822933
132822935
132822943
132822952
132822957
132822970
132822976
132822983
132822987
132822988
132822990
132822993
132822999
132823002
132823004
132823007
132823011
132823074
132823082
132823084
132823406
132823410
132823413
132823783
132823784
132823786
132823789
132823791
132824440
132824441
132824442
132824444
132824446
132824452
132824453
132824462
132824463
132824464
132824466
132824470
132824471
132824472
132824473
132824475
132824998
132825000
132825002
132825049
132825051
132825054
132825055
132825057
132825059
132825061
132825063
132825666
132825674
132825679
132825684
132825688
132825691
132825695
132825699
132825731
132825760
132825765
132825768
132825771
132825777
132825950
132825952
132825954
132825957
132826314
132826323
132826343
132826352
132826359
132826372
132826416
132826421
132826432
132826442
132826448
132826470
132826480
132826723
132826725
132826752
132826757
132826766
132826776
132826788
132827345
132828025
132828027
132828043
132828044
132828052
132828055
132828058
132828061
132828063
132828066
132828087
132828089
132828096
132828100
132828105
132828108
132828110
132828113
132828176
132828178
132828214
132828219
132828229
132828238
132828253
132828261
132828344
132828354
132828368
132828381
132828393
132828761
132828763
132828830
132828832
132828834
132828836
132828837
132828839
132828841
132828843
132828845
132829375
132829377
132829379
132829381
132829383
132829386
132829391
132829494
132829496
132829498
132830080
132830081
132830086
132830089
132830092
132830158
132830160
132830161
132830162
132830163
132830164
132830177
132830181
132830187
132830190
132830197
132830202
132830244
132830251
132830258
132830269
132830283
132830297
132830308
132830323
132830335
132830348
132830885
132830892
132830898
132830903
132831392
132831394
132831397
132831401
132831402
132831406
132831413
132831416
132831417
132831418
132831420
132831421
132831422
132831424
132831425
132831468
132831470
132831501
132831508
132831568
132831583
132831595
132831608
132831619
