128775117
128775150
128775174
128775203
128775295
128775314
128775894
128775900
128775902
128776527
128776530
128776531
128776535
128776536
128776568
128776583
128776600
128776667
128776703
128776730
128776813
128776878
128776895
128777101
128777105
128777113
128777134
128777173
128777185
128777257
128777337
128777360
128777373
128777388
128777786
128777789
128777792
128777796
128777797
128777799
128777802
128777804
128777808
128777809
128777825
128777833
128777851
128778409
128778411
128778413
128778414
128778415
128778416
128778418
128778419
128778420
128778422
128778424
128778425
128778430
128778455
128778491
128778511
128778592
128778687
128778722
128778738
128779832
128779839
128779845
128779856
128779858
128779860
128779861
128779871
128779882
128779889
128779891
128779895
128779896
128779897
128779900
128779902
128779903
128779906
128779907
128779924
128780555
128780560
128780564
128780566
128780569
128780574
128780575
128780580
128780583
128780589
128780591
128780592
128780593
128781313
128781363
128781395
128781452
128781468
128781488
128781511
128781525
128781532
128781548
128781556
128781565
128781579
128781627
128781664
128781909
128781962
128781971
128782001
128782026
128782062
128782106
128782148
128782499
128782501
128782503
128782505
128782533
128782545
128940219
128940220
128940222
128940224
128940225
128940226
128940229
128940230
128940232
128940234
128940238
128940240
128940241
128940244
128940246
128940249
128940252
128940254
128940256
128940257
128940302
128940303
128940305
128940306
128940309
128940483
128940484
128940485
128940488
128940489
128940491
128940497
128940498
128940501
128940506
128940507
128940509
128940514
128940515
128940516
128940520
128940524
128940526
128940528
128940577
128940578
128940580
128940583
128940585
128940587
128940793
128940796
128940801
128940802
128940803
128940804
128940807
128940810
128940816
128940818
128940821
128940822
128940824
128940826
128940828
128940830
128940832
128940834
128940838
128940959
128940961
128940965
128940966
128940968
128940971
128940974
128940976
128940977
128940978
128940979
128941054
128941058
128941060
128941061
128941068
128941148
128941150
128941151
128941152
128941155
128941157
128941160
128941248
128941252
128941255
128941257
128941260
128941264
128941267
128941268
128941272
128941275
128941277
128941279
128941282
128941285
128941287
128941289
128941360
128941365
128941368
128941371
128941372
128941374
128941376
128941378
128941453
128941456
128941459
128941460
128941462
128941466
128941470
128941471
128941625
128941628
128941711
128941713
128941715
128941717
128941718
128941720
128941721
128941724
128941725
128941729
128941730
128941733
128941734
128941737
128941739
128941861
128941863
128941864
128941866
128941867
128941961
128941962
128941965
128941968
128941971
128941977
128941980
128941982
128941983
128941984
128941985
128942094
128942097
128942100
128942102
128942106
128942107
128942110
128942114
128942116
128942117
128942118
128942121
128942124
128942129
128942130
128942135
128942139
128942145
128942149
128942153
128942288
128942293
128942295
128942296
128942297
128942299
128942302
128942303
128942308
128942309
128942311
128942313
128942315
128942318
128942320
128942321
128942322
128942326
129097144
129097159
129097181
129097206
129097230
129097251
129097280
129097314
129097337
129097384
129097415
129097439
129097468
129097482
129097495
129097618
129097621
129097622
129097624
129097626
129098933
129098934
129098938
129098939
129098941
129098942
129098944
129098946
129098947
129098948
129098956
129098958
129098959
129098961
129098964
129098967
129098968
129099470
129099472
129099474
129099477
129099478
129099527
129099530
129099531
129100232
129100238
129100240
129100319
129100325
129100381
129100424
129100472
129100518
129100537
129100554
129100576
129100599
129100617
129100639
129100658
129100699
129100714
129100857
129101441
129101446
129102108
129102112
129102666
129103047
129103101
129103116
129103126
129103138
129103149
129103157
129103169
129103280
129103282
129103283
129103286
129103289
129103290
129103292
129103293
129103325
129103328
129103340
129103345
129103392
129103408
129103426
129103879
129103882
129103886
129103891
129103893
129103896
129103900
129103904
129103908
129103911
129104079
129104081
129104082
129104084
129104087
129104088
129104090
129104599
129104601
129104603
129104604
129104671
129104673
129104674
129104675
129104676
129104678
129104680
129104682
129104685
129104691
129104694
129104696
129104699
129104700
129105196
129105201
129105203
129105204
129105205
129105207
129105210
129105212
129105387
129105458
129105476
129105494
129105516
129105532
129105550
129105577
129105598
129105614
129105651
129105661
129105675
129105688
129105700
129105719
129105728
129105744
129105749
129105756
129106003
129106006
129106008
129106010
129106012
129106608
129106610
129106612
129106619
129106621
129106624
129106778
129106802
129107031
129107049
129107073
129107091
129107095
129107111
129107117
129107131
129107260
129107262
129107263
129107264
129107266
129107268
129107805
129107814
129107822
129107828
129107846
129107853
129107984
129107986
129107989
129107993
129107996
129107999
129108000
129108506
129108511
129108515
129108517
129108681
129108696
129108707
129108810
129108828
129108851
129108890
129108903
129108916
129108945
129108969
129108984
129109001
129109007
129109017
129109036
129109047
129109068
129109071
129109074
129109418
129109515
129109658
129109662
129110075
129110099
129110116
129110150
129110269
129110270
129110271
129110273
129110274
129110275
129110276
129110279
129110287
129110294
129110304
129110324
129110336
129110354
129110368
129110393
129110795
129111471
129111473
129111475
129111476
129112002
129112015
129112019
129112023
129112032
129112045
129112046
129112047
129112080
129112083
129112115
129112188
129112221
129112288
129112352
129112403
129112713
129112719
129112730
129112743
129112764
129112779
129112801
129112821
129112874
129112935
129112993
129113013
129113071
129113089
129113103
129113133
129113142
129113148
129113153
129113159
129262176
129262195
129262219
129262253
129262268
129262279
129262283
129262300
129262303
129262311
129262319
129262325
129262328
129263011
129263034
129263036
129263041
129263047
129263050
129263058
129263070
129263072
129263081
129263693
129263694
129263695
129263696
129263697
129263699
129263700
129263701
129263702
129263715
129263734
129263751
129263787
129263814
129263851
129263902
129263948
129263974
129263991
129264008
129264833
129264835
129264839
129264851
129264865
129264880
129264885
129264887
129264889
129264892
129264893
129264902
129264903
129264906
129264908
129264909
129264918
129264920
129264922
129265325
129265358
129265412
129265439
129265445
129265449
129265539
129265540
129265542
129265544
129265545
129265549
129265550
129265551
129265552
129266091
129266094
129266100
129266101
129266103
129266681
129266686
129266701
129266712
129266716
129266731
129266855
129266865
129266897
129266918
129266929
129267458
129267461
129267462
129267463
129267467
129267470
129268036
129268038
129268043
129268048
129268050
129268052
129268053
129268055
129268058
129268061
129268063
129268430
129268457
129268473
129268497
129268716
129268721
129268724
129268725
129268733
129268736
129269845
129269851
129269872
129269876
129269879
129269880
129269884
129269886
129269887
129269893
129269894
129269899
129269901
129269902
129269903
129269906
129269907
129269909
129269910
129270307
129270318
129270335
129270357
129270365
129270372
129270642
129270644
129270645
129270646
129270649
129270651
129270652
129270655
129270656
129270657
129270661
129270662
129270664
129270665
129270666
129270696
129270755
129270783
129270832
129271280
129271283
129271288
129271318
129271383
129271410
129271801
129271802
129271804
129271806
129271808
129271809
129271810
129271811
129271813
129271815
129271817
129271909
129271934
129271974
129271993
129272194
129272209
129272232
129272259
129272271
129272284
129272395
129272396
129272397
129272406
129272980
129272987
129272988
129272990
129272991
129272996
129272998
129272999
129273182
129273208
129273226
129273257
129273304
129273348
129273397
129273413
129273486
129273494
129273516
129273539
129273549
129273560
129273594
129273599
129273612
129273730
129274434
129274436
129274442
129274444
129274446
129274458
129274465
129274472
129274473
129274478
129274481
129274482
129274494
129274496
129274498
129274500
129274503
129274509
129274511
129274515
129275207
129275211
129275212
129275216
129275217
129275220
129275223
129275224
129275228
129275233
129275237
129275240
129275246
129275252
129275253
129275257
129275266
129275267
129275271
129275273
129275867
129275868
129275872
129275876
129275879
129276379
129276454
129276455
129276479
129276562
129601424
129757408
129757412
129757413
129757416
129757419
129757420
129757422
129757424
129757426
129757427
129757429
129757432
129757433
129758003
129758004
129758604
129758606
129758608
129758611
129758612
129758613
129758615
129758617
129758618
129758619
129758624
129759302
129759303
129759307
129759308
129759309
129759312
129759315
129759317
129759319
129759327
129759328
129759330
129759331
129759334
129759336
129759337
129759339
129759364
129759386
129759424
129759912
129759913
129759916
129759917
129759919
129759923
129759952
129759967
129760037
129760460
129760502
129760514
129760567
129760581
129760608
129760625
129760697
129760713
129760737
129760745
129760765
129760775
129760780
129760785
129760788
129760797
129760822
129760833
129760846
129761183
129761187
129761191
129761207
129761250
129761925
129761927
129761929
129761930
129761931
129762440
129762449
129762451
129762452
129762453
129762454
129762455
129762457
129762459
129762461
129762465
129763035
129763041
129763044
129763050
129763058
129763062
129763069
129763081
129763091
129763106
129763245
129763249
129763251
129763252
129763254
129763255
129763281
129763289
129763310
129763332
129763356
129763387
129763401
129763418
129763446
129763800
129763802
129763804
129763805
129763807
129763813
129763816
129764313
129764325
129764340
129764345
129764356
129764362
129764366
129764372
129764374
129764376
129764378
129764380
129764386
129764388
129764392
129764395
129764396
129764397
129764980
129764988
129764993
129765001
129765005
129765183
129765186
129765190
129765520
129765563
129765574
129765583
129765592
129765598
129765608
129765616
129765639
129765646
129765682
129765692
129765699
129765705
129765725
129765742
129765748
129765807
129765814
129765815
129765816
129765821
129766330
129766331
129766334
129766336
129766340
129766341
129766342
129766343
129766344
129766345
129766347
129766351
129766354
129767028
129767029
129767039
129767041
129767046
129767047
129767051
129767052
129767054
129767057
129767060
129767063
129767065
129767066
129767069
129767070
129767072
129767074
129767075
129767077
129767511
129767519
129767521
129767538
129767546
129768255
129768260
129768263
129768267
129768268
129768271
129768273
129768276
129768277
129768279
129768731
129768743
129769672
129769679
129769682
129769693
129769695
129769703
129769704
129769768
129769770
129769771
129769772
129770367
129770370
129770375
129770395
129770407
129770956
129770963
129770970
129770972
129770975
129770979
129770980
129771488
129771685
129771703
129771734
129771751
129771780
129771796
129771834
129771860
129771890
129771948
129771966
129771982
129771997
129772024
129772044
129772080
129772090
129772115
129772125
129772135
129772243
129772251
129772265
129772279
129871010
129871012
129871070
129871072
129871073
129871074
129871075
129871076
129871077
129871079
129871081
129871083
129871087
129871088
129871090
129871095
129871188
129871189
129871191
129871192
129871196
129871198
129871203
129871205
129871207
129871209
129871210
129871218
129871224
129871226
129871227
129871231
129871232
129871234
129871237
129871241
129871453
129871456
129871458
129871459
129871460
129871463
129871465
129871468
129871470
129871472
129871473
129871475
129871477
129871481
129871483
129871485
129871486
129871487
129871489
129871492
129871585
129871587
129871592
129871594
129871595
129871667
129871671
129871675
129871677
129871679
129871684
129871686
129871748
129871751
129871754
129871757
129871862
129871868
129871891
129871922
129871925
129871928
129871931
129871933
129871934
129871935
129871938
129871940
129871959
129872004
129872005
129872006
129872007
129872009
129872011
129872014
129872017
129872018
129872023
129872027
129872030
129872034
129872035
129872240
129872241
129872245
129872248
129872249
129872250
129872251
129872254
129872257
129872258
129872261
129872264
129872270
129872271
129872274
129872275
129872277
129872278
129872280
129872286
129872309
129872384
129872386
129872388
129872390
129872396
129872398
129872400
129872401
129872404
129872479
129872481
129872482
129872485
129872488
129872489
129872491
129872532
129872538
129872539
129872541
129872617
129872619
129872622
129872624
129872626
129872689
129872691
129872694
129872697
129872699
129872701
129872702
129872705
129872706
129873019
129873022
129873024
129873027
129873029
129873035
129873042
129873050
129873057
129873138
129873141
129873143
129873144
129873147
129873149
129873151
129873152
129873153
129873154
129873161
129873163
129873168
129873170
129873172
129873174
129873382
129873384
129873385
129873388
129873391
129873392
129873395
129873398
129873401
129873402
129873404
129873405
129873407
129873409
129873411
129873413
129873416
129873419
129873422
129873423
129873596
129873598
129873600
129873602
129873650
129873654
129873655
129873662
129873760
129873762
129873766
129873773
129873775
129873783
129873785
129873788
129873792
129873799
129873801
129873809
129873813
129873819
129873824
129873913
129873936
129873938
129873990
129874083
129874085
129874110
129874152
129874155
129874156
129874196
129874198
129874200
129874202
129874205
129874226
129874228
129874229
129874341
129874344
129874347
129874349
129874351
129874352
129874353
129874354
129874356
129874357
129874359
129874367
129874368
129874371
129874372
129874373
130138813
130138815
130138818
130138819
130138822
130138826
130138993
130138998
130139002
130139003
130139011
130139014
130139017
130139018
130139024
130139031
130139032
130139038
130139040
130139043
130139044
130139051
130139189
130139191
130139192
130139195
130139202
130139205
130139208
130139211
130139213
130139216
130139218
130139221
130139224
130139227
130139351
130139358
130139359
130139362
130139363
130139366
130139371
130139372
130139375
130139376
130139381
130139382
130139387
130139388
130139389
130139533
130139537
130139538
130139544
130139548
130139551
130139552
130139555
130139557
130139560
130139562
130139564
130139569
130139572
130139573
130139576
130139577
130139715
130139716
130139730
130139731
130139735
130139736
130139742
130139743
130139747
130139748
130139752
130139754
130139758
130139759
130139762
130139763
130139770
130139776
130139779
130139781
130140057
130140058
130140064
130140068
130140069
130140074
130140075
130140080
130140085
130140086
130140088
130140089
130140096
130140097
130140098
130140102
130140116
130140117
130140123
130140127
130140252
130140253
130140258
130140259
130140263
130140264
130140267
130140272
130140374
130140380
130140381
130140387
130140394
130140398
130140400
130140562
130140565
130140745
130140746
130140751
130140752
130140754
130140759
130140761
130140763
130140905
130140909
130140910
130140914
130140917
130140920
130140921
130140925
130140928
130140932
130140935
130140937
130140941
130140942
130140947
130140949
130140950
130140952
130140953
130140954
130141090
130141092
130141095
130141097
130141099
130141102
130141107
130141111
130141114
130141115
130141119
130141122
130141125
130141126
130141135
130141136
130141277
130141280
130141283
130141284
130141285
130141288
130141289
130141292
130141296
130141297
130141301
130141302
130141306
130141307
130141312
130141314
130141449
130141452
130141453
130141456
130141457
130141460
130141463
130141464
130141467
130141468
130141475
130141479
130141485
130141487
130141490
130141493
130141496
130141498
130141501
130141505
130141626
130141632
130141637
130141645
130141649
130141654
130141658
130141659
130141662
130141666
130141672
130141673
130141677
130141680
130141895
130141899
130141902
130141904
130141908
130141909
130141916
130141921
130141922
130141927
130141931
130141932
130141937
130141941
130141945
130245860
130245894
130245915
130245928
130245936
130245945
130245948
130245955
130245960
130245968
130245972
130245977
130245980
130245983
130245987
130245989
130245992
130245996
130245998
130246586
130247877
130247880
130247904
130247937
130247939
130248350
130248365
130248375
130248384
130248395
130248406
130248444
130249205
130249208
130249209
130249211
130249212
130249213
130249214
130249216
130249217
130249218
130249221
130249235
130249245
130249294
130249310
130249329
130249377
130249392
130249466
130249772
130249774
130249779
130249781
130249784
130250360
130250366
130250368
130250369
130250371
130250380
130250384
130250385
130250386
130250391
130250392
130250394
130250396
130250433
130250468
130250490
130250499
130250515
130250549
130250572
130250599
130250622
130250640
130251101
130251117
130251131
130251132
130251134
130251135
130251137
130251140
130252270
130252312
130252347
130252488
130252494
130252496
130252498
130252499
130252506
130252508
130252509
130252510
130253197
130253200
130253202
130253203
130253206
130253209
130253211
130253212
130253213
130253218
130253801
130253804
130253806
130253807
130253818
130253819
130253820
130253822
130253824
130253825
130254314
130254341
130254344
130254347
130254352
130254375
130254399
130254413
130254415
130254426
130254427
130254430
130254441
130254446
130255127
130255135
130255144
130255159
130255174
130255180
130255184
130255190
130255196
130255200
130255205
130255210
130255216
130256129
130256133
130256146
130256148
130256149
130256150
130256151
130256152
130256155
130256161
130256164
130256171
130256185
130256189
130256191
130256194
130256198
130256207
130256212
130256836
130256842
130256846
130257624
130257625
130257628
130257631
130257632
130257633
130257634
130257635
130257637
130257640
130257666
130257704
130257719
130257798
130257852
130257859
130257885
130257946
130257959
130258203
130258241
130258259
130258269
130258282
130258358
130258429
130258508
130258543
130258567
130258586
130258626
130258636
130258645
130258652
130258656
130258663
130259066
130259082
130259106
130259120
130259168
130259213
130259261
130259299
130259306
130259333
130260184
130260187
130260189
130260191
130260199
130260209
130260215
130260217
130260218
130260219
130260751
130260752
130260757
130260764
130260770
130260775
130261349
130261357
130261383
130261413
130261427
130261438
130261445
130261455
130261464
130261470
130261473
130261477
130261483
130261488
130261490
130262043
130262049
130262060
130262063
130262064
130262065
130262067
130262068
130262072
130262075
130262078
130262080
130262082
130262083
130262085
130262086
130262087
130262088
130262094
130263337
130263365
130263369
130263374
130263393
130263402
130263406
130263409
130263420
130263430
130263439
130263445
130263452
130263456
130263461
130263464
130264140
130264164
130264179
130264198
130264207
130264222
130264236
130264278
130264317
130264360
130264386
130264399
130264417
130264453
130264464
130264479
130264485
130264497
130264539
130265293
130265319
130265333
130265352
130265364
130265370
130265373
130265382
130265388
130265393
130265403
130265404
130265408
130265414
130265421
130265425
130265426
130265428
130265429
130265994
130266020
130266026
130266081
130266175
130266227
130266245
130266300
130266324
130266419
130266443
130266450
130266475
130266479
130266494
130266498
130266501
130266506
130267219
130267229
130267234
130267237
130267255
130267272
130267282
130267290
130267293
130267305
130267309
130267316
130267323
130267326
130267330
130267336
130267339
130267344
130267345
130267998
130267999
130268006
130268008
130268012
130268013
130268014
130268603
130268604
130268605
130268606
130268612
130268616
130268622
130268639
130268659
130268727
130268788
130268838
130268895
130268899
130268918
130268930
130268948
130268967
130269013
130467213
130467216
130467217
130467290
130467291
130467295
130467297
130467299
130467301
130467303
130467305
130467306
130467307
130467308
130467309
130467311
130467313
130467339
130467346
130467347
130467348
130467349
130467350
130467545
130467547
130467548
130467549
130467550
130467554
130467556
130467557
130467559
130467562
130467564
130467565
130467569
130467572
130467574
130467614
130467615
130467616
130467674
130467681
130467682
130467684
130467685
130467687
130467689
130467691
130467727
130467730
130467732
130467735
130467737
130467787
130467793
130467794
130467795
130467796
130467797
130467798
130467800
130467802
130467873
130467881
130467943
130467946
130467948
130467950
130467952
130467954
130467956
130467958
130467960
130467961
130467962
130467984
130467985
130467986
130467990
130467992
130468000
130468001
130468002
130468006
130468008
130468010
130468098
130468106
130468108
130468110
130468112
130468141
130468146
130468152
130468154
130468156
130468235
130468236
130468237
130468239
130468244
130468246
130468248
130468250
130468305
130468310
130468312
130468315
130468316
130468322
130468324
130468423
130468426
130468428
130468575
130468577
130468787
130468790
130468792
130468795
130468797
130468798
130468801
130468802
130468803
130468804
130468872
130468874
130468877
130468879
130468881
130468883
130468890
130468892
130468893
130468894
130468895
130468897
130468898
130468899
130468901
130469083
130469090
130469093
130469094
130469099
130469101
130469105
130469106
130469107
130469108
130469110
130469114
130469117
130469120
130469121
130469126
130469128
130469129
130469131
130469201
130469203
130469204
130469205
130469206
130469208
130469251
130469316
130469326
130469328
130469331
130469436
130469437
130469438
130469440
130469441
130469444
130469445
130469446
130469448
130469449
130469483
130469490
130469492
130469496
130469519
130469521
130469523
130469524
130469527
130469563
130469568
130469574
130469631
130469633
130469635
130469638
130469640
130469642
130469644
130469649
130469788
130469791
130469793
130469796
130469799
130469802
130469804
130469895
130469897
130469901
130469902
130469904
130469905
130469906
130469907
130469909
130469912
130469914
130469916
130469919
130469921
130469922
130469923
130469927
130469930
130469931
