93765163
93765190
93765330
93765357
93765379
93765400
93765419
93765437
93765454
93765457
93765459
93765461
93765544
93765861
93766177
93766428
93766697
93766880
93767087
93771432
93771433
93771456
93771479
93771613
93771626
93771645
93771657
93771903
93772029
93772055
93772077
93772100
93772120
93772240
93772258
93772338
93772598
93772610
93772783
93777385
93777387
93777404
93777420
93777440
93777555
93777810
93777821
93777834
93777971
93777999
93778001
93778015
93778026
93778038
93778054
93778056
93778071
93778144
93778397
93782102
93782190
93782192
93782203
93782221
93782238
93782240
93782257
93782259
93782274
93782292
93782433
93782681
93782815
93782818
93783008
93783198
93783365
93783582
93783749
93787939
93787955
93787956
93787959
93787980
93787996
93788014
93788016
93788031
93788106
93788117
93788379
93788538
93788583
93788602
93788620
93788634
93788636
93788649
93788664
93792995
93793007
93793023
93793040
93793059
93793077
93793078
93793098
93793137
93793364
93793581
93793655
93793658
93793676
93793678
93793698
93793717
93793735
93793753
93793773
93796999
93797134
93797371
93797505
93797542
93797558
93797693
93797910
93797911
93797913
93798133
93798300
93798573
93798975
93799292
93799542
93799705
93799820
93799836
93799837
93803158
93803161
93803182
93803201
93803204
93803236
93803455
93803659
93803776
93803805
93803827
93803829
93803848
93803869
93803888
93803904
93804101
93804363
93804483
93804580
93808410
93808428
93808429
93808431
93808433
93808451
93808453
93808454
93808468
93808490
93808501
93808570
93808824
93809010
93809019
93809029
93809035
93809094
93809119
93809137
93812335
93812484
93812491
93812494
93812519
93812540
93812560
93812580
93812599
93812601
93812620
93812693
93813007
93813364
93813373
93813620
93813789
93813791
93814008
93814179
93817943
93817958
93817973
93817987
93818006
93818008
93818215
93818448
93818560
93818564
93818584
93818587
93818590
93818592
93818606
93818622
93818624
93818639
93818657
93818676
93822457
93822477
93822500
93822521
93822776
93822788
93822911
93822915
93822936
93822953
93822971
93822990
93822992
93823010
93823027
93823116
93823371
93823537
93823576
93823592
93826714
93826751
93826769
93826771
93826786
93826800
93826815
93826834
93826868
93827087
93827301
93827505
93827670
93827789
93827790
93827808
93827823
93827838
93827855
93828003
93985737
93985739
93985754
93985771
93985791
93985896
93986178
94005616
94019813
94044590
94066452
94201132
94202272
94202288
94202303
94202324
94202520
94202776
94202848
94202851
94202872
94202888
94202890
94202904
94202922
94202936
94202950
94203109
94203355
94203368
94203476
94206648
94206865
94206867
94206869
94206871
94207088
94207255
94207492
94207866
94208282
94208513
94208732
94208948
94209117
94209119
94209335
94209462
94209478
94209628
94212800
94212875
94213198
94213590
94213788
94213790
94213805
94213824
94213839
94213855
94213856
94213858
94213860
94213876
94213956
94213967
94214344
94214513
94214552
94218064
94218083
94218085
94218104
94218123
94218141
94218143
94218162
94218288
94218309
94218566
94218703
94218729
94218753
94218773
94218775
94218799
94218821
94218842
94222069
94222083
94222098
94222135
94222367
94222383
94222404
94222594
94222602
94222609
94222653
94222760
94222929
94223143
94223312
94223530
94223531
94223707
94224062
94229631
94229671
94229917
94230219
94230229
94230496
94230689
94230879
94231109
94231125
94231141
94231156
94231157
94231335
94231575
94231686
94231723
94231740
94231742
94235638
94235658
94235667
94235783
94235809
94235828
94235843
94235844
94235860
94235878
94235894
94235976
94236229
94236241
94236378
94236407
94236433
94236463
94236583
94239520
94239532
94239789
94239799
94239963
94239969
94240002
94240023
94240038
94240051
94240121
94240286
94240468
94240833
94241202
94241255
94241477
94241642
94245967
94245986
94246004
94246020
94246036
94246082
94246094
94246105
94246363
94246550
94246596
94246814
94247071
94247260
94247281
94247301
94247325
94247331
94247535
94251372
94251530
94251532
94251575
94251597
94251613
94251626
94251643
94251660
94251701
94251923
94251937
94252145
94252152
94252217
94252239
94252255
94252269
94252285
94255631
94255650
94255652
94255728
94255989
94255999
94256180
94256185
94256225
94256243
94256266
94256294
94256316
94256325
94256327
94256500
94256515
94256554
94256762
94261645
94261896
94262029
94262057
94262074
94262088
94262102
94262116
94262130
94262173
94262411
94262612
94262672
94262690
94262692
94262739
94262955
94263121
94263343
94610436
94610570
94610586
94610820
94610926
94610927
94610935
94610940
94610943
94610947
94610951
94610955
94611027
94611052
94611292
94611434
94611456
94611458
94611460
94614187
94614191
94614197
94614198
94614294
94614618
94614945
94615138
94615348
94615503
94615710
94615866
94616070
94616243
94616637
94616928
94616994
94617005
94617026
94620360
94620381
94620401
94620403
94620407
94620423
94620438
94620450
94620500
94620764
94620950
94621008
94621035
94621063
94621087
94621090
94621110
94621130
94621144
94624803
94624814
94624822
94624823
94624824
94624834
94624836
94624999
94625015
94625256
94625349
94625363
94625373
94625374
94625381
94625382
94625389
94625390
94628340
94628692
94629079
94629362
94629550
94629721
94629924
94630079
94630289
94630445
94630696
94631124
94631483
94631490
94631630
94631654
94631677
94631692
94631710
94635066
94635072
94635073
94635075
94635080
94635084
94635085
94635089
94635098
94635278
94635502
94635585
94635591
94635595
94635596
94635600
94635607
94635608
94638565
94638730
94638750
94638986
94638996
94639069
94639070
94639076
94639084
94639093
94639101
94639108
94639117
94639227
94639474
94639611
94639613
94639645
94639662
94642446
94642595
94642597
94642612
94642620
94642641
94642647
94642653
94642674
94642720
94642730
94642973
94643162
94643164
94643219
94643254
94643271
94643285
94643291
94646679
94646693
94646694
94646695
94646696
94646705
94646713
94646721
94646744
94646758
94646761
94646769
94646978
94647218
94647318
94647326
94647332
94647337
94647342
94650240
94650242
94650260
94650261
94650305
94650317
94650578
94650597
94650789
94650863
94650887
94650910
94650929
94650930
94650935
94650943
94650944
94650959
94650967
94654440
94654442
94654453
94654460
94654469
94654471
94654480
94654481
94654489
94654497
94654573
94654822
94654982
94654987
94655017
94655026
94655035
94655045
94655072
94657820
94657826
94657829
94657831
94657832
94657837
94657851
94658040
94658256
94658326
94658332
94658337
94658338
94658347
94658351
94658352
94658353
94658355
94658358
94661096
94661102
94661104
94661111
94661124
94661133
94661134
94661135
94661136
94661137
94661140
94661141
94661311
94661547
94661644
94661656
94661665
94661672
94661676
94663879
94663880
94664021
94664258
94664370
94664379
94664384
94664387
94664392
94664393
94664400
94664411
94664463
94664474
94664714
94664869
94664913
94664916
94664921
94667582
94667588
94667641
94667643
94667644
94667661
94667672
94667681
94667689
94667690
94667691
94667703
94667731
94667950
94668157
94668224
94668228
94668236
94668250
94670963
94670971
94670977
94670982
94670995
94671000
94671008
94671072
94671317
94671470
95071844
95071850
95071969
95071980
95072282
95072298
95072309
95072415
95072424
95072438
95072439
95072554
95072675
95072694
95072707
95072791
95073035
95073195
95073226
95073230
95076561
95076563
95076586
95076726
95076968
95077091
95077095
95077173
95077190
95077218
95077219
95077225
95077231
95077233
95077239
95077245
95077333
95077582
95077829
95078005
95081633
95081640
95081642
95081644
95081755
95081763
95081821
95081822
95082028
95082270
95082379
95082380
95082389
95082390
95082391
95082400
95082409
95082418
95082426
95082436
95085648
95085681
95085682
95085695
95085701
95085705
95085712
95085855
95086099
95086107
95086119
95086215
95086219
95086221
95086223
95086226
95086234
95086236
95086241
95086249
95088947
95088953
95088958
95088963
95088969
95088973
95089042
95089284
95089448
95089484
95089492
95089497
95089502
95089507
95089512
95089525
95089708
95089939
95090023
95090032
95092782
95092787
95092788
95092794
95092797
95092803
95092806
95092853
95093090
95093268
95093308
95093312
95093317
95093321
95093324
95093325
95093328
95093336
95093514
95093741
95096307
95096437
95096679
95096802
95096819
95096827
95096833
95096840
95096842
95096847
95096855
95096856
95096917
95097158
95097323
95097363
95097364
95097370
95097376
95097382
95100382
95100385
95100394
95100399
95100402
95100406
95100411
95100418
95100607
95100829
95100911
95100919
95100927
95101018
95101033
95101038
95101043
95101044
95101048
95101149
95104003
95104013
95104015
95104022
95104122
95104134
95104382
95104513
95104540
95104547
95104553
95104559
95104560
95104562
95104564
95104573
95104574
95104661
95104761
95105014
95108184
95108258
95108259
95108268
95108276
95108336
95108386
95108395
95108396
95108398
95108403
95108404
95108560
95108792
95108904
95108907
95108910
95108918
95108922
95108928
95111970
95111971
95111982
95111989
95111991
95112000
95112001
95112013
95112023
95112181
95112430
95112444
95112600
95112641
95112650
95112659
95112661
95112662
95112663
95112664
95115579
95115582
95115583
95115699
95115715
95115955
95116078
95116086
95116090
95116093
95116096
95116099
95116100
95116102
95116106
95116108
95116177
95116424
95116583
95116629
95119378
95119389
95119395
95119401
95119402
95119408
95119421
95119429
95119623
95119841
95119851
95119929
95119949
95119951
95119969
95119972
95119973
95119980
95119988
95119991
95122682
95122924
95123092
95123129
95123143
95123156
95123168
95123169
95123172
95123178
95123194
95123202
95123206
95123419
95123619
95123688
95123694
95123699
95123702
95123704
95233041
95233056
95233069
95235513
95235593
95235825
95235846
95236011
95236060
95236068
95236074
95236075
95236083
95236087
95236091
95236099
95236284
95236527
95236536
95236626
95236647
95236648
95236652
95239367
95239590
95239684
95239690
95239695
95239701
95239707
95239711
95239712
95239720
95239721
95239827
95239844
95240091
95240109
95240235
95240263
95240283
95240302
95240314
95243532
95243555
95243757
95243773
95243788
95243806
95244003
95244072
95244091
95244111
95244123
95244134
95244140
95244150
95244152
95244321
95244555
95244647
95247274
95247289
95247521
95247641
95247661
95247663
95247664
95247679
95247680
95247686
95247690
95247694
95247697
95247779
95247791
95248035
95248175
95248205
95248211
95248212
95405308
95405311
95405312
95405314
95405473
95405491
95405725
95405809
95405828
95405918
95405963
95405969
95405974
95405980
95406056
95406068
95406085
95406326
95409259
95409441
95409485
95409486
95409505
95409518
95409623
95409628
95409634
95409639
95409813
95410042
95410138
95410155
95410163
95410167
95410172
95410177
95410179
95410251
95413625
95413714
95413724
95413734
95413742
95413749
95413756
95413773
95413775
95413884
95413901
95414149
95414282
95414289
95414291
95414303
95414412
95414423
95414437
95414448
95417589
95417596
95417627
95417636
95417871
95418058
95418110
95418117
95418122
95418128
95418130
95418131
95418137
95418138
95418196
95418416
95418648
95418734
95418735
95418743
95421688
95421697
95421707
95421708
95421709
95421711
95421718
95421749
95421976
95422172
95422326
95422334
95422335
95422345
95422353
95422362
95422369
95422370
95422379
95422547
95425408
95425496
95425742
95425897
95425919
95425927
95425932
95425939
95425946
95425950
95425975
95426187
95426199
95426416
95426475
95426484
95426490
95426491
95426492
95426501
95429481
95429491
95429502
95429509
95429602
95429619
95429639
95429888
95430018
95430036
95430046
95430055
95430056
95430057
95430066
95430082
95430091
95430149
95430159
95430411
95433495
95433498
95433499
95433502
95433505
95433508
95433623
95433864
95433882
95433996
95434017
95434024
95434029
95434032
95434083
95434139
95434204
95434448
95434603
95434607
95437527
95437580
95437587
95437597
95437603
95437608
95437617
95437625
95437797
95438063
95438069
95438154
95438155
95438161
95438171
95438181
95438196
95438204
95438209
95438222
95441210
95441468
95441642
95441700
95441705
95441711
95441718
95441728
95441817
95441840
95441841
95441846
95442023
95442250
95442262
95442343
95442344
95442350
95442356
95442357
95445548
95445676
95445911
95446043
95446058
95446067
95446073
95446077
95446083
95446087
95446135
95446378
95446552
95446589
95446590
95446596
95446597
95446598
95446604
95446614
95453589
95453590
95453591
95453592
95453593
95555115
95555122
95555124
95555128
95555131
95555137
95555143
95555214
95555467
95555660
95555668
95555700
95555714
95555726
95555727
95555740
95555741
95555756
95555809
95555820
95559399
95559429
95559433
95559439
95559441
95559453
95559548
95559551
95559557
95559558
95559620
95559863
95560026
95560050
95560066
95560070
95560071
95560077
95560081
95560087
95563273
95563513
95563627
95563638
95563649
95563655
95563659
95563664
95563670
95563732
95563978
95564149
95564185
95564265
95564299
95564300
95564301
95564307
95564314
95564321
95567428
95567674
95567819
95567851
95567858
95567860
95567869
95567877
95567887
95567896
95567897
95567954
95567962
95568208
95568220
95568404
95568445
95568459
95568460
95568466
95571340
95571349
95571356
95571446
95571695
95571838
95571870
95571871
95571874
95571882
95571893
95571902
95571909
95571919
95571957
95572193
95572210
95572393
95572446
95572448
95575280
95575295
95575296
95575302
95575311
95575314
95575316
95575320
95575400
95575649
95575802
95575841
95575852
95575861
95575870
95575881
95575883
95575893
95575920
95575927
95579370
95579372
95579390
95579598
95579615
95579626
95579643
95579829
95579896
95579898
95579912
95579920
95579921
95579930
95579932
95579939
95579942
95579954
95580134
95580151
95582685
95582687
95582692
95582837
95583071
95583181
95583192
95583197
95583202
95583207
95583208
95583209
95583211
95583214
95583292
95583565
95583717
95583740
95583746
95583749
95586306
95586464
95586494
95586513
95586520
95586541
95586546
95586551
95586571
95586768
95587010
95587085
95587093
95587098
95587105
95587106
95587108
95587116
95587119
95587122
95589790
95589795
95589868
95590138
95590297
95590329
95590334
95590338
95590343
95590354
95590361
95590378
95590566
95590794
95590875
95590877
95590880
95590888
95590890
95590892
95593790
95593791
95593792
95593800
95593808
95593881
95594133
95594291
95594324
95594325
95594333
95594341
95594348
95594354
95594355
95594357
95594363
95594402
95597759
95597769
95597793
95597798
95598012
95598233
95598288
95598297
95598304
95598314
95598321
95598330
95598340
95598465
95598721
95598849
95598860
95598861
95598868
95598876
95601692
95601694
95601695
95601701
95601714
95601904
95602122
95602194
95602202
95602211
95602214
95602219
95602223
95602228
95602323
95602336
95602580
95602707
95602732
95602740
95606168
95606169
95606181
95606186
95606187
95606193
95606200
95606750
95606765
95607319
95607797
95609768
95609971
95610092
95610154
95610159
95610181
95610202
95610209
95610227
95610228
95610235
95610236
95610411
95610659
95610786
95610789
95610807
95610811
95610832
95610838
95616565
95616695
95616817
95616965
95617319
95617361
95617687
95617907
95618067
95618075
95618080
95618086
95618111
95618113
95618369
95618381
95618398
95618758
95618979
95619101
95910104
95910111
95910286
95910523
95910621
95910623
95910637
95910645
95910647
95910655
95910661
95910669
95910670
95910679
95910794
95910811
95911055
95911071
95911184
95911196
95913380
95913384
95913387
95913392
95913393
95913535
95913547
95913786
95913887
95913895
95913901
95913905
95913911
95913917
95913921
95913986
95913997
95914244
95914430
95914461
95917453
95917455
95917473
95917489
95917504
95917506
95917516
95917521
95917675
95917939
95918062
95918064
95918065
95918066
95918075
95918076
95918086
95918093
95918094
95918102
95921112
95921337
95921445
95921471
95921500
95921522
95921524
95921526
95921549
95921552
95921569
95921571
95921572
95921594
95921785
95922023
95922103
95922110
95922119
95922127
95925019
95925030
95925037
95925038
95925041
95925069
95925077
95925302
95925499
95925561
95925569
95925571
95925576
95925577
95925586
95925592
95925597
95925601
95928798
95928804
95928806
95928812
95928817
95928822
95928828
95928836
95928841
95929029
95929251
95929342
95929349
95929351
95929352
95929357
95929365
95929374
95929384
95929391
95932199
95932433
95932611
95932640
95932641
95932642
95932644
95932649
95932656
95932659
95932661
95932663
95932666
95932667
95932695
95932918
95933117
95933166
95933170
95935366
95935371
95935405
95935413
95935642
95935655
95935841
95935884
95935886
95935893
95935894
95935898
95935905
95935913
95935922
95935931
95936113
95936341
95936430
95936440
95939596
95939601
95939605
95939611
95939614
95939615
95939621
95939649
95939868
95939887
95940069
95940117
95940122
95940125
95940134
95940136
95940139
95940143
95940146
95940302
95942891
95942900
95942908
95942909
95942910
95942911
95942919
95942927
95942945
95943141
95943368
95943437
95943444
95943447
95943448
95943457
95943467
95943474
95943476
95943484
95946358
95946359
95946368
95946375
95946460
95946702
95946851
95946880
95946884
95946887
95946893
95946897
95946904
95946911
95946913
95946948
95947174
95947379
95947427
95947439
95950340
95950341
95950342
95950357
95950359
95950360
95950368
95950455
95950713
95950871
95950877
95950897
95950905
95950906
95950907
95950927
95950928
95950930
95950949
95950960
95954211
95954212
95954216
95954222
95954223
95954227
95954228
95954232
95954272
95954503
95954685
95954733
95954734
95954740
95954745
95954746
95954747
95954748
95954751
95954752
95957567
95957816
95957978
95957997
95958003
95958010
95958012
95958013
95958023
95958046
95958063
95958103
95958109
95958336
95958354
95958570
95958614
95958620
95958627
95958631
95961281
95961284
95961291
95961296
95961299
95961400
95961691
95961703
95961833
95961837
95961851
95961852
95961856
95961861
95961865
95961867
95961868
95961871
95961872
95961876
95964666
95964667
96079663
96079817
96079827
96080067
96080177
96080289
96080296
96080298
96080307
96080312
96080322
96080328
96080402
96080650
96080806
96080833
96080839
96080843
96080852
96080858
96084372
96084533
96084564
96084577
96084586
96084587
96084588
96084597
96084605
96084608
96084618
96084656
96084666
96084679
96084927
96085106
96085248
96085255
96085266
96085274
96088495
96088743
96088756
96088926
96088937
96088963
96088968
96088974
96088976
96089031
96089084
96089089
96089090
96089119
96089130
96089361
96089378
96089556
96089597
96089605
96092503
96092505
96092508
96092513
96092522
96092527
96092528
96092625
96092881
96093026
96093047
96093054
96093059
96093070
96093072
96093080
96093086
96093217
96093448
96093636
96096800
96096805
96096806
96096809
96096814
96096843
96097064
96097262
96097314
96097316
96097324
96097330
96097332
96097339
96097340
96097344
96097345
96097346
96097362
96097573
96100417
96100428
96100436
96100442
96100509
96100739
96100758
96100774
96100992
96101056
96101064
96101078
96101090
96101101
96101108
96101112
96101227
96101502
96101517
96101646
96104698
96104886
96105027
96105028
96105032
96105052
96105053
96105078
96105081
96105082
96105083
96105090
96105126
96105374
96105580
96105640
96105647
96105649
96105655
96105659
96108694
96108709
96108718
96108726
96108736
96108842
96108849
96108959
96109241
96109391
96109396
96109429
96109453
96109463
96109470
96109479
96109487
96109520
96109528
96109759
96113282
96113305
96113324
96113342
96113363
96113381
96113436
96113684
96113870
96113938
96113963
96113987
96114008
96114027
96114047
96114064
96114067
96114258
96114504
96114599
96117581
96117585
96117588
96117589
96117756
96118004
96118114
96118129
96118135
96118147
96118155
96118156
96118163
96118165
96118243
96118407
96118542
96118704
96118745
96121326
96121339
96121500
96121536
96121545
96121549
96121551
96121565
96121572
96121577
96121579
96121580
96121585
96121587
96121634
96121871
96121886
96122060
96122095
96122096
96124358
96124360
96124365
96124370
96124372
96124513
96124755
96124861
96124871
96124876
96124878
96124880
96124886
96124892
96124945
96125185
96125364
96125400
96125403
96125410
96128158
96128167
96128176
96128177
96128185
96128322
96128567
96128680
96128694
96128703
96128708
96128716
96128722
96128733
96128734
96128735
96128805
96129058
96129066
96129083
96131660
96131674
96131679
96132214
96132225
96132226
96132236
96247127
96247133
96247140
96247147
96247152
96247253
96247261
96247263
96247264
96247269
96247419
96247666
96247768
96247780
96247786
96247803
96247805
96247927
96248048
96248072
96251631
96251635
96251658
96251708
96251952
96252162
96252220
96252221
96252242
96252244
96252263
96252266
96252291
96252313
96252335
96256256
96256272
96256288
96256290
96256305
96256331
96256534
96256765
96256773
96256848
96256866
96256880
96256894
96256909
96256924
96256939
96256940
96257066
96257079
96260299
96260354
96260497
96260759
96260764
96260929
96260976
96260978
96260980
96260998
96261000
96261019
96261038
96261039
96261058
96261072
96261128
96261369
96261388
96261599
96265349
96265601
96265712
96265714
96265736
96265776
96265798
96265837
96265853
96265858
96265889
96265891
96266047
96266349
96266504
96266512
96266541
96266573
96266606
96266628
96270431
96270432
96270451
96270468
96270469
96270471
96270474
96270490
96270491
96270570
96270582
96270867
96270884
96271035
96271069
96271185
96271202
96271220
96271243
96271257
96274591
96274685
96274702
96274704
96274720
96274722
96274764
96275001
96275020
96275237
96275297
96275298
96275299
96275318
96275333
96275334
96275350
96275365
96275367
96275384
96279030
96279209
96279229
96279262
96279534
96279624
96279645
96279652
96279660
96279770
96279772
96279790
96279811
96279813
96279833
96279835
96279855
96279857
96279863
96280055
96283151
96283156
96283162
96283167
96283198
96283400
96283419
96283643
96283654
96283716
96283723
96283729
96283735
96283736
96283743
96283744
96283749
96283756
96283763
96283944
96287209
96287215
96287222
96287223
96287229
96287230
96287235
96287237
96287263
96287477
96287674
96287738
96287743
96287744
96287747
96287753
96287759
96287763
96287764
96287769
96290417
96290419
96290422
96290429
96290435
96290440
96290448
96290597
96290840
96290958
96290982
96290998
96291020
96291021
96291033
96291055
96291056
96291069
96291157
96294304
96294489
96294536
96294542
96294545
96294552
96294553
96294554
96294559
96294563
96294572
96294757
96294983
96294989
96295058
96295060
96295074
96295086
96298341
96298370
96298376
96298380
96298426
96298427
96298442
96298487
96298620
96298635
96298909
96299029
96299072
96299075
96299085
96299119
96299134
96299166
96299186
96299277
96302418
96302424
96302434
96302459
96302665
96302883
96427642
96427649
96427808
96427827
96427829
96427832
96427838
96427845
96427852
96427856
96427857
96427889
96428115
96428318
96428373
96428381
96428388
96428396
96428404
96428411
96432088
96432101
96432112
96432121
96432129
96432138
96432148
96432258
96432518
96432660
96432676
96432684
96432685
96432686
96432687
96432702
96432709
96432815
96432825
96432890
96436399
96436400
96436405
96436408
96436412
96436415
96436477
96436489
96436500
96436779
96436794
96436943
96436946
96436958
96436965
96436966
96436969
96436970
96436972
96436973
96439730
96439848
96439887
96439889
96439891
96439892
96439900
96439908
96439913
96440021
96440022
96440025
96440109
96440381
96440540
96440560
96440562
96440568
96440576
96442928
96442933
96443006
96443253
96443409
96443535
96443544
96443550
96443551
96443552
96443554
96443557
96443561
96443566
96443598
96443830
96444045
96444097
96444104
96444108
96447100
96447107
96447115
96447124
96447226
96447236
96447237
96447311
96447581
96447741
96447746
96447770
96447776
96447778
96447779
96447783
96447784
96447785
96447789
96447792
96450805
96451057
96451188
96451191
96451205
96451211
96451219
96451222
96451223
96451227
96451231
96451292
96451539
96451712
96451739
96451744
96451748
96451754
96451758
96451765
96454672
96454679
96454680
96454689
96454695
96454826
96455064
96455186
96455223
96455230
96455237
96455239
96455247
96455254
96455262
96455314
96455326
96455336
96455578
96455743
96458625
96458626
96458644
96458653
96458665
96458674
96458676
96458686
96458694
96458808
96459061
96459195
96459198
96459211
96459219
96459235
96459243
96459244
96459255
96459363
96462394
96462402
96462404
96462426
96462646
96462661
96462858
96462906
96462911
96462912
96462913
96462918
96462925
96462926
96462929
96462930
96462937
96462938
96462977
96465839
96465847
96465855
96465861
96465873
96465978
96465980
96466008
96466209
96466426
96466431
96466439
96466495
96466506
96466516
96466526
96466532
96466533
96466542
96466543
96469624
96469684
96469693
96469946
96469958
96470107
96470131
96470140
96470146
96470147
96470152
96470162
96470171
96470195
96470200
96470413
96470430
96470621
96473785
96473797
96473803
96473808
96473810
96473819
96473820
96473827
96473883
96474129
96474298
96474406
96474450
96474456
96474465
96474466
96474473
96474475
96474482
96474483
96477486
96477493
96477497
96477632
96477868
96477988
96477999
96478000
96478011
96478019
96478021
96478124
96478125
96478134
96478136
96478142
96478231
96478492
96478645
96478677
96478685
96478686
96478692
96481966
96483750
