91988101
91988253
91988330
91988338
91988348
91988349
91988528
91988851
91989031
91989150
91989273
91989394
91989395
91989422
91989570
91989636
91989641
91989705
91990006
91990278
91995462
91995805
91996023
91996027
91996086
91996224
91996360
91996489
91996608
91996731
91996737
91996739
91996758
91997036
91997305
91997482
91997629
91997748
91997749
91997750
92003978
92004047
92004055
92004167
92004468
92004691
92004905
92005096
92005224
92005229
92005230
92005238
92005239
92005245
92005260
92005266
92005580
92005862
92005867
92005999
92011260
92011262
92011264
92011265
92011275
92011330
92011339
92011372
92011448
92011575
92011875
92012021
92012148
92012272
92012401
92012520
92012522
92012528
92012536
92012537
92017634
92017765
92017925
92017926
92017927
92017928
92018098
92018156
92018179
92018472
92018677
92018736
92018741
92018744
92018745
92018754
92018760
92018762
92018781
92019062
92025993
92025994
92026002
92026011
92026012
92026050
92026365
92026564
92026645
92026935
92027057
92027119
92027179
92027297
92027411
92027660
92027946
92027954
92028106
92028220
92034209
92034210
92034426
92034609
92034613
92034614
92034615
92034713
92034725
92035021
92035242
92035391
92035418
92035419
92035481
92035483
92035659
92035663
92035669
92035671
92039448
92039458
92039467
92039468
92039478
92039485
92039487
92039531
92039718
92039843
92039857
92039863
92039864
92039876
92039881
92039883
92039884
92039893
92039905
92039906
92042140
92042145
92042152
92042159
92042165
92042166
92042187
92042192
92042361
92042506
92042509
92042511
92042528
92042535
92042542
92042549
92042551
92042553
92042560
92042565
92045307
92045318
92045329
92045346
92045354
92045355
92045358
92045367
92045377
92045397
92045559
92045716
92045741
92045752
92045753
92045760
92045770
92045785
92045799
92045876
92049046
92049169
92049170
92049325
92049469
92049588
92049592
92049593
92049594
92049595
92049598
92049599
92049622
92049907
92050162
92050166
92050187
92050225
92050227
92050395
92056153
92056251
92056371
92056490
92056491
92056493
92056524
92056676
92056677
92056800
92056863
92056870
92057120
92057403
92057469
92057603
92057672
92057808
92057810
92058003
92063934
92064055
92064169
92064228
92064357
92064360
92064372
92064606
92064615
92064897
92065056
92065251
92065449
92065569
92065571
92065575
92065579
92065580
92065583
92065705
92070477
92070489
92070710
92071007
92071013
92071248
92071373
92071493
92071623
92071693
92071696
92071703
92071714
92071716
92071841
92072205
92072481
92072639
92072644
92072770
92078889
92078897
92078899
92079031
92079319
92079518
92079640
92223628
92223736
92223737
92223746
92223840
92224092
92224343
92224537
92224642
92224773
92224774
92224953
92225079
92225203
92225222
92225475
92225716
92225876
92225877
92225879
92240555
92240746
92240760
92240949
92241013
92241136
92241145
92241152
92241153
92241159
92241164
92241166
92241168
92241197
92241432
92241689
92241824
92241999
92242072
92242193
92248420
92248475
92248481
92248487
92248495
92248512
92248616
92248873
92249137
92249272
92249394
92249465
92249580
92249707
92249716
92249717
92249855
92250184
92250446
92250589
92257374
92257382
92257390
92257417
92257665
92257975
92258103
92258104
92258229
92258368
92258534
92258535
92258758
92258765
92258767
92258775
92259028
92259346
92259511
92259512
92264845
92264959
92265009
92265010
92265015
92265019
92265039
92265046
92265211
92265357
92265380
92265417
92265425
92265433
92265437
92265438
92265441
92265445
92265570
92265742
92268238
92268250
92268258
92268265
92268270
92268392
92268568
92268724
92268729
92268735
92268750
92268754
92268759
92268760
92268763
92268822
92269004
92269109
92269115
92269120
92271285
92271291
92271293
92271398
92271407
92271503
92271521
92271696
92271754
92271756
92271763
92271770
92271771
92271779
92271781
92271787
92271793
92271800
92271863
92272041
92276142
92276143
92276265
92276388
92276511
92276568
92276744
92276803
92276830
92276895
92276904
92277198
92277436
92277557
92277558
92277708
92277798
92277919
92277920
92282102
92282225
92282343
92282518
92282589
92282591
92282595
92282603
92282625
92282898
92283234
92283238
92283375
92283499
92283626
92283628
92283749
92283752
92283816
92283822
92290470
92290755
92290905
92291082
92291204
92291205
92291206
92291325
92291329
92291331
92291342
92291354
92291356
92291532
92291812
92291978
92291979
92292106
92292226
92292348
92293580
92293702
92293709
92293714
92293873
92294220
92294413
92294546
92294605
92294724
92294852
92294899
92294916
92294937
92295040
92295053
92295361
92295595
92295721
92295846
92302385
92302433
92302464
92302515
92302839
92303057
92303176
92303299
92303422
92303543
92303666
92303783
92303914
92304181
92304460
92305083
92305086
92305090
92305095
92305100
92305106
92305256
92305269
92305429
92305448
92305454
92305457
92305465
92305472
92305473
92305480
92305489
92305589
92305768
92305781
92308584
92308602
92308604
92308713
92308731
92308916
92308995
92309012
92309031
92309034
92309777
92309958
92310072
92310104
92310122
92310123
92310126
92310142
92310160
92312313
92312559
92312571
92312629
92312646
92312664
92312679
92312681
92312697
92312714
92312716
92312732
92312813
92312823
92313041
92313137
92313152
92313165
92313166
92313182
92315852
92316067
92316158
92316176
92316177
92316189
92316190
92316192
92316210
92316212
92316226
92316247
92316249
92316250
92316267
92316349
92316361
92316557
92316651
92316654
92843360
92843579
92843587
92843598
92843737
92843849
92843861
92843871
92843880
92843885
92843886
92843908
92843912
92843920
92843930
92844182
92844401
92844418
92844545
92844585
92848006
92848308
92848314
92848458
92848479
92848494
92848504
92848506
92848518
92848528
92848602
92848812
92848832
92849123
92849138
92849299
92849338
92849352
92849361
92849369
92853462
92853464
92853466
92853519
92853528
92853810
92854022
92854032
92854142
92854156
92854165
92854167
92854176
92854184
92854186
92854192
92854215
92854437
92854458
92857955
92857968
92857973
92858186
92858455
92858608
92858640
92858641
92858644
92858648
92858652
92858656
92858706
92858710
92858711
92858871
92859163
92859341
92859353
92859358
92863278
92863431
92863700
92863714
92863877
92863943
92864010
92864092
92864093
92864215
92864335
92864453
92864647
92864662
92864677
92865097
92865279
92865402
92865521
92865590
92872208
92872217
92872335
92872529
92872542
92872837
92873046
92873131
92873137
92873138
92873145
92873150
92873159
92873165
92873308
92873315
92873326
92873774
92874121
92874360
92879327
92879426
92879492
92879614
92879615
92879736
92879737
92879738
92879849
92879963
92879967
92879968
92880232
92880509
92880678
92880762
92880777
92880778
92880781
92880785
92884458
92884459
92884460
92884475
92884476
92884479
92884487
92884489
92884490
92884498
92884587
92884605
92884913
92885113
92885119
92885196
92885199
92885214
92885223
92885229
92889158
92889159
92889170
92889180
92889181
92889205
92889427
92889684
92889698
92889841
92889883
92889897
92889900
92889901
92889914
92889925
92889926
92889927
92889929
92889937
92893696
92893706
92893723
92893736
92893747
92893761
92893946
92893968
92893990
92894270
92894417
92894470
92894471
92894484
92894495
92894503
92894513
92894521
92894644
92894942
92899726
92900019
92900217
92900333
92900345
92900347
92900357
92900360
92900366
92900367
92900373
92900397
92900612
92900630
92900887
92901025
92901054
92901060
92901069
92901075
92904725
92904731
92904737
92904746
92904819
92905107
92905284
92905409
92905414
92905449
92905450
92905458
92905467
92905473
92905480
92905505
92905509
92905742
92906013
92906156
93003552
93003705
93003706
93003712
93003719
93003876
93003877
93003879
93004086
93004145
93004151
93004158
93004162
93004168
93004173
93004175
93004180
93004182
93004190
93004191
93006464
93006470
93006475
93006481
93006487
93006489
93006543
93006790
93006971
93006980
93007011
93007018
93007026
93007035
93007040
93007046
93007059
93007239
93007463
93007545
93010436
93010443
93010453
93010463
93010464
93010493
93010706
93010922
93010994
93010995
93010997
93010998
93010999
93011008
93011015
93011016
93011030
93011031
93011037
93011048
93014675
93014799
93014953
93014960
93015158
93015439
93015883
93016199
93016360
93016361
93016564
93016568
93016569
93016571
93016577
93016578
93016581
93016582
93016660
93016902
93019627
93019817
93019898
93019908
93019909
93019916
93019917
93019918
93019924
93019930
93019932
93019936
93019940
93020106
93020364
93020455
93020457
93020464
93020469
93020470
93024428
93024437
93024442
93024450
93024460
93024467
93024468
93024482
93024676
93024692
93024902
93024968
93024973
93024982
93024990
93024994
93024999
93025003
93025112
93025127
93029946
93030049
93030056
93030061
93030068
93030072
93030224
93030238
93030479
93030563
93030566
93030569
93030571
93030573
93030576
93030582
93030659
93030907
93031054
93031075
93033285
93033520
93033706
93033711
93033761
93033768
93033779
93033789
93033804
93033805
93033812
93033826
93034011
93034242
93034319
93034321
93034329
93034339
93034341
93034350
93037845
93037856
93037863
93037872
93037930
93037938
93037951
93037963
93037974
93037982
93037990
93038121
93038368
93038495
93038498
93038511
93038518
93038526
93038528
93038539
93041622
93041831
93041989
93042198
93042360
93042574
93042767
93043202
93043405
93043461
93043472
93043486
93043497
93043503
93043511
93043512
93043519
93043680
93043693
93043926
93401370
93401376
93401377
93401381
93401387
93401389
93401395
93401472
93401699
93401851
93401895
93401900
93401904
93401905
93401907
93401920
93401921
93401926
93401931
93406975
93406987
93406992
93406999
93407063
93407067
93407119
93407134
93407141
93407368
93407575
93407648
93407662
93407663
93407677
93407701
93407712
93407714
93407739
93411066
93411068
93411079
93411082
93411086
93411107
93411136
93411230
93411492
93411510
93411676
93411713
93411731
93411734
93411737
93411833
93412038
93412039
93412221
93415430
93415457
93415459
93415503
93415519
93415532
93415586
93415633
93415861
93416036
93416091
93416108
93416127
93416129
93416150
93416168
93416169
93416204
93416236
93421279
93421490
93421645
93421647
93421836
93422281
93422656
93422757
93422761
93422765
93422767
93422771
93422772
93422775
93422776
93422781
93422918
93422933
93423165
93426036
93426040
93426071
93426288
93426484
93426488
93426546
93426566
93426578
93426579
93426587
93426594
93426604
93426615
93426623
93426811
93426830
93427039
93427048
93430403
93430545
93430550
93430592
93430596
93430625
93430633
93430640
93430645
93430647
93430649
93430650
93430656
93430779
93431022
93431168
93431193
93431194
93431195
93434642
93434649
93434651
93434659
93434789
93434805
93435043
93435176
93435211
93435224
93435225
93435227
93435229
93435318
93435518
93435704
93435932
93436187
93436227
93440495
93440500
93440533
93440535
93440536
93440544
93440545
93440550
93440554
93440556
93440560
93440696
93440715
93440965
93440982
93441106
93441157
93441165
93441178
93444633
93444815
93444878
93444893
93444898
93444929
93444951
93444975
93445012
93445206
93445422
93445632
93445870
93445891
93445914
93445946
93445952
93445958
93446091
93448556
93448580
93448583
93448604
93448614
93448620
93448645
93448659
93448661
93448666
93448678
93448680
93448683
93448687
93448688
93448689
93448692
93448693
93448701
93449169
93449171
93449192
93449202
93449208
93449223
93449232
93449237
93449243
93449254
93449259
93449266
93449270
93449280
93449287
93449292
93449293
93449300
93449308
93449941
93449942
93449946
93449947
93449949
93449953
93449956
93449959
93449963
93449965
93449966
93449967
93449972
93449984
93450009
93450030
93450043
93450045
93450069
93559906
93559908
93559932
93559933
93559956
93559977
93559995
93559996
93559997
93559999
93569375
93570060
93570113
93570762
93570792
93570827
93570854
93570880
93570917
93570951
93571087
93571356
93571505
93571525
93571542
93571563
93571579
93571595
93571597
93571599
93571615
93571617
93575657
93575660
93575674
93575689
93575705
93575745
93575971
93575991
93576189
93576197
93576263
93576283
93576302
93576319
93576321
93576336
93576353
93576370
93576549
93767256
93767424
93767651
93768008
93768023
93768083
93768397
93768477
93768497
93768517
93768536
93768559
93768579
93768581
93768598
93768599
93768755
93769008
93769016
93769136
93772825
93772847
93772867
93772885
93772903
93772926
93772959
93773167
93773185
93773402
93773583
93773606
93773700
93773868
93774089
93774091
93774251
93774271
93774418
93774672
93778561
93778621
93778643
93778661
93778663
93778677
93778692
93778806
93778830
93779032
93779047
93779273
93779352
93779367
93779369
93779383
93779385
93779398
93779412
93779426
93783930
93784186
93784645
93784977
93785122
93785143
93785146
93785148
93785165
93785182
93785198
93785199
93785201
93785216
93785256
93785486
93785689
93785698
93785705
93785709
93788715
93788725
93788738
93788994
93789172
93789179
93789188
93789213
93789215
93789235
93789253
93789266
93789283
93789286
93789303
93789452
93789852
93790057
93790130
93790147
93793775
93793956
93794209
93794314
93794317
93794321
93794322
93794343
93794360
93794378
93794393
93794410
93794426
93794427
93794430
93794608
93794859
93794981
93795010
93795013
93799853
93799855
93799856
93799869
93799904
93800124
93800142
93800159
93800368
93800440
93800462
93800464
93800480
93800496
93800511
93800527
93800528
93800552
93800757
93800979
93804801
93804971
93804974
93805024
93805084
93805086
93805104
93805107
93805126
93805245
93805497
93805654
93805682
93805705
93805788
93805806
93805825
93805844
93805846
93805895
93809140
93809141
93809165
93809183
93809201
93809247
93809495
93809699
93809703
93809767
93809769
93809792
93809817
93809819
93809821
93809843
93809862
93809880
93809915
93809924
93814183
93814402
93814404
93814573
93814769
93815087
93815284
93815356
93815375
93815378
93815379
93815400
93815419
93815420
93815440
93815441
93815458
93815484
93815492
93815707
93818864
93819106
93819209
93819211
93819228
93819230
93819256
93819386
93819604
93819687
93819702
93819814
93820078
93820228
93820232
93820236
93820264
93820266
93820287
93820304
93823608
93823623
93823624
93823639
93823655
93823688
93823914
93824124
93824134
93824139
93824204
93824222
93824224
93824239
93824253
93824268
93824282
93824284
93824309
93824505
93828251
93828381
93828404
93828419
93828435
93828458
93828461
93828481
93828501
93828505
93828508
93828599
93828851
93829018
93829064
93829079
93829095
93829112
93829130
93829147
94203495
94203497
94203500
94203515
94203517
94203532
94203548
94203563
94203565
94203581
94203583
94203722
94203978
94204141
94204171
94204198
94204219
94204240
94204261
94209874
94209884
94210005
94210047
94210070
94210087
94210090
94210108
94210126
94210142
94210222
94210498
94210506
94210668
94210675
94210713
94210761
94210779
94210800
94214555
94214571
94214573
94214589
94214590
94214607
94214623
94214642
94214644
94214699
94214952
94215176
94215238
94215266
94215289
94215410
94215437
94215459
94215484
94218914
94218927
94219222
94219388
94219437
94219460
94219483
94219485
94219489
94219512
94219531
94219552
94219591
94219823
94220036
94220096
94220113
94220132
94220151
94224481
94224737
94224977
94225145
94225354
94225569
94225734
94226049
94226300
94226553
94226569
94226719
94226759
94226776
94226778
94226795
94226797
94226812
94226828
94231744
94231759
94231776
94231789
94231791
94231805
94231930
94232181
94232320
94232343
94232359
94232375
94232389
94232404
94232406
94232463
94232573
94232820
94233002
94236602
94236623
94236646
94236860
94236877
94236893
94236911
94237108
94237168
94237186
94237200
94237220
94237238
94237248
94237264
94237436
94237686
94237695
94237802
94241857
94242024
94242241
94242254
94242369
94242655
94243057
94243066
94243187
94243190
94243210
94243225
94243227
94243240
94243242
94243257
94243258
94243275
94243288
94247767
94247857
94248003
94248039
94248063
94248081
94248082
94248086
94248105
94248108
94248126
94248265
94248524
94248654
94248657
94248662
94248665
94248686
94248706
94252303
94252319
94252491
94252510
94252742
94252752
94252855
94252873
94252891
94252909
94252925
94252940
94252956
94253050
94253316
94253482
94253522
94253542
94253560
94257210
94257547
94257764
94257767
94257986
94258156
94258371
94258375
94258376
94258550
94258571
94258572
94258611
94259029
94259356
94259438
94259461
94259483
94259500
94263345
94263438
94263624
94263641
94263870
94263968
94263970
94263988
94264003
94264103
94264156
94264238
94264252
94264272
94264393
94264670
94264816
94264851
94264868
94611464
94611471
94611475
94611483
94611510
94611521
94611753
94611769
94611944
94611950
94611990
94611998
94612001
94612007
94612009
94612014
94612017
94612031
94612220
94617045
94617064
94617067
94617077
94617078
94617084
94617232
94617247
94617264
94617498
94617506
94617592
94617604
94617614
94617623
94617625
94617634
94617640
94617645
94621321
94621557
94621650
94621653
94621661
94621669
94621681
94621683
94621689
94621700
94621707
94621798
94622051
94622066
94622206
94622227
94622246
94622272
94622293
94625394
94625402
94625508
94625757
94625907
94625935
94625955
94625972
94625991
94626015
94626026
94626071
94626311
94626329
94626526
94626569
94626576
94626581
94626586
94631728
94631768
94632002
94632019
94632237
94632286
94632295
94632297
94632304
94632309
94632314
94632318
94632325
94632329
94632486
94632728
94632826
94632828
94632837
94635616
94635619
94635726
94635974
94636108
94636123
94636144
94636164
94636185
94636202
94636219
94636221
94636264
94636276
94636521
94636536
94636711
94636769
94636792
94639684
94639686
94639687
94639710
94639730
94639733
94639735
94639758
94639848
94640096
94640255
94640275
94640283
94640287
94640293
94640299
94640306
94640307
94640332
94643294
94643299
94643473
94643700
94643800
94643805
94643809
94643812
94643815
94643820
94643825
94643900
94644144
94644157
94644169
94644314
94644330
94644334
94644338
94647344
94647352
94647362
94647475
94647726
94647857
94647884
94647898
94647904
94647912
94647919
94647920
94647921
94647923
94647929
94647986
94648248
94648416
94648461
94651178
94651390
94651450
94651455
94651456
94651457
94651461
94651466
94651472
94651476
94651486
94651632
94651648
94651880
94651986
94651995
94652001
94652008
94652020
94655085
94655118
94655326
94655537
94655602
94655614
94655628
94655644
94655662
94655664
94655670
94655680
94655860
94656083
94656161
94656171
94656176
94656177
94656178
94658500
94658514
94658752
94658763
94658861
94658863
94658882
94658885
94658908
94658914
94658915
94658919
94658926
94658932
94659046
94659059
94659075
94659310
94659428
94661685
94661686
94661692
94661769
94661782
94662029
94662185
94662220
94662234
94662241
94662243
94662244
94662249
94662253
94662257
94662295
94662305
94662544
94662560
94664923
94664927
94664930
94664931
94664960
94665173
94665376
94665441
94665455
94665457
94665458
94665469
94665472
94665478
94665481
94665486
94665639
94665870
94665884
94668251
94668258
94668265
94668267
94668268
94668277
94668437
94668670
94668788
94668810
94668813
94668827
94668833
94668840
94668848
94668851
94668933
94669174
94669325
