52.737
49.651
57.533
53.611
49.896
52.196
65.480
61.944
49.233
55.415
53.064
53.630
54.731
53.402
52.243
50.323
46.665
47.698
53.040
48.126
54.078
54.634
49.125
55.410
57.932
54.013
55.987
50.846
46.297
55.630
55.683
54.391
51.632
47.175
50.973
54.349
49.225
49.677
50.065
54.160
51.181
54.322
50.529
49.196
48.373
51.729
56.306
49.922
49.600
47.360
49.416
57.057
51.584
50.484
51.935
59.904
56.812
57.547
57.949
56.586
60.096
57.378
51.668
54.457
50.537
54.408
48.228
51.515
49.494
51.872
49.478
51.559
49.637
54.971
49.239
51.585
50.357
48.111
48.428
49.188
53.966
48.812
50.254
51.987
50.650
52.494
53.804
50.443
52.623
50.481
51.958
48.667
47.063
43.930
45.543
42.185
48.241
