13.181
14.639
18.820
28.657
15.848
15.050
14.510
25.122
13.615
14.145
14.561
16.193
13.089
13.096
13.822
14.265
13.352
13.393
35.618
14.388
15.376
14.299
13.996
16.199
14.107
15.030
13.717
14.781
14.815
14.962
14.164
14.937
12.885
12.859
13.744
13.877
13.099
13.036
13.768
14.399
14.431
17.703
13.679
13.585
12.538
12.492
12.752
14.496
13.192
13.097
12.458
17.202
14.286
14.330
14.187
21.676
21.463
23.121
20.678
22.871
23.903
24.386
3.379
22.949
17.376
12.683
6.221
22.268
13.196
13.103
18.495
22.073
13.851
13.824
13.892
13.892
13.910
14.624
16.293
14.858
12.528
2.404
14.766
16.004
15.708
13.057
17.351
13.285
14.333
12.822
15.193
19.694
13.890
13.157
13.915
14.422
14.059
14.080
13.694
13.702
12.728
17.256
13.441
