100491641
100491644
100491665
100491713
100491790
100491877
100491963
100492036
100492089
100492134
100492819
100492821
100492823
100492826
100492828
100492831
100493961
100493972
100493981
100493988
100493996
100494005
100494032
100494034
100494038
100494039
100494075
100494227
100494412
100494476
100494522
100494551
100494570
100494579
100494587
100494592
100494594
100494600
100494602
100494604
100494605
100498335
100498336
100498338
100498340
100498341
100498343
100499077
100499167
100499253
100499332
100499386
100499458
100499468
100499471
100499476
100499478
100499481
100508525
100508588
100523161
100535115
100538695
100538758
100563718
100572156
100572240
100598197
100599239
100600260
100600540
100601123
100601203
100614633
100614715
100649623
100649729
100687815
100687888
100707961
100707964
100707965
100716573
100716625
100730618
100744531
100744613
100775042
100790487
100804245
100822276
100822472
100822549
100829849
100855488
100870419
100886147
100894517
100903089
100903091
100903092
100917627
100960120
100985208
100994783
101000691
101034187
101067540
101103298
101111766
101136639
101152987
101170366
101187265
101201526
101208077
101208116
101208622
101227413
101234236
101234268
101234302
101235823
101248626
101248661
101248727
101248827
101248932
101249007
101249082
101249113
101249139
101249141
101249142
101249145
101249146
101249148
101249150
101249155
101249162
101249163
101249164
101249167
101249169
101249172
101249173
101249184
101249200
101249599
101249648
101249678
101249700
101249703
101249705
101249706
101249708
101249709
101249712
101249713
101249715
101249718
101249719
101249721
101249723
101252925
101253640
101253643
101253645
101253649
101253650
101254778
101254787
101254790
101254806
101254818
101254819
101254821
101254823
101254824
101254825
101254840
101254856
101254863
101254865
101254868
101254869
101254874
101254898
101254954
101255129
101255282
101255344
101255380
101255404
101255420
101255434
101255438
101255439
101255443
101258538
101259280
101259329
101259347
101259350
101259353
101259358
101259360
101259378
101259381
101259384
101259386
101260670
101260688
101260718
101260719
101260739
101260804
101260891
101260979
101261115
101261196
101261220
101261230
101261236
101261262
101261278
101261280
101261281
101261306
101261322
101261336
101264905
101264908
101264910
101264914
101264915
101264931
101264963
101265027
101265110
101265200
101266150
101266152
101266154
101266157
101266159
101266161
101267236
101267268
101267312
101267339
101267347
101267351
101267373
101267391
101267420
101267434
101267455
101267507
101267580
101267689
101267786
101267857
101267918
101267954
101267977
101267984
101267985
101267993
101267994
101268016
101268047
101268051
101268054
101268055
101268057
101272641
101272647
101272649
101272652
101272653
101272671
101272672
101272675
101272747
101272923
101273089
101282882
101289466
101309017
101335629
101350604
101355259
101366789
101399311
101429978
101461664
101467553
101467556
101469472
101492154
101495517
101531977
101537132
101537389
101552552
101552571
101552572
101552591
101576152
101588294
101614237
101629019
101629600
101629669
101654219
101694144
101715915
101733139
101774776
101783498
101786471
101789725
101789763
101789764
101789765
101800103
101823090
101834322
101840167
101840175
101840176
101858984
101868114
101869081
101872175
101872185
101872207
101890435
101890497
101890576
101890674
101890774
101890878
101890959
101891004
101891035
101891047
101891057
101891068
101891091
101891108
101891120
101891132
101891150
101891161
101891167
101891174
101891180
101891185
101891189
101891195
101891205
101891678
101891736
101891780
101891810
101891827
101891839
101891849
101891860
101891872
101891884
101891917
101891929
101891947
101891957
101891983
101892001
101895838
101896714
101896731
101896746
101896765
101896781
101898201
101898213
101898222
101898232
101898245
101898254
101898264
101898274
101898283
101898294
101898312
101898330
101898349
101898361
101898375
101898389
101898413
101898458
101898531
101898722
101898873
101898925
101898964
101898986
101899021
101899051
101899083
101899096
101899112
101902768
101903638
101903656
101903666
101903680
101903691
101903702
101903713
101903732
101903745
101903779
101903801
101905445
101905463
101905514
101905556
101905626
101905713
101905801
101905865
101905965
101906017
101906028
101906043
101906056
101906079
101906083
101906084
101906086
101906087
101906088
101906101
101910038
101910041
101910042
101910048
101910072
101910129
101910213
101910310
101910402
101910489
101911339
101911341
101911343
101911346
101911348
101911349
101912501
101912521
101912538
101912553
101912565
101912577
101912612
101912619
101912624
101912633
101912704
101912887
101913005
101913098
101913154
101913196
101913222
101913230
101913235
101913244
101913251
101913261
101913267
101913293
101913306
101913321
101913334
101913357
101913368
101913378
101918224
101918235
101918250
101918262
101918271
101918275
101918277
101918304
101918441
101918617
101918733
101929481
101939983
101946308
101961358
101964594
101985049
101992654
102024686
102052962
102054789
102086383
102117184
102136996
102148012
102180882
102196192
102213930
102243993
102274354
102304479
102319351
102319385
102332901
102364228
102369659
102379716
102380038
102380328
102380396
102380439
102380460
102380740
102380994
102381095
102381175
102381252
102381580
102381822
102381843
102381863
102381893
102382217
102382490
102382545
102382564
102382583
102382863
102383095
102383153
102383207
102383252
102383524
102383762
102383785
102383815
102383874
102384219
102384631
102384675
102384718
102384772
102385089
102385371
102385430
102385462
102385482
102385757
102385997
102386050
102386134
102386326
102386625
102386873
102386899
102386919
102386979
102387295
102387579
102387626
102387685
102387730
102388044
102388355
102388437
102388483
102397052
102411142
102411143
102411144
102411145
102435471
102474471
102479139
102481818
102511636
102519785
102520131
102520404
102520424
102520439
102520450
102520758
102543930
102570137
102574903
102585142
102585150
102585151
102590628
102590951
102591185
102591239
102591292
102591314
102591622
102591895
102591941
102591967
102592030
102592342
102592566
102592619
102592654
102592671
102592988
102593248
102593269
102593294
102593371
102593706
102594004
102594052
102594375
102594643
102594654
102594706
102595055
102595274
102595309
102595357
102595372
102601718
102601775
102601776
102607002
102619608
102638581
102664509
102664547
102664631
102664750
102664854
102664947
102665022
102665072
102665108
102665126
102665140
102665153
102665166
102665181
102665186
102665192
102665198
102665207
102665212
102665218
102665223
102665228
102665234
102665243
102665254
102665650
102665698
102665728
102665747
102665757
102665769
102665784
102665793
102665805
102665818
102665826
102665837
102665853
102665861
102665881
102665893
102669138
102669859
102669861
102669863
102669864
102669866
102671168
102671184
102671196
102671208
102671219
102671228
102671230
102671232
102671234
102671236
102671238
102671240
102671242
102671245
102671246
102671248
102671259
102671269
102671270
102671360
102671535
102671616
102671686
102671725
102671771
102671794
102671817
102671827
102672989
102672995
102674863
102675800
102675844
102675870
102675875
102675878
102675885
102675901
102675904
102675906
102675911
102675913
102677246
102677247
102677265
102677269
102677277
102677316
102677383
102677468
102677627
102677722
102677755
102677773
102677785
102677826
102677864
102677865
102677866
102677868
102677869
102677870
102681580
102681581
102681584
102681585
102681587
102681589
102681592
102681618
102681672
102681751
102682804
102682806
102682808
102682813
102682814
102682818
102683880
102683938
102683978
102683996
102684004
102684008
102684012
102684014
102684015
102684018
102684050
102684079
102684094
102684100
102684132
102684197
102684292
102684403
102684476
102684537
102684589
102684619
102684636
102684663
102684674
102684682
102684684
102684685
102684689
102684691
102684692
102699688
102729064
102751269
102751270
102751271
102751274
102758628
102766550
102766552
102766556
102766560
102789089
102818229
102843798
102847445
102868688
102874582
102900000
102927480
102939743
102955962
102962044
102963498
102982278
103011742
103041238
103056043
103071233
103099953
103103692
103110753
103142360
103181914
103218075
103218123
103218199
103218301
103218410
103218496
103218580
103218636
103218679
103218703
103218718
103218744
103218780
103218805
103218814
103218823
103218833
103218851
103218860
103218870
103218876
103218930
103218987
103218993
103219001
103219429
103219480
103219517
103219554
103219572
103219593
103219618
103219641
103219668
103219690
103219711
103219733
103219777
103219797
103219825
103219839
103224113
103225004
103225011
103225020
103225025
103225033
103226572
103226597
103226626
103226653
103226680
103226707
103226732
103226757
103226784
103226808
103226829
103226847
103226860
103226873
103226885
103226903
103226928
103226943
103226969
103227108
103227290
103227375
103227436
103227471
103227512
103227569
103227637
103227662
103227688
103231513
103232579
103232623
103232644
103232655
103232660
103232668
103232674
103232687
103232693
103232713
103232728
103234700
103234725
103234850
103234880
103234940
103235012
103235106
103235201
103235351
103235419
103235430
103235437
103235443
103235459
103235477
103235483
103235491
103235516
103235529
103235572
103241152
103241167
103241179
103241193
103241206
103241220
103241263
103241351
103241447
103241556
103243054
103243072
103243078
103243102
103243116
103243129
103244649
103244696
103244739
103244761
103244780
103244800
103244837
103244848
103244857
103244867
103245035
103245071
103245114
103245200
103245291
103245394
103245504
103245607
103245696
103245764
103245802
103245824
103245846
103245890
103245917
103246005
103246027
103246048
103246066
103246099
103246116
103246128
103268684
103306357
103306908
103311801
103317240
103356068
103368707
103368708
103368709
103368746
103384111
103403100
103438183
103448741
103487273
103488931
103489714
