17.515
17.696
17.204
17.370
17.427
21.345
18.474
19.445
21.382
20.649
17.118
17.261
19.489
16.818
17.760
17.966
16.989
20.294
19.175
17.153
18.279
18.065
24.751
16.623
16.743
16.819
18.411
18.148
16.125
17.415
18.182
16.971
17.212
17.652
18.500
18.017
17.412
18.702
17.734
18.666
17.885
15.585
20.179
18.460
16.920
17.524
16.819
16.803
17.338
16.635
20.087
18.699
19.298
18.900
16.875
17.442
17.467
17.763
17.459
17.456
18.251
21.744
19.286
17.213
16.227
16.311
13.617
17.441
18.568
17.481
18.218
17.032
16.607
17.555
21.546
20.083
18.850
14.667
16.840
17.288
17.295
16.951
16.684
17.638
17.874
17.457
17.900
16.613
16.254
16.611
17.057
16.857
18.409
16.592
17.866
19.198
16.895
17.878
18.500
16.942
19.482
17.830
18.209
16.375
16.895
19.121
17.706
16.158
17.588
16.076
38.134
28.558
36.751
17.394
35.063
19.755
18.143
18.806
18.511
16.950
17.400
17.850
18.176
16.518
16.773
17.960
17.011
18.163
17.103
17.859
18.428
19.191
18.026
18.027
17.392
17.188
18.776
18.308
17.671
16.938
19.103
16.111
16.787
18.121
18.576
18.185
17.299
18.407
26.164
16.048
16.106
18.246
17.361
14.143
16.695
15.489
17.497
17.723
18.136
17.864
18.101
19.325
16.889
17.901
36.788
32.276
33.670
31.419
28.570
35.125
33.743
18.213
16.567
38.950
30.076
33.344
17.056
16.378
19.767
18.602
18.546
17.341
18.375
17.778
18.080
16.648
16.931
16.319
16.766
16.523
17.874
18.210
17.935
17.138
17.334
17.312
16.445
16.836
20.644
16.782
16.177
16.673
16.270
16.528
17.693
16.929
17.671
16.802
17.440
19.364
17.914
20.992
20.006
18.007
18.089
16.670
21.150
19.386
17.429
17.687
16.730
15.997
