12.851
13.905
13.549
14.029
13.711
15.779
14.662
14.192
16.121
18.939
14.219
13.987
13.419
13.593
13.806
13.628
15.533
15.465
15.436
14.539
12.610
13.315
21.392
13.026
14.341
12.466
14.054
14.249
13.774
13.647
13.902
13.471
13.778
13.534
14.443
13.579
15.150
13.990
8.479
13.206
14.146
13.681
13.723
15.467
13.849
12.948
13.433
13.412
13.576
14.548
13.621
13.724
14.477
15.089
13.732
14.064
13.360
13.676
13.474
14.412
13.384
13.788
14.613
13.539
14.321
12.863
13.030
12.101
13.624
14.472
12.946
13.907
13.044
13.553
13.518
14.191
13.726
16.618
13.279
14.306
14.575
13.744
12.991
11.638
14.728
13.597
14.569
13.934
14.562
13.809
13.956
14.455
12.369
16.224
15.949
14.523
13.651
13.522
13.487
12.862
14.482
12.980
12.961
13.945
13.758
13.287
11.689
13.845
15.178
15.037
12.797
15.331
14.350
13.437
13.676
13.598
16.463
14.686
14.160
13.835
16.980
14.294
16.387
15.657
15.382
15.131
15.034
15.777
14.023
14.384
13.694
14.517
13.240
13.187
14.153
14.551
14.205
14.085
14.364
13.272
14.700
14.904
14.108
13.864
14.202
14.376
14.303
13.846
11.160
13.953
23.071
12.337
11.834
12.216
13.214
12.379
11.907
12.472
13.384
11.463
15.395
13.033
12.157
12.699
12.785
14.067
12.726
13.685
13.023
12.346
10.894
13.170
14.143
13.734
12.445
13.883
12.645
14.763
12.544
12.445
12.418
13.181
13.330
14.836
13.457
13.927
13.289
13.988
13.330
13.836
12.950
13.048
13.481
14.530
14.590
13.226
13.301
15.136
13.367
15.969
15.332
15.104
14.919
14.192
13.952
16.479
14.059
15.531
14.188
13.050
14.045
13.955
13.838
