16.602
18.718
17.147
30.226
30.207
18.347
18.265
19.295
21.587
21.094
16.939
17.309
18.246
16.573
16.408
17.384
15.414
18.529
19.033
18.758
19.142
17.501
19.912
16.498
16.381
16.170
17.164
17.954
19.151
17.100
16.397
18.137
17.392
17.450
19.794
21.015
16.793
17.184
18.647
16.946
16.297
17.029
14.939
21.190
19.895
18.562
17.518
16.507
17.462
16.745
16.497
19.294
17.240
17.428
18.375
19.964
16.943
17.322
16.423
16.369
18.351
17.840
18.014
18.936
17.580
6.518
17.832
17.097
15.834
17.111
15.561
19.312
17.375
16.230
16.312
16.644
20.456
18.850
18.946
15.889
16.884
17.957
18.228
18.273
17.678
18.867
17.685
16.797
17.166
15.724
18.323
16.487
17.907
16.903
19.091
14.285
17.287
19.568
17.894
18.849
16.143
15.481
16.290
17.178
15.614
18.803
17.956
17.397
17.360
17.150
18.901
18.001
18.201
17.660
18.801
17.649
19.020
21.717
17.128
18.870
17.962
17.207
19.035
17.961
16.859
18.046
18.573
19.037
15.907
18.567
16.704
14.466
16.928
16.214
18.886
19.368
15.276
18.147
16.884
18.184
17.568
18.462
18.584
16.803
18.068
15.232
19.174
18.317
17.171
17.426
16.204
16.515
15.556
17.781
17.064
13.763
15.008
14.653
17.176
16.093
18.250
14.312
18.037
15.206
17.769
17.125
14.908
16.977
17.704
17.414
16.869
15.474
18.694
14.955
16.033
17.810
15.168
17.991
15.695
16.446
17.225
16.779
15.721
16.906
15.421
19.691
17.885
17.237
17.672
16.961
16.212
15.545
16.491
18.933
17.501
99.699
17.070
16.955
16.260
17.230
17.405
17.263
17.435
15.937
16.812
17.010
17.610
18.845
17.222
18.395
19.445
19.999
23.266
20.636
18.213
20.900
18.601
18.195
19.559
19.749
19.295
18.679
17.102
17.609
17.292
17.043
