80.476
80.685
74.639
84.125
85.508
95.744
85.039
86.132
98.292
79.324
79.348
78.700
80.274
78.768
79.757
79.033
95.497
85.337
85.327
81.501
82.396
86.010
83.680
82.068
80.430
80.028
93.537
80.734
84.948
79.911
79.105
78.394
79.873
78.679
80.782
81.235
75.784
87.810
82.064
81.419
79.928
84.853
88.637
84.023
79.582
85.120
81.454
80.713
83.842
82.278
88.707
84.250
86.890
89.778
85.337
84.987
84.220
76.258
83.354
96.252
84.964
88.227
80.959
77.477
90.408
64.073
86.256
70.211
79.502
86.765
81.866
78.043
47.268
70.892
81.067
108.874
58.688
84.870
91.866
88.856
90.715
74.632
90.377
90.410
97.206
89.599
87.080
95.050
101.426
89.136
97.430
98.608
100.684
96.351
76.545
102.723
87.037
83.984
92.483
91.299
85.237
88.982
86.520
95.796
88.518
96.545
84.638
90.961
93.273
94.250
90.804
92.191
86.473
90.146
93.326
86.522
100.624
92.310
100.080
93.580
100.239
94.312
98.589
87.192
86.150
99.549
84.511
84.991
87.582
89.146
89.310
97.325
92.587
103.317
92.868
90.574
79.990
101.850
88.670
85.958
94.032
103.398
99.982
103.875
94.435
91.891
91.669
102.914
96.238
86.605
83.045
84.445
95.389
91.369
92.073
100.305
97.851
96.235
98.796
86.046
99.999
89.726
85.441
93.376
100.731
92.700
99.246
88.703
99.402
90.622
100.092
88.508
90.821
87.402
103.005
93.431
105.855
89.070
85.412
98.527
98.980
94.927
95.129
115.023
96.615
98.704
101.325
97.002
96.948
93.733
93.858
100.996
93.686
95.714
94.618
93.962
97.905
92.338
90.443
97.278
93.696
93.665
91.467
102.448
97.666
93.521
89.460
94.413
101.634
81.456
