12.636
6.221
22.702
13.347
13.228
18.765
22.327
13.838
13.761
13.956
13.956
13.969
14.691
16.321
14.853
12.502
2.404
14.834
16.086
15.825
13.106
17.351
13.174
14.326
12.870
15.193
19.694
13.892
13.218
13.967
14.526
14.150
14.104
14.970
13.742
12.832
17.517
13.377
14.064
13.773
13.811
15.892
13.821
13.440
15.735
16.792
13.747
13.393
23.641
13.414
13.240
13.775
14.321
13.648
13.204
13.179
13.791
13.231
12.999
13.960
19.525
15.009
13.499
13.394
14.363
8.695
14.254
19.270
12.996
12.643
13.801
17.340
17.297
13.921
17.452
13.163
13.856
13.199
16.904
13.882
17.107
13.454
13.239
13.500
16.366
14.779
16.911
14.182
13.231
13.565
15.028
15.040
16.762
13.322
12.363
13.434
14.952
13.134
18.453
12.643
12.653
