86854138
86854273
86854300
86854313
86854428
86854447
86854496
86854623
86854676
86854740
86854880
86854917
86854979
86855123
86855160
86855214
86855353
86855396
86855462
86855582
86859824
86859954
86859955
86859956
86859957
86859959
86859962
86859996
86859998
86860002
86860194
86860305
86860408
86860415
86860418
86860420
86860421
86860583
86860663
86860736
86867505
86867600
86867692
86867755
86867894
86868005
86868069
86868183
86868233
86868280
86868416
86868469
86868505
86868656
86868714
86868820
86869044
86869146
86869249
86869550
86876326
86876353
86876442
86876680
86876726
86876776
86876941
86877026
86877126
86877259
86877326
86877389
86877532
86877560
86877632
86877808
86877858
86877938
86878101
86878152
86882920
86882974
86883012
86883137
86883181
86883243
86883365
86883385
86883399
86883509
86883522
86883524
86883550
86883559
86883634
86883745
86883764
86883772
86883802
86883810
86883915
86883972
86884011
86884018
86884048
86884056
86884198
86884215
86884234
86884241
86884259
86884267
86884383
86884418
86884442
86884588
86884617
86884679
86884823
86884865
86884971
86885111
86885155
86885184
86885393
86886006
86886039
86886185
86886227
86886301
86886439
86886457
86886507
86886617
86886645
86886691
86886815
86886853
86886888
86887029
86887113
86887210
86887327
86887336
86887364
86887396
86887417
86887426
86887439
86887442
86887589
86887590
86887606
86887615
86887629
86887630
86887681
86887682
86887793
86887802
86887833
86887835
86887875
86887877
86887908
86887917
86887941
86887944
86888080
86888082
86888114
86888123
86888152
86888155
86888228
86888253
86888342
86888352
86888361
86888381
86888382
86888395
86888405
86888418
86888422
86888438
86888483
86888504
86888560
86888569
86888583
86888584
86888604
86888605
86888644
86888659
86888785
86888798
86888892
86888893
86888935
86888944
86888959
86888961
86889098
86889107
86889154
86889164
86889185
86889186
86889227
86889285
86889294
86889463
86889472
86889631
86889640
86889746
86889755
86889938
86889947
86890009
86890180
86890190
86890429
86890445
86890554
86890563
86890746
86890755
86890930
86890939
86891033
86891042
86891314
86891323
86891381
86891606
86891615
86891652
86891733
86891744
86891883
86891959
86891968
86891999
86892216
86892225
86892273
86892379
86892388
86892530
86892637
86892646
86892701
86892930
86892939
86892977
86893101
86893110
86893119
86893285
86893422
86893526
86893721
86893760
86893871
86894083
86894136
86894211
86894420
86894529
86894617
86894825
86894894
86895053
86895226
86895326
86895390
86895587
86895623
86895642
86895765
86895767
86895811
86895906
86895910
86895923
86896005
86896014
86896039
86896088
86896095
86896209
86896326
86896337
86896348
86896411
86896416
86896445
86896563
86896572
86896705
86896770
86896776
86896810
86896914
86896922
86896937
86896976
86896981
86897096
86897180
86897184
86897198
86897227
86897231
86897249
86897366
86897369
86897478
86897500
86897502
86897511
86897587
86897598
86897621
86897631
86897668
86897678
86897791
86897889
86897899
86897925
86897934
86897963
86897968
86898003
86898007
86898141
86898169
86898267
86898277
86898314
86898337
86898494
86898671
86898803
86898889
86899110
86899181
86899330
86899339
86899511
86899634
86899643
86899653
86899743
86899752
86900043
86900053
86900370
86900379
86900567
86900577
86900786
86900797
86901052
86901061
86901195
86901204
86901553
86901562
86901826
86901836
86902045
86902060
86902326
86902335
86902344
86902646
86902655
86902665
86903144
86903157
86903169
86903343
86903352
86903361
86903575
86903585
86903595
86903816
86903825
86903834
86903882
86903951
86903961
86903970
86903983
86904147
86904208
86904217
86904226
86904235
86904290
86904496
86904506
86904516
86904522
86904548
86904593
86904602
86904611
86904615
86904755
86904803
86904813
86904823
86904826
86904866
86905030
86905034
86905043
86905052
86905094
86905154
86905161
86905170
86905180
86905343
86905397
86905404
86905410
86905416
86905475
86905630
86905637
86905646
86905650
86905670
86905678
86905687
86905696
86905732
86905738
86905870
86905895
86905905
86905970
86905971
86905973
86905974
86905975
86905976
86905978
86905979
86905981
86905982
86905983
86905985
86905986
86905987
86905989
86905990
86905991
86905993
86905994
86905998
86906000
86906026
86906033
86906080
86906090
86906176
86906194
86906209
86906210
86906211
86906219
86906245
86906248
86906277
86906286
86906297
86906330
86906354
86906501
86906505
86906524
86906533
86906545
86906565
86906580
86906628
86906631
86906633
86906634
86906635
86906637
86906639
86906646
86906708
86906718
86906729
86906836
86906837
86906840
86906877
86906886
86906906
86906916
86906925
86906948
86907084
86907112
86907121
86907130
86907153
86907183
86907201
86907259
86907268
86907389
86907427
86907480
86907491
86907543
86907763
86907773
86908012
86908028
86908152
86908162
86908361
86908370
86908595
86908605
86908677
86908686
86908842
86908851
86909052
86909061
86909145
86909154
86909349
86909358
86909572
86909583
86909653
86909662
86909839
86909850
86910136
86910145
86910257
86910266
86910412
86910421
86910483
86910516
86910548
86910724
86910762
86910774
86910794
86910806
86910819
86910830
86910843
86910863
86910959
86910984
86911000
86911004
86911025
86911036
86911045
86911075
86911084
86911095
86911137
86911227
86911241
86911255
86911269
86911270
86911281
86911290
86911304
86911314
86911328
86911330
86911348
86911362
86911374
86911394
86911453
86911499
86911501
86911519
86911538
86911547
86911559
86911563
86911575
86911594
86911608
86911617
86911622
86911638
86911650
86911697
86911707
86911752
86911818
86911827
86911829
86911838
86911850
86911854
86911863
86911875
86911888
86911897
86911905
86911908
86911915
86911928
86911949
86912010
86912053
86912067
86912085
86912097
86912107
86912114
86912118
86912122
86912125
86912133
86912136
86912138
86912199
86912236
86912254
86912264
86912314
86912335
86912365
86912392
86912397
86912404
86912454
86912489
86912499
86912509
86912520
86912535
86912537
86912538
86912539
86912544
86912551
86912552
86912554
86912555
86912556
86912558
86912561
86912563
86912565
86912567
86912569
86912570
86912571
86912573
86912575
86912588
86912702
86912722
86912768
86912794
86912806
86912813
86912844
86912846
86912847
86912848
86912849
86912851
86912870
86912888
86912906
86912907
86912950
86912962
86912965
86912972
86912997
86913003
86913004
86913006
86913008
86913010
86913012
86913013
86913015
86913016
86913018
86913019
86913020
86913136
86913188
86913204
86913210
86913216
86913271
86913312
86913313
86913315
86913332
86913351
86913366
86913385
86913407
86913418
86913419
86913420
86913421
86913438
86913439
86913442
86913449
86913450
86913452
86913453
86913454
86913511
86913521
86913663
86913729
86913738
86913928
86913986
86913995
86914048
86914233
86914242
86914318
86914328
86914489
86914499
86914705
86914714
86914822
86914917
86914923
86914930
86915123
86915126
86915192
86915202
86915304
86915501
86915510
86915519
86915630
86915639
86915648
86915815
86915825
86915834
86916057
86916066
86916077
86916168
86916178
86916187
86916406
86916415
86916425
86916636
86916646
86916682
86916723
86916730
86916739
86916748
86916866
86916892
86916903
86916912
86916921
86916978
86917104
86917116
86917125
86917174
86917224
86917277
86917294
86917393
86917405
86917467
86917476
86917484
86917659
86917700
86917709
86917715
86917737
86917861
86917864
86917871
86917900
86917925
86917932
86917941
86917953
86918102
86918112
86918135
86918143
86918152
86918170
86918171
86918173
86918174
86918175
86918177
86918178
86918181
86918202
86918233
86918235
86918237
86918239
86918241
86918381
86918390
86918459
86918461
86918465
86918467
86918469
86918485
86918488
86918489
86918491
86918493
86918495
86918496
86918497
86918499
86918500
86918502
86918504
86918505
86918507
86918509
86918510
86918512
86918514
86918515
86918518
86918558
86918567
86918633
86918761
86918779
86918788
86918818
86918849
86918860
86918962
86918971
86918999
86919005
86919045
86919048
86919066
86919075
86919209
86919217
86919258
86919264
86919288
86919297
86919341
86919345
86919527
86919529
86919574
86919583
86919631
86919633
86919724
86919726
86919770
86919779
86919957
86919969
86920042
86920046
86920079
86920088
86920122
86920139
86920141
86920163
86920177
86920276
86920277
86920304
86920313
86920328
86920335
86920336
86920350
86920365
86920366
86920367
86920371
86920372
86920385
86920526
86920528
86920529
86920550
86920571
86920577
86920618
86920651
86920653
86920661
86920696
86920823
86920825
86920831
86920874
86920917
86920975
86921010
86921013
86921014
86921082
86921237
86921281
86921313
86921316
86921317
86921342
86921393
86921394
86921396
86921399
86921402
86921427
86921429
86921431
86921450
86921636
86921638
86921668
86921671
86921672
86921674
86921683
86921684
86921692
86921774
86921784
86921785
86921787
86921788
86921856
86922016
86922087
86922201
86922407
86922670
86922720
86922722
86922724
86922725
86922726
86922728
86922729
86922730
86922732
86922734
86922736
86922737
86922741
86922744
86922745
86922747
86922748
86922751
86922754
86922756
86922785
86922829
86923001
86923084
86923159
86923361
86923454
86923547
86923754
86923858
86923973
86924197
86924203
86924275
86924370
86924535
86924705
86924708
86924899
86924958
86925019
86925263
86925424
86925580
86925874
86926066
86926259
86926526
86926533
86926710
86926720
86926731
86926824
86926963
86927079
86927142
86927152
86927209
86927241
86927351
86927384
86927455
86927465
86927517
86927636
86927756
86927790
86927876
86927886
86927934
86927968
86928135
86928228
86928322
86928332
86928374
86928414
86928530
86928567
86928651
86928662
86928753
86928836
86928975
86929009
86929041
86929114
86929123
86929167
86929236
86929404
86929495
86929555
86929566
86929600
86929666
86929761
86929854
86929913
86929923
86930031
86930103
86930198
86930261
86930366
86930377
86930410
86930467
86930673
86930826
86930836
86930844
86931164
86931181
86931336
86931356
86931365
86931551
86931560
86931773
86931782
86931839
86931895
86931905
86932077
86932110
86932119
86932200
86932203
86932375
86932381
86932449
86932525
86932534
86932700
86932770
86932779
86932880
86933076
86933082
86933176
86933179
86933276
86933287
86933503
86933568
86933729
86933738
86933763
86933787
86933796
86933803
86933956
86933965
86934045
86934055
86934319
86934328
86934340
86934633
86934645
86934654
86934759
86934768
86934777
86934914
86934923
86934933
86935409
86935419
86935428
86935513
86935522
86935811
86935823
86936100
86936112
86936269
86936283
86936474
86936483
86936831
86936840
86937015
86937024
86937110
86937119
86937315
86937324
86937467
86937476
86937621
86937627
86937633
86937819
86937913
86937920
86937978
86938117
86938127
86938175
86938212
86938221
86938422
86938431
86938457
86938585
86938594
86938649
86938783
86938793
86939001
86939074
86939083
86939165
86939175
86939185
86939447
86939456
86939471
86939679
86939688
86939698
86939813
86939822
86939832
86939996
86940005
86940014
86940214
86940223
86940232
86940370
86940379
86940388
86940625
86940635
86940644
86940897
86940906
86940915
86941041
86941057
86941072
86941196
86941205
86941214
86941425
86941434
86941444
86941695
86941704
86941713
86941855
86941865
86941875
86942155
86942164
86942173
86942370
86942379
86942388
86942489
86942499
86942809
86942818
86943096
86943105
86943111
86943224
86943233
86943484
86943493
86943641
86943650
86943744
86943754
86943965
86943974
86943980
86944046
86944057
86944078
86944086
86944089
86944268
86944279
86944280
86944319
86944328
86944345
86944350
86944351
86944418
86944422
86944424
86944566
86944576
86944602
86944611
86944614
86944664
86944668
86944670
86944687
86944698
86944707
86944725
86944735
86944772
86944861
86944890
86944900
86944904
86944940
86944949
86944958
86944968
86944971
86944972
86944974
86944983
86945044
86945066
86945103
86945157
86945174
86945183
86945192
86945202
86945208
86945210
86945229
86945245
86945249
86945251
86945275
86945296
86945306
86945316
86945361
86945423
86945438
86945470
86945479
86945487
86945547
86945591
86945600
86945610
86945617
86945621
86945676
86945697
86945771
86945809
86945849
86945868
86945877
86945886
86945889
86945896
86945913
86945932
86945935
86945940
86945954
86945957
86945964
86945978
86945982
86946078
86946087
86946110
86946112
86946113
86946118
86946120
86946132
86946134
86946144
86946153
86946162
86946185
86946222
86946347
86965046
86965131
86965140
86965325
86965335
86965344
86965378
86965388
86965397
86965407
86965454
86965614
86965624
86965633
86965642
86965661
86965669
86965679
86965688
86965697
86965820
86965875
86965892
86965901
86965910
86965954
86966252
86966273
86966283
86966339
86966365
86966374
86966389
86966399
86966657
86966775
86966864
86966883
86966919
86966928
86966947
86966953
86967098
86967108
86967128
86967138
86967155
86967161
86967174
86967176
86967186
86967195
86967306
86967319
86967362
86967373
86967388
86967402
86967412
86967438
86967507
86967694
86967742
86967756
86967765
86967804
86967829
86967848
86967873
86967952
86967968
86968009
86968036
86968057
86968076
86968089
86968099
86968114
86968166
86968284
86968303
86968314
86968323
86968334
86968343
86968357
86968375
86968385
86968493
86968502
86968509
86968531
86968606
86968637
86968638
86968640
86968641
86968642
86968643
86968644
86968647
86968649
86968650
86968651
86968653
86968655
86968656
86968657
86968659
86968660
86968661
86968662
86968664
86968726
86968838
86968839
86968840
86968841
86968843
86968844
86968845
86968846
86968847
86968848
86968860
86968872
86968885
86968894
86968906
86968916
86968944
86968963
86968969
86968986
86969077
86969087
86969114
86969134
86969163
86969192
86969229
86969231
86969232
86969236
86969238
86969239
86969242
86969243
86969244
86969246
86969248
86969250
86969251
86969254
86969255
86969257
86969258
86969259
86969261
86969263
86969273
86969430
86969445
86969454
86969463
86969486
86969597
86969606
86969616
86969639
86969658
86969667
86969860
86969869
86970190
86970199
86970294
86970303
86970473
86970498
86970507
86970702
86970711
86970726
86970739
86970752
86970761
86970773
86970806
86970939
86970968
86970977
86970986
86971021
86971174
86971399
86971410
86971420
86971451
86971535
86971560
86971569
86971578
86971620
86971738
86971765
86971775
86971784
86971789
86971843
86971938
86971947
86971956
86971960
86971999
86972049
86972058
86972067
86972135
86972204
86972272
86972283
86972293
86972315
86972533
86972585
86972595
86972604
86972608
86972641
86972799
86972816
86972950
86972959
86972968
86973137
86973146
86973155
86973470
86973479
86973488
86973674
86973686
86973696
86974142
86974152
86974314
86974315
86974510
86974512
86974513
86974514
86974516
86974517
86974518
86974527
86974537
86974546
86974587
86974591
86974594
86974599
86974618
86974626
86974635
86974644
86974647
86974648
86974649
86974650
86974651
86974774
86974784
86974787
86974789
86974791
86974810
86974825
86974835
86974844
86974851
86974859
86975005
86975019
86975028
86975037
86975063
86975114
86975128
86975138
86975147
86975284
86975332
86975342
86975351
86975393
86975551
86975566
86975575
86975615
86975670
86975702
86975712
86975721
86975894
86975907
86975940
86975955
86975964
86976019
86976038
86976187
86976205
86976214
86976250
86976324
86976333
86976482
86976547
86976556
86976689
86976871
86976880
86976940
86976989
86976998
86977113
86977133
86977142
86977201
86977205
86977323
86977332
86977336
86977386
86977389
86977455
86977458
86977465
86977607
86977615
86977657
86977664
86977673
86977737
86977780
86977892
86977900
86977909
86977924
86977934
86977990
86978062
86978071
86978089
86978096
86978127
86978136
86978145
86978274
86978317
86978335
86978372
86978381
86978433
86978584
86978593
86978647
86978688
86978891
86978900
86978932
86979062
86979111
86979138
86979147
86979318
86979433
86979443
86979449
86979607
86979613
86979619
86979679
86979688
86979697
86979763
86979770
86979776
86979963
86979969
86979975
86980025
86980031
86980037
86980099
86980109
86980118
86980247
86980258
86980268
86980298
86980309
86980318
86980377
86980386
86980392
86980547
86980578
86980587
86980596
86980644
86980668
86980674
86980680
86980718
86980747
86980756
86980765
86980899
86980940
86980950
86980957
86981073
86981153
86981163
86981172
86981271
86981357
86981363
86981371
86981560
86981616
86981626
86981636
86981710
86981780
86981789
86981796
86981892
86981977
86981987
86981997
86982184
86982254
86982265
86982274
86982355
86982425
86982435
86982445
86982532
86982647
86982653
86982661
86982832
86982864
86982873
86982882
86982905
86982933
86982942
86982948
86982974
86983019
86983035
86983049
86983138
86983179
86983188
86983199
86983229
86983260
86983270
86983277
86983311
86983455
86983472
86983484
86983507
86983541
86983547
86983553
86983575
86983604
86983613
86983619
86983753
86983762
86983771
86983808
86983817
86983823
86983870
86983879
86983888
86984072
86984080
86984086
86984129
86984139
86984148
86984217
86984223
86984229
86984403
86984412
86984421
86984483
86984490
86984496
86984562
86984572
86984581
86984772
86984779
86984785
86984851
86984860
86984869
86984920
86984932
86984939
86985101
86985110
86985117
86985187
86985194
86985201
86985240
86985250
86985256
86985439
86985449
86985455
86985522
86985528
86985534
86985595
86985604
86985611
86985776
86985785
86985794
86985873
86985882
86985892
86985982
86985991
86985997
86986187
86986196
86986205
86986248
86986257
86986266
86986341
86986351
86986360
86986506
86986515
86986521
86986572
86986581
86986590
86986659
86986668
86986674
86986837
86986846
86986857
86986911
86986920
86986930
86987002
86987012
86987018
86987178
86987187
86987197
86987247
86987257
86987267
86987352
86987361
86987370
86987521
86987530
86987536
86987589
86987599
86987608
86987700
86987713
86987726
86987846
86987852
86987858
86987918
86987924
86987930
86988111
86988124
86988131
86988164
86988173
86988182
86988222
86988231
86988240
86988379
86988388
86988398
86988445
86988455
86988464
86988515
86988524
86988533
86988727
86988733
86988740
86988812
86988818
86988830
86988892
86988899
86988905
86989067
86989073
86989079
86989105
86989114
86989123
86989160
86989169
86989178
86989344
86989353
86989362
86989400
86989410
86989419
86989491
86989498
86989504
86989688
86989694
86989700
86989784
86989792
86989798
86989889
86989895
86989902
86990129
86990136
86990143
86990234
86990240
86990246
86990270
86990279
86990288
86990411
86990420
86990429
86990460
86990471
86990480
86990504
86990513
86990522
86990673
86990682
86990691
86990728
86990737
86990746
86990781
86990790
86990799
86990961
86990967
86990973
86991068
86991077
86991088
86991187
86991193
86991199
86991383
86991393
86991399
86991448
86991457
86991463
86991481
86991490
86991499
86991633
86991642
86991651
86991679
86991688
86991697
86991745
86991754
86991763
86991891
86991900
86991910
86991943
86991952
86991961
86992019
86992036
86992052
86992202
86992209
86992215
86992295
86992304
86992310
86992497
86992509
86992519
86992592
86992604
86992615
86992675
86992681
86992687
86992843
86992849
86992855
86992905
86992911
86992918
86992982
86992988
86992994
86993171
86993178
86993185
86993245
86993254
86993261
86993343
86993353
86993359
86993515
86993521
86993527
86993591
86993600
86993609
86993675
86993681
86993687
86993858
86993861
86993864
86993927
86993930
86993935
86994017
86994023
86994029
86994196
86994202
86994210
86994285
86994288
86994292
86994366
86994373
86994379
86994556
86994559
86994562
86994623
86994632
86994643
86994703
86994712
86994717
86994858
86994867
86994876
86994923
86994932
86994941
86994989
86995000
86995010
86995170
86995179
86995188
86995237
86995246
86995252
86995308
86995317
86995327
86995481
86995490
86995497
86995556
86995567
86995576
86995662
86995671
86995677
86995798
86995807
86995816
86995856
86995866
86995875
86995908
86995917
86995926
86996060
86996070
86996079
86996119
86996128
86996138
86996207
86996216
86996225
86996350
86996359
86996368
86996428
86996434
86996441
86996494
86996511
86996523
86996663
86996671
86996678
86996729
86996735
86996741
86996975
86996991
86997007
86997093
86997099
86997105
86997169
86997178
86997184
86997433
86997442
86997451
86997748
86997757
86997765
86997857
86997864
86997870
86998068
86998077
86998083
86998149
86998155
86998161
86998187
86998196
86998205
86998323
86998332
86998341
86998363
86998372
86998381
86998402
86998411
86998421
86998625
86998636
86998647
86998677
86998686
86998695
86998737
86998747
86998756
86998903
86998915
86998921
86999010
86999016
86999022
86999099
86999105
86999111
86999307
86999313
86999320
86999388
86999394
86999400
86999428
86999437
86999446
86999566
86999575
86999584
86999603
86999613
86999622
86999641
86999650
86999659
86999815
86999825
86999834
86999963
86999972
86999981
87000037
87000046
87000056
87000221
87000227
87000233
87000326
87000335
87000344
87000451
87000457
87000463
87000627
87000637
87000647
87000692
87000701
87000707
87000728
87000737
87000746
87000870
87000879
87000888
87000904
87000913
87000922
87000977
87000987
87000996
87001120
87001129
87001138
87001175
87001184
87001194
87001263
87001279
87001295
87001439
87001445
87001452
87001524
87001533
87001540
87001728
87001741
87001750
87001830
87001836
87001843
87001898
87001907
87001914
87002055
87002064
87002073
87002112
87002121
87002130
87002153
87002162
87002171
87002320
87002329
87002338
87002369
87002378
87002387
87002441
87002452
87002458
87002597
87002607
87002614
87027867
87027876
87027885
87028055
87028064
87028146
87028156
87028167
87028244
87028253
87028434
87028444
87028450
87028526
87028535
87028544
87028638
87028647
87028775
87028784
87028808
87028817
87028863
87028872
87029015
87029021
87029027
87029073
87029082
87029091
87029234
87029243
87029375
87029384
87029430
87029440
87029449
87029577
87029597
87029617
87029942
87029951
87030031
87030040
87030196
87030205
87030246
87030255
87030264
87030285
87030294
87030431
87030440
87030474
87030483
87030536
87030545
87030554
87030799
87030807
87030814
87030913
87030923
87030932
87031020
87031026
87031034
87031214
87031224
87031231
87031288
87031299
87031308
87031365
87031374
87031383
87031555
87031566
87031603
87031613
87031622
87031677
87031687
87031815
87031824
87031857
87031866
87031921
87031927
87031933
87032126
87032133
87032140
87032235
87032242
87032251
87032332
87032341
87032351
87032511
87032520
87032530
87032580
87032589
87032598
87032715
87032725
87032734
87032920
87032929
87032938
87032992
87033001
87033014
87033040
87033049
87033058
87033176
87033185
87033194
87033213
87033222
87033232
87033365
87033371
87033379
87033600
87033611
87033618
87033693
87033701
87033707
87033822
87033828
87033835
87033992
87034001
87034008
87034083
87034092
87034101
87034204
87034219
87034235
87034344
87034354
87034363
87034410
87034420
87034429
87034736
87034745
87034754
87034784
87034793
87034802
87034864
87034873
87034882
87035075
87035081
87035091
87035166
87035177
87035184
87035275
87035282
87035289
87035463
87035469
87035475
87035656
87035665
87035671
87035719
87035729
87035739
87035991
87036001
87036010
87036045
87036054
87036063
87036090
87036099
87036108
87036337
87036346
87036355
87036386
87036395
87036404
87036448
87036457
87036463
87036739
87036745
87036752
87036838
87036844
87036850
87037051
87037059
87037065
87037250
87037256
87037263
87037322
87037332
87037342
87037405
87037414
87037424
87037617
87037627
87037636
87037729
87037738
87037799
87037807
87037855
87037862
87037878
87037888
87037908
87037944
87037945
87037946
87037947
87037948
87037951
87037953
87037955
87037957
87037958
87037960
87037971
87037973
87037974
87037979
87038090
87038100
87038112
87038113
87038114
87038115
87038116
87038117
87038118
87038120
87038122
87038123
87038124
87038125
87038127
87038128
87038129
87038130
87038131
87038132
87038133
87038134
87038186
87038194
87038212
87038213
87038214
87038215
87038216
87038217
87038218
87038219
87038221
87038223
87038224
87038226
87038228
87038233
87038236
87038238
87038239
87038241
87038242
87038244
87038266
87038267
87038268
87038269
87038270
87038271
87038272
87038273
87038275
87038276
87038277
87038279
87038283
87038287
87038290
87038292
87038295
87038301
87038303
87038309
87038314
87038327
87038559
87038565
87038568
87038572
87038575
87038576
87038578
87038579
87038581
87038583
87038587
87038590
87038651
87038656
87038660
87038675
87038677
87038681
87038682
87038683
87038686
87038687
87038688
87038689
87038690
87038692
87038694
87038696
87038697
87038698
87038699
87038703
87038709
87038712
87038714
87038782
87038783
87038785
87038786
87038787
87038788
87038792
87038795
87038799
87038805
87038808
87038810
87038816
87038821
87038822
87038824
87038826
87038827
87038828
87038830
87038831
87038832
87038835
87038951
87038955
87038961
87038965
87038966
87038968
87038970
87038972
87038973
87038975
87038977
87038978
87038980
87038982
87038983
87038984
87038985
87039003
87039014
87039025
87039063
87039071
87039080
87039121
87039122
87039123
87039162
87039168
87039171
87039855
87040440
87040566
87040838
87040974
87040984
87040985
87040986
87040988
87040989
87040991
87040992
87040993
87040994
87040997
87040998
87040999
87041000
87041001
87041031
87041038
87041045
87041127
87041136
87041285
87041295
87041538
87041590
87041599
87041730
87041739
87041786
87041796
87041932
87041949
87042086
87042095
87042147
87042271
87042288
87042354
87042366
87042431
87042440
87042692
87042734
87042744
87042781
87042790
87043013
87043023
87043053
87043062
87043097
87043248
87043268
87043285
87043302
87043329
87043351
87043412
87043413
87043415
87043416
87043417
87043419
87043420
87043421
87043422
87043425
87043427
87043431
87043434
87043437
87043438
87043441
87043442
87043467
87043468
87043469
87043471
87043472
87043473
87043475
87043477
87043478
87043480
87043481
87043482
87043484
87043485
87043486
87043487
87043488
87043489
87043491
87043492
87043507
87043513
87043519
87043567
87043576
87043586
87043824
87043833
87043842
87043877
87043886
87043895
87044050
87044059
87044229
87044238
87044270
87044279
87044407
87044417
87044541
87044551
87044578
87044587
87044630
87044639
87044801
87044810
87044860
87044869
87044963
87044973
87045125
87045135
87045201
87045210
87045273
87045286
87045450
87045459
87045490
87045499
87045540
87045549
87045674
87045683
87045720
87045729
87045791
87045800
87045936
87045945
87045999
87046008
87046076
87046085
87046242
87046251
87046349
87046358
87046442
87046451
87046588
87046597
87046637
87046649
87046717
87046734
87046829
87046838
87046868
87046877
87047047
87047064
87047123
87047132
87047200
87047209
87047360
87047369
87047379
87047434
87047444
87047499
87047509
87047687
87047696
87047705
87047752
87047761
87047813
87047823
87047960
87047969
87048005
87048015
87048058
87048067
87048225
87048234
87048313
87048319
87048325
87048435
87048441
87048448
87048630
87048639
87048645
87048743
87048749
87048756
87048833
87048842
87048848
87049013
87049023
87049032
87049085
87049094
87049103
87049164
87049173
87049183
87049351
87049360
87049366
87049424
87049433
87049442
87049470
87049487
87049507
87049766
87049776
87049786
87049873
87049884
87049891
87050071
87050080
87050090
87050240
87050249
87050255
87050326
87050335
87050344
87050453
87050459
87050465
87050612
87050622
87050632
87050796
87050806
87050813
87050877
87050886
87050895
87051122
87051131
87051140
87051201
87051210
87051294
87051303
87051642
87051651
87051723
87051733
87051740
87051844
87051855
87051868
87052039
87052048
87052055
87052157
87052168
87052176
87052391
87052407
87052496
87052505
87052512
87052570
87052579
87052726
87052736
87052742
87052784
87052793
87052799
87052864
87052874
87052880
87053067
87053073
87053080
87053131
87053140
87053146
87053201
87053210
87053219
87053376
87053382
87053388
87053453
87053462
87053471
87053549
87053555
87053564
87053765
87053775
87053783
87053849
87053855
87053864
87053959
87053965
87053971
87054124
87054133
87054143
87054291
87054300
87054309
87054348
87054357
87054366
87054529
87054538
87054547
87054627
87054637
87054644
87054820
87054826
87054832
87055020
87055026
87055033
87055110
87055116
87055122
87055201
87055211
87055217
87055432
87055441
87055451
87055563
87055569
87055576
87055668
87055677
87055686
87055805
87055814
87055823
87055870
87055880
87055889
87056093
87056102
87056112
87056283
87056292
87056301
87056411
87056420
87056426
87056617
87056626
87056636
87056856
87056862
87056868
87056950
87056959
87056968
87057056
87057063
87057069
87057211
87057220
87057229
87057255
87057264
87057274
87057308
87057317
87057546
87057556
87057607
87057616
87057738
87057756
87057866
87057876
87057975
87057981
87057987
87058169
87058178
87058187
87058275
87058281
87058288
87058375
87058381
87058388
87058573
87058582
87058591
87058654
87058664
87058674
87058704
87058713
87058722
87058840
87058850
87058859
87058873
87058882
87058913
87058922
87059079
87059088
87059154
87059163
87059247
87059254
87059262
87059430
87059437
87059444
87059533
87059540
87059547
87059633
87059639
87059646
87059814
87059823
87059832
87059879
87059888
87059897
87059923
87059932
87059941
87060097
87060103
87060109
87060175
87060182
87060188
87060357
87060363
87060369
87060572
87060580
87060590
87060686
87060695
87060704
87060895
87060904
87060911
87061075
87061084
87061094
87061137
87061148
87061160
87061240
87061249
87061258
87061382
87061391
87061400
87061420
87061429
87061438
87061474
87061484
87061493
87061620
87061629
87061638
87061766
87061775
87061870
87061876
87062042
87062053
87062063
87062252
87062258
87062370
87062380
87062389
87062553
87062559
87062565
87062611
87062623
87062632
87062722
87062740
87062839
87062849
87062883
87062892
87063015
87063024
87063050
87063059
87063091
87063100
87063305
87063312
87063318
87063405
87063411
87063417
87063506
87063513
87063519
87063695
87063703
87063709
87063765
87063774
87063783
87063924
87063933
87063942
87064101
87064110
87064120
87064153
87064162
87064303
87064312
87064425
87064434
87064460
87064469
87064510
87064537
87064811
87064817
87064823
87064901
87064907
87064913
87065011
87065018
87065025
87065311
87065317
87065323
87065376
87065385
87065395
87065549
87065558
87065567
87065766
87065772
87065779
87065846
87065852
87065861
87066030
87066041
87066050
87066196
87066205
87066212
87066271
87066280
87066289
87066377
87066394
87066410
87066595
87066605
87066614
87066647
87066657
87066666
87066701
87066711
87066720
87067170
87067180
87067189
87067247
87067256
87067266
87067341
87067351
87067360
87102223
87102232
87102243
87102252
87102286
87102395
87102404
87102413
87102454
87102465
87102474
87102484
87102634
87102651
87102661
87102668
87102721
87102822
87102845
87102864
87102927
87102955
87102961
87102968
87103143
87103163
87103172
87103182
87103256
87103265
87103271
87103394
87103403
87103412
87103532
87103541
87103550
87103576
87103585
87103594
87103675
87103847
87103857
87103866
87103870
87104015
87104025
87104034
87104039
87104075
87104084
87104093
87104097
87104165
87104178
87104190
87104208
87104636
87104643
87104650
87104653
87104777
87104786
87104789
87104793
87104923
87104937
87104950
87104961
87105067
87105076
87105086
87105095
87105145
87105153
87105162
87105168
87105258
87105306
87105313
87105319
87105372
87105380
87105386
87105392
87105443
87105455
87105464
87105473
87105663
87105709
87105717
87105725
87105811
87105823
87105832
87105838
87105883
87105895
87105905
87105912
87106043
87106056
87106066
87106075
87106128
87106139
87106148
87106157
87106227
87106249
87106258
87106268
87106429
87106442
87106451
87106460
87106505
87106512
87106518
87106569
87106571
87106572
87106573
87106582
87106588
87106591
87106706
87106722
87106724
87106727
87106728
87106729
87106731
87106733
87106734
87106735
87106748
87106757
87106763
87106800
87106801
87106802
87106806
87106809
87106812
87106818
87106825
87106831
87106892
87106901
87106910
87107095
87107102
87107109
87107185
87107194
87107200
87107265
87107271
87107277
87107414
87107424
87107433
87107487
87107496
87107505
87107564
87107573
87107582
87107750
87107759
87107769
87107817
87107826
87107835
87107863
87107872
87107882
87108029
87108038
87108044
87108097
87108107
87108116
87108189
87108199
87108210
87108413
87108423
87108434
87108517
87108526
87108532
87108696
87108705
87108714
87108861
87108870
87108880
87108922
87108932
87108941
87109143
87109152
87109161
87109321
87109330
87109340
87109376
87109385
87109395
87109401
87109573
87109583
87109592
87109596
87109757
87109763
87109770
87109774
87109836
87109842
87109844
87109853
87110051
87110065
87110079
87110092
87110224
87110229
87110235
87110241
87110318
87110329
87110339
87110345
87110515
87110573
87110591
87110603
87110646
87110655
87110664
87110673
87110724
87110733
87110742
87110749
87110972
87111014
87111024
87111030
87111062
87111069
87111078
87111087
87111113
87111122
87111131
87111137
87111350
87111369
87111379
87111385
87111442
87111455
87111461
87111468
87111514
87111531
87111537
87111543
87111831
87111847
87111853
87111860
87111941
87111956
87111962
87111968
87112048
87112068
87112074
87112081
87112151
87112415
87112448
87112457
87112463
87112488
87112515
87112524
87112530
87112551
87112585
87112594
87112603
87112671
87112918
87112925
87112931
87112969
87113040
87113046
87113052
87113098
87113150
87113156
87113165
87113290
87113425
87113431
87113437
87113448
87113466
87113475
87113481
87113499
87113527
87113536
87113545
87113772
87113910
87113919
87113928
87113945
87113971
87113981
87113991
87114025
87114066
87114076
87114085
87114130
87114234
87114243
87114252
87114281
87114314
87114324
87114333
87114365
87114428
87114440
87114573
87114772
87114781
87114820
87114889
87114899
87114930
87114974
87114983
87115099
87115264
87115273
87115295
87115316
87115325
87115403
87115412
87115657
87115667
87115722
87115730
87115739
87115826
87115835
87115844
87116124
87116133
87116142
87116192
87116200
87116209
87116218
87116330
87116344
87116637
87116650
87116656
87116726
87116743
87116749
87116836
87116894
87116907
87116916
87117082
87117092
87117103
87117145
87117157
87117164
87117170
87117176
87117177
87117180
87117181
87117182
87117183
87117184
87117185
87117199
87117292
87117355
87117364
87117375
87117381
87117385
87117389
87117391
87117393
87117396
87117398
87117399
87117404
87117405
87117406
87117413
87117533
87117545
87117560
87117569
87117572
87117599
87117611
87117621
87117635
87117654
87117656
87117660
87117756
87117792
87117801
87117812
87117827
87117949
87117959
87117968
87117974
87117987
87118019
87118035
87118044
87118055
87118079
87118096
87118241
87118257
87118265
87118271
87118274
87118294
87118299
87118437
87118462
87118470
87118474
87118478
87118499
87118500
87118550
87118564
87118570
87118576
87118582
87118599
87118601
87118741
87118755
87118759
87118765
87118771
87118795
87118796
87118944
87118951
87118960
87118969
87118979
87118980
87119004
87119013
87119022
87119031
87119070
87119073
87119181
87119188
87119197
87119206
87119218
87119220
87119339
87119347
87119357
87119373
87119385
87119436
87119449
87119458
87119481
87119483
87119602
87119611
87119620
87119634
87119639
87119772
87119784
87119793
87119814
87119817
87119851
87119864
87119873
87119930
87119934
87120080
87120093
87120102
87120124
87120128
87120183
87120192
87120208
87120273
87120279
87120285
87120305
87120425
87120426
87120441
87120451
87120479
87120480
87120488
87120497
87120530
87120531
87120565
87120578
87120705
87120717
87120726
87120775
87120792
87120801
87120848
87120862
87120872
87121003
87121022
87121033
87121074
87121091
87121100
87121161
87121194
87121203
87121330
87121355
87121365
87121399
87121418
87121427
87121486
87121512
87121518
87121524
87121658
87121688
87121697
87121703
87121774
87121799
87121805
87121811
87121896
87121946
87121962
87121976
87122043
87122059
87122068
87122102
87122124
87122135
87122167
87122275
87122284
87122318
87122346
87122356
87122399
87122428
87122437
87122626
87122635
87122645
87122717
87122727
87122806
87122812
87122818
87122986
87122995
87123001
87123057
87123066
87123073
87123122
87123131
87123140
87123304
87123313
87123319
87123406
87123412
87123418
87123532
87123539
87123546
87123730
87123736
87123743
87123870
87123876
87123883
87123959
87123968
87123978
87124164
87124173
87124183
87124236
87124245
87124254
87124297
87124306
87124312
87124526
87124535
87124544
87124610
87124619
87124629
87124633
87124674
87124684
87124693
87124696
87124697
87124700
87124701
87124703
87124705
87124707
87124708
87124712
87124715
87124724
87124728
87124738
87124742
87124743
87124744
87124745
87124751
87124752
87124754
87124755
87124756
87124757
87124759
87124763
87124764
87124765
87124769
87124900
87124907
87124917
87124937
87124940
87124943
87125009
87125018
87125025
87125042
87125043
87125046
87125050
87125051
87125055
87125110
87125119
87125128
87125141
87125142
87125291
87125301
87125380
87125389
87125446
87125476
87125478
87125516
87125531
87125540
87125650
87125653
87125656
87125658
87125661
87125663
87125665
87125666
87125668
87125669
87125670
87125672
87125674
87125675
87125677
87125686
87125708
87125718
87125775
87125776
87125779
87125783
87125788
87125804
87125814
87125820
87125861
87125862
87125864
87125867
87125871
87125872
87125877
87125884
87125893
87126046
87126054
87126063
87126108
87126115
87126125
87126195
87126202
87126212
87126359
87126362
87126370
87126377
87126383
87126443
87126451
87126461
87126470
87126473
87126476
87126577
87126585
87126591
87126596
87126750
87126759
87126768
87126895
87126904
87126917
87127061
87127075
87127084
87127209
87127219
87127225
87127285
87127297
87127303
87127419
87127434
87127446
87127497
87127506
87127515
87127573
87127579
87127585
87127638
87127782
87127789
87127795
87127848
87127866
87127875
87127881
87127914
87127941
87127953
87127964
87128005
87128125
87128134
87128141
87128193
87128221
87128230
87128237
87128282
87128434
87128440
87128446
87128691
87128863
87128873
87128884
87129095
87129232
87129238
87129245
87129460
87129463
87129610
87129619
87129629
87129864
87129867
87130091
87130098
87130104
87130321
87130323
87130482
87130491
87130500
87130638
87130644
87130780
87130786
87130792
87131026
87131043
87131283
87131293
87131299
87131517
87131518
87131657
87131663
87131670
87131829
87131894
87132046
87132052
87132058
87132237
87132279
87132516
87132523
87132530
87132679
87132684
87132836
87132846
87132852
87133024
87133030
87133187
87133193
87133203
87133448
87133543
87133706
87133712
87133718
87133848
87133854
87134053
87134063
87134072
87134216
87134364
87134373
87134379
87134613
87134782
87134791
87134801
87134934
87135137
87135146
87135155
87135306
87135493
87135502
87135511
87135772
87135973
87135982
87135988
87136087
87136279
87136288
87136298
87136435
87136660
87136673
87136680
87136913
87137132
87137141
87137150
87137529
87137538
87137542
87137699
87137950
87137959
87137966
87138139
87138141
87138142
87138144
87138148
87138215
87138322
87138331
87138337
87138470
87138472
87138473
87138476
87138688
87138701
87138707
87138779
87138834
87138835
87138836
87138837
87138839
87138840
87138841
87138842
87138848
87139042
87139051
87139060
87139219
87139282
87139284
87139285
87139288
87139289
87139291
87139292
87139493
87139502
87139511
87139580
87139636
87139842
87139851
87139860
87139934
87139945
87140167
87140182
87140198
87140338
87140393
87140590
87140599
87140608
87140675
87140745
87140947
87140956
87141034
87141040
87141042
87141100
87141377
87141395
87141420
87141493
87141732
87141738
87141761
87141818
87141886
87142115
87142124
87142133
87253527
87253536
87253545
87253578
87253587
87253596
87253730
87253740
87253749
87253787
87253797
87253808
87253843
87253852
87253861
87253994
87254003
87254012
87254086
87254095
87254104
87254135
87254144
87254153
87254280
87254289
87254298
87254322
87254331
87254340
87254367
87254376
87254385
87254532
87254538
87254544
87254720
87254729
87254738
87254809
87254819
87254828
87255012
87255022
87255028
87255407
87255417
87255426
87255524
87255533
87255542
87255730
87255744
87255761
87255808
87255817
87255823
87255865
87255877
87255887
87256011
87256018
87256024
87256080
87256090
87256097
87256154
87256163
87256169
87256332
87256342
87256351
87256460
87256469
87256478
87256541
87256548
87256555
87256732
87256742
87256748
87256829
87256835
87256841
87256960
87256972
87256985
87257121
87257130
87257139
87257179
87257188
87257197
87257312
87257322
87257331
87257353
87257362
87257371
87257393
87257403
87257412
87257545
87257554
87257563
87257613
87257622
87257632
87257670
87257679
87257688
87257868
87257874
87257881
87257977
87257984
87257990
87258074
87258082
87258089
87258276
87258282
87258289
87258355
87258365
87258374
87258413
87258422
87258431
87258557
87258566
87258575
87258593
87258602
87258611
87258632
87258642
87258651
87258768
87258777
87258786
87258836
87258846
87258855
87258900
87258909
87258918
87259060
87259069
87259079
87259131
87259140
87259146
87259230
87259239
87259248
87259415
87259424
87259433
87259529
87259539
87259546
87259602
87259612
87259621
87259781
87259792
87259801
87259850
87259859
87259869
87259916
87259925
87259934
87260096
87260105
87260114
87260159
87260168
87260177
87260229
87260238
87260247
87260407
87260417
87260426
87260516
87260525
87260532
87260649
87260655
87260662
87260889
87260895
87260901
87260997
87261007
87261013
87261102
87261115
87261128
87261291
87261300
87261307
87261392
87261402
87261408
87261516
87261533
87261550
87261655
87261664
87261673
87261730
87261740
87261747
87261894
87261901
87261908
87261994
87262003
87262013
87262085
87262094
87262103
87262290
87262296
87262302
87262418
87262425
87262431
87262571
87262581
87262588
87262811
87262817
87262823
87262889
87262898
87262907
87263047
87263053
87263060
87263266
87263275
87263286
87263522
87263528
87263534
87263595
87263604
87263613
87263844
87263855
87263861
87263949
87263958
87263967
87264085
87264092
87264096
87264286
87264292
87264299
87264456
87264464
87264468
87264572
87264578
87264585
87264759
87264767
87264770
87264901
87264908
87264917
87264950
87265031
87265041
87265050
87265076
87265298
87265309
87265318
87265335
87265477
87265486
87265493
87265525
87265592
87265603
87265615
87265628
87265774
87265783
87265792
87265797
87265864
87265873
87265882
87265902
87266008
87266020
87266026
87266033
87266243
87266252
87266260
87266265
87266355
87266365
87266371
87266376
87266481
87266487
87266488
87266494
87266632
87266633
87266647
87266655
87266664
87266675
87266728
87266730
87266767
87266775
87266787
87266796
87266871
87266872
87266902
87266918
87266929
87266935
87267307
87267309
87267714
87267835
87267844
87267853
87268254
87268255
87268508
87268523
87268535
87268548
87268585
87268586
87268974
87269114
87269133
87269199
87269603
87269604
87269854
87269868
87269879
87269888
87269921
87269923
87270306
87270491
87270500
87270840
87270842
87271088
87271195
87271212
87271315
87271324
87271951
87271960
87272213
87272215
87272427
87272436
87272515
87272517
87273271
87273281
87273441
87273442
87273709
87273718
87273775
87273789
87274343
87274463
87274472
87274789
87274790
87274972
87274981
87274990
87275070
87275132
87275616
87275797
87275806
87276004
87276005
87276131
87276140
87276149
87276289
87276290
87276922
87277056
87277065
87277335
87277336
87277423
87277436
87277446
87277580
87277581
87278173
87278413
87278422
87278676
87278688
87278697
87279390
87279604
87279645
87279905
87279919
87279928
87280756
87281054
87281063
87281092
87281104
87281113
87281831
87282183
87282192
87282380
87282398
87282407
87283219
87283535
87283544
87283584
87283605
87283615
87284568
87284888
87284897
87284961
87284995
87285001
87285010
87285687
87286079
87286090
87286237
87286315
87286324
87287189
87287203
87287410
87287419
87288315
87288324
87288748
87288757
87289417
87289462
87289970
87289982
87290659
87290693
87291241
87291250
87292081
87292090
87292418
87292427
87293110
87293172
87293700
87293710
87294393
87294456
87294910
87294927
87295759
87295765
87295771
87296115
87296124
87296927
87296945
87297476
87297485
87298123
87298133
87298638
87298647
87299463
87299469
87300232
87300301
87300915
87300922
87300928
87301783
87301793
87302193
87302200
87303105
87303111
87303118
87303374
87303383
87304218
87304227
87304247
87304663
87304673
87304895
87304897
87304958
87304960
87304963
87305636
87305674
87305680
87305806
87305808
87305809
87305811
87305812
87305813
87305814
87305816
87305818
87305819
87305820
87305821
87305825
87305826
87305827
87305844
87305853
87306957
87306966
87307096
87307105
87308260
87308269
87308503
87308509
87308512
87309718
87309778
87309785
87309933
87309939
87309945
87311313
87311319
87311327
87312006
87312015
87312021
87313206
87313241
87314569
87314578
87315671
87315680
87315755
87315764
87315922
87315931
87315982
87315991
87316071
87316080
87316218
87316219
87316312
87316318
87316359
87316360
87316411
87316420
87316445
87316446
87316486
87316492
87316613
87316614
87316657
87316666
87316681
87316682
87316707
87316716
87316729
87316730
87316754
87316763
87316871
87316872
87316958
87316967
87316979
87316980
87317007
87317016
87317023
87317024
87317050
87317059
87317165
87317166
87317197
87317206
87317221
87317222
87317272
87317283
87317295
87317296
87317410
87317426
87317488
87317489
87317604
87317611
87317617
87317632
87317633
87317697
87317707
87317724
87317725
87317915
87317925
87317932
87317947
87317948
87318027
87318037
87318047
87318048
87318140
87318150
87318171
87318172
87318395
87318404
87318412
87318413
87318618
87318628
87318633
87318635
87318716
87318725
87318982
87318994
87319003
87319020
87319023
87319042
87319046
87319056
87319057
87319062
87319063
87319064
87319072
87319073
87319075
87319076
87319081
87319082
87319085
87319087
87319092
87319093
87319094
87319095
87319099
87319100
87319101
87319105
87319108
87319111
87319113
87319119
87319121
87319123
87319126
87319130
87319131
87319134
87319138
87319139
87319141
87319142
87319147
87319171
87319279
87319285
87319291
87319311
87319323
87319401
87319411
87319420
87319437
87319450
87319647
87319655
87319674
87319695
87319796
87319803
87319811
87319821
87319830
87319831
87319906
87319915
87319933
87319949
87319950
87320152
87320158
87320164
87320184
87320199
87320200
87320792
87320798
87320927
87321108
87321109
87321436
87321442
87321448
87321455
87321585
87321586
87322368
87322380
87322390
87322462
87322463
87322792
87322801
87322811
87322816
87322939
87322940
87323650
87323659
87323669
87323796
87323797
87324126
87324136
87324137
87324279
87324280
87325040
87325049
87325059
87325192
87325193
87325381
87325389
87325401
87325539
87325540
87326362
87326372
87326381
87326427
87326542
87326545
87326546
87326549
87326715
87326740
87326761
87326870
87326876
87326934
87326937
87327637
87327768
87327777
87327849
87327920
87328104
87328231
87328240
87328251
87328317
87328379
87329024
87329155
87329164
87329177
87329300
87329587
87329596
87329605
87329608
87330497
87330498
87330499
87330502
87330504
87330505
87330510
87330513
87330515
87330573
87330578
87330581
87330641
87330653
87330665
87330728
87330731
87330739
87330740
87330747
87330750
87330754
87330755
87331067
87331076
87331085
87331999
87332008
87332014
87332313
87332329
87332390
87332956
87332966
87333557
87333566
87333638
87334510
87334522
87334531
87335131
87335140
87335856
87335878
87335884
87336727
87336793
87336805
87337128
87337136
87337144
87337848
87337861
87337875
87338549
87338556
87338562
87339122
87339128
87339134
87339791
87339802
87339813
87340586
87340595
87340601
87341381
87341391
87341400
87342021
87342033
87342039
87342981
87342992
87343001
87343612
87343621
87343627
87344577
87344593
87344644
87345171
87345178
87345184
87346161
87346198
87346204
87346827
87346833
87346839
87347826
87347835
87347844
87348309
87348318
87348327
87349437
87349447
87349457
87349612
87349621
87349630
87349723
87349732
87349742
87349941
87349950
87349959
87350076
87350083
87350089
87350186
87350196
87350205
87350417
87350423
87350431
87350552
87350558
87350564
87350690
87350700
87350710
87350904
87350913
87350923
87351029
87351038
87351047
87351177
87351186
87351196
87351693
87351704
87351713
87352651
87352660
87352726
87352999
87353045
87353072
87353613
87354135
87354144
87354155
87354214
87354527
87354536
87354546
87355036
87355430
87355493
87355506
87355632
87355882
87355893
87355902
87356337
87356866
87356877
87356886
87356922
87357378
87357387
87357396
87357793
87358246
87358256
87358265
87358298
87358714
87358723
87358732
87358818
87358900
87358917
87358934
87359040
87359241
87359251
87359344
87359536
87359546
87359637
87398991
87399001
87399010
87399043
87399052
87399062
87399194
87399203
87399212
87399258
87399267
87399276
87399321
87399330
87399339
87399477
87399486
87399495
87399565
87399574
87399583
87399606
87399615
87399624
87399741
87399750
87399759
87399788
87399797
87399806
87399828
87399837
87399846
87399970
87399979
87399988
87400139
87400148
87400157
87400208
87400218
87400227
87400374
87400383
87400393
87400712
87400726
87400739
87400790
87400817
87400826
87400835
87400964
87401003
87401019
87401033
87401052
87401064
87401073
87401082
87401098
87401105
87401114
87401124
87401233
87401245
87401254
87401263
87401271
87401284
87401293
87401308
87401321
87401330
87401439
87401482
87401491
87401572
87401594
87401603
87401626
87401647
87401656
87401775
87401797
87401806
87401816
87401837
87401863
87401872
87401892
87401931
87401948
87401966
87402052
87402107
87402117
87402140
87402164
87402173
87402182
87402197
87402307
87402324
87402347
87402367
87402376
87402391
87402418
87402427
87402442
87402563
87402572
87402587
87402643
87402653
87402662
87402750
87402754
87402758
87402763
87402764
87402765
87402766
87402767
87402768
87402771
87402772
87402773
87402775
87402776
87402777
87402778
87402781
87402782
87402784
87402788
87402789
87402790
87402794
87402935
87402944
87402950
87403012
87403018
87403024
87403081
87403090
87403100
87403594
87403603
87403612
87404244
87404253
87404263
87404813
87404822
87404831
87405345
87405354
87405360
87405958
87405967
87405976
87406527
87406536
87406545
87406666
87406675
87406684
87406737
87406746
87406755
87406792
87406801
87406810
87406955
87406964
87406973
87407023
87407033
87407042
87407083
87407092
87407101
87407250
87407261
87407270
87407321
87407323
87407324
87407326
87407335
87407336
87407345
87407351
87407370
87407377
87407387
87407397
87407521
87407533
87407536
87407543
87407544
87407554
87407561
87407565
87407569
87407571
87407572
87407574
87407588
87407609
87407618
87407627
87407632
87407642
87407651
87407661
87407670
87407673
87407777
87407794
87407803
87407812
87407823
87408019
87408325
87408335
87408344
87408347
87408651
87408790
87408791
87408800
87408809
87408810
87408924
87408948
87408958
87408967
87408986
87409017
87409027
87409036
87409052
87409080
87409089
87409099
87409212
87409264
87409273
87409282
87409297
87409321
87409331
87409340
87409350
87409365
87409381
87409399
87409487
87409504
87409513
87409522
87409530
87409548
87409557
87409566
87409572
87409668
87409686
87409712
87409755
87409765
87409774
87409785
87409815
87409824
87409838
87409962
87409971
87409994
87410029
87410039
87410061
87410093
87410102
87410248
87410257
87410340
87410350
87410410
87410419
87410552
87410561
87410607
87410617
87410649
87410658
87410797
87410806
87410816
87411009
87411019
87411095
87411106
87411280
87411290
87411372
87411381
87411446
87411455
87411627
87411638
87411741
87411750
87411792
87411801
87411931
87411940
87411972
87411982
87411991
87412039
87412048
87412186
87412197
87412297
87412306
87412380
87412390
87412561
87412570
87412576
87412641
87412650
87412741
87412751
87412757
87412935
87412944
87413014
87413025
87413056
87413065
87413205
87413214
87413270
87413279
87413397
87413406
87413523
87413561
87413571
87413590
87413593
87413605
87413614
87413639
87413706
87413724
87413798
87413816
87413825
87413869
87413888
87413897
87413939
87414066
87414075
87414153
87414186
87414192
87414199
87414232
87414268
87414275
87414282
87414328
87414447
87414453
87414459
87414491
87414516
87414525
87414531
87414611
87414656
87414662
87414668
87414691
87414803
87414812
87414821
87414866
87414884
87414893
87414912
87414932
87414941
87414970
87415104
87415113
87415150
87415191
87415200
87415235
87415265
87415275
87415307
87415445
87415454
87415514
87415569
87415575
87415582
87415719
87415724
87415728
87415735
87415737
87415741
87415743
87415744
87415745
87415747
87415748
87415752
87415753
87415754
87415755
87415758
87415759
87415761
87415764
87415766
87415767
87415772
87415774
87415915
87415918
87415919
87415921
87415922
87415924
87415926
87415927
87415929
87415930
87415931
87415934
87415937
87415938
87415941
87415944
87415946
87416034
87416035
87416037
87416039
87416040
87416047
87416050
87416053
87416128
87416135
87416138
87416270
87416280
87416289
87416357
87416366
87416375
87416423
87416432
87416442
87416603
87416612
87416624
87416683
87416692
87416702
87416760
87416769
87416780
87416797
87416986
87416995
87417001
87417018
87417075
87417086
87417096
87417105
87417113
87417150
87417162
87417168
87417174
87417184
87417323
87417333
87417342
87417351
87417358
87417389
87417398
87417407
87417413
87417420
87417442
87417452
87417461
87417471
87417475
87417584
87417622
87417631
87417640
87417647
87417675
87417687
87417696
87417705
87417710
87417736
87417751
87417761
87417764
87417889
87417899
87417909
87417915
87417950
87417967
87417972
87417981
87418013
87418025
87418032
87418042
87418227
87418238
87418249
87418255
87418303
87418316
87418326
87418332
87418339
87418375
87418390
87418461
87418477
87418554
87418563
87418575
87418581
87418587
87418629
87418648
87418662
87418668
87418697
87418706
87418804
87418813
87418869
87418876
87418886
87418896
87418925
87418943
87418952
87418974
87419098
87419107
87419185
87419193
87419199
87419229
87419230
87419233
87419234
87419237
87419238
87419239
87419241
87419244
87419246
87419247
87419250
87419252
87419253
87419256
87419261
87419266
87419270
87419276
87419280
87419334
87419338
87419341
87419344
87419345
87419349
87419350
87419354
87419356
87419358
87419360
87419362
87419363
87419364
87419367
87419368
87419371
87419372
87419374
87419376
87419378
87419549
87419559
87419663
87419670
87419677
87419747
87419753
87419762
87421306
87421396
87421586
87421693
87421757
87421905
87421977
87422002
87422125
87422142
87422177
87422373
87422472
87422564
87422729
87422817
87422887
87423039
87423133
87423180
87423476
87423478
87423482
87423484
87423485
87423487
87423488
87423492
87423493
87423495
87423497
87423500
87423503
87423506
87423508
87423509
87423512
87423514
87423518
87423519
87424652
87424706
87424872
87424937
87425024
87425151
87425193
87425275
87425435
87425500
87425613
87425710
87425769
87425915
87425998
87426027
87426169
87426215
87426269
87426420
87428265
87428372
87428413
87428445
87428600
87428663
87428739
87428915
87429017
87429085
87429252
87429309
87429333
87429456
87429523
87429573
87429722
87429769
87429845
87430018
87430200
87430203
87430204
87430208
87430209
87430211
87430213
87430216
87430217
87430218
87430221
87430223
87430224
87430225
87430227
87430228
87430229
87430231
87430233
87430234
87430385
87430388
87430390
87430392
87430393
87430395
87430397
87430401
87430406
87430408
87430411
87430414
87430416
87430419
87430422
87430424
87430427
87430430
87430432
87440765
87440769
87440774
87440911
87440920
87440923
87440959
87440964
87440969
87441011
87441019
87441027
87441180
87441205
87441207
87441242
87441248
87441250
87441293
87441297
87441301
87441412
87441420
87441429
87441457
87441461
87441464
87441477
87441478
87441480
87441624
87441632
87441635
87441667
87441669
87441675
87441677
87441720
87441728
87441739
87441749
87441896
87441900
87441908
87441914
87441970
87441975
87441985
87441990
87442027
87442038
87442047
87442076
87442171
87442215
87442219
87442230
87442235
87442242
87442273
87442289
87442293
87442302
87442307
87442314
87442327
87442334
87442337
87442342
87442390
87442446
87442460
87442471
87442475
87442482
87442486
87442493
87442504
87442523
87442526
87442539
87442624
87442658
87442675
87442730
87442734
87442752
87442802
87442811
87442840
87442978
87443003
87443031
87443072
87443079
87443101
87443154
87443163
87443187
87443350
87443360
87443390
87443481
87443501
87443534
87443556
87443560
87443586
87443769
87443788
87443794
87443815
87443846
87443871
87443885
87444086
87444100
87444123
87444179
87444222
87449260
87449268
87449432
87449438
87449500
87449502
87449537
87449541
87449669
87449672
87449722
87449725
87449779
87449783
87449935
87449941
87450024
87450029
87450066
87450074
87450276
87450283
87450365
87450374
87450393
87450447
87450454
87450472
87450623
87450625
87450634
87450716
87450721
87450755
87450818
87450824
87450833
87450920
87451025
87451029
87451040
87451046
87451088
87451097
87451102
87451113
87451118
87451131
87451145
87451148
87451189
87451219
87451301
87451364
87451372
87451377
87451382
87451433
87451496
87451571
87451708
87451730
87451733
87451734
87451736
87451737
87451741
87451742
87451744
87451745
87451746
87451747
87451748
87451749
87451752
87451753
87451754
87451755
87451756
87451757
87451758
87451759
87451820
87451821
87451822
87451823
87451824
87451825
87451892
87451960
87451964
87452084
87452152
87452154
87452159
87452161
87452164
87452247
87452254
87452257
87452258
87452430
87452431
87452433
87452434
87452435
87452484
87452485
87452487
87452488
87452489
87452556
87452560
87452567
87452578
87452582
87452740
87452741
87452746
87452751
87452820
87452823
87452827
87452832
87452839
87452840
87452902
87452907
87452913
87452928
87461569
87461591
87461627
87461798
87461839
87461910
87462048
87462117
87462148
87462261
87462275
87462292
87462407
87462456
87462495
87462643
87462683
87462713
87462843
87462943
87462968
87462995
87463003
87463009
87463151
87463157
87463170
87463176
87463180
87463185
87463289
87463298
87463339
87463356
87463368
87463380
87463501
87463506
87463517
87463533
87463538
87463551
87463571
87463575
87463588
87463701
87463707
87463747
87463764
87463770
87463780
87463793
87463797
87463808
87463924
87463930
87463945
87463973
87463989
87464020
87464050
87464067
87464089
87464223
87464230
87464283
87464317
87464328
87464349
87464394
87464411
87464441
87464570
87464602
87464630
87464699
87464700
87464701
87464703
87464704
87464712
87464846
87464848
87464849
87464851
87464852
87464855
87464857
87464860
87464926
87464927
87464928
87464929
87464930
87464931
87464933
87464934
87464935
87464963
87465081
87465132
87465476
87465478
87465479
87465481
87465484
87465487
87465488
87465489
87465493
87465497
87465498
87465499
87465502
87465505
87465506
87465508
87465510
87465518
87465522
87465524
87467424
87467440
87467467
87467496
87467527
87467546
87467670
87467693
87467764
87467794
87467844
87467868
87468014
87468045
87468091
87468113
87468158
87468197
87468350
87468388
87468484
87468518
87468574
87468575
87468700
87468702
87468746
87468748
87468812
87468813
87468979
87468980
87469043
87469044
87469114
87469115
87469287
87469385
87469419
87469555
87469654
87469656
87469719
87469721
87469872
87469874
87469922
87469923
87469990
87469991
87470145
87470146
87470234
87470235
87470296
87470297
87470504
87470505
87470599
87470660
87470813
87470927
87470982
87471147
87471242
87471431
87471604
87471687
87471752
87473452
87473623
87473727
87473786
87473906
87473950
87473967
87473968
87474093
87474094
87474155
87474157
87474197
87474198
87474345
87474346
87474387
87474388
87474460
87474461
87474643
87474644
87474674
87474675
87474704
87474705
87474829
87474831
87474855
87474858
87474871
87474873
87475015
87475017
87475019
87475022
87475023
87475024
87475026
87475028
87475059
87475106
87475252
87475302
87475351
87475388
87475526
87475530
87475577
87475587
87475588
87475720
87475758
87475781
87475794
87475796
87475816
87475927
87475980
87476001
87476004
87476035
87476069
87476071
87476107
87476342
87476416
87476481
87479001
87479218
87479278
87479316
87479341
87479449
87479489
87479543
87479573
87479609
87479674
87479841
87479877
87479914
87479961
87479989
87480027
87480140
87480181
87480204
87480228
87480247
87480305
87481210
87482206
87482246
87482521
87483407
87483889
87484010
87484342
87485152
87485686
87485722
87486104
87487087
87487584
87487621
87488790
87489463
87491179
87491181
87491183
87491186
87491187
87491189
87491191
87491193
87491196
87491198
87491201
87491202
87491203
87491207
87491208
87491209
87491213
87491214
87491215
87491220
87491453
87491456
87491458
87491459
87491461
87491462
87491474
87491502
87491527
87491529
87491532
87491533
87496122
87496967
87497849
87498627
87499607
87500413
87501225
87501874
87502376
87503590
87504146
87505015
87505096
87505278
87505368
87506307
87507497
87508049
87509075
87509480
