98012412
98012413
98012421
98012431
98012517
98012528
98012774
98012918
98012927
98012969
98012970
98012981
98012982
98012992
98012994
98012995
98013002
98013003
98013005
98014063
98014070
98014096
98014097
98014107
98014116
98014123
98014133
98014140
98014163
98014371
98014590
98014650
98014665
98014679
98014689
98014696
98014704
98014715
98015863
98015874
98016050
98016294
98016393
98016404
98016415
98016425
98016434
98016445
98016446
98016459
98016548
98016808
98016968
98016988
98016989
98016991
98017007
98017881
98018112
98018180
98018193
98018194
98018205
98018216
98018232
98018243
98018244
98018254
98018383
98018644
98018657
98018775
98018794
98018795
98018797
98018816
98020010
98020031
98020045
98020062
98020071
98020076
98020189
98020204
98020443
98020569
98020574
98020586
98020592
98020597
98020602
98020607
98020613
98020666
98020907
98021735
98021833
98021849
98021865
98022103
98022216
98022243
98022250
98022256
98022262
98022266
98022267
98022273
98022355
98022630
98022789
98022797
98022828
98022841
98023635
98023875
98023956
98023967
98023982
98023983
98023984
98023985
98023994
98024003
98024012
98024014
98024023
98024168
98024414
98024526
98024538
98024540
98024551
98025575
98025653
98025667
98025677
98025684
98025693
98025702
98025710
98025711
98025863
98026135
98026144
98026246
98026258
98026259
98026266
98026274
98026277
98026284
98027387
98027391
98027392
98027398
98027400
98027406
98027573
98027809
98027906
98027912
98027919
98027925
98027932
98027933
98027939
98027946
98028023
98028267
98028430
98029030
98029039
98029217
98029485
98029576
98029582
98029584
98029591
98029597
98029600
98029606
98029608
98029613
98029621
98029622
98029742
98029758
98029998
98030016
98030723
98030730
98030736
98030742
98030743
98030807
98031056
98031225
98031258
98031269
98031280
98031287
98031294
98031302
98031311
98031494
98031735
98031821
98031836
98033032
98033042
98033049
98033050
98033052
98033060
98033068
98033075
98033077
98033238
98033485
98033498
98033590
98033591
98033593
98033604
98034711
98034719
98034724
98034725
98034726
98034736
98034737
98034738
98034739
98034745
98034769
98034791
98035001
98035221
98035289
98035298
98035300
98035301
98035308
98518177
98844807
98844820
98845058
98845178
98845209
98845245
98845272
98845280
98845281
98845293
98845302
98845303
98845398
98845650
98845802
98845823
98845824
98845831
98846723
98846738
98846757
98846979
98847050
98847052
98847054
98847066
98847079
98847080
98847087
98847096
98847105
98847106
98847117
98847119
98847124
98847307
98848409
98848423
98848459
98848695
98848899
98848979
98848983
98849023
98849063
98849097
98849104
98849113
98849125
98849285
98849524
98849632
98849648
98849662
98850400
98850402
98850464
98850720
98850733
98850897
98850942
98850944
98850947
98850998
98851008
98851020
98851021
98851033
98851044
98851046
98851087
98851099
98852356
98852368
98852369
98852382
98852395
98852396
98852511
98852525
98852797
98852945
98853002
98853039
98853070
98853072
98853079
98853081
98853090
98853097
98854238
98854273
98854277
98854310
98854316
98854323
98854329
98854330
98854503
98854520
98854742
98854829
98854837
98854844
98854852
98854857
98854858
98854866
98856011
98856071
98856079
98856080
98856084
98856094
98856095
98856101
98856107
98856108
98856139
98856361
98856562
98856635
98856638
98856678
98856715
98856752
98857897
98857899
98857933
98857970
98858005
98858029
98858040
98858066
98858272
98858487
98858553
98858567
98858574
98858575
98858582
98858590
98858599
98858606
98859937
98859945
98859959
98859984
98860223
98860454
98860463
98860473
98860482
98860568
98860600
98860621
98860626
98860633
98860638
98860645
98860812
98861827
98861836
98861843
98861872
98861877
98862105
98862300
98862374
98862376
98862379
98862400
98862427
98862429
98862449
98862472
98862492
98862517
98863885
98863906
98863926
98863944
98863995
98864244
98864464
98864472
98864560
98864565
98864614
98864665
98864668
98864673
98864677
98864710
98864733
98864753
98866109
98866160
98866192
98866193
98866216
98866235
98866326
98866595
98866774
98866780
98866816
98866836
98866864
98866885
98866912
98866913
98866935
98866980
98868419
98868424
98868441
98868525
98868539
98868793
98868960
98869024
98869027
98869085
98869133
98869176
98869210
98869231
98869272
98869502
98869710
98870633
98870681
98870684
98870713
98870819
98870832
98870852
98870868
98871112
98871242
98871287
98871312
98871333
98871354
98871380
98871404
98871407
98871474
98872877
98872878
98872895
98872914
98872918
98872934
98872960
98873141
98873370
98873523
98873624
98873691
98873695
98873752
98873757
98873761
98873763
98873765
98874551
98874591
98874593
98874743
98874980
98875130
98875145
98875216
98875220
98875265
98875316
98875362
98875389
98875414
98875415
98875506
98875517
98875769
98877027
98877029
98877031
98877064
98877286
98877483
98877625
98877698
98877700
98877731
98877734
98877762
98877765
98877793
98877820
98877821
98877846
98878009
98879395
98879420
98879422
98879424
98879427
98879493
98879504
98879777
98879941
98880062
98880120
98880173
98880227
98880255
98880257
98880280
98880284
98881721
98881761
98881765
98881793
98881812
98881885
98882167
98882293
98882390
98882435
98882439
98882463
98882484
98882512
98882534
98882571
98882779
98882973
98884187
98884450
98884612
98884754
98884760
98884766
98884772
98884869
98884968
98884971
98884978
98885033
98885061
98885064
98885090
98885156
98885411
98885591
98886599
98886606
98886645
98886668
98886690
98886875
98887089
98887223
98887293
98887295
98887322
98887353
98887354
98887375
98887403
98887425
98887513
98888853
98888856
98888869
98888891
98888913
98888934
98889116
98889134
98889374
98889520
98889582
98889586
98889623
98889647
98889667
98889689
98889702
98889782
98891094
98891122
98891145
98891168
98891171
98891200
98891388
98891610
98891734
98891784
98891816
98891839
98891864
98891892
98891917
98891997
98892010
98892264
98893505
98893531
98893551
98893554
98893717
98893950
98894098
98894108
98894202
98894256
98894307
98894311
98894356
98894397
98894416
98894502
98894760
98894767
98896156
98896305
98896546
98896669
98896768
98896772
98896779
98896826
98896853
98896880
98896900
98896905
98896925
98897011
98897263
98897273
98897407
98897528
98898459
98898483
98898504
98898710
98898882
98899000
98899101
98899172
98899226
98899230
98899271
98899311
98899327
98899438
98899674
98899807
98899891
98900890
98900922
98901130
98901148
98901358
98901456
98901521
98901562
98901595
98901617
98901681
98901772
98901899
98902129
98902252
98902373
98902469
98902543
98903773
98903963
98904095
98904105
98904214
98904285
98904334
98904357
98904382
98904408
98904521
98904761
98904879
98904976
98905023
98905068
98905094
98905116
98906802
98906838
98906867
98906891
98906893
98906895
98906952
98907152
98907349
98907447
98907455
98907581
98907684
98907694
98907778
98907838
98907890
98907928
98909432
98909560
98909571
98909579
98909676
98909682
98909753
98909799
98909801
98909838
98909840
98909878
98910087
98910257
98910266
98910458
98910578
98910664
98955235
99034940
99034956
99035183
99035190
99035265
99035286
99035293
99035302
99035310
99035417
99035418
99035425
99035582
99035815
99035956
99035978
99035980
99035990
99321550
99321553
99321556
99321721
99321938
99322067
99322110
99322143
99322172
99322193
99322196
99322200
99322204
99322287
99322531
99322671
99322713
99322731
99322740
99324098
99324109
99324118
99324129
99324136
99324145
99324149
99324243
99324493
99324638
99324685
99324721
99324754
99324787
99324821
99324838
99324867
99324873
99325101
99326076
99326084
99326092
99326215
99326443
99326455
99326574
99326646
99326666
99326669
99326670
99326671
99326672
99326681
99326682
99326683
99326690
99326700
99326707
99327952
99327962
99327963
99327972
99327978
99327986
99327987
99327992
99328042
99328281
99328483
99328554
99328590
99328623
99328631
99328639
99328647
99328658
99328835
99329774
99329807
99329809
99329837
99329846
99329854
99329855
99329923
99330203
99330592
99330865
99330991
99331157
99331316
99331473
99331649
99331788
99331985
99332322
99333476
99333484
99333485
99333618
99333865
99333990
99333991
99334026
99334061
99334092
99334094
99334127
99334130
99334140
99334147
99334148
99334242
99334260
99334274
99335866
99335877
99335944
99335954
99335966
99335967
99335977
99335988
99335989
99335998
99336010
99336194
99336469
99336635
99336641
99336696
99336741
99336768
99336788
99338097
99338106
99338114
99338115
99338259
99338488
99338610
99338636
99338640
99338648
99338662
99338673
99338681
99338740
99338752
99339011
99339173
99339245
99339283
99511603
99511617
99511640
99511838
99512070
99512154
99512188
99512227
99512262
99512265
99512268
99512289
99512311
99512313
99512322
99512323
99512476
99512489
99512505
99513714
99513930
99514152
99514223
99514237
99514249
99514250
99514257
99514258
99514268
99514278
99514298
99514451
99514726
99514859
99514903
99514931
99514946
99514958
99516208
99516239
99516254
99516256
99516262
99516268
99516272
99516281
99516456
99516717
99516831
99516862
99516871
99516885
99516894
99516902
99516909
99516912
99516990
99518190
99518204
99518213
99518363
99518604
99518732
99518737
99518779
99518781
99518784
99518818
99518850
99518888
99518890
99518897
99518899
99518903
99518913
99518914
99519985
99519993
99520128
99520133
99520138
99520144
99520185
99520215
99520227
99520238
99520239
99520253
99520254
99520255
99520257
99520282
99520441
99520463
99520724
99521607
99521654
99521891
99522076
99522143
99522160
99522162
99522175
99522181
99522196
99522206
99522217
99522396
99522650
99522779
99522848
99522882
99522906
99522924
99524102
99524133
99524145
99524146
99524151
99524155
99524174
99524403
99524424
99524442
99524644
99524654
99524713
99524734
99524737
99524740
99524742
99524756
99524757
99525471
99525664
99525902
99525983
99525985
99525996
99526005
99526013
99526020
99526030
99526032
99526040
99526160
99526409
99526539
99526570
99526608
99526640
99526678
99527963
99527966
99527970
99527979
99527987
99527995
99528000
99528107
99528379
99528523
99528526
99528557
99528565
99528578
99528587
99528595
99528601
99528633
99528858
99529832
99529837
99529842
99529952
99529969
99530229
99530366
99530370
99530377
99530381
99530415
99530418
99530443
99530458
99530460
99530470
99530478
99530480
99530493
99531610
99531641
99531670
99531673
99531696
99531697
99531698
99531699
99531705
99531711
99531766
99531778
99532072
99532251
99532284
99532291
99532299
99532309
99532315
99533191
99533448
99533535
99533550
99533552
99533562
99533563
99533564
99533573
99533589
99533600
99533602
99533612
99533613
99533779
99534052
99534180
99534183
99534210
99534903
99534948
99534958
99535228
99535411
99535503
99535542
99535544
99535561
99535562
99535578
99535589
99535598
99535615
99535803
99536075
99536173
99536189
99536201
99537539
99537548
99537557
99537565
99537567
99537576
99537583
99537591
99537761
99537990
99538121
99538160
99538193
99538231
99538249
99538257
99538264
99538330
99538577
99539552
99539563
99539570
99539739
99539998
99540108
99540131
99540132
99540143
99540152
99540159
99540168
99540169
99540188
99540189
99540276
99540289
99540539
99540685
99541457
99541468
99541493
99541713
99541964
99542076
99542078
99542117
99542135
99542143
99542153
99542163
99542164
99542174
99542294
99542308
99542551
99542565
99542690
99543495
99543531
99543779
99543989
99543997
99544055
99544065
99544073
99544080
99544090
99544096
99544103
99544240
99544258
99544504
99544517
99544645
99544684
99544721
99545895
99545923
99545955
99545981
99546000
99546146
99546391
99546511
99546525
99546538
99546539
99546545
99546553
99546554
99546561
99546566
99546633
99546883
99547064
99547809
99547815
99547816
99547817
99547835
99548024
99548247
99548252
99548346
99548378
99548380
99548382
99548417
99548447
99548478
99548489
99548497
99548498
99548499
99549695
99549699
99549726
99549728
99549738
99549740
99549741
99549743
99549744
99549753
99549763
99549765
99549767
99549775
99549924
99550179
99550282
99550297
99550305
99551393
99551570
99551690
99551730
99551748
99551750
99551757
99551764
99551772
99551780
99551931
99552161
99552273
99552330
99552367
99552397
99552401
99552430
99552455
99553377
99553393
99553574
99553620
99553622
99553650
99553653
99553679
99553687
99553699
99553700
99553702
99553710
99553751
99553763
99553774
99554020
99554034
99554195
99555333
99555347
99555468
99555481
99555484
99555489
99555497
99555504
99555511
99555517
99555581
99555844
99556031
99556102
99556134
99556153
99556168
99556170
99556180
99557310
99557352
99557377
99557405
99557426
99557427
99557433
99557444
99557528
99557538
99557554
99557565
99557814
99557946
99557969
99557986
99557987
99557988
99557999
99559275
99559285
99559295
99559296
99559298
99559305
99559306
99559307
99559315
99559327
99559336
99559516
99559773
99559909
99559960
99559995
99559997
99560018
99560028
99561187
99561218
99561251
99561287
99561288
99561325
99561359
99561364
99561568
99561824
99561937
99561973
99562001
99562024
99562025
99562041
99562052
99562054
99562061
99682277
99682299
99682304
99682310
99682311
99682316
99682317
99682322
99682323
99682328
99682375
99682614
99682802
99682873
99682908
99682912
99682915
99682917
99682949
99683999
99684098
99684111
99684114
99684144
99684175
99684203
99684232
99684263
99684355
99684631
99684644
99684666
99684817
99684846
99684862
99684876
99684878
99684892
99686123
99686201
99686211
99686219
99686228
99686243
99686252
99686263
99686385
99686667
99686681
99686829
99686836
99686840
99686885
99686931
99686970
99686972
99686988
99688185
99688188
99688226
99688229
99688264
99688267
99688308
99688332
99688335
99688347
99688378
99688588
99688838
99688938
99688940
99688965
99688977
99688988
99689001
99689683
99689690
99689860
99690111
99690211
99690214
99690222
99690228
99690234
99690241
99690249
99690250
99690259
99690260
99690261
99690262
99690385
99690633
99690762
99691488
99691489
99691495
99691525
99691759
99691992
99692070
99692100
99692131
99692136
99692144
99692151
99692156
99692157
99692158
99692337
99692590
99692694
99692723
99693762
99693974
99693984
99694027
99694040
99694047
99694055
99694068
99694069
99694076
99694096
99694311
99694330
99694346
99694363
99694581
99694658
99694683
99694688
99695898
99695934
99695938
99695966
99695980
99695986
99695992
99696019
99696282
99696510
99696517
99696570
99696579
99696582
99696583
99696588
99696594
99696603
99696611
99697671
99697768
99697800
99697807
99697816
99697823
99697829
99697834
99697904
99698153
99698332
99698376
99698408
99698414
99698444
99698459
99698460
99698465
99698467
99699564
99699594
99699597
99699622
99699649
99699676
99699677
99699678
99699685
99699690
99699692
99699870
99700144
99700155
99700257
99700276
99700277
99700284
99700290
99701104
99701120
99701398
99701414
99701545
99701558
99701566
99701580
99701581
99701582
99701588
99701595
99701601
99701665
99701933
99702126
99702187
99702191
99702225
99703033
99703287
99703298
99703308
99703418
99703451
99703485
99703512
99703530
99703537
99703546
99703547
99703548
99703549
99703550
99703711
99703978
99703990
99704002
99704813
99704822
99704830
99704878
99705117
99705132
99705304
99705366
99705368
99705370
99705393
99705401
99705409
99705415
99705416
99705422
99705445
99705657
99705873
99706944
99707137
99707200
99707202
99707230
99707247
99707252
99707253
99707260
99707267
99707283
99707468
99707671
99707792
99707798
99707845
99707863
99707872
99707884
99709132
99709149
99709159
99709169
99709173
99709175
99709186
99709196
99709198
99709231
99709237
99709470
99709687
99709762
99709790
99709794
99709796
99709825
99709861
99710499
99710519
99710731
99710748
99710765
99710998
99711098
99711135
99711158
99711160
99711172
99711183
99711192
99711200
99711201
99711356
99711366
99711613
99711763
99712505
99712537
99712540
99712571
99712588
99712596
99712597
99712600
99712603
99712755
99712999
99713115
99713129
99713138
99713148
99713150
99713151
99713158
99713170
99714412
99714421
99714432
99714434
99714435
99714444
99714464
99714472
99714694
99715029
99715032
99715764
99715799
99715810
99716070
99716280
99716291
99716366
99716402
99716404
99716438
99716462
99716470
99716482
99716498
99716505
99716706
99716936
99717012
99717014
99718272
99718319
99718321
99718335
99718337
99718347
99718359
99718369
99718381
99718408
99718625
99718870
99718948
99718981
99718984
99719015
99719046
99719075
99719102
99720297
99720324
99720353
99720386
99720396
99720397
99720398
99720401
99720426
99720494
99720741
99720751
99720760
99720777
99720919
99720924
99720939
99720945
99720952
99722081
99722088
99722095
99722145
99722146
99722150
99722151
99722159
99722171
99722176
99722181
99722182
99722195
99722394
99722414
99722434
99722448
99722466
99722483
99723484
99723492
99723501
99723506
99723507
99723669
99723907
99724018
99724020
99724024
99724057
99724087
99724117
99724149
99724179
99724204
99724206
99724310
99724566
99725477
99725655
99725900
99725988
99725992
99726002
99726022
99726029
99726038
99726048
99726063
99726064
99726189
99726466
99726478
99726614
99726620
99726683
99726710
99727965
99728001
99728032
99728064
99728066
99728097
99728110
99728111
99728118
99728284
99728520
99728616
99728628
99728635
99728643
99728649
99728656
99728665
99728746
99729874
99730045
99730289
99730402
99730433
99730466
99730494
99730496
99730519
99730524
99730528
99730615
99730887
99730914
99731047
99731067
99731075
99731082
99731084
99732151
99732167
99732177
99732342
99732353
99732387
99732397
99732398
99732409
99732422
99732434
99732450
99732479
99732701
99732931
99733013
99733043
99733076
99733100
99734276
100021812
100194535
100194553
100194556
100194557
100194562
100194564
100194571
100194573
100194579
100194587
100194595
100194603
100194787
100195031
100195045
100195138
100195171
100195199
100195207
100196357
100196442
100196445
100196478
100196510
100196543
100196552
100196553
100196562
100196563
100196565
100196604
100196848
100197063
100197071
100197080
100197085
100197119
100197130
100198415
100198422
100198509
100198560
100198573
100198583
100198601
100198602
100198613
100198682
100198933
100199113
100199176
100199207
100199210
100199213
100199238
100199249
100199250
100200452
100200484
100200520
100200550
100200553
100200576
100200588
100200599
100200712
100200972
100200984
100201123
100201142
100201153
100201164
100201167
100201188
100201190
100201219
100202249
100202411
100202470
100202490
100202500
100202508
100202517
100202537
100202563
100202741
100202988
100203102
100203132
100203171
100203173
100203193
100203200
100203207
100203216
100204385
100204411
100204441
100204449
100204459
100204642
100204653
100204886
100204982
100204995
100205002
100205011
100205017
100205023
100205030
100205031
100205032
100205176
100205446
100206311
100206312
100206313
100206344
100206350
100206360
100206616
100206828
100206893
100206923
100206954
100206970
100206979
100206988
100206997
100207164
100207177
100207194
100207421
100207512
100207514
100207515
100207516
100207517
100207518
100207519
100207520
100207521
100207522
100207633
100207634
100207635
100207636
100207637
100207638
100207639
100207640
100207641
100207642
100208412
100208435
100208515
100208793
100208978
100208987
100209003
100209012
100209053
100209056
100209064
100209066
100209070
100209081
100209089
100209100
100209102
100209110
100209112
100210187
100210364
100210412
100210424
100210425
100210430
100210436
100210437
100210448
100210449
100210459
100210488
100210493
100210729
100210954
100211033
100211065
100211095
100211107
100211120
100211121
100211122
100211123
100211124
100211125
100211126
100211127
100211128
100211129
100211842
100211858
100212072
100212194
100212327
100212369
100212398
100212425
100212426
100212427
100212433
100212438
100212515
100212762
100212915
100212969
100212985
100212993
100212997
100214359
100214367
100214376
100214382
100214390
100214451
100214719
100214914
100214977
100215014
100215049
100215053
100215055
100215057
100215061
100215064
100215066
100215069
100215072
100216229
100216231
100216265
100216302
100216304
100216308
100216340
100216343
100216367
100216376
100216378
100216379
100216408
100216629
100216840
100216851
100216859
100216900
100216907
100217752
100217894
100218024
100218025
100218026
100218027
100218029
100218032
100218033
100218034
100218035
100218038
100218137
100218154
100218286
100218288
100218309
100218311
100218324
100218331
100218347
100218355
100218374
100218450
100218697
100218706
100218879
100218888
100218893
100219851
100220078
100220165
100220198
100220231
100220262
100220290
100220295
100220297
100220305
100220307
100220425
100220669
100220773
100220774
100220775
100220776
100220777
100220778
100220779
100220780
100220781
100220782
100220860
100220873
100221594
100221635
100221868
100221884
100222061
100222123
100222126
100222141
100222152
100222162
100222172
100222173
100222174
100222183
100222201
100222400
100222632
100222641
100222709
100222910
100222911
100222912
100222913
100222914
100222915
100222916
100222918
100222919
100222920
100223428
100223429
100223430
100223431
100223432
100223433
100223434
100223435
100223436
100223437
100223822
100224014
100224083
100224085
100224119
100224806
100224884
100224894
100225155
100225171
100225184
100225332
100225339
100225391
100225440
100225476
100225504
100225506
100225508
100225517
100225520
100225521
100225533
100225627
100226721
100226729
100226740
100226756
100226957
100227186
100227275
100227285
100227296
100227313
100227314
100227326
100227327
100227347
100227349
100227358
100227509
100227527
100227624
100228823
100228827
100228860
100228868
100229121
100229323
100229388
100229404
100229406
100229424
100229426
100229427
100229436
100229445
100229453
100229470
100229665
100229889
100229996
100230021
100230675
100230764
100231007
100231173
100231221
100231235
100231241
100231242
100231243
100231244
100231245
100231246
100231247
100231248
100231249
100231250
100231255
100231267
100231277
100231289
100231302
100231307
100231507
100231738
100231817
100231837
100232580
100232848
100233025
100233031
100233036
100233058
100233065
100233066
100233075
100233084
100233086
100233096
100233105
100233164
100233174
100233429
100233584
100233595
100233631
100234253
100234266
100234451
100234467
100234698
100234766
100234773
100234779
100234789
100234790
100234798
100234803
100234813
100234925
100235174
100235190
100235202
100235314
100235328
100235955
100236210
100236404
100236460
100236461
100236473
100236474
100236483
100236484
100236489
100236490
100236494
100236496
100236505
100236506
100236507
100236508
100236517
100236565
100237635
100237643
100237650
100237657
100237780
100237795
100238040
100238054
100238166
100238168
100238182
100238189
100238198
100238205
100238207
100238213
100238220
100238302
100238555
100239369
100239380
100239562
100239805
100239918
100239926
100239933
100239934
100239944
100239951
100239953
100239954
100239964
100239969
100239970
100240076
100240315
100240452
100240487
100241273
100241503
100241585
100241600
100241612
100241633
100241634
100241642
100241661
100241668
100241669
100241775
100241790
100242042
100242054
100242174
100242186
100242193
100242202
100242211
100242867
100243117
100243329
100243377
100243378
100243381
100243388
100243394
100243396
100243405
100243407
100243415
100243424
100243453
100243461
100243670
100243878
100243944
100243958
100244701
100244952
100245084
100245099
100245109
100245117
100245127
100245135
100245143
100245182
100245411
100245636
100245701
100245702
100245714
100245725
100245734
100245749
100245760
100246942
100246949
100246957
100246965
100246974
100246979
100247066
100247083
100247325
100247474
100247477
100247522
100247532
100247542
100247544
100247552
100247564
100247570
100247606
100248707
100248716
100248726
100248737
100248744
100248876
100248891
100249139
100249257
100249273
100249276
100249286
100249294
100249302
100249314
100249326
100249394
100364735
100364773
100364804
100364838
100364843
100364867
100364869
100364893
100364906
100364907
100364960
100365203
100365216
100365373
100365380
100365443
100365454
100365456
100365466
100366754
100366768
100366784
100366796
100366807
100366824
100366840
100366842
100366971
100367279
100367495
100367556
100367559
100367595
100367597
100367622
100367636
100367650
100367664
100368544
100368758
100368840
100368845
100368879
100368919
100368963
100368966
100368998
100369027
100369043
100369222
100369451
100369464
100369552
100369556
100369568
100369570
100369572
100370962
100371004
100371022
100371037
100371048
100371049
100371060
100371061
100371062
100371064
100371072
100371120
100371353
100371547
100371608
100371648
100371651
100371654
100371657
100372393
100372574
100372836
100372847
100372951
100372956
100372988
100372990
100373021
100373067
100373102
100373119
100373129
100373131
100373262
100373504
100373520
100373633
100373637
100374508
100374518
100374777
100374969
100374980
100375025
100375035
100375054
100375055
100375097
100375111
100375156
100375170
100375173
100375174
100375199
100375405
100375422
100375437
100376481
100376488
100376495
100376496
100376613
100376865
100377010
100377049
100377076
100377097
100377099
100377130
100377133
100377183
100377214
100377265
100377498
100377517
100377690
100378552
100378563
100378964
100433159
100433160
100433161
100433162
100433163
100433164
100433165
100433166
100433167
100433168
100441612
100441613
100441614
100441615
100441616
100441617
100441618
100441619
100441620
100441621
100449858
100449859
100449860
100449861
100449862
100449863
100449864
100449865
100449866
100449867
100458303
100458304
100458305
100458306
100458307
100458308
100458309
100458310
100458311
100458312
100540407
100540428
100540689
100540779
100540787
100540788
100540794
100540800
100540808
100540817
100540827
100541026
100541043
100541286
100541292
100541385
100541386
100541387
100541388
100542226
100542533
100542552
100542707
100542751
100542781
100542801
100542822
100542823
100542841
100542842
100542857
100542913
100543155
100543171
100543375
100543446
100543468
100543483
100544732
100544784
100544794
100544810
100544818
100544829
100544839
100544840
100544901
100545144
100545349
100545421
100545451
100545463
100545473
100545475
100545486
100545490
100545493
100546806
100546818
100546820
100546831
100546842
100546850
100546916
100547164
100547172
100547183
100547196
100547346
100547425
100547429
100547476
100547489
100547498
100547507
100547508
100548664
100548692
100548725
100548738
100548744
100548748
100548753
100548754
100548952
100549204
100549304
100549306
100549323
100549332
100549342
100549349
100549355
100549362
100549453
100550607
100550614
100550757
100551019
100551164
100551183
100551199
100551204
100551211
100551218
100551224
100551280
100551293
100551304
100551568
100551581
100551598
100551615
100551631
100552450
100552463
100552470
100552471
100552477
100552522
100552764
100552987
100553000
100553073
100553089
100553098
100553113
100553116
100553133
100553135
100553136
100553137
100553145
100554395
100554402
100554404
100554411
100554421
100554427
100554509
100554752
100554911
100554921
100554977
100555001
100555003
100555009
100555016
100555028
100555035
100555071
100555082
100556177
100556213
100556230
100556236
100556240
100556246
100556251
100556410
100556642
100556742
100556777
100556816
100556833
100556837
100556845
100556849
100556851
100556854
100556942
100558067
100558079
100558086
100558087
100558089
100558093
100558094
100558095
100558101
100558143
100558377
100558395
100558407
100558419
100558430
100558446
100558457
100558597
100558623
100559377
100559573
100559827
100559918
100559920
100559935
100559948
100559956
100559964
100559985
100560181
100560436
100560549
100560573
100560589
100560621
100560633
100560640
100560643
100561882
100561889
100561895
100561897
100561902
100561904
100562008
100562253
100562406
100562413
100562461
100562481
100562487
100562501
100562508
100562516
100562517
100562518
100562574
100563677
100563700
100563701
100563707
100563708
100563720
100563726
100563743
100563749
100563755
100563763
100563987
100564182
100564242
100564278
100564324
100564328
100564373
100564421
100566255
100566324
100566327
100566330
100566370
100566416
100566464
100566468
100566560
100566841
100567054
100567135
100567138
100567206
100567276
100567332
100567382
100567427
100567485
100569353
100569357
100569361
100569413
100569466
100569469
100569592
100569902
100570120
100570216
100570220
100570273
100570324
100570328
100570380
100570383
100570432
100570483
100570487
100572280
100572285
100572336
100572389
100572393
100572441
100572491
100572538
100572590
100572875
100573204
100573372
100573464
100573527
100573577
100573624
100573627
100573676
100573724
100575804
100575853
100576028
100576048
100576311
100576326
100576456
100576519
100576586
100576632
100576672
100576719
100576766
100576885
100577165
100577355
100577439
100577683
100577756
100579679
100579733
100579783
100579786
100579839
100579887
100579941
100580142
100580435
100580641
100580715
100580718
100580722
100580788
100580792
100580855
100580919
100580983
100581056
100583117
100583121
100583174
100583224
100583233
100583464
100583757
100583910
100584003
100584010
100584093
100584160
100584163
100584166
100584220
100584271
100584401
100584612
100584906
100586332
100586339
100586344
100586396
100586441
100586445
100586530
100586861
100587066
100587078
100587170
100587217
100587262
100587309
100587362
100587426
100587472
100587679
100587696
100589730
100589752
100589990
100590089
100590157
100590228
100590233
100590294
100590340
100590404
100590451
100590454
100590464
100590709
100590731
100590757
100590782
100591027
100591162
100592378
100592426
100592476
100592623
100592641
100592922
100593124
100593212
100593264
100593313
100593360
100593366
100593412
100593462
100593466
100593564
100593576
100593863
100594067
100751832
100751839
100751880
100751886
100751919
100751930
100751942
100751952
100751959
100751960
100751985
100751991
100752208
100752421
100752535
100752582
100752597
100752608
100752615
100753800
100753804
100753832
100753861
100753870
100753876
100753901
100754106
100754339
100754430
100754433
100754435
100754458
100754465
100754470
100754474
100754478
100754486
100754487
100755715
100755716
100755724
100755726
100755733
100755738
100755812
100756076
100756261
100756316
100756343
100756344
100756352
100756361
100756368
100756369
100756378
100756410
100756414
100757664
100757672
100757759
100757771
100758025
100758168
100758187
100758215
100758224
100758243
100758349
100758599
100758804
100758899
100758921
100758923
100758930
100758942
100758944
100759707
100759879
100760099
100760209
100760223
100760234
100760240
100760259
100760286
100760289
100760313
100760418
100760680
100760841
100760844
100760848
100760876
100760885
100760889
100762114
100762115
100762134
100762160
100762188
100762216
100762318
100762586
100762764
100762791
100762800
100762802
100762807
100762814
100762821
100762825
100762826
100762855
100763091
100764164
100764169
100764171
100764272
100764525
100764669
100764685
100764692
100764699
100764702
100764704
100764705
100764732
100764734
100764773
100764775
100764810
100764906
100765168
100766110
100766115
100766262
100766281
100766519
100766616
100766657
100766692
100766724
100766756
100766775
100766776
100766782
100766785
100766786
100766883
100767128
100767267
100767272
100768010
100768011
100768012
100768015
100768016
100768025
100768027
100768059
100768154
100768426
100768601
100768608
100768638
100768645
100768651
100768654
100768658
100768663
100768685
100769966
100769971
100770033
100770277
100770438
100770477
100770478
100770484
100770487
100770511
100770543
100770572
100770614
100770830
100770849
100771075
100771145
100771146
100771148
100771838
100771843
100771962
100772216
100772235
100772381
100772427
100772471
100772508
100772532
100772535
100772542
100772550
100772603
100772842
100772858
100773019
100773061
100773073
100774063
100774323
100774334
100774345
100774456
100774472
100774484
100774496
100774497
100774504
100774506
100774513
100774514
100774518
100774639
100774942
100775098
100775151
100775188
100925087
100925089
100925111
100925115
100925134
100925164
100925378
100925635
100925744
100925747
100925779
100925814
100925848
100925850
100925882
100925917
100925952
100926117
100926372
100927336
100927357
100927404
100927649
100927860
100927914
100927937
100927958
100927960
100927979
100927999
100928018
100928021
100928041
100928225
100928478
100928493
100928501
100928595
100929568
100929580
100929591
100929870
100930045
100930091
100930114
100930136
100930138
100930160
100930186
100930207
100930248
100930256
100930268
100930518
100930713
100930770
100930773
100932078
100932230
100932260
100932262
100932282
100932310
100932330
100932335
100932353
100932355
100932434
100932446
100932570
100932832
100932845
100933022
100933030
100933070
100933097
100933965
100934170
100934438
100934557
100934613
100934667
100934702
100934739
100934774
100934810
100934933
100934948
100935218
100935228
100935375
100935419
100935475
100935532
100935588
100937608
100937613
100937668
100937724
100937784
100937926
100938227
100938436
100938521
100938588
100938657
100938719
100938787
100938855
100938951
100938962
100939233
100939483
100939593
100941747
100941814
100941821
100941884
100941949
100942013
100942077
100942158
100942412
100942689
100942700
100942818
100942884
100942947
100943009
100943069
100943127
100943188
100943192
100945323
100945391
100945632
100945653
100945933
100946062
100946069
100946129
100946193
100946255
100946320
100946378
100946440
100946616
100946946
100946963
100947132
100947198
100947261
100949512
100949574
100949579
100949584
100949588
100949592
100949653
100949711
100949715
100949777
100949974
100950257
100950416
100950481
100950537
100950594
100950651
100950711
100950765
100952686
100952757
100952823
100952887
100952892
100952948
100953159
100953431
100953591
100953599
100953679
100953736
100953741
100953797
100953856
100953921
100953924
100953982
100953987
100955991
100955995
100956002
100956068
100956135
100956233
100956243
100956532
100956795
100956804
100956921
100956994
100957063
100957137
100957211
100957278
100957341
100957564
100957584
100959170
100959241
100959308
100959372
100959376
100959441
100959502
100959663
100959981
100960182
100960188
100960193
100960199
100960264
100960320
100960323
100960377
100960434
100960439
100962649
100962724
100962729
100962733
100962795
100962860
100963089
100963117
100963386
100963397
100963527
100963532
100963536
100963541
100963602
100963669
100963733
100963809
100963870
100965538
100965557
100965571
100965711
100965773
100965838
100965908
100965965
100966033
100966102
100966258
100966579
100966794
100966801
100966882
100966888
100966953
100967020
100967089
100969030
100969097
100969103
100969169
100969230
100969292
100969349
100969410
100969640
100969918
100969925
100969938
100970069
100970132
100970193
100970199
100970262
100970336
100970410
100972497
100972564
100972567
100972572
100972637
100972698
100972785
100972795
100973110
100973335
100973437
100973502
100973558
100973617
100973678
100973737
100973797
100974005
100974283
100976243
100976499
100976617
100976622
100976627
100976685
100976744
100976804
100976861
100976921
100976984
100977182
100977476
100977649
100977717
100977771
100977832
100977895
100977955
100979864
100979932
100979995
100980056
100980119
100980181
100980244
100980465
100980761
100980909
100980981
100980984
100980988
100980991
100981054
100981058
100981121
100981183
100981187
100982963
100982966
100982993
100982994
100982996
100983022
100983046
100983070
100983146
100983408
100983591
100983599
100983662
100983689
100983717
100983748
100983752
100983790
100983830
100985279
100985302
100985324
100985346
100985373
100985467
100985481
100985735
100985892
100985949
100985975
100985978
100985981
100985982
100985985
100986010
100986037
100986065
100986066
100987476
100987496
100987516
100987537
100987557
100987729
100987969
100987980
100988107
100988139
100988163
100988165
100988188
100988189
100988215
100988239
100988241
100988264
100988387
100989681
100989706
100989708
100989751
100989759
100989989
100990007
100990024
100990230
100990302
100990317
100990332
100990346
100990348
100990349
100990350
100990352
100990363
100990379
100990971
100990983
100991027
100991265
100991455
100991466
100991506
100991516
100991519
100991520
100991531
100991540
100991552
100991561
100991576
100991585
100991795
100992015
100992094
100993004
100993287
100993454
100993503
100993517
100993531
100993547
100993561
100993574
100993576
100993579
100993608
100993826
100993842
100994035
100994128
100994159
100994175
100994190
100995289
100995327
100995329
100995356
100995379
100995402
100995429
100995455
100995505
100995752
100995962
100996034
100996048
100996049
100996051
100996066
100996084
100996098
100996099
