132452533
132452535
132452538
132452540
132452542
132452544
132452547
132452551
132452553
132452556
132452558
132452567
132452568
132452570
132452571
132452572
132452574
132452575
132453246
132453249
132453267
132453272
132453277
132453280
132453406
132453407
132453408
132453411
132453413
132453930
132453932
132453934
132453935
132453936
132453937
132453938
132453955
132453956
132453958
132453960
132453962
132453964
132453966
132453969
132453971
132454563
132454564
132454580
132454582
132454584
132454586
132454587
132454588
132454592
132454593
132454594
132454595
132454598
132454599
132454600
132454601
132454603
132454605
132455723
132455726
132455766
132455773
132455779
132455781
132455788
132455814
132455815
132455818
132455821
132455826
132455834
132455835
132455841
132455846
132455854
132455856
132456312
132456318
132456330
132456340
132456348
132456356
132456363
132456374
132456383
132456386
132456391
132456399
132456424
132456428
132456442
132456493
132456495
132456498
132456500
132456502
132456503
132456504
132456520
132456522
132456524
132456528
132457185
132457194
132457197
132457201
132457206
132457314
132457315
132457316
132457320
132457322
132457324
132457840
132457842
132457846
132457847
132457849
132457851
132457852
132457854
132457856
132457859
132457871
132457874
132457876
132457877
132457878
132457879
132457880
132457881
132458494
132458497
132458499
132458501
132458504
132458507
132458525
132458528
132458879
132458881
132458889
132458898
132458907
132458914
132458920
132458924
132458928
132458971
132458979
132458989
132459404
132459406
132459414
132459941
132459945
132459950
132459955
132459960
132460013
132460017
132460022
132460024
132460029
132460646
132460648
132460663
132460664
132460665
132460666
132460671
132460673
132460680
132460682
132460684
132502687
132646140
132646142
132646143
132646145
132646147
132646149
132646152
132646155
132646156
132646158
132646160
132646162
132646167
132646169
132646180
132646181
132646189
132646190
132646813
132646815
132646816
132646818
132646820
132646823
132646825
132646832
132646833
132646838
132646842
132646843
132646844
132646859
132646865
132646870
132646883
132648331
132648335
132648342
132648343
132648346
132648348
132648350
132648352
132648354
132648357
132648359
132648360
132648364
132648365
132648366
132648388
132648394
132648395
132649020
132649021
132649024
132649025
132649027
132649029
132649030
132649032
132649034
132649102
132649107
132649111
132649120
132649124
132649130
132649136
132649908
132649911
132649914
132649916
132649926
132651179
132651180
132651186
132651187
132651196
132651199
132651203
132651204
132651205
132651206
132651207
132651208
132651210
132651212
132651214
132651804
132651811
132651814
132651820
132651821
132651827
132652175
132652187
132652239
132652274
132652706
132652710
132652712
132652714
132652716
132652718
132652719
132652720
132653092
132653099
132653153
132653160
132653326
132653332
132653334
132653633
132653637
132654079
132654083
132654089
132654094
132654101
132654248
132654253
132654258
132654281
132654290
132654359
132654369
132654385
132654397
132654469
132654486
132654497
132654540
132654541
132654561
132654569
132654573
132654577
132654806
132654810
132654813
132654815
132654848
132654868
132654870
132654874
132654876
132654877
132654887
132654889
132654890
132654891
132655017
132655021
132655067
132655082
132655092
132655102
132655115
132655140
132655151
132655164
132655179
132655190
132655203
132655216
132655594
132655598
132655599
132655601
132655602
132655609
132655611
132655652
132655658
132655704
132655727
132655735
132655810
132655886
132655895
132655907
132656210
132656215
132656220
132656240
132656267
132656292
132656295
132656298
132656325
132656430
132656431
132656443
132656447
132656449
132656452
132656477
132656481
132656486
132656495
132656502
132656565
132656580
132656592
132656607
132656674
132656685
132656699
132657126
132657129
132657135
132657141
132657145
132657150
132657159
132657217
132657229
132657664
132657667
132657668
132657671
132657673
132657675
132657677
132657680
132657682
132657733
132657739
132657745
132659222
132659224
132659225
132659284
132659288
132659293
132659300
132659309
132659315
132659366
132679181
132820929
132820930
132820936
132820937
132820938
132820939
132820940
132820941
132820943
132820944
132820945
132820949
132820950
132820951
132820953
132820954
132820955
132820956
132821585
132821588
132821594
132821599
132821602
132821606
132821608
132821610
132821615
132821620
132821732
132821734
132821735
132821736
132821737
132821739
132821742
132821743
132821745
132821747
132821749
132821750
132821755
132821758
132821760
132821762
132821764
132822929
132822933
132822935
132822943
132822952
132822957
132822970
132822976
132822983
132822987
132822988
132822990
132822993
132822999
132823002
132823004
132823007
132823011
132823074
132823082
132823084
132823406
132823410
132823413
132823783
132823784
132823786
132823789
132823791
132824440
132824441
132824442
132824444
132824446
132824452
132824453
132824462
132824463
132824464
132824466
132824470
132824471
132824472
132824473
132824475
132824998
132825000
132825002
132825049
132825051
132825054
132825055
132825057
132825059
132825061
132825063
132825666
132825674
132825679
132825684
132825688
132825691
132825695
132825699
132825731
132825760
132825765
132825768
132825771
132825777
132825950
132825952
132825954
132825957
132826314
132826323
132826343
132826352
132826359
132826372
132826416
132826421
132826432
132826442
132826448
132826470
132826480
132826723
132826725
132826752
132826757
132826766
132826776
132826788
132827345
132828025
132828027
132828043
132828044
132828052
132828055
132828058
132828061
132828063
132828066
132828087
132828089
132828096
132828100
132828105
132828108
132828110
132828113
132828176
132828178
132828214
132828219
132828229
132828238
132828253
132828261
132828344
132828354
132828368
132828381
132828393
132828761
132828763
132828830
132828832
132828834
132828836
132828837
132828839
132828841
132828843
132828845
132829375
132829377
132829379
132829381
132829383
132829386
132829391
132829494
132829496
132829498
132830080
132830081
132830086
132830089
132830092
132830158
132830160
132830161
132830162
132830163
132830164
132830177
132830181
132830187
132830190
132830197
132830202
132830244
132830251
132830258
132830269
132830283
132830297
132830308
132830323
132830335
132830348
132830885
132830892
132830898
132830903
132831392
132831394
132831397
132831401
132831402
132831406
132831413
132831416
132831417
132831418
132831420
132831421
132831422
132831424
132831425
132831468
132831470
132831501
132831508
132831568
132831583
132831595
132831608
132831619
134223306
