132452490
132452495
132452498
132452502
132452505
132452508
132452511
132452513
132452515
132452517
132452519
132452521
132452522
132452523
132452524
132452528
132452531
132452532
132453106
132453112
132453117
132453122
132453128
132453144
132453149
132453152
132453156
132453160
132453186
132453190
132453195
132453200
132453203
132453209
132453239
132453241
132453378
132453384
132453387
132453390
132453392
132453395
132453397
132454031
132454032
132454033
132454045
132454051
132454059
132454064
132454070
132454075
132454081
132454093
132454108
132454119
132454127
132454137
132454216
132454558
132454560
132454562
132455085
132455091
132455095
132455101
132455428
132455435
132455439
132455488
132455496
132455505
132455515
132455527
132455542
132455555
132455625
132455631
132455644
132455657
132455664
132455685
132455691
132455697
132456479
132456480
132456482
132456485
132456487
132456489
132456491
132457101
132457107
132457112
132457117
132457145
132457147
132457150
132457152
132457156
132457157
132457278
132457281
132457283
132457284
132457285
132457286
132457289
132457291
132457309
132457311
132457832
132457834
132457836
132457838
132458637
132458646
132458655
132458666
132458760
132458771
132458783
132458792
132458805
132459862
132459871
132459875
132459883
132459888
132459896
132459898
132459907
132460613
132460616
132460617
132460618
132460619
132460620
132460622
132460624
132460626
132460627
132460629
132460631
132460632
132460633
132460638
132460640
132460642
132460644
132646090
132646093
132646094
132646101
132646103
132646106
132646108
132646110
132646113
132646115
132646126
132646128
132646132
132646134
132646135
132646136
132646138
132646139
132647423
132647454
132647457
132647460
132648234
132648238
132648245
132648249
132648254
132648266
132648268
132648273
132648279
132648284
132648287
132648289
132648293
132648317
132648319
132648321
132648322
132648325
132648502
132648862
132648869
132648893
132649070
132649072
132649073
132649074
132649075
132649076
132649077
132649078
132649084
132649086
132649889
132649899
132649902
132649907
132650358
132650367
132650420
132650426
132650435
132650445
132650452
132650460
132650465
132650472
132650478
132650617
132650626
132650628
132650629
132651118
132651120
132651125
132651131
132651146
132651148
132651162
132651168
132651171
132651175
132651177
132651247
132651279
132651285
132651685
132651691
132651694
132651695
132651699
132651703
132651713
132651719
132651991
132651993
132651994
132651995
132652014
132652024
132652030
132652037
132652042
132652049
132652058
132652112
132652124
132652139
132652617
132652628
132652632
132652637
132652641
132652646
132652648
132652649
132652661
132652663
132652665
132653258
132653267
132653268
132653269
132653320
132653322
132653323
132653324
132653325
132654021
132654025
132654028
132654034
132654038
132654039
132654043
132654046
132654192
132654202
132654204
132654206
132654209
132654210
132654215
132654222
132654224
132654228
132654230
132654239
132654975
132654976
132654978
132654979
132654980
132654982
132654983
132654984
132654985
132654986
132655527
132655530
132655553
132655555
132655556
132655559
132655569
132655570
132655575
132655577
132655581
132655582
132656397
132656399
132656407
132656408
132656409
132656410
132656421
132656422
132656429
132657043
132657044
132657046
132657048
132657050
132657051
132657541
132657547
132657553
132657559
132657565
132657571
132657575
132657581
132657587
132657724
132657726
132658071
132658081
132658457
132658460
132658465
132658495
132658499
132658501
132658505
132658506
132658519
132658521
132658525
132658799
132658809
132658861
132658867
132658875
132658882
132658891
132658899
132658904
132658916
132659214
132659217
132820868
132820874
132820876
132820882
132820885
132820891
132820892
132820894
132820895
132820896
132820900
132820904
132820905
132820906
132820907
132820908
132820909
132820912
132820913
132820914
132820916
132820917
132820918
132820919
132820921
132821544
132821548
132821563
132821567
132821573
132821576
132822574
132822585
132822659
132822737
132822746
132822758
132822768
132822776
132822784
132822797
132822812
132822820
132822836
132822844
132822851
132822861
132822892
132822921
132823070
132823072
132823678
132823683
132823687
132823693
132823698
132823701
132823704
132823711
132823714
132823719
132823738
132823739
132823765
132823768
132823775
132823777
132823781
132823837
132823841
132823846
132823851
132823857
132823862
132823870
132823880
132824414
132824416
132824418
132824420
132824422
132824424
132824426
132824428
132824433
132824434
132824435
132824436
132825037
132825040
132825041
132825044
132825046
132825115
132825117
132825119
132825121
132825122
132825133
132825135
132825137
132825141
132825173
132825184
132825192
132825200
132825208
132825283
132825296
132825358
132825367
132825928
132825931
132825933
132825935
132825937
132825939
132825941
132827161
132827166
132827176
132827182
132827190
132827195
132827201
132827206
132827214
132827331
132827333
132827336
132827339
132827341
132827343
132827433
132827937
132827964
132827968
132827973
132827978
132827981
132827984
132827989
132827992
132827998
132828002
132828004
132828007
132828009
132828021
132828023
132828738
132828741
132828757
132828760
132828812
132828814
132828819
132828865
132828869
132828883
132828890
132828894
132829351
132829353
132829472
132829474
132829475
132829476
132829478
132829481
132829482
132829483
132829484
132829487
132829490
132829493
132830039
132830046
132830051
132830065
132830068
132830073
132830078
132830609
132830616
132830627
132830847
132830850
132830853
132830855
132830857
132830859
132830869
132830871
132830878
132831222
132831237
132831287
132831295
132831300
132831303
132831309
132831337
132831349
132831355
132831357
132831371
