128310946
128336416
128361086
128380966
128403022
128428015
128428050
128428111
128428194
128428268
128428346
128428433
128428474
128428496
128428501
128428507
128428512
128428517
128428524
128428529
128428533
128428536
128428539
128428540
128428547
128428550
128428557
128428561
128428563
128428565
128428917
128428951
128428987
128429024
128429050
128429076
128429097
128429114
128429129
128429143
128429150
128429154
128429164
128429166
128429174
128429178
128431629
128432707
128432732
128432758
128432772
128432781
128432788
128433716
128433758
128433783
128433794
128433797
128433803
128433806
128433807
128433808
128433809
128433811
128433813
128433816
128433817
128433818
128433821
128433824
128433825
128433827
128433836
128433886
128433959
128434038
128434110
128434229
128434340
128434349
128434357
128434370
128436586
128437105
128437135
128437195
128437274
128437356
128437419
128437483
128437557
128437586
128437609
128437614
128438635
128438639
128438647
128438648
128438651
128438652
128438655
128438661
128438665
128438668
128438693
128438746
128438906
128438953
128439125
128439157
128439182
128439240
128439256
128439276
128442425
128442433
128442436
128442438
128442441
128442445
128442448
128442451
128442454
128442472
128443493
128443494
128443497
128443499
128443503
128443505
128443507
128444365
128444425
128444470
128444499
128444514
128444516
128444526
128444530
128444531
128444537
128444548
128444556
128444568
128444573
128444581
128444586
128444621
128444694
128444777
128444864
128444924
128444981
128445024
128445055
128445078
128445082
128445093
128445097
128445107
128445112
128445117
128445121
128445127
128458785
128487677
128513978
128542265
128568553
128579132
128587605
128597159
128612317
128623349
128645751
128645921
128649432
128649526
128651272
128654060
128676895
128689910
128705997
128734565
128751137
128753635
128761445
128789077
128809618
128809698
128809739
128811630
128816668
128847982
128848498
128876199
128900968
128901014
128901077
128901157
128901230
128901281
128901319
128901344
128901360
128901367
128901369
128901372
128901378
128901381
128901386
128901388
128901394
128901395
128901397
128901400
128901404
128901405
128901411
128901421
128901426
128901735
128901777
128901838
128901878
128901917
128901944
128901973
128902000
128902021
128902043
128902080
128902112
128902125
128902148
128902160
128904877
128906148
128906164
128906183
128906195
128906207
128906222
128906231
128907476
128907485
128907494
128907501
128907508
128907519
128907527
128907537
128907546
128907552
128907558
128907565
128907572
128907580
128907588
128907636
128907697
128907782
128907903
128908015
128908062
128908094
128908113
128908164
128908194
128908212
128908221
128908231
128908243
128912133
128912142
128912144
128912150
128912154
128912157
128912162
128912170
128912176
128912182
128912186
128913352
128913399
128913603
128913625
128913646
128913693
128913740
128913823
128913870
128913897
128913923
128913956
128913989
128914001
128914037
128914039
128914044
128914074
128914121
128914268
128917896
128917941
128917963
128917976
128917985
128918011
128918026
128918029
128918031
128918038
128918458
128918885
128918949
128918985
128919016
128919031
128919041
128919049
128919509
128919514
128919517
128919520
128919529
128919600
128919754
128919804
128919857
128919911
128920001
128920007
128920011
128920015
128920018
128920020
128920022
128920024
128920026
128920027
128920029
128920030
128920039
128920085
128920205
128920238
128920364
128920393
128920424
128920452
128920495
128920520
128920540
128932052
128932123
128934898
128939348
128941244
128945648
128962945
128973928
128984993
128990313
128996166
129008531
129017916
129043326
129068683
129068975
129069092
129093569
129095211
129110289
129123418
129143682
129151674
129179580
129179592
129181408
129181915
129207539
129232160
129238795
129242575
129251678
129252280
129267717
129269356
129284921
129296494
129296656
129298462
129325913
129353518
129378570
129403642
129426700
129428542
129432676
129432679
129457164
129486440
129498923
129498927
129498929
129498931
129498932
129509215
129509231
129509311
129509403
129509425
129509608
129509639
129509661
129509668
129509676
129509685
129509691
129509693
129509696
129509697
129509712
129509762
129509846
129509865
129509995
129510031
129510057
129510072
129510087
129510134
129510148
129510164
129510528
129510569
129510615
129510673
129510698
129510702
129510706
129510709
129510710
129510715
129510717
129510721
129510722
129510731
129510745
129510820
129510930
129511003
129512401
129515069
129515149
129515845
129515846
129515847
129515867
129515922
129516032
129516069
129516107
129516144
129516176
129516215
129516244
129516281
129516314
129516331
129516378
129516391
129516407
129516423
129516435
129516443
129516453
129516458
129516461
129516480
129516584
129516667
129516704
129516752
129516862
129519532
129519535
129519539
129519555
129519604
129519664
129519730
129519771
129519784
129519815
129519830
129520825
129520846
129520914
129520929
129520939
129520942
129520946
129520953
129520956
129520957
129520962
129520998
129521121
129521177
129521373
129521395
129521412
129521417
129521419
129521422
129524463
129524465
129524468
129524469
129524473
129524474
129524476
129524477
129524480
129524481
129525292
129525310
129525333
129525353
129525367
129525387
129526004
129526026
129526089
129526158
129526228
129526282
129526384
129526433
129526454
129526466
129526477
129526478
129526483
129526485
129526488
129526490
129526491
129526492
129526493
129526495
129526513
129526563
129526652
129526725
129526804
129526838
129526961
129526978
129526998
129527007
129527027
129527033
129527038
129537148
129555514
129580935
129606720
129633463
129667871
129695890
129722914
129726143
129726144
129726633
129749812
129778541
129799911
129804619
129829924
129838012
129854531
129868216
129870656
129870689
129883198
129910997
129926111
129927949
129933646
129933682
129933760
129933852
129933931
129933985
129934039
129934075
129934110
129934137
129934159
129934170
129934182
129934196
129934200
129934205
129934208
129934211
129934212
129934215
129934216
129934217
129934219
129934223
129934226
129934511
129934563
129934613
129934663
129934712
129934764
129934788
129934813
129934830
129934845
129934855
129934867
129934881
129934887
129934893
129934897
129937414
129938546
129938550
129938555
129938562
129938565
129938566
129939571
129939573
129939575
129939576
129939585
129939587
129939589
129939590
129939592
129939594
129939595
129939597
129939600
129939602
129939603
129939621
129939672
129939751
129939894
129939981
129940023
129940061
129940089
129940144
129940167
129940175
129940180
129940184
129940188
129943481
129943490
129943499
129943504
129943510
129943512
129943515
129943521
129943524
129943529
129943531
129944584
129944648
129944890
129944937
129944979
129945017
129945043
129945116
129945144
129945155
129945169
129945182
129945189
129945193
129945197
129945199
129945228
129945367
129945440
129945565
129949493
129949496
129949498
129949500
129949503
129949506
129949507
129949508
129949510
129949513
129950640
129950643
129950647
129950654
129950657
129950658
129951171
129951177
129951217
129951301
129951386
129951430
129951498
129951550
129951606
129951639
129951710
129951763
129951805
129951821
129951827
129951831
129951832
129951835
129951837
129951840
129951879
129951945
129952029
129952166
129952226
129952332
129952334
129952335
129952361
129952368
129952370
129952371
129963771
129963826
129964272
129964738
129991503
130017585
130018115
130018642
130028829
130028915
130028959
130029114
130039422
130043381
130043387
130043818
130043929
130043950
130044523
130044537
130049450
130070361
130071832
130091994
130092005
130099076
130126528
130142131
130143348
130143971
130144634
130145068
130147853
130148088
130148096
130163194
130171168
130190910
130218140
130220362
130246014
130256230
130276701
130313350
130333287
130333391
130339005
130347072
130348159
130373472
130384590
130384755
130384809
130400108
130402815
130426852
130444143
130446190
130446321
130446322
130448144
130448152
130449715
130449720
130449721
130449723
130449727
130449728
130449730
130449732
130449737
130449741
130449744
130449747
130449748
130449751
130449753
130449756
130449759
130449761
130449763
130449765
130449766
130449767
130449770
130449771
130449781
130449785
130449787
130449789
130449794
130449796
130449800
130449802
130449803
130449805
130449808
130449810
130449813
130449815
130449818
130449820
130450225
130450313
130450314
130450316
130450318
130450320
130450323
130450325
130450425
130450427
130450429
130450431
130450433
130450437
130450438
130450440
130450442
130450443
130450445
130450446
130450450
130450451
130450453
130450457
130450458
130450459
130450461
130450464
130450467
130450468
130450469
130450471
130450472
130450476
130450477
130450478
130450480
