17.562
17.892
17.473
20.672
29.090
20.231
18.817
17.262
19.075
19.896
25.075
17.250
19.904
20.671
19.318
18.182
18.858
17.590
18.117
19.668
18.832
17.132
18.507
17.688
18.138
18.309
22.741
19.215
17.374
17.727
17.757
21.144
22.488
18.303
18.542
18.720
17.342
17.204
18.661
18.545
19.399
17.707
18.005
18.232
17.080
18.366
18.894
20.172
20.191
18.921
17.864
18.512
18.509
19.021
19.344
18.538
18.677
17.921
18.495
17.915
17.625
18.355
18.777
17.657
18.107
19.922
19.058
18.562
17.635
18.997
18.810
19.567
20.381
19.798
18.294
18.582
20.103
18.493
17.618
19.000
18.651
18.419
16.889
20.035
19.481
21.121
18.364
18.077
17.877
19.288
18.498
19.701
17.632
17.219
