13.653
12.601
14.989
16.003
17.004
13.786
17.134
12.402
12.660
14.379
15.426
13.176
13.360
12.101
12.469
14.188
13.760
12.785
12.548
12.027
12.405
11.437
11.167
12.231
11.896
15.846
13.660
12.496
13.604
12.768
11.734
14.819
16.759
12.910
18.897
14.595
11.318
11.582
12.553
12.552
12.018
12.397
12.539
12.422
11.942
12.174
13.106
14.673
13.775
11.905
12.250
12.238
15.436
15.732
12.746
12.526
13.718
12.573
13.264
12.783
13.062
12.772
12.204
15.526
14.765
12.355
12.425
12.836
12.105
11.595
13.555
13.295
12.089
7.904
3.444
13.055
12.767
12.295
11.774
14.228
12.563
12.542
11.949
11.614
12.443
14.949
11.905
16.142
12.600
11.989
12.326
14.223
12.620
15.253
13.063
12.305
