16.217
15.830
17.418
18.992
18.696
18.166
17.449
16.951
16.603
16.394
16.811
15.925
16.025
15.255
15.588
16.218
18.946
20.394
17.385
16.908
17.327
16.929
16.287
16.993
16.242
16.404
16.805
16.867
15.918
16.550
16.634
20.149
17.649
18.475
20.153
19.458
16.442
16.339
18.544
16.055
16.811
17.197
16.390
19.352
18.252
16.490
17.167
17.169
23.277
15.778
15.941
16.171
17.383
17.392
15.464
16.685
17.379
16.091
16.402
16.717
17.410
17.163
16.223
17.549
16.694
17.531
16.835
14.589
18.841
17.311
16.011
16.566
15.920
15.767
16.171
15.675
18.859
16.957
18.063
17.646
15.968
16.569
16.376
16.710
16.007
16.228
16.476
17.612
20.257
18.151
16.213
15.452
15.336
12.888
16.487
16.933
16.519
17.067
16.234
15.682
16.563
19.499
18.667
17.993
13.437
15.871
16.363
16.257
15.971
15.695
16.536
16.784
16.649
16.595
15.675
15.290
15.796
16.275
16.171
17.475
15.764
16.659
18.131
16.375
16.915
17.326
16.429
18.778
17.216
17.148
15.478
16.450
17.505
16.514
15.578
16.477
15.633
36.271
27.668
36.014
16.548
34.197
18.438
17.289
17.458
17.407
16.204
16.459
16.980
17.063
15.273
15.730
17.065
16.179
17.130
16.006
16.687
17.607
17.740
17.426
16.925
16.720
16.186
17.539
17.207
16.652
15.859
17.682
14.900
16.065
17.162
17.506
16.981
16.236
17.066
24.041
15.561
15.269
17.234
16.093
13.833
15.915
14.446
16.041
16.850
17.081
16.859
16.856
18.131
15.911
16.320
35.845
30.370
31.860
30.751
27.641
32.506
32.771
16.979
15.446
37.401
27.652
31.500
15.939
15.225
18.575
17.363
17.793
16.355
16.769
16.586
17.027
15.527
15.878
15.249
16.015
15.896
17.201
17.212
16.685
16.337
16.213
16.246
15.729
15.928
18.848
15.814
15.308
15.606
15.461
15.563
16.521
16.202
16.681
18.707
16.349
