12.023
12.313
11.852
13.290
13.151
13.593
13.117
13.305
12.920
12.360
13.386
12.773
12.967
12.721
13.458
13.297
12.362
13.664
14.402
15.140
13.913
13.624
15.349
16.395
12.504
12.308
13.316
12.916
12.299
13.214
12.548
13.402
13.108
14.918
14.032
13.556
16.879
19.706
13.389
13.231
12.755
12.967
13.410
12.911
13.769
14.698
14.892
13.973
12.186
12.756
19.943
12.525
13.041
11.881
13.276
13.682
12.931
12.898
13.245
12.988
13.139
12.775
13.950
12.843
13.894
13.241
8.479
12.619
13.515
12.952
12.966
14.710
13.389
11.954
12.577
12.830
12.845
13.835
12.879
12.262
13.661
14.049
12.768
13.477
12.779
13.117
12.829
13.652
12.676
12.531
13.656
12.917
13.733
12.418
12.311
11.341
13.011
13.286
12.297
13.188
12.491
13.060
13.104
12.847
12.871
15.401
12.380
13.622
13.899
13.062
12.333
10.619
14.054
12.985
13.889
13.225
13.373
13.339
13.339
13.852
11.909
15.582
15.298
13.884
13.086
12.570
12.900
12.076
13.220
12.613
12.268
13.498
13.039
12.839
11.440
13.184
14.395
14.426
12.392
14.431
13.660
12.529
12.787
12.893
15.176
14.116
13.033
12.803
15.477
13.478
15.386
14.547
14.196
14.282
14.196
14.264
13.042
13.471
12.750
13.881
12.590
12.380
13.688
13.727
13.306
13.526
13.556
12.506
14.004
14.204
13.208
12.948
13.199
13.818
13.510
13.063
22.321
13.150
21.278
11.504
11.267
11.410
12.388
11.845
11.284
11.720
13.040
10.542
14.592
12.276
11.458
11.658
12.280
13.467
12.180
13.159
12.076
11.541
10.365
12.036
13.263
13.023
11.867
12.934
11.958
14.275
12.021
11.785
11.891
12.509
12.737
13.850
12.712
13.246
12.558
13.446
12.781
13.163
12.308
12.427
12.690
13.824
13.883
16.582
12.559
