78.675
80.016
76.717
56.506
79.971
79.239
83.026
82.932
81.313
80.022
77.518
76.805
80.644
79.851
81.952
81.060
81.664
80.034
84.618
89.475
87.312
85.231
84.361
84.086
84.107
83.071
82.301
79.108
79.269
73.979
84.015
85.263
88.719
78.889
79.765
89.709
72.475
72.096
71.636
72.827
71.520
72.599
71.679
88.437
79.273
79.158
75.349
73.904
79.437
77.366
75.411
73.956
71.406
85.682
73.149
74.919
73.513
73.307
72.519
73.751
71.623
74.765
75.196
67.102
80.212
75.370
74.634
73.640
72.456
83.045
78.937
75.917
79.829
76.676
75.988
78.700
82.027
79.260
80.468
83.981
79.933
79.495
78.960
69.383
78.326
87.094
79.789
82.478
76.078
73.291
84.251
60.013
77.369
63.830
73.208
79.494
75.151
71.675
44.321
67.199
74.453
100.146
54.119
77.708
83.915
80.933
82.885
67.315
82.824
82.691
86.535
81.002
83.869
87.396
89.425
77.139
93.047
91.407
92.059
89.302
73.407
92.262
80.933
80.375
84.082
85.274
79.316
82.836
79.722
91.523
81.096
87.024
80.707
85.066
82.246
87.503
82.565
82.301
83.252
82.965
86.205
79.792
88.899
85.231
92.988
87.875
91.398
84.734
91.636
76.528
80.752
92.828
74.931
77.664
80.550
84.261
84.847
90.677
84.071
94.638
86.981
80.166
74.461
94.671
82.041
77.300
88.311
95.142
89.577
92.637
86.135
83.380
83.677
93.149
87.913
78.524
78.710
76.724
83.246
83.625
84.126
91.337
86.298
88.292
89.042
79.262
90.750
82.110
79.337
84.190
92.750
83.953
92.282
80.103
93.057
82.133
89.515
80.633
81.917
80.171
93.780
82.389
98.791
79.593
76.117
89.942
89.816
86.173
86.273
105.038
88.414
89.808
92.098
88.185
88.110
85.824
86.695
94.020
90.837
94.537
