15.097
15.141
14.881
25.526
18.280
16.895
16.146
17.972
15.414
15.174
15.131
2.360
15.485
15.356
15.269
15.595
16.392
17.387
17.517
17.605
18.323
18.228
18.115
16.025
15.325
15.972
16.494
15.610
17.602
15.130
27.827
27.753
16.917
17.301
18.011
22.442
21.557
15.861
16.121
17.182
15.514
15.545
16.195
14.581
17.406
17.692
17.699
17.327
16.196
18.572
15.449
15.208
14.883
16.063
16.938
17.786
15.833
15.285
16.849
16.457
16.019
18.442
21.015
15.795
15.873
17.351
15.746
15.290
15.742
13.891
19.563
18.556
17.352
16.344
15.365
16.197
15.624
15.239
17.864
15.724
16.104
17.027
18.493
15.809
16.090
15.616
15.322
16.723
16.559
16.700
17.474
16.232
6.518
16.682
16.125
15.444
14.756
16.047
14.141
18.115
16.161
15.159
15.330
15.633
18.225
17.633
17.695
14.878
15.765
16.752
16.858
16.978
16.271
17.512
16.495
16.122
16.033
14.897
16.988
15.651
17.163
15.490
17.672
13.572
16.058
18.516
16.838
17.276
14.788
14.547
15.351
16.273
14.326
17.405
16.835
16.139
16.292
15.927
17.880
16.800
16.749
16.737
17.223
16.335
17.664
20.641
17.473
17.225
15.943
17.917
16.962
15.770
16.463
16.838
17.524
14.488
17.582
16.151
13.647
15.621
15.031
17.377
18.098
14.559
16.714
15.818
16.969
16.547
16.911
17.026
15.386
16.585
14.196
17.974
16.845
15.933
16.307
15.003
15.492
14.610
16.807
15.760
12.785
13.865
13.889
15.949
14.896
17.209
13.254
16.792
14.579
16.737
15.867
13.831
15.916
16.579
16.072
15.872
14.311
17.180
14.131
15.072
16.111
14.056
16.367
14.716
15.389
15.634
15.472
14.297
15.509
14.144
18.262
16.616
15.765
16.197
15.815
15.208
14.303
14.998
16.819
16.386
99.699
15.780
15.691
15.084
16.001
16.175
15.964
16.235
14.908
15.463
15.849
16.737
17.662
19.886
17.006
