124187062
124195001
124210696
124226589
124241685
124257246
124257820
124273075
124288597
124303860
124320882
124337366
124353325
124369534
124387158
124387758
124402661
124418148
124435363
124452200
124452852
124468760
124483588
124498778
124514029
124529443
124544936
124545426
124560223
124575131
124591134
124606565
124622288
124639742
124656493
124673568
124688900
124704313
124719068
124734527
124750011
124765567
124780792
124797856
124816383
124832972
124849919
124866173
124881969
124898084
124913551
124930307
124947308
124971127
124971718
124995021
125019813
125039928
125066363
125082979
125101276
125118442
125129904
125144183
125159948
125176422
125189066
125201231
125213759
125227932
125237979
125239028
125240580
125250778
125263403
125275972
125289457
125304864
125320597
125321099
125336997
125354057
125367396
125384344
125384816
125400538
125418065
125433817
125449435
125465443
125481034
125496251
125512677
125530270
125547557
125564211
125578495
125591025
125604494
125616812
125625152
125632207
125644975
125657615
125670057
125683898
125698269
125710865
125723337
125735746
125749230
125761850
125775457
125788723
125804474
125820659
125835248
125862746
125890466
125905479
125932247
125965471
125991123
126017168
126044138
126069176
126094648
126120330
126148385
126179247
126204107
126225025
126250455
126275664
126301009
126326227
126351665
126377456
126402637
