44.006
50.875
57.479
57.028
63.605
67.201
61.866
62.064
70.589
56.620
57.135
52.823
51.670
52.391
53.604
58.695
55.667
57.133
57.008
54.748
54.793
53.733
58.377
53.234
54.425
53.186
52.927
52.445
51.750
54.064
52.246
54.052
47.983
51.617
50.703
50.060
47.961
49.291
50.396
48.401
48.155
54.509
54.129
53.213
54.738
52.246
55.207
52.456
53.756
54.185
52.934
54.395
54.107
58.440
50.931
52.784
53.804
17.162
52.157
53.260
49.494
55.724
54.111
52.325
49.749
52.269
53.131
49.748
48.564
51.598
46.567
50.793
53.170
49.908
51.549
52.945
54.395
54.362
52.576
57.849
57.278
59.789
59.889
53.044
53.375
47.786
50.818
55.219
56.162
52.159
51.918
54.405
49.024
52.570
53.258
54.821
53.408
54.305
56.141
52.471
50.358
46.780
48.462
50.335
49.459
44.866
47.402
49.066
50.387
53.305
48.092
50.780
54.198
51.358
52.100
52.832
51.817
53.375
51.068
46.965
50.955
48.006
51.109
50.370
48.559
49.830
51.457
47.106
44.470
48.996
50.406
45.637
51.992
51.660
46.606
47.438
48.144
46.923
48.963
50.171
46.365
51.026
