14.119
13.490
15.053
14.717
16.375
17.426
15.082
24.757
13.451
15.232
14.248
14.114
14.463
15.071
15.763
14.819
16.055
15.343
15.783
29.992
7.981
16.764
14.415
14.203
14.639
13.582
13.780
13.423
10.959
15.237
15.656
23.966
16.890
9.547
2.003
2.836
15.614
20.809
14.367
17.295
15.792
14.355
15.058
13.531
14.657
14.183
13.716
15.752
16.152
15.066
14.265
15.768
13.932
13.872
13.561
14.749
16.419
14.032
14.577
18.624
14.952
10.671
9.383
15.709
17.667
16.998
20.097
15.360
17.450
14.474
14.852
21.398
14.404
15.673
14.773
15.596
13.440
16.302
16.302
15.562
18.629
13.756
16.440
14.223
14.475
13.526
15.266
17.352
15.194
14.525
19.260
14.855
14.260
13.997
15.882
14.765
14.990
14.632
13.600
14.306
17.110
14.908
15.144
20.440
14.617
14.553
17.592
16.044
16.234
17.333
15.341
16.380
18.107
14.253
16.180
16.987
19.483
16.039
16.281
14.544
15.296
15.210
14.842
14.910
14.883
14.275
14.762
15.494
16.275
15.011
27.065
1.915
15.047
17.347
23.899
16.375
15.270
15.085
15.812
15.269
20.836
14.214
15.956
15.302
17.118
16.709
16.551
1.484
16.828
16.687
15.760
13.470
