15.657
16.250
17.315
17.740
17.917
19.148
27.254
25.270
15.875
15.457
16.042
16.279
15.365
25.210
17.299
16.544
17.366
17.586
16.672
16.954
16.499
18.141
16.293
16.067
16.056
15.612
16.065
15.472
16.424
19.406
17.642
21.823
15.808
20.928
18.371
16.532
17.192
16.138
15.870
14.981
16.893
18.070
17.972
17.491
17.570
18.553
18.918
18.213
16.202
15.789
17.499
16.824
16.875
18.020
17.195
19.224
18.751
20.073
19.099
19.856
16.175
18.712
19.438
16.179
15.779
15.767
18.233
16.563
18.375
18.645
18.516
18.378
17.497
15.967
16.165
15.762
17.243
16.837
18.805
16.984
19.170
17.681
22.359
17.517
16.776
16.031
17.176
16.191
16.321
16.327
16.912
16.695
17.595
15.950
17.140
18.963
16.464
17.530
18.695
17.454
16.757
15.833
16.094
16.012
18.426
17.180
15.858
18.447
16.338
18.540
15.854
16.741
15.728
16.161
16.506
16.119
17.212
15.462
19.533
16.649
16.003
17.401
16.695
21.315
17.258
18.024
17.245
17.307
16.429
17.875
16.945
16.783
16.870
15.786
18.145
17.887
18.474
17.324
16.416
