53.633
54.431
55.560
60.166
57.199
59.083
58.853
56.638
56.016
55.554
60.213
55.035
56.224
54.983
54.798
54.407
54.033
56.485
54.287
56.205
50.293
53.491
52.083
51.940
49.846
51.170
52.291
50.340
50.125
56.147
55.981
55.034
55.051
54.073
57.009
54.274
55.109
56.005
54.845
56.247
55.983
60.325
52.970
54.733
55.714
17.827
54.197
54.907
51.404
57.003
56.094
54.350
51.895
54.387
55.252
51.904
50.907
53.738
48.029
52.336
54.582
51.394
53.590
54.933
56.397
56.363
53.873
59.791
58.691
61.857
61.412
54.499
55.417
49.922
52.901
57.220
58.192
54.278
53.230
56.516
50.539
54.689
54.759
56.724
55.365
56.291
58.113
54.473
52.107
48.912
49.971
51.819
51.525
45.785
48.918
51.254
51.903
55.346
49.630
52.851
56.296
53.440
53.836
54.894
53.336
54.870
53.178
49.227
53.019
50.046
53.190
52.474
50.824
52.046
53.010
48.529
46.095
51.128
52.526
47.321
53.393
53.770
48.807
49.434
50.159
49.028
51.119
52.263
46.665
51.346
46.991
52.593
53.169
50.397
47.455
47.953
50.521
53.791
51.520
53.226
55.031
55.813
52.727
52.275
49.216
57.072
53.468
49.426
51.334
