16.508
15.597
25.360
17.503
16.758
17.599
17.802
16.877
17.164
16.712
18.339
16.495
16.296
16.116
15.865
16.336
15.685
16.700
19.613
17.847
22.024
16.065
21.141
18.557
16.781
17.320
16.266
15.999
15.129
17.061
18.123
18.194
17.696
17.760
16.042
17.785
17.073
17.139
18.292
17.508
19.558
19.138
20.344
19.574
20.264
16.475
18.970
19.691
16.473
16.063
16.044
18.584
16.903
18.783
18.927
18.785
18.559
17.570
16.162
16.367
15.954
17.434
17.017
18.973
17.184
19.309
17.839
22.513
17.673
16.935
16.198
17.392
16.372
16.508
16.507
17.078
16.897
17.795
16.112
17.400
19.181
16.684
17.704
18.861
17.619
16.941
16.041
16.280
16.218
18.617
17.379
16.063
18.652
16.546
18.716
16.057
16.927
15.940
16.363
16.680
16.297
17.392
15.658
19.688
16.826
16.193
17.572
16.932
21.542
17.435
18.259
17.501
17.550
16.649
18.085
17.162
17.151
17.040
16.005
18.319
18.186
18.714
17.405
16.482
16.994
17.660
20.486
17.200
17.426
16.201
15.736
15.194
16.049
18.032
18.165
17.079
17.087
17.731
18.581
17.273
18.516
16.060
17.095
15.649
