127587886
127587924
127587937
127587967
127587978
127587982
127588001
127588005
127588008
127588014
127588017
127588021
127588023
127588024
127588025
127588027
127588028
127588030
127588031
127588579
127588589
127588593
127588602
127588614
127589420
127589422
127589424
127589425
127589429
127589431
127589433
127589441
127589448
127589454
127589485
127589521
127589601
127589626
127589676
127589694
127589725
127589742
127589753
127590064
127590066
127590067
127590069
127590076
127590077
127591324
127591327
127591331
127591336
127591339
127591344
127591348
127591351
127591355
127591358
127591361
127591364
127591366
127591370
127591382
127591421
127591467
127591494
127591536
127592413
127592423
127592450
127592481
127592503
127592513
127592521
127592524
127592527
127592531
127592533
127592537
127592538
127592541
127592547
127592548
127592549
127592555
127592561
127592994
127593018
127593023
127593031
127593076
127593090
127593374
127593382
127593393
127593410
127593419
127593452
127593918
127593921
127593922
127593924
127593925
127593926
127593927
127593930
127593931
127593934
127593938
127593944
127594515
127594518
127594519
127594520
127594531
127594541
127594544
127594545
127594548
127594549
127594555
127594559
127594562
127595264
127595272
127595276
127595277
127595283
127595865
127595897
127595904
127595905
127595909
127595913
127595916
127595919
127595924
127595928
127595931
127595934
127595937
127596449
127596472
127596498
127596503
127596511
127596520
127596530
127596533
127596537
127596544
127596546
127596553
127596972
127597025
127597049
127597075
127597083
127597098
127597122
127597653
127597674
127597684
127597724
127597735
127597762
127597774
127597800
127597807
127597814
127598464
127598468
127598472
127598474
127598479
127598480
127598482
127598485
127598490
127598491
127598493
127598494
127598498
127598500
127598501
127598502
127598503
127598506
127741350
127741355
127741362
127741369
127741372
127741373
127741378
127741384
127741386
127741387
127741392
127741395
127741396
127741398
127741400
127741402
127741407
127741412
127741413
127741490
127741494
127741497
127741500
127741505
127741513
127741514
127741516
127741518
127741520
127741522
127741523
127741634
127741636
127741637
127741639
127741643
127741727
127741733
127741762
127741765
127741766
127741768
127741771
127741775
127741821
127741823
127741825
127741827
127741830
127741831
127741833
127741835
127741837
127741840
127741841
127741842
127741845
127741847
127741848
127741853
127741854
127741903
127741904
127741905
127742055
127742059
127742062
127742064
127742067
127742069
127742070
127742073
127742077
127742080
127742081
127742083
127742085
127742087
127742089
127742091
127742095
127742097
127742102
127742208
127742210
127742213
127742294
127742297
127742299
127742301
127742303
127742305
127742307
127742400
127742402
127742440
127742496
127742498
127742537
127742542
127742595
127742597
127742599
127742602
127742782
127742787
127742789
127742790
127742792
127742794
127742798
127742804
127742806
127742808
127742809
127742810
127742817
127742819
127742854
127742877
127742879
127742885
127742886
127742887
127742890
127742892
127742893
127742897
127742906
127743028
127743030
127743038
127743046
127743051
127743078
127743080
127743082
127743083
127743085
127743087
127743089
127743092
127743096
127743098
127743099
127743104
127743105
127743204
127743206
127743280
127743290
127743327
127743331
127743335
127743339
127743421
127743424
127743426
127743429
127743430
127743433
127743438
127743441
127743496
127743499
127743500
127743503
127743505
127743508
127743509
127743512
127743610
127743616
127743657
127743659
127743662
127743664
127743665
127743667
127743674
127743676
127743678
127743686
127743687
127743694
127743702
127743704
127743707
127743870
127743871
127743873
127743874
127743875
127743877
127743882
127743883
127743884
127743889
127743891
127743896
127743899
127743901
127743904
127743908
127743910
127743912
127743915
127744080
127744083
127744087
127744090
127744093
127744097
127744103
127744105
127744108
127744109
127744110
127744112
127744115
127744117
127744121
127744122
127744123
127744125
127744284
127744286
127744291
127744293
127744295
127744299
127744301
127744303
127744306
127744307
127744309
127744311
127744312
127744317
127744319
127744325
127744331
127744333
127744338
127744437
127744470
127744472
127744475
127744478
127744482
127744484
127744485
127744488
127744490
127744492
127744494
127744517
127744544
127744545
127744546
127744548
127744549
127744550
127744551
127744636
127744638
127744669
127744673
127744674
127744676
127744711
127744714
127744742
127744743
127744744
127744746
127744748
127744749
127744750
127744829
127744835
127744904
127744909
127745051
127745053
127745060
127745133
127745139
127745143
127745184
127745189
127745192
127745267
127745276
127745306
127745308
127745309
127745310
127745311
127745312
127745313
127745314
127745329
127745332
127745346
127745347
127745348
127745349
127745350
128066504
128066507
128066510
128066511
128066523
128066539
128066544
128066551
128066564
128066568
128066590
128066600
128066613
128066629
128066644
128066668
128066677
128066687
128066717
128067165
128067170
128067179
128067195
128067198
128067907
128067911
128068664
128068667
128068673
128068694
128068698
128068701
128068702
128068703
128068711
128068714
128068716
128068721
128068725
128068736
128068737
128068740
128068747
128069222
128069223
128069227
128069229
128069233
128069239
128069243
128069247
128069251
128069254
128069255
128069265
128069271
128069295
128069304
128069308
128069339
128069343
128069352
128069837
128069839
128069847
128069853
128069858
128070351
128070352
128070353
128070355
128070357
128070359
128070365
128070366
128070367
128070368
128070370
128070371
128070374
128070375
128070721
128070726
128070735
128070739
128070743
128070745
128070747
128071034
128071063
128071078
128071102
128071107
128071113
128071119
128071124
128071131
128071877
128071880
128071883
128071887
128071891
128071892
128071894
128072286
128072287
128072295
128072300
128072303
128072305
128072589
128072592
128072619
128072628
128072645
128072649
128073105
128073118
128073503
128073504
128073508
128073510
128073515
128073516
128073517
128073518
128073520
128073522
128073523
128073525
128073527
128074032
128210442
128210452
128210461
128210497
128210507
128210551
128210600
128210627
128210726
128210756
128210766
128210780
128210797
128210810
128210864
128210883
128210917
128210932
128210958
128210961
128211473
128211479
128211504
128211509
128211517
128211554
128211560
128211566
128211584
128211593
128211599
128211612
128211615
128211617
128211618
128211627
128211860
128211894
128211909
128211965
128212000
128212025
128212435
128212437
128212439
128212444
128212450
128212454
128212456
128212458
128213024
128213027
128213028
128213030
128213032
128213036
128213039
128214426
128214437
128214468
128214535
128214581
128214603
128214627
128214677
128214699
128214777
128214808
128214853
128214869
128214888
128214900
128214914
128214918
128214920
128214925
128215480
128215489
128215510
128215513
128215557
128215569
128215572
128215578
128215585
128215586
128215592
128215593
128215595
128215597
128215598
128215600
128215601
128215603
128215606
128216065
128216112
128216121
128216134
128216144
128216157
128216326
128216338
128216368
128216378
128216392
128216409
128216419
128216448
128216461
128216493
128216527
128216544
128216954
128216956
128216958
128216959
128216960
128216963
128216965
128216966
128217608
128217613
128217617
128217620
128217622
128217626
128217633
128217637
128217639
128217640
128217642
128217643
128217646
128217647
128218145
128218751
128218818
128219356
128219361
128219365
128219367
128219369
128219374
128219381
128219383
128219387
128219388
128219390
128219397
128219402
128219408
128219414
128219423
128219428
128219431
128219432
128219434
128220543
128220964
128220996
128221007
128221010
128221022
128221036
128221039
128221040
128221052
128221083
128221184
128221192
128221217
128221227
128221258
128221274
128221293
128221375
128221419
128221452
128221512
128221530
128221573
128221622
128221631
128221888
128222175
128222803
128222866
128222871
128222936
128223044
128223377
128223378
128223766
128223781
128223789
128223805
128223823
128223836
128223861
128223867
128223875
128223887
128223889
128223891
128223893
128223926
128223928
128224538
128224539
128224543
128224544
128224546
128224547
128224552
128225036
128225043
128225047
128225062
128225063
128225071
128225074
128225077
128225081
128225084
128225087
128225101
128225120
128225124
128225126
128225130
128225736
128225738
128225741
128226289
128226780
128226804
128226811
128226857
128228367
128228916
128229448
128229506
128230022
128774560
128774561
128774596
128774624
128774715
128774741
128774813
128774859
128774876
128774889
128774899
128774923
128774933
128774971
128774981
128775017
128775036
128775043
128775046
128775049
128775405
128775412
128775418
128775429
128775436
128775452
128775465
128775472
128775497
128775514
128775540
128775547
128775561
128776205
128776212
128776253
128776327
128776365
128776370
128776373
128777029
128777031
128777033
128777411
128777446
128777482
128777487
128777498
128777548
128777555
128777878
128777889
128777901
128777918
128777931
128778009
128778025
128778033
128778075
128778113
128778151
128778161
128778188
128778217
128778233
128778247
128778268
128778272
128778284
128779012
128779013
128779017
128779021
128779024
128779025
128779027
128779030
128779033
128779035
128779037
128779041
128779043
128779044
128779051
128779053
128779058
128779066
128779080
128779099
128779987
128779996
128780037
128780109
128780123
128780236
128780262
128780313
128780327
128780597
128780610
128780643
128780678
128780704
128780770
128780882
128780896
128780898
128780946
128780960
128781020
128781050
128781059
128781087
128781090
128781098
128781099
128781102
128781104
128781708
128781740
128781780
128781786
128781801
128781804
128781831
128781832
128781836
128781840
128781842
128781844
128781846
128781849
128782163
128782195
128782225
128782268
128782297
128782358
128782369
128782384
128782391
128782400
128782402
128782875
128782894
128782904
128782923
128782935
128782961
128782971
128782980
128782989
128782992
128782994
128782996
128783001
128940025
128940026
128940027
128940029
128940031
128940035
128940038
128940041
128940057
128940072
128940075
128940077
128940079
128940081
128940083
128940085
128940086
128940088
128940091
128940092
128940258
128940260
128940262
128940264
128940266
128940269
128940272
128940276
128940277
128940279
128940280
128940282
128940284
128940311
128940312
128940313
128940315
128940317
128940319
128940322
128940323
128940324
128940325
128940327
128940329
128940413
128940415
128940416
128940419
128940420
128940423
128940424
128940529
128940617
128940618
128940620
128940622
128940623
128940626
128940629
128940634
128940637
128940638
128940640
128940642
128940643
128940647
128940654
128940659
128940661
128940664
128940667
128940843
128940845
128940847
128940850
128940852
128940855
128940857
128940860
128940861
128940862
128940867
128940869
128940872
128940874
128940875
128940878
128940879
128940882
128940884
128940885
128940980
128940993
128940996
128940998
128940999
128941070
128941072
128941075
128941080
128941081
128941082
128941085
128941088
128941089
128941165
128941171
128941179
128941293
128941294
128941299
128941302
128941304
128941308
128941380
128941383
128941386
128941390
128941392
128941394
128941395
128941397
128941398
128941400
128941401
128941403
128941404
128941405
128941407
128941408
128941477
128941485
128941489
128941491
128941494
128941495
128941643
128941648
128941649
128941651
128941652
128941653
128941655
128941657
128941659
128941663
128941665
128941668
128941742
128941743
128941748
128941750
128941751
128941755
128941764
128941766
128941768
128941771
128941772
128941780
128941790
128941869
128941875
128941879
128941987
128941988
128941990
128941991
128941995
128941996
128941998
128942001
128942002
128942003
128942004
128942154
128942158
128942163
128942165
128942168
128942175
128942179
128942184
128942188
128942190
128942329
128942332
128942333
128942337
128942340
128942342
128942344
128942346
128942347
128942348
128942350
128942351
128942353
128942361
128942365
128942368
128942370
128942374
128942376
128942378
129096346
129096349
129096351
129096356
129096370
129096375
129096377
129096378
129096393
129096395
129096401
129096403
129096406
129096410
129096414
129096415
129096418
129096420
129096431
129096433
129096974
129096976
129096978
129096981
129096982
129096984
129096986
129097630
129097631
129097640
129097664
129097685
129097700
129097707
129097736
129097759
129097847
129097879
129097898
129097907
129097919
129097983
129097992
129098001
129098006
129098020
129098046
129098753
129098780
129098789
129098793
129098804
129098806
129098809
129098813
129098816
129098817
129098818
129098819
129098820
129098821
129098824
129098835
129098840
129098843
129098846
129098848
129099541
129099543
129099552
129099554
129099556
129099560
129099562
129099563
129099571
129100744
129100752
129100761
129100778
129100826
129100889
129100894
129100896
129100897
129100908
129100910
129100945
129100950
129100962
129100972
129101452
129101454
129101455
129101456
129101457
129101459
129101461
129101462
129101466
129101468
129101471
129101474
129101477
129101479
129101480
129102080
129102082
129102119
129102120
129102123
129102606
129102608
129102611
129102615
129102618
129102621
129102623
129102625
129102627
129102628
129102629
129102631
129102633
129102673
129102681
129102685
129102689
129102691
129103191
129103200
129103207
129103212
129103216
129103219
129103227
129103307
129103309
129103629
129103639
129103642
129103650
129103657
129103662
129103666
129103670
129103961
129103974
129104000
129104005
129104009
129104014
129104019
129104100
129104605
129104607
129104610
129104611
129104617
129104622
129105213
129105216
129105219
129105220
129105225
129105229
129105231
129105234
129105237
129105239
129105240
129105247
129105252
129105253
129105254
129105256
129105257
129105258
129105262
129105763
129105768
129105771
129105778
129105788
129105796
129106032
129106034
129106035
129106036
129106040
129106043
129106044
129106045
129106047
129106051
129106058
129106072
129106081
129106106
129106126
129106158
129106212
129106316
129106334
129107140
129107144
129107174
129107176
129107189
129107192
129107193
129107196
129107199
129107200
129107202
129107203
129107205
129107209
129107214
129107218
129107223
129107224
129107226
129107858
129107864
129107868
129107884
129107889
129107893
129107895
129107906
129107933
129107939
129107945
129107948
129107951
129108005
129108008
129108025
129108070
129108522
129108525
129108542
129108545
129108563
129108565
129109122
129109582
129109590
129109601
129109672
129109676
129110183
129110186
129110190
129110192
129110197
129110199
129110201
129110203
129110204
129110205
129110217
129110218
129110436
129110594
129110689
129110746
129111307
129111335
129111339
129111360
129111383
129111397
129111411
129111480
129111491
129111520
129111535
129111553
129111591
129111629
129111660
129111686
129111756
129111776
129111794
129111812
129111837
129112049
129112052
129112055
129112057
129112456
129112476
129112481
129112512
129112534
129112543
129112565
129112582
129112584
129112586
129112587
129112592
129112595
129112598
129112599
129112600
129112602
129112613
129261256
129261269
129261283
129261298
129261324
129261345
129261396
129261425
129261462
129261484
129261496
129261521
129261533
129261563
129261574
129261598
129261612
129261664
129261678
129261686
129262329
129262330
129262336
129262338
129262342
129262350
129262352
129262354
129262356
129262359
129262362
129262364
129262365
129262366
129262368
129263092
129263094
129263095
129263100
129263108
129263109
129263111
129263112
129263114
129263116
129263118
129263120
129263122
129264222
129264224
129264225
129264226
129264228
129264230
129264231
129264232
129264236
129264237
129264238
129264239
129264240
129264242
129264245
129264250
129264256
129264259
129264260
129264266
129265477
129265479
129265486
129265487
129265494
129265495
129265496
129265498
129265560
129265580
129265603
129265632
129265712
129265759
129265792
129265853
129266113
129266114
129266118
129267013
129267058
129267095
129267163
129267183
129267211
129267224
129267236
129267253
129267275
129267284
129267327
129267332
129267341
129267346
129267348
129267353
129267359
129267361
129267364
129267473
129267474
129267475
129267483
129267484
129268065
129268612
129268616
129268618
129268627
129268631
129268634
129268640
129268642
129268651
129268655
129268657
129268661
129268663
129268741
129268754
129268765
129268778
129268813
129269272
129269274
129269277
129269279
129269283
129269289
129269293
129269296
129269298
129269300
129269912
129269913
129269914
129269916
129269919
129269921
129269923
129269924
129269925
129269927
129269929
129269931
129269935
129269942
129270495
129270877
129270897
129270963
129270988
129270994
129271021
129271040
129271062
129271103
129271120
129271127
129271133
129271143
129271150
129271164
129271167
129271177
129271179
129271181
129271183
129271430
129271442
129271474
129271492
129271639
129271685
129271711
129271731
129271822
129271823
129271824
129271831
129271832
129271834
129271835
129271836
129271838
129271841
129272289
129272413
129272414
129272416
129272419
129272420
129272423
129272425
129272427
129272433
129272434
129272440
129272442
129272445
129272447
129272452
129272454
129272459
129273008
129273011
129273017
129273021
129273633
129273635
129273636
129273641
129273644
129273651
129273750
129273755
129273762
129273774
129273784
129273798
129273821
129273846
129273868
129273887
129273923
129273971
129274517
129274523
129274528
129274529
129274531
129274545
129274549
129274551
129274552
129274553
129274554
129274555
129274559
129274563
129274565
129274567
129274588
129274608
129275276
129275278
129275283
129275285
129275287
129275289
129275295
129275300
129275888
129275895
129275896
129275906
129275908
129275910
129275915
129275918
129275925
129275926
129275929
129275931
129275933
129275935
129275936
129275937
129275939
129276567
129276569
129276576
129276579
129276582
129756666
129756668
129756670
129756671
129756674
129756675
129756677
129756679
129756681
129756683
129756687
129756691
129756694
129756695
129756696
129756697
129756699
129756702
129756703
129756708
129757436
129757438
129757440
129757446
129757449
129757458
129757496
129758628
129758633
129758634
129758635
129758638
129758640
129759106
129759113
129759116
129759122
129759142
129759146
129759148
129759154
129759155
129759158
129759160
129759165
129759174
129759177
129759179
129759186
129759188
129759191
129759194
129759469
129759539
129759556
129759571
129759591
129759607
129759867
129759869
129759870
129759874
129759876
129760086
129760164
129760226
129760252
129760263
129760273
129760285
129760293
129760329
129760337
129760354
129760857
129760870
129760886
129760895
129760902
129760911
129760921
129760943
129760948
129761220
129761253
129761262
129761274
129761284
129761294
129761305
129761314
129761326
129761345
129761409
129761897
129761903
129761906
129761910
129761912
129761939
129761942
129762471
129762474
129762475
129762476
129762477
129762478
129762479
129762482
129762483
129762485
129762487
129762489
129762491
129762494
129762533
129762540
129762565
129762597
129762617
129762630
129763110
129763116
129763119
129763121
129763551
129763558
129763625
129763638
129763697
129763703
129763707
129763721
129763724
129763729
129763736
129763744
129763766
129763817
129763825
129763829
129763833
129764398
129764406
129764409
129764412
129764418
129764420
129764423
129764424
129764430
129764432
129764433
129764434
129764435
129764469
129764473
129764477
129764486
129764532
129764544
129764555
129764603
129764626
129764643
129764666
129764770
129765750
129765753
129765825
129765827
129765828
129765830
129765838
129765863
129765873
129765889
129765903
129766365
129766367
129766368
129766369
129766371
129766373
129766375
129766377
129766383
129766385
129766386
129766389
129766896
129766898
129766900
129766905
129766907
129766916
129766921
129766932
129767081
129767083
129767084
129767086
129767598
129767599
129767600
129767602
129767607
129767608
129767611
129767618
129767620
129767622
129767623
129767624
129767625
129767729
129767737
129767748
129767762
129767786
129767800
129767811
129767916
129768281
129768282
129768285
129768288
129768289
129768291
129768292
129768298
129768300
129768301
129768305
129768307
129768309
129768853
129768857
129768861
129768867
129768871
129768885
129768889
129768893
129769044
129769048
129769050
129769060
129769062
129769064
129769066
129769068
129769070
129769072
129769075
129770259
129770260
129770262
129770264
129770265
129770267
129770269
129770270
129770273
129770274
129770275
129770276
129770277
129770279
129770280
129770283
129770286
129770291
129770292
129770296
129770681
129770696
129770733
129770755
129770771
129770983
129770986
129770991
129770994
129770996
129770998
129771546
129771549
129771551
129771556
129771558
129771559
129771560
129772172
129772173
129772174
129772176
129772177
129772179
129772180
129772185
129772186
129772187
129772189
129772190
129772191
129772192
129772195
129772198
129772199
129772200
129772202
129772204
129772357
129772514
129772518
129772538
129772569
