65.992
69.815
70.584
75.603
77.369
86.828
69.327
70.828
70.692
68.042
71.940
82.798
69.399
75.430
75.048
78.705
76.122
77.380
82.450
83.363
89.626
79.719
74.330
72.119
72.994
77.654
78.952
73.932
75.852
72.968
73.127
75.337
71.274
77.674
86.059
74.282
74.439
72.785
75.723
196.723
84.323
75.578
70.542
74.120
72.508
73.753
74.382
71.723
76.305
79.936
71.344
71.533
70.515
68.881
71.436
69.755
72.926
70.061
67.861
69.094
69.889
70.584
68.047
68.312
69.595
69.257
80.747
232.306
67.742
68.209
69.730
69.510
72.816
70.614
71.339
72.322
78.044
76.468
81.244
79.654
75.488
74.524
69.042
70.924
70.384
72.399
72.582
74.329
85.303
88.004
78.242
78.151
57.660
69.044
71.962
74.710
47.341
89.176
9.105
37.385
42.881
70.515
69.381
75.419
73.305
71.893
69.438
75.868
72.914
66.411
66.510
67.448
64.735
69.351
72.930
68.015
66.942
69.762
68.213
73.775
74.295
66.811
67.731
68.988
68.720
67.190
71.507
68.735
67.159
70.534
69.949
74.809
73.214
50.365
45.428
70.400
71.615
67.014
66.971
65.926
65.949
75.152
76.791
68.206
72.033
69.475
72.058
66.914
69.460
176.291
69.020
69.011
