30.274
30.232
32.030
33.772
33.062
29.690
29.152
30.920
28.565
28.377
30.133
34.946
29.693
28.941
27.769
29.716
31.317
30.002
30.315
28.282
27.933
27.633
32.141
30.882
32.277
31.927
29.876
29.713
30.331
31.355
37.634
35.028
31.119
30.087
29.929
32.904
30.930
32.543
31.655
32.301
30.056
32.315
31.040
33.543
32.472
33.966
31.700
32.943
33.188
33.323
33.289
29.619
29.061
29.527
29.568
30.582
29.786
31.072
29.835
31.715
30.999
29.765
30.442
29.823
31.103
32.506
29.347
29.149
28.782
30.846
30.218
30.201
29.180
32.039
32.679
34.477
34.334
31.254
29.457
28.798
30.421
35.099
26.280
31.921
32.249
29.707
28.123
29.389
28.716
26.771
28.345
27.250
27.606
27.030
27.714
30.355
30.678
29.691
28.616
28.694
28.726
27.162
26.580
27.278
26.853
25.614
25.958
27.549
26.409
28.748
30.405
28.426
28.000
27.767
29.154
26.969
26.955
28.864
29.694
28.653
27.974
29.847
28.844
30.476
29.873
28.480
29.016
28.848
27.190
27.514
28.372
27.408
27.125
31.221
33.550
28.948
29.877
28.453
29.601
26.349
27.272
