13.135
13.654
15.017
15.130
13.826
14.594
13.898
13.352
13.644
13.821
13.828
14.373
13.881
69.153
13.729
14.966
13.788
3.416
12.950
14.213
16.294
13.242
21.781
13.411
12.990
13.808
13.520
13.389
13.546
13.956
27.735
13.650
13.859
14.067
13.192
12.956
12.888
17.588
13.471
13.519
13.295
13.397
12.424
13.071
13.843
12.690
15.288
1.543
16.126
12.541
14.773
14.843
13.973
12.916
13.477
14.432
14.444
13.567
13.545
12.676
15.060
12.456
12.548
12.444
12.240
11.731
11.999
13.551
12.919
13.288
11.909
13.788
12.681
13.141
13.096
13.560
12.123
12.660
11.716
13.645
12.770
12.911
13.316
12.549
13.940
14.712
15.961
12.708
12.411
12.698
13.252
12.154
12.132
12.903
14.047
13.319
14.764
13.934
12.555
12.470
14.464
12.766
11.820
18.215
7.949
8.187
41.582
10.453
12.421
13.377
17.687
14.117
12.088
11.935
12.808
12.708
13.434
14.666
15.086
13.984
12.994
12.625
12.453
12.629
13.001
12.271
13.761
13.580
13.339
13.526
12.812
12.553
30.800
17.183
12.751
13.027
12.802
13.580
12.803
11.852
13.092
13.258
13.621
15.797
14.347
13.415
12.466
13.902
3.905
12.588
12.414
