130595155
130595161
130595163
130595166
130595171
130595175
130595177
130595179
130595180
130595182
130595185
130595186
130595188
130595189
130595191
130595194
130595196
130595197
130595198
130595699
130595706
130595732
130595766
130595776
130595784
130596464
130596469
130596473
130596557
130596566
130596575
130596598
130596627
130596643
130596712
130596749
130596790
130596825
130596843
130596865
130596887
130596909
130596959
130597154
130597155
130597157
130597159
130597162
130597164
130597181
130597183
130597186
130598753
130598765
130598790
130598831
130598848
130598869
130598916
130598968
130599050
130599071
130599095
130599118
130599133
130599161
130599180
130599187
130599194
130599203
130599207
130599694
130599715
130599734
130599744
130599755
130599809
130599836
130599846
130599866
130599876
130599896
130599941
130599953
130599958
130599963
130599984
130599989
130599996
130600000
130600140
130600169
130600213
130600232
130600251
130600444
130600667
130600669
130600686
130600689
130600692
130600696
130601786
130601789
130601802
130601822
130601841
130601849
130601858
130601875
130601892
130601906
130601914
130601917
130601943
130601948
130601953
130601954
130601958
130601964
130601979
130602373
130602410
130602474
130602504
130602515
130602543
130602786
130602788
130602789
130602792
130602810
130602825
130602834
130602848
130602877
130604085
130604087
130604092
130604094
130604096
130604112
130604113
130604115
130604116
130604639
130604641
130604647
130604651
130604653
130604655
130604656
130604658
130604660
130604663
130604664
130604667
130604670
130605258
130605261
130605263
130605276
130605277
130605282
130605284
130605793
130605814
130605818
130605821
130605836
130605870
130605905
130605912
130605920
130606712
130606715
130606720
130606726
130606727
130606729
130606733
130606736
130606737
130606752
130606753
130606755
130606757
130606758
130606760
130606761
130606764
130606765
130606767
130607332
130607339
130607341
130607348
130607352
130607353
130607913
130607951
130607960
130607986
130607988
130608007
130608013
130608024
130608043
130608071
130608083
130608103
130608111
130608116
130608129
130608135
130608138
130608141
130608145
130608868
130608869
130608871
130608873
130608875
130608876
130608893
130608896
130609461
130609466
130609468
130609474
130609478
130609483
130609484
130609486
130609487
130610023
130610025
130610042
130610045
130610069
130610075
130610102
130610122
130610126
130610139
130610146
130610158
130610160
130610162
130610622
130610640
130610659
130610672
130610734
130610784
130610809
130610828
130610851
130610997
130611012
130612215
130612217
130612221
130612227
130612231
130612237
130612242
130612246
130612248
130612252
130612254
130612255
130612257
130612261
130612264
130612270
130612275
130612276
130612297
130612880
130612894
130612897
130612902
130612906
130612907
130613544
130613548
130613554
130613555
130613556
130613559
130613575
130613576
130613577
130613582
130613585
130613586
130613587
130613597
130613608
130613642
130613662
130613732
130613746
130614474
130614478
130614479
130614480
130614487
130614538
130614555
130614577
130614602
130614662
130614736
130614763
130614796
130614818
130614855
130614885
130614923
130614952
130614984
130615325
130615351
130615535
130615566
130615609
130615632
130615648
130615657
130615699
130616213
130616233
130616255
130616280
130616344
130616374
130616397
130616407
130616413
130616428
130616430
130616440
130616458
130616467
130616485
130616505
130616513
130616524
130616534
130617121
130617126
130617127
130617129
130617130
130630196
130839869
130840616
130840979
130851603
130851605
130851687
130851785
130851786
130851788
130851789
130851790
130851792
130851794
130851796
130851799
130851803
130851805
130851855
130851863
130851865
130851867
130851869
130851871
130851873
130851883
130851886
130851887
130851888
130852105
130852107
130852109
130852111
130852113
130852116
130852118
130852119
130852120
130852121
130852122
130852123
130852125
130852126
130852352
130852356
130852358
130852359
130852360
130852367
130852374
130852375
130852561
130852566
130852569
130852572
130852581
130852587
130852590
130852713
130852715
130852716
130852717
130852718
130852787
130852790
130852791
130852793
130852794
130852798
130852800
130852802
130852804
130852807
130852809
130852810
130852817
130852819
130852871
130852874
130852875
130852877
130852880
130852881
130852888
130852896
130852897
130852898
130853004
130853006
130853009
130853011
130853012
130853013
130853099
130853111
130853113
130853220
130853222
130853226
130853228
130853453
130853455
130853456
130853457
130853460
130853461
130853474
130853475
130853606
130853610
130853612
130853614
130853628
130853629
130853631
130853633
130853791
130853792
130853794
130853795
130853797
130853798
130853799
130853800
130853802
130853803
130853805
130853806
130853808
130853809
130853810
130853811
130853812
130853816
130853942
130853944
130853948
130853949
130853951
130853954
130853957
130853959
130853963
130853965
130853967
130853968
130853969
130853970
130853971
130853972
130853974
130853976
130853979
130854142
130854143
130854148
130854158
130854174
130854452
130854454
130854456
130854460
130854462
130854469
130854471
130854476
130854477
130854479
130854481
130854486
130854488
130854492
130854503
130854519
130854894
130854896
130854899
130854903
130854906
130854909
130854911
130854912
130855123
130855126
130855129
130855132
130855135
130855147
130855162
130855219
130855220
130855222
130855225
130855228
130855232
130855234
130855239
130855241
130855243
130855246
130855249
130855251
130855253
130855254
130855449
130855451
130855455
130855456
130855459
130855468
130855470
130855472
130855474
130855475
130855478
130855480
130855481
130855573
130855651
130855653
130855664
130855666
130855670
130855672
130855808
130855811
130855813
130855818
130855821
130855824
130855840
130855843
130855845
130855847
130855849
130855850
130855856
130855858
130855860
130855862
130855866
130855868
130855869
130855937
130855939
130856185
130856188
130856189
130856191
130856192
130856196
130856198
130856210
130856211
130856213
130856504
130856561
130856562
130856567
130856582
130856584
130856601
130856605
130856618
130856626
130856645
130856648
130856651
130856657
130923548
130926313
130927527
131028187
131164543
131164557
131164593
131164615
131164632
131164649
131164696
131164706
131164712
131164714
131164724
131164731
131165532
131165550
131165565
131165583
131165629
131165666
131165676
131165681
131165688
131165691
131165698
131165702
131165705
131165708
131165709
131165716
131165718
131165722
131165724
131165786
131165791
131165796
131165804
131165810
131165820
131166646
131166648
131166652
131166654
131166655
131166660
131166663
131166682
131166698
131166770
131166840
131166875
131166915
131166941
131166955
131167028
131167034
131167060
131167111
131167347
131167350
131167351
131167890
131167891
131167895
131167968
131167970
131168481
131168494
131168499
131168509
131168512
131168658
131168659
131169034
131169045
131169057
131169088
131169100
131169112
131169141
131169151
131169163
131169180
131169193
131169203
131169219
131169355
131169527
131169528
131169577
131169596
131169627
131169646
131169669
131169702
131169883
131170100
131170101
131170103
131170105
131170106
131170107
131170109
131170111
131170113
131170431
131170438
131170458
131170461
131170467
131170475
131170826
131170830
131170833
131170840
131170853
131170855
131170860
131170863
131170866
131170871
131171588
131171591
131171592
131171593
131171595
131171601
131171605
131171606
131171614
131171615
131171617
131171618
131171619
131171624
131171625
131171627
131171630
131171632
131171634
131172252
131172254
131172255
131172301
131172315
131172323
131172333
131172340
131173292
131173452
131173475
131173496
131173507
131173510
131173522
131173532
131173819
131173822
131173824
131173825
131174124
131174229
131174242
131174281
131174301
131174311
131174323
131174332
131174338
131174448
131174451
131174453
131174455
131174457
131174459
131174460
131174466
131174468
131174470
131174471
131174484
131174486
131174487
131175299
131175305
131175307
131175309
131175313
131175315
131175316
131175318
131175321
131175866
131175868
131175869
131175983
131175985
131175987
131175988
131175989
131175992
131175996
131176000
131176002
131176004
131176005
131176007
131176011
131176667
131176675
131176686
131176698
131176709
131176739
131176751
131176776
131176806
131176830
131176851
131176862
131176908
131176915
131176920
131177348
131177361
131177364
131177365
131177370
131177397
131177405
131177408
131177414
131177417
131177826
131177843
131177866
131177878
131177893
131177927
131177940
131177951
131177973
131178764
131178766
131178767
131178770
131178772
131178773
131178775
131178776
131178783
131178784
131178786
131178787
131179300
131179306
131179597
131179614
131179638
131179670
131179686
131179706
131179742
131179754
131179775
131179809
131179818
131179824
131179859
131179870
131179879
131180054
131180097
131180102
131180118
131180137
131180156
131180171
131180194
131180254
131180283
131180432
131181269
131181272
131181277
131181302
131181309
131181314
131181323
131181329
131181351
131181360
131181370
131181600
131181618
131181652
131181667
131181714
131182876
131182878
131182886
131182892
131182893
131182898
131182900
131182901
131182903
131182904
131182905
131182908
131182911
131182915
131182916
131182923
131182932
131182934
131182936
131328342
131328344
131328346
131328348
131328352
131328354
131328357
131328358
131328359
131328361
131328363
131328369
131328370
131328382
131328387
131328389
131328391
131328901
131328903
131328905
131328919
131328923
131328926
131328928
131328930
131328934
131328935
131328939
131328940
131329732
131329737
131329738
131329739
131329740
131329743
131329744
131330397
131330399
131331003
131331006
131331009
131331010
131331011
131331015
131331016
131331017
131331020
131331023
131331032
131331039
131331040
131331041
131331042
131331043
131331045
131331047
131331049
131331884
131331887
131331890
131331892
131331895
131331899
131331901
131332528
131332533
131332536
131332537
131333099
131333101
131333103
131333105
131333106
131333108
131333111
131333507
131333513
131333520
131333529
131333548
131333560
131333572
131333901
131333903
131333905
131333906
131333908
131333910
131333913
131333915
131333924
131333928
131333929
131333930
131333931
131333932
131333935
131333939
131333955
131333984
131334449
131334451
131334454
131334455
131334456
131334457
131334514
131334519
131334562
131334582
131334630
131334661
131334695
131334733
131334796
131334826
131334850
131334907
131334931
131334948
131334960
131334974
131334981
131335101
131335102
131335695
131335729
131335735
131335748
131335753
131335762
131335768
131335779
131335786
131335793
131336033
131336039
131336049
131336065
131336088
131336126
131336750
131336752
131336754
131336755
131336756
131336757
131336758
131336759
131336762
131336765
131336767
131336769
131336771
131336772
131336773
131337369
131337371
131337373
131337374
131337375
131337377
131337379
131337381
131337383
131337385
131338011
131338034
131338043
131338047
131338055
131338064
131338762
131338766
131338767
131338770
131338775
131338782
131338784
131338786
131338787
131338790
131338792
131338804
131338805
131338807
131338809
131338810
131338815
131338817
131338821
131339316
131339331
131339344
131339366
131339387
131339795
131339825
131339881
131340021
131340035
131340046
131340076
131340103
131340113
131340330
131340333
131340362
131340375
131340381
131340408
131340432
131340453
131340526
131340553
131340587
131340599
131340605
131340633
131340664
131340686
131340970
131340972
131340973
131340974
131342280
131342289
131342290
131342293
131342296
131342299
131342302
131342308
131342310
131342311
131342327
131342332
131342334
131342338
131342340
131342343
131342345
131342350
131342351
131342936
131342937
131342938
131342943
131342944
131342947
131342948
131343549
131343552
131343557
131343559
131343561
131343562
131343565
131343567
131344162
131344165
131344185
131344194
131344199
131344225
131344228
131344235
131344243
131344247
131344251
131344283
131344308
131344319
131344322
131344325
131344328
131345062
131345073
131345080
131345087
131345093
131345098
131345108
131345111
131345113
131345115
131345118
131345123
131345126
131345127
131345136
131345137
131345139
131345143
131345148
131345803
131345804
131345805
131345808
131345811
131345812
131345819
131345820
131345822
131346637
131346641
131346653
131346713
131346723
131346750
131346767
131346775
131346835
131346900
131346916
131346927
131346936
131346945
131346976
131347063
131347099
131347137
131347166
131347862
131347869
131347914
131347916
131348735
131348740
131348746
131348753
131348763
131348767
131348793
131348802
131348809
131348816
131348822
131348843
131348848
131348860
131348869
131348877
131348880
131348884
131348891
131349621
131349628
131349632
131349640
131349644
131349694
131349764
131349800
131349911
131349949
131349983
131350021
131350962
131350964
131350968
131350982
131350987
131350989
131351004
131351009
131351010
131351012
131351015
131351020
131351025
131351028
131351029
131351032
131351033
131351038
131351039
131351666
131351708
131351729
131351890
131352455
131354102
131354786
131354789
131354792
131355415
131494225
131494227
131494228
131494229
131494236
131494237
131494241
131494242
131494245
131494247
131494252
131494259
131494263
131494264
131494265
131494267
131494268
131494270
131494603
131494632
131494881
131494885
131494887
131494890
131494892
131494895
131494897
131494899
131494901
131494904
131494911
131494912
131494914
131495426
131495429
131495432
131495433
131495434
131495435
131495436
131495437
131495439
131495440
131495441
131495443
131496259
131496283
131496384
131496412
131496421
131496449
131496456
131496482
131496492
131496543
131496565
131496570
131496575
131496581
131496586
131496591
131496596
131496600
131496604
131496854
131496883
131496929
131496940
131497020
131497034
131497099
131497118
131497322
131497324
131497328
131497329
131497330
131497331
131497334
131497336
131497870
131497872
131497875
131497877
131497878
131497881
131497884
131497886
131497889
131497892
131497899
131497901
131497903
131498441
131498464
131498634
131498957
131498960
131498961
131498963
131498967
131498969
131499011
131499562
131499569
131499571
131499577
131499582
131499583
131499584
131499585
131499586
131499595
131499629
131499649
131499659
131499672
131499709
131499730
131499780
131499808
131500186
131500722
131500901
131500902
131500905
131500907
131500908
131500909
131500912
131500914
131500920
131500928
131500929
131500934
131500936
131500939
131500940
131500942
131500944
131500950
131501550
131501555
131501814
131501878
131501943
131501960
131501969
131501984
131502056
131502076
131502111
131502117
131502153
131502159
131502163
131502170
131502173
131502177
131502179
131502184
131502189
131502932
131502940
131502952
131503004
131503017
131503034
131503076
131503292
131503311
131503330
131503517
131503523
131504128
131504132
131504147
131504154
131504171
131504172
131504175
131504252
131504256
131504267
131504284
131504390
131504454
131504475
131504528
131504541
131504874
131504876
131504879
131504888
131504889
131504891
131504893
131504894
131504896
131504898
131504899
131504900
131505500
131505502
131505510
131505511
131505512
131505513
131506104
131506109
131506113
131506114
131506115
131506119
131506123
131506124
131506125
131506126
131506129
131506136
131506140
131506143
131506145
131506146
131506151
131506152
131506155
131506778
131506779
131506781
131506784
131506786
131506787
131506789
131506790
131506791
131506792
131506794
131506799
131506801
131506803
131506804
131506810
131506815
131506817
131506820
131507423
131507435
131507437
131507439
131507440
131507441
131508207
131508211
131508212
131508216
131508220
131508237
131508238
131508239
131508245
131508252
131508256
131508258
131508259
131508262
131508271
131508272
131508274
131508276
131508279
131508893
131508896
131508897
131508899
131508908
131508910
131508911
131508913
131508917
131508918
131508919
131509522
131509535
131509537
131509538
131509540
131509542
131509545
131509547
131509549
131509552
131509558
131509560
131509561
131509562
131510085
131510212
131510221
131510223
131510224
131510225
131510226
131510227
131510228
131510230
131510232
131510233
131510234
131510236
131510237
131511027
131511245
131511320
131511433
131511437
131511441
131511449
131511463
131511466
131511467
131511469
131511473
131511475
131511941
131511993
131512159
131512164
131512169
131512171
131512178
131512181
131512182
131512184
131512186
131512189
131512191
131512192
131512194
131512197
131512211
131512240
131512249
131512282
131512300
131512807
131512810
131513393
131513394
131513404
131513969
131513973
131513985
131513992
131513997
131514278
131514281
131514429
131514486
131514516
131514554
131514581
131514703
131514717
131514749
131514772
131514818
131514851
131514913
131514959
131515003
131515024
131515040
131515070
131515088
131515130
131515146
131515155
131515162
131515190
131515199
131543521
131616323
131616324
131616326
131616332
131616336
131616338
131616344
131616345
131616348
131616350
131616402
131616408
131616411
131616413
131616414
131616416
131616420
131616423
131616425
131616426
131616434
131616439
131616441
131616444
131616583
131616588
131616590
131616591
131616594
131616596
131616598
131616602
131616604
131616608
131616615
131616621
131616721
131616724
131616725
131616727
131616735
131616740
131616742
131616751
131616754
131616925
131616933
131616935
131616936
131617016
131617017
131617019
131617020
131617028
131617029
131617030
131617032
131617035
131617040
131617042
131617044
131617047
131617050
131617051
131617254
131617262
131617264
131617265
131617267
131617268
131617274
131617281
131617282
131617283
131617287
131617299
131617300
131617301
131617303
131617305
131617309
131617311
131617312
131617474
131617478
131617480
131617481
131617485
131617487
131617506
131617510
131617512
131617513
131617525
131617526
131617532
131617541
131617546
131617671
131617673
131617694
131617696
131617724
131617728
131617729
131617733
131617735
131617737
131617746
131617880
131617882
131617883
131617884
131617887
131617899
131617904
131617905
131617908
131617910
131617913
131617920
131617921
131617922
131617932
131617934
131617935
131617936
131617937
131618115
131618118
131618121
131618125
131618128
131618129
131618130
131618134
131618135
131618136
131618138
131618141
131618143
131618146
131618169
131618175
131618182
131618194
131618378
131618382
131618384
131618386
131618391
131618394
131618395
131618405
131618411
131618412
131618417
131618418
131618431
131618437
131618440
131618446
131618449
131618452
131618458
131618639
131618641
131618644
131618648
131618653
131618654
131618657
131618658
131618659
131618664
131618670
131618677
131618679
131618681
131618683
131618684
131618685
131618691
131618692
131619023
131619026
131619032
131619052
131619053
131619059
131619076
131619078
131619079
131619080
131619333
131619339
131619340
131619341
131619349
131619352
131619362
131619363
131619369
131619370
131619371
131619381
131619383
131619387
131619388
131619531
131619536
131619540
131619550
131619557
131619618
131619621
131619668
131619670
131619679
131619685
131619686
131619718
131619926
131619933
131619968
131619997
131620010
131620022
131620026
131620028
131620031
131620144
131620147
131620150
131620155
131620164
131620166
131620168
131620172
131620175
131620177
131620180
131620183
131620187
131620470
131620472
131620473
131620474
131620479
131620486
131620487
131620488
131620489
131620494
131620727
131620733
131620734
131620740
131620750
131620754
131620757
131620759
131620765
131620778
131620787
131620793
131620802
131620817
131620825
131620830
131620832
131620838
131621275
131621280
131621282
131621284
131621290
131621293
131621295
131621298
131621301
131621303
131621319
131621330
131621333
131621337
131621338
131621339
131621343
131621345
131621346
131621628
131621632
131621635
131621638
131621640
131621652
131621775
131621776
131621779
131621782
131621783
131621785
131621790
131621794
131621897
131621899
131621910
131621916
131621924
131621933
131621935
131621947
131621949
131621952
131622037
131622053
131622056
131622146
131622147
131622148
131622159
131622161
131622163
131622167
131622174
131622175
131622178
131622184
131622190
131622193
131622201
131622206
131622216
131622226
131622229
131622234
131622527
131622529
131622532
131622610
131622614
131622616
131622627
131622632
131622634
131622636
131622641
131622644
131622646
131622650
131622654
131622656
131622657
131622668
131622670
131622673
131622674
131622675
131623050
131623054
131623057
131623059
131623061
131623063
131623064
131623070
131623076
131623079
131623080
131623083
131623085
131623087
131623088
131623093
131623098
131623101
131623104
131759224
131759234
131759236
131759250
131759252
131759270
131759275
131759284
131759304
131759308
131759315
131759339
131759356
131759375
131759449
131759503
131759930
131759933
131759934
131759942
131759944
131759945
131759946
131759947
131760836
131760854
131760867
131760885
131761109
131761218
131761229
131761260
131761319
131761436
131761453
131761465
131761508
131761634
131761665
131761679
131761721
131761794
131761806
131761835
131762370
131762382
131762394
131762439
131762487
131762499
131762552
131762622
131762627
131762651
131762667
131762686
131762703
131763622
131763623
131763625
131763626
131763627
131763630
131763633
131763639
131763642
131763645
131763649
131763653
131763662
131763665
131763671
131763675
131763692
131763694
131763698
131764298
131764302
131764312
131764334
131764344
131764376
131764412
131764427
131764506
131764508
131764566
131764596
131764608
131764998
131764999
131765001
131765007
131765014
131765015
131765465
131765477
131765488
131765506
131765524
131765533
131765538
131765550
131766141
131766166
131766170
131766178
131766183
131766190
131766197
131766207
131766208
131766218
131766219
131766221
131766223
131766233
131766234
131766240
131766243
131766274
131766280
131766291
131766303
131766319
131766338
131766355
131766368
131766956
131766968
131766975
131766980
131767001
131767020
131767023
131767025
131767037
131767041
131767042
131767048
131767054
131767076
131767739
131767758
131767774
131767910
131767913
131767925
131767980
131768044
131768097
131768099
131768155
131768208
131768235
131768269
131768284
131769218
131769221
131769241
131769252
131769254
131769255
131769256
131769268
131769273
131769276
131769278
131769279
131769286
131769290
131769293
131769297
131769302
131769308
131769312
131770005
131770012
131770027
131770058
131770086
131770101
131770132
131770153
131770181
131770256
131771379
131771389
131771400
131771404
131771408
131771414
131771421
131771440
131772191
131772194
131772774
131772777
131772779
131772782
131772784
131772788
131772790
131772792
131772932
131772944
131772962
131773005
131773025
131773097
131773128
131773138
131773165
131773190
131773218
131773244
131773271
131773338
131773340
131773341
131774017
131774039
131774070
131774081
131774091
131774114
131774140
131774150
131774154
131774176
131774194
131774203
131774208
131774214
131774216
131774221
131774787
131774796
131774807
131774821
131774834
131774840
131774844
131774849
131774854
131774860
131774862
131774867
131774868
131774870
131774874
131774879
131774888
131774899
131774909
131775557
131775566
131775577
131775582
131775586
131775613
131776148
131776165
131776226
131776247
131776273
131776331
131776360
131776373
131776380
131776392
131776440
131776464
131776468
131776471
131776476
131776497
131776520
131776522
131777205
131777207
131777216
131777220
131777222
131777223
131777233
131777237
131777242
131777245
131777247
131777250
131777256
131777258
131777263
131777266
131777268
131777272
131777274
131778035
131778039
131778047
131778052
131778054
131778055
131778061
131778610
131778625
131778647
131778684
131778695
131778704
131778710
131778717
131778718
131778719
131778725
131778730
131778735
131778736
131778737
131778740
131778741
131778743
131779359
131779370
131779375
131779377
131779379
131779381
131779383
131779387
131779391
131779392
131779394
131779395
131780237
131780245
131780275
131780280
131780282
131780288
131780297
131780300
131780303
131780305
131780309
131780312
131780318
131780325
131780327
131780328
131780330
131780331
131781046
131781048
131781620
131781622
131781625
131781626
131781630
131781635
131781647
131781649
131781652
131781653
131781654
131781655
131781657
131781658
131781670
131781700
131781785
131783059
131783063
131783065
131783077
131783078
131783663
131783680
131783681
131783688
131783698
131783701
131783708
131783712
131783713
131783714
131783715
131783726
131783728
131783729
131783733
131783734
131783738
131783739
131783741
131785867
132058474
132058476
132058479
132058480
132058481
132058482
132058484
132058490
132058492
132058494
132058496
132058500
132058521
132058523
132058525
132059041
132059045
132059046
132059047
132059049
132059051
132059058
132059060
132059061
132059734
132059735
132059736
132059748
132059759
132059780
132059805
132059840
132059859
132059877
132059956
132060019
132060027
132060094
132060120
132060125
132060133
132060221
132060843
132060866
132060875
132060892
132060904
132060914
132060918
132060923
132060928
132060937
132060947
132060951
132060955
132060958
132060967
132060978
132060979
132060982
132061601
132061608
132061616
132061638
132061640
132061648
132061681
132061692
132061695
132061709
132062604
132062607
132062608
132062609
132062612
132062616
132062620
132062622
132062623
132062625
132062627
132063192
132063194
132063196
132063198
132063199
132063201
132063203
132063204
132063205
132063206
132063208
132063761
132063769
132063776
132063779
132063781
132063907
132063919
132063925
132063956
132064035
132064069
132064095
132064117
132064643
132064661
132064782
132064849
132064883
132064932
132064971
132064991
132065002
132065004
132065011
132065038
132065050
132065055
132065071
132065078
132065083
132065163
132065171
132065189
132065226
132065272
132065298
132065320
132065332
132065779
132065783
132065804
132065833
132065834
132065836
132065851
132065853
132065855
132065857
132065861
132065867
132065873
132065879
132065900
132065904
132065912
132066295
132066313
132066335
132066346
132066645
132066648
132066649
132066650
132066652
132066654
132066656
132066658
132066660
132066663
132066664
132066665
132066666
132067132
132067163
132067180
132067193
132067202
132067206
132067213
132067214
132067217
132067221
132067222
132067242
132067276
132067277
132067278
132067280
132067282
132067286
132067827
132067832
132067851
132067873
132067878
132067884
132067955
132067957
132067958
132067960
132067961
132067962
132067963
132067964
132067966
132067968
132067970
132068277
132068285
132068321
132068332
132068351
132068363
132068481
132068485
132068486
132068503
132068504
132068505
132068506
132069021
132069051
132069056
132069062
132069063
132069064
132069066
132069067
132069072
132069073
132069076
132069679
132069826
132069845
132069847
132069850
132069904
132069907
132069919
132069952
132069999
132070037
132070073
132070104
132070133
132070276
132070277
132070331
132070339
132070390
132070413
132070423
132070427
132070652
132071426
132071427
132071437
132071440
132071445
132071449
132071450
132071455
132071460
132071461
132071463
132071478
132071482
132071484
132071487
132071488
132071491
132071492
132072123
132072813
132072814
132072820
132072829
132072830
132072831
132072839
132072840
132072843
132072846
132072847
132072851
132072857
132072868
132072871
132072872
132072875
132072876
132072879
132073508
132073509
132073528
132073576
132073591
132073610
132073713
132073731
132073789
132073829
132073887
132073916
132073968
132073991
132074018
132074022
132074052
132074082
132074241
132074915
132074917
132074928
132074956
132074960
132074968
132074971
132074973
132074976
132074980
132075056
132075571
132075610
132075635
132075674
132075698
132075781
132075837
132075937
132075952
132075987
132075994
132076007
132076025
132076093
132076100
132076115
132076123
132076140
132076153
132076302
132076909
132076910
132076912
132076913
132076923
132076924
132076926
132076927
132076928
132076930
132076932
132076934
132076935
132076967
132076985
132077071
132077113
132077161
132078284
132078340
132078345
132078354
132078366
132078375
132078389
132078400
132078415
132078418
132078423
132078428
132078437
132078463
132078537
132078607
132078651
132078673
132078708
132080052
132080824
132080828
132080831
132080846
132080847
132080851
132080854
132080872
132080896
132080959
132081036
132081107
132081156
132081213
132081238
132081291
132081320
132081328
132082071
132082104
132082413
132082427
132082441
132082477
132082547
132082596
132082624
132082646
132082677
132082712
132082725
132082760
132082782
132082812
132082815
132082840
132082865
132082875
132082900
132082914
132082924
132084158
132084170
132084260
132084495
132085080
132085191
132085300
132085318
132087122
132087226
132089958
132090011
132091975
132091996
132095156
132095162
132095182
132096178
132096380
132096448
132096454
132096473
132096486
132096527
132099377
132104094
132112808
132112820
132113835
132209882
132210570
132210690
132210798
132210886
132210951
132211068
132298291
132298458
132299949
132300006
132300059
132300079
132300085
132300094
132300098
132300107
132300111
132300850
132300862
132300870
132300880
132300903
132300956
132300970
132300980
132300989
132301002
132301022
132301028
132301037
132301045
132302135
132302139
132302142
132302143
132302148
132302151
132302152
132302157
132302162
132302166
132302167
132302187
132302189
132302204
132302207
132302209
132302217
132302225
132303014
132303016
132303344
132303350
132303353
132303356
132303357
132303361
132303364
132303367
132305227
132305228
132305503
132305509
132305523
132305566
132305587
132305597
132305680
132305686
132305708
132305720
132306094
132306098
132306105
132306112
132306114
132306120
132306124
132306125
132306142
132306147
132306149
132306154
132306159
132306755
132306768
132306778
132306784
132306792
132306799
132306817
132306823
132307020
132307024
132307028
132307031
132307276
132307292
132307365
132307391
132307808
132307809
132307824
132307828
132307832
132307841
132307844
132307848
132307849
132307852
132307855
132307856
132307870
132307985
132307988
132307991
132307992
132308005
132308007
132308011
132308014
132308434
132308950
132308954
132308958
132308959
132308963
132308968
132308971
132309400
132309411
132309421
132309429
132309431
132309481
132309485
132309502
132309511
132309517
132309545
132309553
132309557
132309560
132309569
132309577
132309596
132309605
132310585
132310589
132310590
132310594
132310599
132310603
132310632
132310644
132310649
132310657
132310666
132310676
132310679
132310680
132311731
132311746
132311750
132311756
132311759
132311787
132311792
132311797
132311799
132311904
132311908
132311915
132311921
132311931
132311935
132312688
132312689
132312692
132312708
132312712
132312718
132312734
132312738
132312739
132312753
132312758
132312759
132312762
132312763
132313404
132313410
132313544
132313554
132313557
132313558
132313561
132313564
132313577
132313581
132313582
132313584
132313585
132313586
132313587
132313588
132314307
132314312
132314319
132314331
132314334
132314349
132314355
132314357
132315038
132315043
132315086
132315089
132315094
132315133
132315623
132315624
132315628
132315630
132315633
