87431151
87434464
87437594
87441203
87444832
87448872
87453136
87457134
87459902
87462852
87465971
87469615
87473652
87476713
87484281
87509744
87514091
87529597
87543603
87604032
87610641
87610702
87610768
87610952
87611201
87639437
87671897
87703666
87733484
87766253
87799385
87834065
87865592
87895426
87924797
87955902
87984601
88013685
88027124
88058408
88090491
88129508
88161055
88189904
88219372
88248633
88277808
88302601
88320579
88340156
88362910
88391720
88421046
88450467
88479242
88508802
88538376
88567363
88598821
88627535
88655995
88674035
88700672
88730388
88779845
88819709
88861461
88901732
88941695
88969453
89009771
89051816
89098734
89116418
89146049
89180921
89221400
89269069
89313018
89356597
89401043
89444884
89484209
89524613
89564758
89604248
89644516
89644517
89685670
89685678
89727116
89727122
89753860
89753868
89797790
89797800
89833955
89833964
89836841
89836856
89875203
89875210
89904517
89904533
89945207
89945255
89985472
89985483
90027027
90027041
90067931
90067939
90104313
90104330
90141095
90141169
90183263
90183270
90227386
90227397
90276768
90276785
90326777
90326792
90379553
90379577
90437052
90437074
90480934
90480954
90524526
90524607
