87431154
87434466
87437596
87444834
87448873
87453133
87457136
87459901
87462851
87465969
87466470
87469617
87473654
87476710
87478943
87478944
87478945
87478946
87478947
87478949
87478950
87478951
87478952
87478954
87478955
87478956
87478957
87478960
87478961
87478962
87478963
87478964
87478966
87478967
87478968
87478969
87478970
87478971
87478972
87484284
87509443
87509444
87509445
87509446
87509447
87509449
87509450
87509451
87509452
87509453
87509454
87509455
87509456
87509457
87509458
87509459
87509460
87509461
87509463
87509464
87509465
87509466
87509467
87509468
87509469
87509745
87514090
87529595
87543598
87574120
87591995
87604035
87639440
87671903
87696724
87703663
87733485
87766254
87799383
87834063
87865596
87895427
87924792
87955906
87984597
88013682
88027126
88058404
88085138
88087222
88090490
88129511
88161056
88189922
88219371
88248628
88277810
88302599
88320583
88340157
88362914
88391716
88421049
88450462
88479244
88508806
88538374
88567357
88598823
88627537
88655997
88674042
88700671
88730447
88779843
88819703
88836150
88836159
88836168
88837074
88837083
88837150
88837764
88837773
88837782
88838677
88838686
88838696
88839681
88839690
88839699
88840643
88840652
88840707
88841743
88841752
88841819
88842715
88842771
88842790
88843804
88843825
88843839
88844882
88844911
88844957
88846054
88846063
88846073
88846985
88846994
88847004
88848029
88848038
88848055
88849123
88849132
88849142
88849699
88849708
88849767
88850791
88850800
88850819
88851450
88851459
88851528
88852539
88852548
88852557
88853160
88853169
88853235
88854163
88854207
88854238
88854829
88854865
88854908
88855947
88855978
88855987
88856540
88856562
88856571
88857701
88857711
88857726
88858253
88858319
88858329
88859420
88859430
88859439
88860065
88860074
88860140
88861156
88861222
88861231
88861453
88861947
88861956
88861965
88862893
88862902
88862911
88863560
88863569
88863578
88864473
88864482
88864551
88865371
88865380
88865389
88866182
88866191
88866200
88867099
88867108
88867117
88867856
88867865
88867874
88868950
88868960
88868969
88869637
88869646
88869656
88870611
88870620
88870629
88871369
88871379
88871388
88872354
88872363
88872372
88873009
88873018
88873027
88873953
88873963
88873972
88874620
88874629
88874641
88875567
88875576
88875585
88876250
88876259
88876269
88877225
88877235
88877296
88877962
88877971
88878017
88878926
88878935
88878998
88879600
88879666
88879676
88880687
88880696
88880706
88881435
88881498
88881507
88882320
88882378
88882387
88883240
88883249
88883259
88884123
88884134
88884197
88884970
88885024
88885046
88885871
88885880
88885935
88886900
88886910
88886919
88887753
88887763
88887826
88888616
88888625
88888634
88889459
88889533
88889545
88890646
88890655
88890665
88891572
88891583
88891593
88892342
88892351
88892360
88893235
88893267
88893310
88894018
88894027
88894036
88894947
88894956
88894965
88895681
88895690
88895699
88896561
88896570
88896579
88897423
88897451
88897501
88898230
88898239
88898248
88899164
88899173
88899183
88899849
88899858
88899867
88900817
88900826
88900836
88901519
88901528
88901538
88901733
88902497
88902506
88902521
88903252
88903261
88903270
88904197
88904206
88904215
88904862
88904872
88904881
88905811
88905820
88905829
88906481
88906491
88906500
88907495
88907504
88907514
88908187
88908197
88908220
88909192
88909202
88909247
88909891
88909900
88909909
88910992
88911001
88911012
88911708
88911717
88911784
88912746
88912755
88912821
88913490
88913499
88913508
88914459
88914468
88914534
88915187
88915198
88915264
88916198
88916207
88916216
88916884
88916907
88916957
88917869
88917879
88917888
88918617
88918626
88918635
88919579
88919645
88919654
88920315
88920325
88920385
88921346
88921415
88921425
88922104
88922115
88922178
88923184
88923193
88923202
88923838
88923888
88923897
88924841
88924850
88924859
88925549
88925558
88925568
88926465
88926475
88926485
88927296
88927305
88927314
88928106
88928115
88928125
88928985
88928994
88929003
88929809
88929819
88929828
88930681
88930744
88930751
88931473
88931482
88931491
88932421
88932430
88932439
88933174
88933183
88933192
88934125
88934134
88934143
88934811
88934820
88934830
88935720
88935730
88935739
88936453
88936462
88936472
88937339
88937348
88937357
88938154
88938165
88938175
88939015
88939024
88939033
88939788
88939798
88939807
88940703
88940731
88940776
88941604
88941614
88941623
88941696
88942442
88942452
88942469
88943289
88943300
88943309
88943962
88943974
88943987
88944030
88944039
88944049
88944106
88944115
88944125
88944242
88944253
88944264
88944349
88944359
88944368
88944429
88944445
88944472
88944660
88944667
88944673
88944740
88944747
88944753
88944842
88944848
88944855
88944950
88944960
88944967
88945027
88945039
88945049
88945102
88945108
88945114
88945155
88945164
88945173
88945201
88945210
88945220
88945236
88945245
88945254
88945311
88945321
88945332
88945407
88945417
88945426
88945495
88945505
88945516
88945625
88945635
88945644
88945692
88945701
88945710
88946450
88946459
88946468
88947579
88947589
88947598
88948489
88948520
88948529
88949367
88949376
88949385
88950322
88950347
88950400
88951225
88951234
88951244
88952059
88952068
88952077
88953105
88953114
88953123
88954137
88954146
88954155
88955133
88955142
88955151
88956099
88956109
88956118
88956939
88956948
88956958
88957977
88957990
88958057
88958866
88958894
88958941
88959957
88960024
88960033
88960734
88960743
88960752
88961857
88961866
88961875
88962647
88962656
88962665
88963647
88963657
88963666
88964666
88964723
88964743
88965769
88965778
88965845
88966665
88966729
88966739
88967840
88967893
88967915
88968755
88968764
88968773
88969451
88969711
88969722
88969731
88970747
88970757
88970766
88971553
88971563
88971572
88972462
88972472
88972482
88973172
88973214
88973248
88974218
88974227
88974236
88974923
88974932
88974941
88975912
88975921
88975930
88976614
88976630
88976693
88977601
88977610
88977620
88978404
88978432
88978441
88979299
88979308
88979317
88980388
88980397
88980407
88981065
88981074
88981083
88982044
88982094
88982104
88982723
88982732
88982741
88983816
88983825
88983834
88984376
88984386
88984395
88985458
88985468
88985477
88986087
88986151
88986161
88987003
88987012
88987021
88987822
88987832
88987893
88988933
88988943
88988953
88989627
88989636
88989645
88990677
88990744
88990753
88991306
88991370
88991379
88992351
88992420
88992429
88992933
88992943
88992952
88993929
88993939
88993986
88994680
88994726
88994735
88995648
88995671
88995721
88996467
88996476
88996485
88997368
88997377
88997394
88998287
88998297
88998307
88999197
88999206
88999253
89000099
89000109
89000118
89001025
89001034
89001044
89001773
89001782
89001791
89002690
89002699
89002708
89003398
89003407
89003416
89004328
89004337
89004346
89005186
89005196
89005256
89006068
89006077
89006087
89006927
89006936
89006946
89007699
89007709
89007718
89008732
89008742
89008823
89009618
89009627
89009637
89009774
89010581
89010591
89010600
89011538
89011556
89011565
89012391
89012400
89012409
89013345
89013354
89013363
89014333
89014343
89014352
89015180
89015212
89015253
89016162
89016231
89016241
89017155
89017166
89017175
89017904
89017968
89017978
89019051
89019060
89019069
89019734
89019794
89019803
89020914
89020927
89020937
89021607
89021613
89021621
89022772
89022783
89022842
89023474
89023480
89023486
89024688
89024694
89024700
89025358
89025422
89025431
89026442
89026451
89026462
89027176
89027186
89027219
89028151
89028163
89028172
89029045
89029058
89029067
89029821
89029830
89029839
89030716
89030777
89030786
89031569
89031578
89031587
89032562
89032631
89032637
89033327
89033334
89033341
89034408
89034414
89034420
89035045
89035051
89035057
89036125
89036134
89036143
89036740
89036751
89036760
89037844
89037853
89037862
89038437
89038446
89038457
89039521
89039530
89039599
89040107
89040117
89040126
89041329
89041338
89041347
89041948
89041954
89041960
89043070
89043082
89043126
89043714
89043723
89043732
89044823
89044830
89044836
89045467
89045499
89045539
89046613
89046622
89046631
89047228
89047238
89047247
89048327
89048333
89048339
89049035
89049046
89049052
89050202
89050209
89050262
89050914
89050923
89050932
89051811
89052124
89052131
89052137
89052809
89052836
89052845
89053912
89053921
89053930
89054489
89054562
89054571
89055578
89055587
89056341
89059995
89061847
89098728
89116410
89146043
89180917
89221396
89269074
89313022
89356600
89363619
89363711
89363728
89363747
89363764
89363783
89363858
89365673
89365692
89365713
89365733
89365750
89365768
89365784
89367086
89367146
89367664
89367682
89367701
89367721
89401047
89444890
89484205
89524610
89564757
89585017
89585019
89585021
89585023
89585025
89585800
89585802
89585804
89585806
89585808
89585810
89588440
89588443
89588445
89588447
89588449
89588639
89588641
89588643
89588645
89588647
89588649
89590130
89590132
89590134
89590136
89590559
89590562
89590564
89590566
89590569
89604251
89644508
89644512
89685669
89685682
89727113
89727119
89753861
89753864
89768614
89768616
89768618
89768620
89768622
89778604
89793716
89793724
89793731
89793735
89793737
89793739
89793816
89793818
89793820
89793822
89793824
89794805
89794807
89794809
89794813
89794816
89794819
89796803
89796805
89796807
89796810
89796812
89796814
89797785
89797796
89798594
89798596
89798598
89798601
89798605
89798607
89798789
89798791
89801727
89801729
89801731
89801734
89801736
89803561
89803564
89803566
89803568
89803570
89803572
89803855
89803858
89803860
89803863
89803865
89803868
89803870
89805675
89805677
89806538
89806577
89806614
89806616
89806792
89806794
89806796
89806798
89806800
89806802
89809744
89809792
89809804
89809806
89809808
89809810
89810047
89810049
89810051
89810053
89810055
89810059
89811749
89811752
89811754
89811756
89811760
89811764
89811906
89811941
89811965
89813687
89813689
89813691
89813884
89813887
89813890
89813893
89813896
89833957
89833963
89836838
89836849
89875196
89875212
89904519
89904529
89945202
89945260
89985469
89985475
90027025
90027035
90067930
90067941
90104312
90104331
90141098
90141165
90183258
90183272
90196163
90220160
90220162
90220165
90220168
90227387
90227398
90276773
90276783
90307858
90308707
90326776
90326794
90379549
90379574
90421426
90421428
90421435
90421437
90421439
90421442
90422777
90422785
90422789
90422795
90422801
90423213
90423240
90423269
90423289
90423298
90423303
90425197
90425204
90425207
90425214
90425221
90425226
90425456
90425463
90428927
90428934
90428938
90428946
90428953
90428982
90435892
90435894
90435897
90435899
90435901
90435903
90437059
90437076
90438062
90438100
90438107
90438109
90438111
90438113
90441045
90441048
90441057
90441061
90441067
90441369
90441372
90441379
90441383
90441389
90441392
90444186
90444188
90444190
90444192
90444194
90444196
90447660
90447662
90447664
90447668
90447699
90447732
90447939
90447941
90447943
90447945
90447947
90447949
90450029
90450031
90450036
90450042
90450049
90450057
90452812
90452814
90452816
90452818
90452821
90452840
90455438
90455440
90455442
90455643
90455645
90455647
90455649
90455651
90455653
90457259
90457268
90457589
90457596
90457604
90457609
90457615
90457619
90460192
90460194
90460197
90460201
90460204
90460207
90460332
90460353
90462881
90462883
90462885
90462887
90463081
90463083
90463085
90463087
90463089
90463093
90464840
90464848
90464856
90464862
90464873
90464904
90467554
90467558
90467562
90467567
90467569
90467573
90467791
90467793
90467795
90467797
90467799
90469731
90469733
90469798
90469800
90469802
90469804
90469806
90469808
90470295
90470300
90470397
90470401
90470589
90470593
90470601
90470610
90470617
90470620
90471974
90471978
90471980
90471983
90471986
90471988
90472046
90472048
90472706
90472712
90472721
90472731
90472736
90472742
90473772
90473776
90473889
90473892
90473894
90473896
90473899
90473902
90474812
90474814
90474817
90474820
90474822
90474824
90475730
90475733
90475739
90475744
90475750
90475756
90476032
90476040
90476046
90476050
90476056
90476061
90476968
90476970
90476972
90476974
90476976
90476978
90477877
90477880
90477882
90477884
90477886
90477888
90477977
90477979
90477981
90477983
90477985
90477987
90478790
90478822
90478860
90478866
90478872
90478882
90480659
90480668
90480936
90480955
90481652
90481680
90481710
90481712
90481717
90481719
90484138
90484163
90484199
90484201
90484203
90484206
90484317
90484319
90486747
90486749
90486751
90486753
90488207
90488209
90488211
90488213
90488215
90488217
90490376
90490380
90490382
90490418
90490443
90490445
90492998
90493000
90493002
90493203
90493205
90493207
90493209
90493211
90494856
90494863
90495133
90495170
90495184
90495192
90495197
90495206
90495434
90495441
90497891
90497929
90498095
90498097
90498099
90498101
90498103
90498106
90500589
90500591
90500593
90500595
90500597
90500599
90500710
90500712
90500799
90500801
90501830
90501839
90501849
90501854
90501860
90501868
90502037
90502039
90502956
90502960
90502963
90502966
90502970
90502972
90503052
90503055
90503057
90503059
90503934
90503936
90503938
90503940
90503942
90503944
90503999
90504001
90504681
90504690
90504697
90504703
90504711
90504716
90504880
90504884
90505802
90505804
90505807
90505809
90505813
90505817
90505914
90505916
90505918
90505920
90505922
90505924
90506753
90506755
90506757
90506759
90506761
90506763
90507296
90507300
90507407
90507414
90507617
90507619
90507621
90507630
90507634
90507636
90508561
90508563
90508566
90508568
90508570
90508572
90509871
90509873
90509875
90509877
90509879
90509881
90509970
90509973
90509975
90509977
90509979
90509981
90511985
90511990
90511997
90512001
90512006
90512012
90512206
90512209
90515514
90515516
90515518
90515520
90515523
90515525
90519496
90519498
90519500
90519502
90519504
90519506
90519570
90519572
90519574
90522241
90522250
90522254
90522262
90522266
90522271
90524088
90524093
90524098
90524103
90524109
90524113
90524524
90524606
90525315
90525318
90525320
90526766
90526768
90526770
90529347
90529349
90529351
90529353
90529355
90529357
90529499
90529501
90529503
90529505
90529647
90531367
90531404
90531409
90531414
90531419
90531422
90535089
90535103
90535268
90535270
90535272
90535274
90535382
90535384
90535386
90537857
90537859
90537861
90537959
90537961
90538141
90538143
90538146
90538148
90538150
90538152
90539953
90539962
90539972
90539980
90539984
90542634
90542636
90542639
90542641
90542643
90542646
90542733
90542735
90542737
90542739
90542760
90542790
90545405
90545432
90545466
90545468
90545470
90545472
90547160
90547167
90547173
90547180
90547189
90547229
90547500
90547504
90547507
90550063
90550066
90550068
90550070
90550072
90550074
90552656
90552658
90552660
90552859
90552861
90552863
90552866
90552868
90552870
90554765
90554796
90554816
90554821
90554827
90554831
90557710
90557712
90557714
90557716
90557718
90557721
90560307
90560309
90560311
90560313
90560315
90560317
90562002
90562010
90562018
90562023
90562480
90562485
90562495
90562503
90562512
90562517
90565160
90565162
90565175
90565184
90565192
90565199
90566811
90566814
90566817
