13.949
1.480
15.564
13.916
13.393
13.370
13.767
13.363
13.862
13.403
59.342
12.408
12.929
14.595
14.172
13.923
13.362
13.537
13.514
2.465
13.351
13.748
12.758
13.696
13.592
13.238
14.815
13.014
13.296
12.707
13.481
16.138
11.924
13.312
15.152
13.992
13.825
13.121
13.613
15.009
15.091
13.645
14.435
13.851
13.279
13.588
13.716
13.727
14.184
13.816
69.153
13.677
14.860
13.704
3.416
12.896
14.151
16.232
13.144
21.781
13.296
12.880
13.646
13.408
13.307
13.854
27.735
13.568
13.753
14.154
13.196
13.000
12.926
17.648
13.446
13.431
13.274
13.432
12.389
13.008
13.838
12.432
15.256
1.543
16.005
12.481
14.685
14.806
13.907
12.842
13.405
14.420
14.369
13.459
13.311
12.542
14.965
12.349
12.481
12.431
12.217
11.596
11.872
13.534
12.907
13.181
11.827
13.771
12.646
13.042
12.967
13.447
12.057
12.640
11.702
13.551
12.755
12.890
13.299
12.517
13.730
14.702
15.806
12.500
12.379
12.628
13.096
12.119
12.108
12.848
13.995
13.137
14.600
13.901
12.443
12.456
14.438
12.683
11.758
