24.905
27.382
29.776
28.817
28.928
30.876
29.362
29.385
30.297
30.356
35.008
37.462
32.321
33.714
30.387
27.677
30.751
29.941
29.813
30.555
60.354
83.947
35.961
32.073
28.206
27.743
27.599
28.817
35.656
36.832
34.728
34.839
32.416
30.886
30.112
30.048
32.001
33.762
32.869
29.547
28.937
30.731
28.371
28.222
29.914
34.728
29.503
28.881
27.565
29.518
27.318
31.118
29.013
29.825
29.953
30.090
28.069
27.722
27.483
31.977
30.933
32.343
32.172
29.907
29.795
30.401
31.435
37.863
34.868
30.949
30.103
29.751
32.888
30.907
32.365
31.471
32.233
29.879
32.122
30.895
33.362
32.324
33.793
31.581
32.616
32.851
33.215
33.236
29.370
28.892
29.348
29.251
30.374
29.600
30.894
29.657
31.513
30.899
29.755
30.258
29.601
30.936
32.271
29.172
29.049
28.535
30.739
30.047
30.127
29.112
31.987
32.534
34.273
34.091
30.893
29.250
28.682
30.066
34.995
26.163
31.786
32.128
29.528
27.937
29.195
28.494
26.651
28.204
26.961
27.322
