16.618
22.006
16.247
40.636
21.710
17.102
21.451
17.644
3.300
17.349
16.377
15.949
16.289
17.616
17.889
15.891
2.506
15.726
16.805
49.492
49.488
28.640
2.483
49.871
21.256
15.389
16.691
17.637
48.765
38.681
18.002
15.449
48.510
15.860
48.750
24.170
15.818
15.556
15.486
15.555
16.431
18.168
15.568
41.945
75.059
15.273
16.427
79.908
17.564
16.915
3.196
14.515
15.171
17.791
15.318
42.006
34.059
20.566
16.634
16.305
16.294
17.062
15.794
15.840
15.330
17.418
16.473
20.184
15.989
32.319
16.123
17.720
17.317
42.128
17.453
46.605
18.219
16.219
18.132
17.776
17.722
15.671
16.166
42.397
32.032
18.147
18.156
20.042
22.330
19.123
19.570
18.082
18.763
18.034
18.161
16.765
16.606
18.900
18.387
17.878
17.327
17.965
15.767
16.324
15.519
18.318
17.097
17.722
18.882
19.186
17.236
17.003
16.976
16.958
17.814
17.103
16.413
