86788900
86793316
86797201
86800683
86803445
86806841
86810237
86812779
86813599
86817141
86820734
86824916
86828931
86832284
86835404
86838637
86842532
86845963
86848931
86850007
86851314
86852893
86854108
86856862
86860765
86865250
86868518
86873709
86877936
86878987
86880984
86884069
86886277
86886463
86889245
86892715
86897275
86901979
86906050
86906254
86906259
86906262
86906263
86906268
86906289
86906296
86906306
86906311
86906336
86906338
86906345
86906348
86906352
86906372
86906383
86906387
86906389
86906393
86906397
86906556
86906627
86906638
86906889
86909428
86912908
86916475
86919802
86924027
86930502
86933286
86933513
86934404
86938248
86941914
86945661
86948916
86952775
86957087
86961730
86965462
86969277
86972663
86976649
86979434
86979444
86979450
86979608
86979614
86979620
86979680
86979689
86979698
86979764
86979771
86979777
86979810
86979964
86979970
86979976
86980026
86980032
86980038
86980100
86980110
86980119
86980248
86980259
86980269
86980299
86980310
86980319
86980378
86980387
86980393
86980579
86980588
86980597
86980669
86980675
86980681
86980748
86980757
86980766
86980941
86980951
86980958
86981154
86981164
86981173
86981358
86981364
86981372
86981617
86981627
86981637
86981781
86981790
86981797
86981978
86981988
86981998
86982255
86982266
86982275
86982426
86982436
86982446
86982648
86982654
86982662
86982865
86982874
86982883
86982934
86982943
86982949
86983020
86983036
86983050
86983180
86983189
86983200
86983261
86983271
86983278
86983457
86983473
86983485
86983542
86983548
86983554
86983605
86983614
86983620
86983754
86983763
86983772
86983809
86983818
86983824
86983871
86983880
86983889
86984073
86984081
86984087
86984130
86984140
86984149
86984218
86984224
86984230
86984404
86984413
86984422
86984484
86984491
86984497
86984563
86984573
86984582
86984602
86984773
86984780
86984786
86984852
86984861
86984870
86984921
86984933
86984940
86985102
86985111
86985118
86985189
86985195
86985202
86985241
86985251
86985257
86985440
86985450
86985456
86985523
86985529
86985535
86985596
86985605
86985612
86985777
86985786
86985795
86985874
86985883
86985893
86985983
86985992
86985998
86986188
86986197
86986206
86986249
86986258
86986267
86986342
86986352
86986361
86986507
86986516
86986522
86986573
86986582
86986591
86986660
86986669
86986675
86986838
86986847
86986858
86986912
86986921
86986931
86987003
86987013
86987019
86987179
86987188
86987198
86987248
86987258
86987268
86987353
86987362
86987371
86987522
86987531
86987537
86987590
86987600
86987609
86987701
86987715
86987727
86987847
86987853
86987859
86987919
86987925
86987931
86988112
86988125
86988132
86988165
86988174
86988183
86988223
86988232
86988241
86988380
86988389
86988399
86988446
86988456
86988465
86988516
86988525
86988534
86988574
86988728
86988734
86988741
86988813
86988819
86988831
86988893
86988900
86988906
86989068
86989074
86989080
86989106
86989115
86989124
86989161
86989170
86989179
86989345
86989354
86989363
86989401
86989411
86989420
86989492
86989499
86989505
86989689
86989695
86989701
86989785
86989793
86989799
86989890
86989896
86989903
86990130
86990137
86990144
86990235
86990241
86990247
86990271
86990280
86990289
86990412
86990421
86990430
86990461
86990472
86990481
86990505
86990514
86990523
86990674
86990683
86990692
86990729
86990738
86990747
86990782
86990791
86990800
86990962
86990968
86990974
86991069
86991078
86991089
86991188
86991194
86991200
86991384
86991394
86991400
86991449
86991458
86991464
86991482
86991491
86991500
86991634
86991643
86991652
86991680
86991689
86991698
86991746
86991755
86991764
86991892
86991901
86991911
86991944
86991953
86991962
86992020
86992037
86992053
86992203
86992210
86992216
86992240
86992296
86992305
86992311
86992352
86992456
86992498
86992510
86992520
86992593
86992605
86992616
86992676
86992682
86992688
86992844
86992850
86992856
86992906
86992912
86992919
86992983
86992989
86992995
86993172
86993179
86993186
86993246
86993255
86993262
86993344
86993354
86993360
86993516
86993522
86993528
86993592
86993601
86993610
86993676
86993682
86993688
86993859
86993862
86993865
86993928
86993931
86993936
86994018
86994024
86994030
86994197
86994203
86994211
86994286
86994289
86994293
86994367
86994374
86994380
86994557
86994560
86994563
86994624
86994633
86994644
86994704
86994713
86994718
86994859
86994868
86994877
86994924
86994933
86994942
86994990
86995001
86995011
86995171
86995180
86995189
86995238
86995247
86995253
86995309
86995318
86995328
86995482
86995491
86995498
86995557
86995568
86995577
86995663
86995672
86995678
86995799
86995808
86995817
86995857
86995867
86995876
86995909
86995918
86995927
86996061
86996071
86996080
86996120
86996129
86996139
86996164
86996208
86996217
86996226
86996351
86996360
86996369
86996429
86996435
86996442
86996495
86996512
86996524
86996664
86996672
86996679
86996730
86996736
86996742
86996976
86996992
86997008
86997094
86997100
86997106
86997170
86997179
86997185
86997434
86997443
86997452
86997749
86997758
86997766
86997858
86997865
86997871
86998069
86998078
86998084
86998150
86998156
86998162
86998188
86998197
86998206
86998324
86998333
86998342
86998364
86998373
86998382
86998403
86998412
86998422
86998626
86998637
86998648
86998678
86998687
86998696
86998738
86998748
86998757
86998904
86998916
86998922
86999011
86999017
86999023
86999100
86999106
86999112
86999308
86999314
86999321
86999389
86999395
86999401
86999429
86999438
86999447
86999567
86999576
86999585
86999604
86999614
86999623
86999642
86999651
86999660
86999816
86999826
86999835
86999964
86999973
86999982
87000038
87000047
87000057
87000222
87000228
87000234
87000327
87000336
87000345
87000408
87000452
87000458
87000464
87000628
87000638
87000648
87000693
87000702
87000708
87000729
87000738
87000747
87000871
87000880
87000889
87000905
87000914
87000923
87000979
87000988
87000997
87001121
87001130
87001139
87001176
87001185
87001195
87001264
87001280
87001296
87001440
87001446
87001453
87001525
87001534
87001541
87001729
87001742
87001751
87001831
87001837
87001844
87001899
87001908
87001915
87002056
87002065
87002074
87002113
87002122
87002131
87002154
87002163
87002172
87002321
87002330
87002339
87002370
87002379
87002388
87002442
87002453
87002459
87002598
87002608
87002615
87002685
87002694
87002703
87002758
87002764
87002770
87002951
87002960
87002969
87003039
87003045
87003051
87003087
87003096
87003105
87003243
87003252
87003261
87003312
87003318
87003324
87003367
87003376
87003382
87003557
87003565
87003571
87003613
87003623
87003632
87003688
87003697
87003706
87003867
87003877
87003888
87003942
87003952
87003959
87004076
87004084
87004091
87004099
87004319
87004325
87004331
87004414
87004420
87004425
87004491
87004497
87004503
87004686
87004692
87004698
87004771
87004778
87004785
87004951
87004963
87004975
87005199
87005207
87005214
87005322
87005328
87005334
87005435
87005442
87005448
87005662
87005666
87005669
87005773
87005779
87005786
87005929
87005935
87005941
87006140
87006147
87006153
87006255
87006259
87006262
87006363
87006377
87006389
87006571
87006575
87006579
87006707
87006715
87006722
87006927
87006933
87006940
87007040
87007046
87007049
87007123
87007129
87007135
87007325
87007331
87007337
87007441
87007448
87007452
87007545
87007553
87007556
87007750
87007754
87007758
87007875
87007883
87007888
87007980
87007983
87007986
87008153
87008159
87008163
87008220
87008226
87008229
87008308
87008314
87008320
87008520
87008523
87008526
87008620
87008627
87008635
87008724
87008727
87008730
87008909
87008915
87008921
87009014
87009017
87009020
87009112
87009115
87009118
87009145
87009348
87009351
87009355
87009393
87009399
87009406
87009454
87009463
87009469
87009588
87009597
87009606
87009624
87009633
87009642
87009667
87009676
87009685
87009867
87009877
87009886
87009919
87009928
87009935
87010003
87010012
87010022
87010166
87010175
87010184
87010222
87010231
87010240
87010299
87010313
87010326
87010483
87010493
87010502
87010524
87010533
87010542
87010571
87010580
87010589
87010742
87010751
87010760
87010783
87010792
87010802
87010869
87010879
87010886
87011041
87011051
87011057
87011149
87011159
87011168
87011234
87011249
87011262
87011436
87011443
87011449
87011536
87011542
87011549
87011764
87011780
87011792
87011882
87011892
87011899
87011988
87011994
87012000
87012136
87012145
87012154
87012197
87012206
87012212
87012241
87012251
87012260
87012434
87012443
87012453
87012486
87012495
87012504
87012546
87012555
87012564
87012701
87012710
87012719
87012807
87012817
87012824
87012901
87012907
87012913
87012937
87013096
87013106
87013115
87013179
87013185
87013193
87013256
87013263
87013270
87013403
87013412
87013421
87013454
87013463
87013469
87013532
87013538
87013544
87013713
87013720
87013727
87013795
87013804
87013813
87013899
87013907
87013917
87014086
87014092
87014098
87014178
87014189
87014199
87014297
87014303
87014310
87014490
87014499
87014508
87014548
87014559
87014568
87014611
87014620
87014626
87014769
87014779
87014788
87014848
87014857
87014866
87014951
87014960
87014969
87015098
87015109
87015119
87015181
87015190
87015199
87015251
87015260
87015270
87015439
87015448
87015454
87015516
87015525
87015534
87015643
87015649
87015655
87015832
87015838
87015845
87015890
87015899
87015905
87015973
87015991
87016007
87016111
87016117
87016123
87016153
87016162
87016172
87016355
87016366
87016372
87016437
87016446
87016455
87016511
87016517
87016523
87016686
87016695
87016701
87016757
87016766
87016776
87016844
87016853
87016863
87016893
87017051
87017057
87017064
87017120
87017130
87017139
87017184
87017190
87017196
87017355
87017362
87017368
87017410
87017416
87017422
87017466
87017475
87017484
87017677
87017685
87017692
87017752
87017761
87017767
87027868
87027877
87027886
87028056
87028065
87028147
87028157
87028168
87028245
87028254
87028435
87028445
87028451
87028527
87028536
87028545
87028595
87028639
87028648
87028776
87028785
87028809
87028818
87028864
87028873
87029016
87029022
87029028
87029074
87029083
87029092
87029235
87029244
87029376
87029385
87029431
87029441
87029450
87029578
87029598
87029618
87029943
87029952
87030032
87030041
87030197
87030206
87030247
87030256
87030265
87030286
87030295
87030432
87030441
87030475
87030484
87030537
87030546
87030555
87030800
87030808
87030815
87030914
87030924
87030933
87031021
87031027
87031035
87031215
87031225
87031232
87031289
87031300
87031309
87031366
87031375
87031384
87031556
87031567
87031604
87031614
87031623
87031678
87031688
87031816
87031825
87031858
87031867
87031922
87031928
87031934
87032127
87032134
87032141
87032236
87032243
87032252
87032333
87032342
87032352
87032512
87032521
87032531
87032581
87032590
87032599
87032695
87032716
87032726
87032735
87032921
87032930
87032939
87032993
87033002
87033015
87033041
87033050
87033059
87033177
87033186
87033195
87033214
87033223
87033233
87033366
87033372
87033380
87033601
87033612
87033619
87033694
87033702
87033708
87033823
87033829
87033836
87033993
87034002
87034009
87034084
87034093
87034102
87034205
87034221
87034236
87034345
87034355
87034364
87034411
87034421
87034430
87034737
87034746
87034755
87034785
87034794
87034803
87034865
87034874
87034883
87035076
87035082
87035092
87035167
87035178
87035185
87035276
87035284
87035290
87035464
87035470
87035476
87035657
87035666
87035672
87035720
87035730
87035740
87035992
87036002
87036011
87036046
87036055
87036064
87036091
87036100
87036109
87036338
87036347
87036356
87036387
87036396
87036405
87036449
87036458
87036464
87036740
87036746
87036753
87036839
87036845
87036851
87037052
87037060
87037066
87037251
87037257
87037264
87037323
87037333
87037343
87037406
87037415
87037425
87037436
87037618
87037628
87037637
87037730
87037739
87037800
87037808
87038091
87038101
87038187
87038195
87038315
87038328
87038652
87038657
87038661
87038793
87038800
87038806
87038952
87038956
87038962
87039163
87039169
87039172
87041032
87041039
87041046
87041128
87041137
87041286
87041296
87041539
87041591
87041600
87041731
87041740
87041787
87041797
87041933
87041950
87042087
87042096
87042148
87042272
87042289
87042355
87042367
87042432
87042441
87042693
87042735
87042745
87042782
87042791
87043014
87043024
87043054
87043063
87043098
87043432
87043435
87043439
87043508
87043514
87043520
87043568
87043577
87043587
87043825
87043834
87043843
87043878
87043887
87043896
87044051
87044060
87044096
87044230
87044239
87044271
87044280
87044408
87044418
87044542
87044552
87044579
87044588
87044631
87044640
87044802
87044811
87044861
87044870
87044964
87044974
87045126
87045136
87045202
87045211
87045274
87045287
87045451
87045460
87045491
87045500
87045541
87045550
87045675
87045684
87045721
87045730
87045792
87045801
87045937
87045946
87046000
87046009
87046077
87046086
87046243
87046252
87046350
87046359
87046443
87046452
87046589
87046598
87046638
87046650
87046718
87046735
87046830
87046839
87046869
87046878
87047048
87047065
87047124
87047133
87047201
87047210
87047361
87047370
87047380
87047435
87047445
87047500
87047510
87047557
87047688
87047697
87047706
87047753
87047762
87047814
87047824
87047961
87047970
87048006
87048016
87048059
87048068
87048226
87048235
87048314
87048320
87048326
87048436
87048442
87048449
87048631
87048640
87048646
87048744
87048750
87048757
87048834
87048843
87048849
87049014
87049024
87049033
87049086
87049095
87049104
87049165
87049174
87049184
87049352
87049361
87049367
87049425
87049434
87049443
87049471
87049488
87049508
87049767
87049777
87049787
87049874
87049885
87049892
87050072
87050081
87050091
87050241
87050250
87050256
87050327
87050336
87050345
87050454
87050460
87050466
87050613
87050623
87050633
87050797
87050807
87050814
87050878
87050887
87050896
87051123
87051132
87051141
87051202
87051211
87051295
87051304
87051643
87051652
87051724
87051734
87051741
87051845
87051856
87051869
87052040
87052049
87052056
87052158
87052169
87052177
87052233
87052392
87052408
87052497
87052506
87052513
87052571
87052580
87052727
87052737
87052743
87052785
87052794
87052800
87052865
87052875
87052881
87053068
87053074
87053081
87053132
87053141
87053147
87053202
87053211
87053220
87053377
87053383
87053389
87053454
87053463
87053472
87053550
87053556
87053565
87053766
87053776
87053784
87053850
87053856
87053865
87053960
87053966
87053972
87054125
87054134
87054144
87054292
87054301
87054310
87054349
87054358
87054367
87054530
87054539
87054548
87054628
87054638
87054645
87054821
87054827
87054833
87055021
87055027
87055034
87055111
87055117
87055123
87055202
87055212
87055218
87055433
87055442
87055452
87055564
87055570
87055577
87055669
87055678
87055687
87055806
87055815
87055824
87055871
87055881
87055890
87056094
87056103
87056113
87056284
87056293
87056302
87056413
87056421
87056427
87056618
87056627
87056637
87056857
87056863
87056869
87056951
87056960
87056969
87057023
87057057
87057064
87057070
87057212
87057221
87057230
87057256
87057265
87057275
87057309
87057318
87057547
87057557
87057608
87057617
87057739
87057757
87057867
87057877
87057976
87057982
87057988
87058170
87058179
87058188
87058276
87058282
87058289
87058376
87058382
87058389
87058574
87058583
87058592
87058655
87058665
87058675
87058705
87058714
87058723
87058841
87058851
87058860
87058874
87058883
87058914
87058923
87059080
87059089
87059155
87059164
87059248
87059255
87059263
87059431
87059438
87059445
87059535
87059541
87059548
87059634
87059640
87059647
87059815
87059824
87059833
87059880
87059889
87059898
87059924
87059933
87059942
87060098
87060104
87060110
87060176
87060183
87060189
87060358
87060364
87060370
87060573
87060581
87060591
87060687
87060696
87060705
87060896
87060905
87060912
87061076
87061085
87061095
87061138
87061149
87061161
87061231
87061241
87061250
87061259
87061383
87061392
87061401
87061421
87061430
87061439
87061475
87061485
87061494
87061621
87061630
87061639
87061767
87061776
87061871
87061877
87062043
87062054
87062064
87062253
87062259
87062371
87062381
87062390
87062554
87062560
87062566
87062612
87062624
87062633
87062723
87062741
87062840
87062850
87062884
87062893
87063016
87063025
87063051
87063060
87063092
87063101
87063306
87063313
87063319
87063406
87063412
87063418
87063507
87063514
87063520
87063696
87063704
87063710
87063766
87063775
87063784
87063925
87063934
87063943
87064102
87064111
87064121
87064154
87064163
87064304
87064313
87064426
87064435
87064461
87064470
87064511
87064538
87064812
87064818
87064824
87064902
87064908
87064914
87065012
87065019
87065026
87065312
87065318
87065324
87065377
87065386
87065396
87065550
87065559
87065568
87065602
87065767
87065773
87065780
87065847
87065853
87065862
87066031
87066042
87066051
87066197
87066206
87066213
87066272
87066281
87066290
87066378
87066395
87066411
87066596
87066606
87066615
87066648
87066658
87066667
87066702
87066712
87066721
87067171
87067181
87067190
87067248
87067257
87067267
87067342
87067352
87067361
87067592
87067601
87067610
87067674
87067680
87067686
87067743
87067752
87067761
87068019
87068025
87068031
87068092
87068101
87068107
87068173
87068183
87068199
87068412
87068421
87068430
87068463
87068472
87068571
87068587
87068825
87068835
87068885
87068894
87069053
87069062
87069113
87069123
87069203
87069209
87069212
87069373
87069379
87069382
87069448
87069454
87069462
87069528
87069534
87069540
87069695
87069704
87069713
87069745
87069754
87069763
87069813
87069822
87069832
87069979
87069988
87069997
87070053
87070062
87070071
87070110
87070120
87070129
87070142
87070387
87070396
87070405
87070458
87070467
87070473
87070539
87070546
87070552
87070810
87070816
87070822
87070895
87070901
87070907
87070968
87070974
87070980
87071140
87071149
87071158
87071232
87071239
87071248
87071308
87071316
87071325
87071556
87071564
87071568
87071695
87071707
87071714
87071846
87071861
87071870
87072089
87072098
87072105
87072221
87072229
87072233
87072345
87072352
87072360
87072526
87072535
87072538
87072574
87072583
87072592
87072655
87072664
87072673
87072808
87072818
87072827
87072885
87072895
87072905
87072951
87072961
87072971
87073154
87073161
87073167
87073253
87073262
87073269
87073378
87073387
87073393
87073559
87073565
87073571
87073629
87073638
87073647
87073711
87073727
87073744
87073803
87073812
87073821
87073851
87073860
87073869
87074077
87074086
87074095
87074137
87074146
87074156
87074215
87074225
87074234
87074390
87074400
87074410
87074489
87074495
87074505
87074596
87074606
87074612
87074653
87074823
87074830
87074836
87074900
87074910
87074919
87074971
87074980
87074986
87075132
87075138
87075145
87075182
87075192
87075202
87075237
87075246
87075509
87075518
87075566
87075576
87075632
87075642
87075814
87075824
87075923
87075929
87076023
87076036
87076268
87076274
87076282
87076367
87076374
87076377
87102233
87102244
87102253
87102396
87102405
87102414
87102466
87102475
87102485
87102652
87102662
87102669
87102823
87102846
87102865
87102943
87102956
87102962
87102969
87103164
87103173
87103183
87103257
87103266
87103272
87103395
87103404
87103413
87103533
87103542
87103551
87103577
87103586
87103595
87103848
87103858
87103867
87104016
87104026
87104035
87104076
87104085
87104094
87104166
87104179
87104191
87104637
87104644
87104651
87104778
87104787
87104794
87104938
87104951
87104962
87105077
87105087
87105096
87105154
87105163
87105169
87105307
87105314
87105320
87105381
87105387
87105393
87105456
87105465
87105474
87105710
87105718
87105726
87105824
87105833
87105839
87105896
87105906
87105913
87106057
87106067
87106076
87106140
87106149
87106158
87106250
87106259
87106269
87106443
87106452
87106461
87106506
87106513
87106519
87106583
87106589
87106592
87106749
87106758
87106764
87106819
87106826
87106832
87106893
87106902
87106911
87107096
87107103
87107110
87107186
87107195
87107201
87107266
87107272
87107278
87107415
87107425
87107434
87107488
87107497
87107506
87107565
87107574
87107583
87107595
87107751
87107760
87107770
87107818
87107827
87107836
87107864
87107873
87107883
87108030
87108039
87108045
87108098
87108108
87108117
87108190
87108200
87108211
87108414
87108425
87108435
87108518
87108527
87108533
87108697
87108706
87108715
87108862
87108871
87108881
87108923
87108933
87108942
87109144
87109153
87109162
87109322
87109331
87109341
87109377
87109386
87109396
87109574
87109584
87109593
87109758
87109764
87109771
87109837
87109843
87109854
87110066
87110080
87110093
87110230
87110236
87110242
87110330
87110340
87110346
87110574
87110592
87110604
87110656
87110665
87110674
87110734
87110743
87110750
87111015
87111025
87111031
87111070
87111079
87111088
87111123
87111132
87111138
87111370
87111380
87111386
87111456
87111462
87111469
87111532
87111538
87111544
87111848
87111854
87111861
87111957
87111963
87111969
87112069
87112075
87112082
87112449
87112458
87112464
87112516
87112525
87112531
87112586
87112595
87112604
87112631
87112919
87112926
87112932
87113041
87113047
87113053
87113151
87113157
87113166
87113426
87113432
87113438
87113467
87113476
87113482
87113528
87113537
87113546
87113911
87113920
87113929
87113972
87113982
87113992
87114068
87114077
87114086
87114235
87114244
87114253
87114315
87114325
87114334
87114429
87114441
87114773
87114782
87114890
87114900
87114975
87114984
87115265
87115274
87115317
87115326
87115404
87115413
87115658
87115668
87115731
87115740
87115836
87115845
87116134
87116143
87116201
87116210
87116219
87116345
87116651
87116657
87116744
87116750
87116895
87116908
87116917
87117093
87117104
87117158
87117165
87117171
87117356
87117365
87117376
87117546
87117612
87117622
87117793
87117802
87117960
87117969
87118036
87118045
87118110
87118258
87118266
87118272
87118463
87118471
87118479
87118571
87118577
87118583
87118760
87118766
87118772
87118952
87118961
87118970
87119014
87119023
87119032
87119189
87119198
87119207
87119348
87119358
87119450
87119459
87119612
87119621
87119785
87119794
87119865
87119874
87120094
87120103
87120184
87120193
87120274
87120280
87120286
87120442
87120452
87120489
87120498
87120566
87120579
87120718
87120727
87120793
87120802
87120863
87120873
87121023
87121034
87121092
87121101
87121195
87121204
87121356
87121366
87121419
87121428
87121513
87121519
87121525
87121689
87121698
87121704
87121800
87121806
87121812
87121947
87121963
87121977
87122060
87122069
87122125
87122136
87122276
87122285
87122347
87122357
87122429
87122438
87122475
87122627
87122636
87122646
87122718
87122728
87122807
87122813
87122819
87122987
87122996
87123002
87123058
87123067
87123074
87123123
87123132
87123141
87123305
87123314
87123320
87123407
87123413
87123419
87123533
87123540
87123547
87123731
87123738
87123744
87123871
87123877
87123884
87123960
87123969
87123979
87124165
87124174
87124184
87124237
87124246
87124255
87124298
87124307
87124313
87124527
87124536
87124545
87124611
87124620
87124630
87124675
87124685
87124694
87124901
87124908
87124918
87125010
87125019
87125026
87125111
87125120
87125129
87125292
87125302
87125381
87125390
87125517
87125532
87125541
87125709
87125719
87125805
87125815
87125821
87125885
87125894
87126055
87126064
87126116
87126126
87126203
87126213
87126371
87126378
87126384
87126452
87126462
87126471
87126579
87126586
87126592
87126751
87126760
87126769
87126896
87126905
87126918
87126998
87127063
87127076
87127085
87127210
87127220
87127226
87127286
87127298
87127304
87127421
87127435
87127448
87127498
87127507
87127516
87127574
87127580
87127586
87127783
87127790
87127796
87127867
87127876
87127882
87127942
87127954
87127965
87128126
87128135
87128142
87128222
87128231
87128238
87128435
87128441
87128447
87128864
87128874
87128885
87129233
87129239
87129246
87129611
87129620
87129630
87130092
87130099
87130105
87130483
87130492
87130501
87130781
87130787
87130793
87131284
87131294
87131300
87131658
87131664
87131671
87132047
87132053
87132059
87132518
87132524
87132531
87132837
87132847
87132853
87133188
87133194
87133204
87133707
87133713
87133719
87134054
87134064
87134073
87134365
87134374
87134380
87134783
87134792
87134802
87135138
87135147
87135156
87135494
87135503
87135512
87135974
87135983
87135989
87136280
87136289
87136299
87136661
87136674
87136681
87137133
87137142
87137151
87137530
87137539
87137543
87137875
87137951
87137960
87137967
87138323
87138332
87138338
87138690
87138702
87138708
87139043
87139052
87139061
87139494
87139503
87139512
87139843
87139852
87139861
87140168
87140183
87140199
87140591
87140600
87140609
87140948
87140957
87141378
87141396
87141733
87141739
87141764
87142116
87142125
87142134
87142627
87142636
87142644
87143009
87143016
87143022
87143401
87143407
87143413
87143809
87143817
87143823
87144183
87144190
87144196
87144626
87144634
87144642
87145196
87145207
87145217
87145466
87145513
87145521
87145799
87145802
87145807
87146297
87146300
87146303
87146678
87146681
87146685
87147039
87147060
87147066
87147461
87147470
87147479
87147836
87147845
87147851
87148295
87148302
87148308
87148755
87148761
87148767
87149112
87149121
87149132
87149490
87149499
87149505
87149940
87149949
87149959
87150241
87150250
87150262
87150588
87150598
87150607
87151037
87151051
87151061
87151407
87151416
87151426
87151732
87151804
87151814
87151820
87152196
87152205
87152255
87152623
87152633
87152640
87153020
87153031
87153038
87153475
87153483
87153492
87153832
87153841
87153847
87154184
87154190
87154196
87154653
87154663
87154669
87155041
87155048
87155058
87155431
87155449
87155465
87155864
87155873
87155882
87156106
87156118
87156129
87156574
87156591
87156599
87156923
87156933
87156943
87157265
87157274
87157280
87157677
87157686
87157695
87157986
87157993
87157999
87158344
87158353
87158361
87158824
87158830
87158836
87159194
87159203
87159209
87159561
87159572
87159581
87159953
87159962
87159971
87160294
87160303
87160312
87160654
87160664
87160673
87161114
87161123
87161132
87161388
87161451
87161711
87161720
87162130
87162139
87162463
87162472
87162794
87162803
87163180
87163189
87163527
87163536
87163875
87163885
87164313
87164322
87164331
87164663
87164672
87164961
87164970
87164979
87165064
87165427
87165436
87165767
87165776
87166111
87166120
87166129
87166533
87166542
87166800
87166809
87167239
87167256
87167269
87167708
87167718
87168048
87168058
87168398
87168407
87169132
87169141
87169214
87169223
87169345
87169355
87169492
87169501
87169540
87169549
87169592
87169611
87169737
87169746
87169755
87169807
87169814
87169821
87169982
87170001
87170016
87170097
87170106
87170118
87170197
87170204
87170210
87170359
87170368
87170378
87170445
87170451
87170458
87170544
87170553
87170565
87170730
87170739
87170745
87170810
87170820
87170826
87170890
87170896
87170902
87171065
87171071
87171077
87171121
87171130
87171139
87171201
87171208
87171214
87171406
87171414
87171422
87171520
87171529
87171535
87171693
87171701
87171707
87172154
87172160
87172167
87172557
87172568
87172575
87172999
87173006
87173013
87173116
87173475
87173484
87173498
87173887
87173893
87173899
87174258
87174264
87174270
87174672
87174681
87174687
87175019
87175028
87175037
87175334
87175371
87175409
87175808
87175817
87175827
87176167
87176176
87176185
87176555
87176564
87176573
87177101
87177112
87177121
87177436
87177455
87177509
87177915
87177925
87177932
87178390
87178401
87178410
87178754
87178763
87178770
87179169
87179178
87179190
87179656
87179664
87179670
87180018
87180027
87180036
87180434
87180440
87180446
87180877
87180886
87180895
87181229
87181239
87181248
87181568
87181576
87181589
87182016
87182025
87182035
87182384
87182393
87182400
87182849
87182866
87182879
87183245
87183251
87183257
87183569
87183575
87183582
87184011
87184020
87184029
87184315
87184324
87184330
87184663
87184672
87184679
87185065
87185074
87185143
87185433
87185444
87185453
87185805
87185814
87185821
87186273
87186282
87186288
87186651
87186660
87253528
87253537
87253546
87253579
87253588
87253597
87253731
87253741
87253750
87253788
87253798
87253809
87253844
87253853
87253862
87253995
87254004
87254013
87254054
87254087
87254096
87254105
87254136
87254145
87254154
87254281
87254290
87254299
87254323
87254332
87254341
87254368
87254377
87254386
87254533
87254539
87254545
87254721
87254730
87254739
87254810
87254820
87254829
87255013
87255023
87255029
87255408
87255418
87255427
87255525
87255534
87255543
87255731
87255745
87255762
87255809
87255818
87255824
87255866
87255878
87255888
87256012
87256019
87256025
87256081
87256091
87256098
87256155
87256164
87256170
87256333
87256343
87256352
87256461
87256470
87256479
87256542
87256549
87256556
87256733
87256743
87256749
87256830
87256836
87256842
87256961
87256974
87256986
87257122
87257131
87257140
87257180
87257189
87257198
87257313
87257323
87257332
87257354
87257363
87257372
87257394
87257404
87257413
87257546
87257555
87257564
87257614
87257624
87257633
87257671
87257680
87257689
87257869
87257875
87257882
87257978
87257985
87257991
87258075
87258083
87258090
87258277
87258283
87258290
87258313
87258356
87258366
87258375
87258414
87258423
87258432
87258558
87258567
87258576
87258594
87258603
87258612
87258633
87258643
87258652
87258769
87258778
87258787
87258837
87258847
87258856
87258901
87258910
87258919
87259061
87259070
87259080
87259132
87259141
87259147
87259231
87259240
87259249
87259416
87259425
87259434
87259530
87259540
87259547
87259603
87259613
87259622
87259783
87259793
87259802
87259851
87259860
87259870
87259917
87259926
87259935
87260097
87260106
87260115
87260160
87260169
87260178
87260230
87260239
87260248
87260408
87260418
87260427
87260517
87260526
87260533
87260650
87260656
87260663
87260890
87260896
87260902
87260998
87261008
87261014
87261103
87261116
87261130
87261292
87261301
87261308
87261393
87261403
87261409
87261517
87261534
87261551
87261656
87261665
87261674
87261731
87261741
87261748
87261895
87261902
87261909
87261995
87262004
87262014
87262086
87262095
87262104
87262291
87262297
87262303
87262344
87262419
87262426
87262432
87262572
87262582
87262589
87262812
87262818
87262824
87262890
87262899
87262908
87263048
87263054
87263061
87263267
87263276
87263287
87263523
87263529
87263535
87263596
87263605
87263614
87263845
87263856
87263862
87263950
87263959
87263968
87264086
87264093
87264097
87264287
87264293
87264300
87264457
87264465
87264469
87264573
87264579
87264586
87264760
87264768
87264771
87264903
87264909
87264918
87265032
87265042
87265051
87265299
87265310
87265319
87265478
87265487
87265494
87265593
87265604
87265616
87265775
87265784
87265793
87265865
87265874
87265883
87266009
87266021
87266027
87266244
87266253
87266261
87266356
87266366
87266372
87266482
87266489
87266495
87266656
87266665
87266676
87266776
87266788
87266797
87266919
87266930
87266936
87267836
87267845
87267854
87268524
87268536
87268549
87269115
87269135
87269200
87269869
87269880
87269889
87270492
87270501
87271196
87271213
87271388
87271952
87271961
87272428
87272437
87273272
87273282
87273710
87273719
87274464
87274473
87274982
87274991
87275798
87275807
87276141
87276150
87277057
87277066
87277437
87277447
87278414
87278423
87278689
87278698
87279606
87279646
87279920
87279929
87281055
87281064
87281105
87281114
87282184
87282193
87282399
87282408
87283536
87283545
87283606
87283616
87284889
87284898
87284996
87285002
87285011
87286080
87286091
87286316
87286325
87287190
87287206
87287411
87287420
87288316
87288325
87288749
87288758
87289418
87289464
87289971
87289983
87290662
87290694
87291242
87291251
87292082
87292091
87292419
87292428
87293111
87293174
87293416
87293701
87293711
87294394
87294457
87294911
87294928
87295760
87295766
87295772
87296116
87296125
87296929
87296946
87297477
87297486
87298124
87298134
87298639
87298648
87299464
87299470
87300233
87300302
87300916
87300923
87300929
87301784
87301794
87302194
87302201
87303106
87303112
87303119
87303375
87303384
87304219
87304228
87304249
87304664
87304674
87305638
87305675
87305681
87305845
87305854
87306958
87306967
87307097
87307106
87308261
87308270
87308504
87308510
87308513
87309719
87309779
87309786
87309934
87309940
87309946
87311314
87311320
87311328
87312007
87312016
87312022
87313207
87313243
87314570
87314579
87315672
87315681
87315756
87315765
87315923
87315932
87315983
87315992
87316072
87316081
87316268
87316313
87316319
87316412
87316421
87316487
87316493
87316658
87316667
87316708
87316717
87316755
87316764
87316959
87316968
87317008
87317017
87317051
87317060
87317198
87317207
87317273
87317284
87317411
87317427
87317605
87317612
87317618
87317698
87317708
87317916
87317926
87317933
87318028
87318038
87318141
87318151
87318396
87318405
87318619
87318629
87318717
87318726
87319102
87319106
87319114
87319280
87319286
87319292
87319402
87319412
87319421
87319648
87319656
87319797
87319804
87319812
87319907
87319916
87320153
87320159
87320165
87320793
87320799
87321437
87321443
87321449
87322369
87322381
87322793
87322802
87322812
87323651
87323660
87324127
87324138
87325050
87325060
87325390
87325402
87326373
87326382
87326428
87326540
87326741
87326763
87327769
87327778
87328232
87328241
87328252
87329156
87329165
87329588
87329597
87329606
87330741
87330748
87330751
87331068
87331077
87331086
87332000
87332009
87332015
87332314
87332331
87332391
87332957
87332967
87333558
87333567
87333639
87334511
87334523
87334532
87335132
87335141
87335858
87335879
87335885
87336728
87336794
87336806
87337129
87337137
87337145
87337849
87337862
87337876
87338550
87338557
87338563
87339123
87339129
87339135
87339792
87339803
87339814
87340587
87340596
87340602
87341382
87341392
87341401
87342022
87342034
87342040
87342982
87342993
87343002
87343613
87343622
87343628
87344578
87344595
87344645
87345172
87345179
87345185
87346163
87346199
87346205
87346828
87346834
87346840
87347827
87347836
87347845
87348310
87348319
87348328
87349438
87349448
87349458
87349613
87349622
87349631
87349724
87349733
87349743
87349942
87349951
87349960
87350009
87350077
87350084
87350090
87350187
87350197
87350206
87350418
87350424
87350432
87350553
87350559
87350565
87350691
87350701
87350711
87350905
87350914
87350924
87351030
87351039
87351048
87351178
87351187
87351197
87351694
87351705
87351714
87352652
87352661
87352727
87353000
87353047
87353073
87354136
87354145
87354156
87354528
87354537
87354547
87355431
87355494
87355507
87355883
87355894
87355903
87356867
87356878
87356887
87357379
87357388
87357397
87358247
87358257
87358266
87358715
87358724
87358733
87358901
87358918
87358935
87359242
87359252
87359537
87359547
87360204
87360223
87360367
87360376
87360385
87360648
87360657
87360780
87360790
87360800
87361216
87361225
87362397
87362407
87363104
87363113
87363122
87363796
87363805
87364490
87364499
87364508
87365327
87365334
87365337
87365424
87365428
87365431
87365508
87365514
87365520
87365686
87365696
87365703
87365746
87365836
87365842
87365845
87365892
87365898
87365905
87366053
87366062
87366072
87366106
87366116
87366125
87366156
87366165
87366174
87366298
87366307
87366316
87366465
87366474
87366483
87366524
87366534
87366543
87366672
87366681
87366690
87367025
87367039
87367052
87367112
87367122
87367131
87367276
87367290
87367306
87367348
87367357
87367366
87367385
87367394
87367403
87367538
87367547
87367555
87367606
87367615
87367621
87367646
87367655
87367664
87367821
87367830
87367839
87367935
87367944
87367953
87367987
87367996
87368005
87368140
87368149
87368158
87368204
87368214
87368223
87368297
87368303
87368309
87368520
87368529
87368538
87368616
87368624
87368630
87368736
87368754
87368766
87368873
87368882
87368888
87368924
87368933
87368942
87369073
87369082
87369091
87369162
87369171
87369180
87369228
87369237
87369249
87369399
87369408
87369417
87369469
87369479
87369489
87369539
87369549
87369558
87369715
87369724
87369734
87369783
87369809
87369818
87369828
87369858
87369867
87369873
87369987
87369996
87370005
87370025
87370034
87370043
87370066
87370075
87370084
87370199
87370208
87370218
87370268
87370277
87370286
87370317
87370326
87370336
87370479
87370488
87370497
87370538
87370547
87370556
87370597
87370607
87370616
87370754
87370763
87370772
87370835
87370846
87370855
87370878
87370887
87370896
87371043
87371052
87371062
87371121
87371130
87371139
87371180
87371190
87371346
87371355
87371394
87371403
87371413
87371477
87371486
87371661
87371670
87371748
87371757
87371834
87371843
87371853
87372038
87372047
87372130
87372139
87372145
87372193
87372202
87372211
87372356
87372365
87372397
87372406
87372415
87372451
87372468
87372608
87372617
87372658
87372667
87372677
87372794
87372811
87372867
87372876
87372926
87372935
87373075
87373084
87373094
87373146
87373174
87373183
87373235
87373245
87373392
87373401
87373439
87373448
87373489
87373498
87373639
87373648
87373814
87373823
87373834
87373896
87373905
87374073
87374082
87374153
87374162
87374240
87374250
87374404
87374415
87374511
87374521
87374569
87374578
87398992
87399002
87399011
87399044
87399053
87399063
87399195
87399204
87399213
87399259
87399268
87399277
87399322
87399331
87399340
87399478
87399487
87399496
87399541
87399566
87399575
87399584
87399607
87399616
87399625
87399742
87399751
87399760
87399789
87399798
87399807
87399829
87399838
87399847
87399971
87399980
87399989
87400140
87400149
87400158
87400209
87400219
87400228
87400375
87400384
87400394
87400713
87400727
87400740
87400818
87400827
87400836
87401004
87401020
87401034
87401065
87401074
87401083
87401106
87401115
87401125
87401246
87401255
87401264
87401285
87401294
87401322
87401331
87401483
87401492
87401595
87401604
87401648
87401657
87401798
87401807
87401817
87401864
87401873
87401932
87401949
87401967
87402108
87402118
87402165
87402174
87402183
87402308
87402325
87402368
87402377
87402419
87402428
87402564
87402573
87402644
87402654
87402663
87402751
87402755
87402759
87402936
87402945
87402951
87403013
87403019
87403025
87403082
87403091
87403101
87403595
87403604
87403613
87403832
87404245
87404254
87404264
87404814
87404823
87404832
87405346
87405355
87405361
87405959
87405968
87405977
87406528
87406537
87406546
87406667
87406676
87406685
87406738
87406747
87406756
87406793
87406802
87406811
87406956
87406965
87406974
87407024
87407034
87407043
87407084
87407093
87407102
87407251
87407262
87407271
87407337
87407346
87407352
87407378
87407388
87407398
87407545
87407555
87407566
87407610
87407619
87407628
87407652
87407662
87407671
87407795
87407804
87407813
87408326
87408336
87408345
87408792
87408801
87408811
87408949
87408959
87408968
87409018
87409028
87409037
87409081
87409090
87409100
87409265
87409274
87409283
87409322
87409332
87409341
87409366
87409382
87409400
87409505
87409514
87409523
87409549
87409558
87409567
87409669
87409687
87409756
87409766
87409775
87409816
87409825
87409963
87409972
87410030
87410040
87410094
87410103
87410249
87410258
87410290
87410341
87410351
87410411
87410420
87410553
87410562
87410608
87410618
87410650
87410659
87410798
87410807
87410817
87411010
87411020
87411096
87411107
87411281
87411291
87411373
87411382
87411447
87411456
87411628
87411639
87411742
87411751
87411793
87411802
87411932
87411941
87411973
87411983
87411992
87412040
87412049
87412187
87412198
87412298
87412307
87412381
87412391
87412562
87412571
87412577
87412642
87412651
87412742
87412752
87412758
87412936
87412945
87413015
87413026
87413057
87413066
87413206
87413215
87413271
87413280
87413398
87413407
87413562
87413572
87413606
87413615
87413707
87413725
87413817
87413826
87413889
87413898
87414067
87414076
87414143
87414187
87414193
87414200
87414269
87414276
87414283
87414448
87414454
87414460
87414517
87414526
87414532
87414657
87414663
87414669
87414804
87414813
87414822
87414885
87414894
87414933
87414942
87415105
87415114
87415192
87415201
87415266
87415276
87415446
87415455
87415570
87415576
87415583
87415720
87415725
87415729
87415932
87415935
87415939
87416048
87416051
87416054
87416129
87416136
87416139
87416271
87416281
87416290
87416358
87416367
87416376
87416424
87416433
87416443
87416604
87416613
87416625
87416684
87416693
87416703
87416761
87416770
87416781
87416987
87416996
87417002
87417087
87417097
87417106
87417163
87417169
87417175
87417334
87417343
87417352
87417399
87417408
87417414
87417453
87417462
87417472
87417623
87417632
87417641
87417688
87417697
87417706
87417752
87417762
87417900
87417910
87417973
87417982
87418033
87418043
87418217
87418250
87418256
87418327
87418333
87418340
87418462
87418478
87418576
87418582
87418588
87418663
87418669
87418805
87418814
87418887
87418897
87418944
87418953
87419099
87419108
87419186
87419194
87419200
87419335
87419339
87419342
87419550
87419560
87419664
87419671
87419678
87419748
87419754
87419763
87421923
87425398
87428044
87431154
87434466
