27.800
27.197
26.601
29.044
28.840
32.105
29.975
28.852
29.179
30.844
32.048
29.588
29.589
29.557
27.734
26.802
26.529
26.244
30.532
27.017
28.517
28.159
26.317
26.409
26.909
25.744
25.990
27.849
31.333
30.739
28.184
29.207
28.860
26.742
27.489
26.635
27.605
32.299
29.850
25.863
27.226
25.599
26.971
26.903
26.280
31.720
29.562
28.051
27.560
26.787
28.169
27.278
26.472
27.163
29.217
28.063
28.142
27.792
28.580
26.682
27.798
29.988
29.377
29.870
28.214
27.119
27.873
26.785
28.683
30.981
29.110
30.408
30.359
29.045
28.968
29.558
31.904
36.339
34.486
31.973
28.986
29.662
30.334
30.223
33.886
33.196
28.719
29.741
27.974
29.604
28.380
28.538
36.058
35.827
35.376
29.521
28.498
28.277
29.877
34.525
29.734
33.287
24.833
25.341
25.231
27.552
26.233
31.158
34.158
27.851
25.963
25.327
25.664
25.603
27.623
29.592
31.833
25.242
26.565
25.258
