17.434
15.237
16.359
20.197
15.817
16.131
16.745
16.255
18.424
16.405
15.978
15.893
42.803
47.771
18.364
18.057
5.618
35.117
6.547
18.806
158.767
45.658
42.731
19.237
5.127
17.034
17.799
16.624
15.203
15.875
16.283
17.034
19.871
17.128
16.863
15.994
16.955
15.847
15.603
16.719
17.065
17.646
17.097
18.312
16.086
18.358
16.116
16.170
17.660
5.310
18.541
25.727
15.982
17.890
16.940
18.522
18.534
19.929
16.969
16.282
17.777
17.250
17.950
16.789
17.092
16.961
18.343
18.081
16.714
20.797
16.848
16.869
