13.157
13.084
13.574
14.222
12.893
14.643
13.750
14.591
14.093
14.138
14.611
13.656
13.608
13.664
12.952
13.827
13.636
13.776
12.772
14.147
14.290
13.978
12.450
12.731
12.788
12.539
11.884
12.404
13.338
12.063
13.015
14.409
13.490
11.789
13.633
12.544
13.435
12.554
13.366
15.424
13.406
12.623
13.259
12.801
13.201
13.118
13.448
14.941
13.734
12.866
12.667
13.614
12.671
12.472
13.233
14.273
13.540
13.829
13.187
13.429
12.538
12.791
13.402
12.997
13.548
13.624
6.647
13.224
14.269
12.629
13.468
12.474
13.121
12.884
13.037
12.353
12.532
12.791
13.265
12.523
12.852
12.995
16.959
13.352
13.270
12.975
13.423
13.315
16.011
13.395
13.080
14.112
1.480
15.564
