64.005
64.319
67.095
68.803
63.032
72.809
61.050
66.483
60.933
62.477
65.165
67.524
67.121
68.458
66.017
63.742
65.001
81.150
64.084
80.046
73.056
83.877
75.057
79.145
64.935
68.713
68.752
72.645
67.501
80.035
84.308
80.757
73.517
76.280
66.010
62.532
62.785
78.869
80.708
81.018
83.486
80.254
68.558
69.794
71.859
71.892
76.056
84.011
86.150
81.344
70.772
66.738
68.654
70.479
75.354
77.113
75.755
77.808
71.204
70.907
65.998
69.725
74.656
72.096
76.870
76.252
70.143
71.322
68.616
72.656
75.200
74.261
71.833
68.426
68.878
72.861
77.871
71.811
76.691
76.181
94.321
83.126
86.922
70.744
69.354
68.598
75.444
62.777
63.078
67.805
67.572
64.970
70.796
65.695
64.327
67.033
68.987
65.662
66.067
69.118
68.655
73.967
70.757
76.504
67.459
66.361
66.705
68.379
