133663300
133687605
133689232
133690455
133692160
133694009
133695947
133707668
133719298
133723992
133725551
133727408
133729355
133731090
133733187
133735121
133737017
133738878
133749287
133774644
133775258
133784390
133784401
133803625
133832754
133848926
133848931
133848936
133855162
133856897
133858969
133859754
133861108
133861147
133863215
133865238
133867470
133869504
133879883
133882101
133888441
133891755
133904023
133914842
133936673
133957937
133971468
133979181
133995568
133996476
134000145
134001899
134003790
134005571
134007480
134009274
134011058
134012242
134012726
134022788
134051230
134071556
134080535
134090737
134105704
134105705
134105708
134105713
134105715
134105722
134105760
134105823
134105895
134105962
134106003
134106043
134106088
134106185
134106240
134106264
134106306
134106353
134106366
134106375
134106383
134106389
134106397
134106402
134106407
134106419
134106457
134106522
134106608
134106689
134106809
134106848
134106877
134106890
134106897
134106900
134106907
134106912
134106916
134106918
134108225
134109150
134109403
134109407
134109410
134109412
134109413
134109414
134109415
134110970
134110989
134111013
134111028
134111046
134111080
134111094
134111100
134111105
134111115
134111120
134111126
134111130
134111132
134111134
134111136
134111144
134111179
134111313
134111445
134111492
134111540
134111583
134111623
134111629
134111630
134111631
134111632
134112134
134113623
134114296
134114336
134114383
134114440
134114482
134114513
134114537
134114582
134114605
134114645
134114660
134116413
134116480
134116492
134116503
134116511
134116517
134116521
134116524
134116571
134116635
134116706
134116863
134117041
134117054
134117094
134117108
134117112
134117113
134119902
134119926
134119954
134119968
134119979
134119987
134120002
134120012
134120018
134120022
134121015
134121063
134121100
134121129
134121151
134121166
134121172
134122508
134122558
134122636
134122711
134122775
134122823
134122910
134122938
134122952
134122963
134122976
134122984
134122987
134122991
134122992
134122994
134122995
134122996
134122997
134123019
134123062
134123135
134123201
134123277
134123309
134123440
134123498
134123516
134123568
134123580
134123602
134136573
134136645
134138353
134140004
134141448
134141457
134142551
134143560
134144557
134145641
134150805
134156007
134160706
134179295
134179432
134182458
134188727
134210280
134223313
134245435
134245437
134245875
134246182
134246287
134260601
134262306
134264154
134265852
134267747
134269570
134269666
134271626
134273402
134275464
134300238
134328318
134357672
134387533
134410609
134431768
134434137
134435329
134436006
134436237
134437989
134439863
134442031
134443967
134445912
134466031
134477562
134495972
134524920
134554417
134577248
134577250
134577256
134577258
134577260
134577264
134577295
134577352
134577434
134577450
134577471
134577486
134577504
134577540
134577555
134577567
134577576
134577586
134577594
134577599
134577602
134577635
134577638
134577641
134577643
134577660
134577691
134577752
134577835
134577867
134577910
134577928
134577942
134577954
134577957
134577963
134577967
134577972
134577976
134577979
134578842
134579544
134579546
134579547
134579548
134579549
134579550
134579551
134580548
134580563
134580568
134580574
134580583
134580592
134580596
134580597
134580598
134580599
134580600
134580601
134580603
134580604
134580605
134580607
134580635
134580690
134580794
134580837
134580858
134580871
134580882
134580893
134580895
134580897
134580901
134580902
134580906
134582598
134582615
134582634
134582649
134582671
134582690
134582704
134582720
134582727
134582736
134582740
134583802
134583816
134583817
134583819
134583820
134583821
134583823
134583851
134583902
134583982
134584047
134584106
134584116
134584127
134584154
134584159
134584160
134586159
134586177
134586201
134586222
134586240
134586262
134586275
134586288
134586299
134586306
134587263
134587299
134587325
134587342
134587352
134587361
134587379
134588802
134588885
134588960
134589008
134589059
134589094
134589137
134589142
134589148
134589151
134589157
134589159
134589163
134589165
134589167
134589168
134589173
134589185
134589224
134589295
134589373
134589451
134589486
134589551
134589594
134589676
134589698
134589714
134589726
134589748
134589761
134589763
134595282
134596974
134598755
134600582
134602336
134602879
134604022
134605692
134607431
134632018
134660835
134688764
134690762
134718710
134744067
134767562
134796091
134810936
134824434
134833445
134841698
134844866
134845049
134852398
134875667
134882320
134897989
134909697
134912853
134912866
134912878
134934826
134962809
134982124
134991348
135007250
135019090
135025331
135025674
135028644
135028966
135046737
135048593
135073160
135096896
135124410
135154621
135181646
135193718
135194016
135210721
135233640
135233641
135233642
135233644
135233646
135233648
135233677
135233734
135233810
135233832
135233852
135233872
135233888
135233934
135233951
135233963
135233972
135233988
135233996
135234004
135234007
135234011
135234015
135234018
135234020
135234032
135234063
135234118
135234197
135234267
135234311
135234331
135234346
135234359
135234362
135234367
135234373
135234377
135234382
135234385
135235361
135236179
135236181
135236183
135236184
135236185
135236187
135236188
135237228
135237246
135237265
135237288
135237301
135237329
135237343
135237356
135237367
135237374
135237383
135237389
135237394
135237397
135237402
135237407
135237411
135237412
135237469
135237568
135237587
135237611
135237625
135237666
135237677
135237682
135237685
135237686
135237689
135239410
135239489
135239538
135239558
135239578
135239600
135239623
135239657
135239670
135239689
135239698
135240880
135240926
135240937
135240946
135240951
135240954
135240959
135240961
135240963
135240967
135240968
135241133
135241217
135241236
135241252
135241272
135241281
135241289
135242896
135243407
135243426
135243453
135243471
135243496
135243514
135243530
135243546
135243557
135243567
135244198
135244274
135244359
135244420
135244489
135244517
135244541
135245836
135245838
135245840
135245858
135245902
135245981
135246179
135246234
135246272
135246306
135246312
135246330
135246334
135246337
135246339
135246341
135246343
135246344
135246345
135246346
135246348
135246357
135246463
135246533
135246625
135246673
135246783
135246825
135246852
135246876
135259534
135286936
135314203
135341279
135343460
135370206
135394742
135418399
135420096
135422827
135446177
135474701
135490268
135503535
135521799
135526734
135532836
135557601
135581421
135591061
135592177
135609140
135638400
135638702
135664011
135673457
135673515
135687460
135708510
135708512
135708514
135708516
135708518
135708527
135708566
135708631
135708707
135708783
135708836
135708875
135708902
135708930
135708935
135708938
135708942
135708948
135708952
135708954
135708957
135708959
135708962
135708965
135708968
135708989
135709031
135709099
135709186
135709262
135709370
135709413
135709436
135709450
135709458
135709465
135709473
135709475
135709480
135709482
135710575
135711561
135711562
135711563
135711564
135711565
135711566
135711567
135713032
135713038
135713045
135713050
135713054
135713056
135713057
135713058
135713060
135713061
135713062
135713066
135713067
135713068
135713073
135713170
135713249
135713335
135713460
135713523
135713533
135713535
135713537
135713539
135713540
135713544
135713545
135713547
135713548
135715955
135715988
135716010
135716023
135716028
135716030
135716034
135716036
135716038
135716041
135716042
135717510
135717513
135717516
135717518
135717520
135717521
135717522
135717523
135717524
135717664
135717742
135717817
135717943
135717987
135717991
135717992
135717994
135717995
135717997
135720384
135720385
135720387
135720389
135720391
135720393
135720394
135720397
135720398
135720400
135721221
135721271
135721298
135721313
135721321
135721324
135721330
135722405
135722467
135722550
135722625
135722684
135722743
135722814
135722828
135722830
135722833
135722841
135722843
135722846
135722849
135722850
135722852
135722854
135722855
135722857
135722891
135722949
135723030
135723111
135723236
135723274
135723327
135723330
135723332
135723337
135723339
135723341
135723343
135734765
135763410
135798955
135823614
135830717
135831303
135906619
135982987
135985463
136014308
136014318
136014321
136014325
136054606
136097660
136117241
136117280
136121373
136130289
136145684
136152482
136157955
136170275
136188601
136188605
136194147
