71.893
76.332
82.787
81.306
73.965
72.073
73.647
79.756
77.158
83.480
75.823
73.057
74.749
80.112
80.116
86.857
71.993
70.984
59.793
73.599
83.762
84.369
77.550
73.168
75.825
79.711
74.342
81.684
51.988
51.474
50.665
52.282
53.843
49.721
54.595
52.449
54.077
49.633
22.687
50.337
56.257
53.569
55.174
57.051
57.761
52.168
53.152
53.818
54.463
55.539
53.523
57.891
55.761
54.320
53.013
53.270
55.247
54.928
55.104
55.231
60.014
51.952
48.449
51.795
59.780
57.435
58.014
58.478
55.813
58.951
61.070
55.912
57.749
58.085
60.170
57.274
60.141
57.989
51.838
53.604
53.382
53.460
52.695
54.535
53.681
55.121
53.041
53.590
56.037
53.846
58.117
52.111
