13.442
13.452
14.641
13.869
14.081
13.754
12.365
13.884
15.158
12.549
12.569
14.236
13.861
13.526
14.287
16.858
33.706
6.276
12.896
14.640
13.604
14.756
12.948
12.483
15.908
12.763
1.448
14.889
13.002
16.397
13.849
13.849
148.980
13.515
20.813
13.866
13.020
13.364
14.507
13.983
14.910
12.696
19.812
14.507
12.855
15.021
15.986
13.942
13.493
14.845
13.748
14.013
14.462
16.869
17.887
41.000
13.758
14.728
14.571
14.071
14.055
14.094
15.063
14.075
13.263
15.745
14.270
14.441
13.655
16.904
13.814
13.636
14.230
14.726
17.261
14.240
14.802
14.522
15.889
14.971
18.478
14.442
14.415
13.615
13.964
14.297
16.525
14.770
13.977
14.974
14.230
1.618
13.847
15.145
15.019
14.638
14.335
14.282
18.617
16.306
14.977
13.986
