19.560
17.586
18.900
17.841
18.618
16.205
16.471
14.878
17.731
18.820
18.445
18.406
16.537
17.861
17.939
18.313
16.791
20.092
17.172
17.609
16.821
18.689
17.257
16.533
16.302
18.771
18.222
18.712
18.052
18.522
154.266
17.620
17.704
17.385
16.590
16.330
18.091
15.946
18.650
17.741
17.143
16.814
18.572
18.594
18.233
18.756
17.700
19.155
16.514
17.352
17.525
18.364
19.129
18.616
17.587
17.213
21.650
18.821
18.642
18.127
18.612
16.481
19.985
18.910
18.263
23.271
18.236
17.264
25.167
19.617
19.057
17.921
18.131
19.357
18.857
18.196
18.012
20.403
19.253
17.688
17.504
19.274
17.381
16.788
17.754
17.256
18.365
17.669
19.404
19.447
18.113
21.362
17.836
17.776
17.758
18.465
