16.710
17.265
17.912
16.984
17.081
18.177
18.769
16.287
16.871
17.128
16.358
16.487
18.293
16.013
16.481
19.463
19.710
21.840
16.739
17.532
18.368
18.210
16.834
16.653
17.431
17.762
21.610
21.165
19.707
17.740
15.476
15.878
15.738
15.312
15.618
18.849
17.379
12.890
17.009
16.989
18.833
18.597
16.761
16.955
15.424
17.672
15.210
15.330
17.437
17.528
17.768
17.211
59.866
20.418
14.556
15.318
14.821
14.677
16.635
16.996
17.274
14.598
18.032
16.964
19.448
17.322
17.948
16.077
14.730
15.382
15.508
15.885
15.127
14.645
15.969
15.464
16.606
17.247
15.931
15.198
14.530
16.609
14.132
16.634
15.788
16.174
15.101
15.345
33.200
15.452
14.181
14.860
14.681
16.114
14.504
16.517
15.625
15.298
18.457
16.472
20.466
17.641
15.311
14.814
15.497
13.313
15.978
15.240
17.846
16.642
15.318
21.786
15.678
15.798
16.377
15.324
16.357
15.900
17.398
17.616
16.751
17.098
15.335
17.205
16.046
16.207
14.402
15.089
16.536
15.320
17.374
15.643
12.970
14.837
14.697
17.219
15.186
14.989
15.416
16.599
15.258
14.895
15.564
12.862
15.351
16.217
16.728
18.093
16.224
15.463
16.428
16.104
18.257
17.365
16.185
15.772
27.243
15.296
15.704
16.392
16.677
18.497
15.664
60.212
23.238
24.693
21.632
16.649
15.922
15.567
