15.071
16.547
17.658
18.290
18.448
38.643
16.416
16.853
16.464
16.382
20.444
18.755
15.432
16.723
17.152
17.925
16.302
15.593
17.753
15.622
15.390
16.860
16.386
16.159
17.170
55.577
59.284
15.274
15.398
15.348
17.987
16.468
18.969
17.026
17.086
19.626
18.493
17.356
18.136
17.920
16.321
16.400
16.456
16.214
16.776
16.965
17.534
17.670
17.326
24.345
14.920
15.109
16.087
16.244
16.138
15.792
16.224
16.221
16.483
15.910
16.844
16.229
16.113
17.608
16.207
16.781
15.821
17.389
16.828
20.611
18.813
17.387
16.237
16.480
16.179
17.476
16.251
16.458
16.863
14.816
22.884
16.033
16.092
17.875
16.964
17.638
17.126
17.923
17.488
17.468
19.271
15.334
16.749
17.573
16.746
15.743
17.625
20.192
19.206
17.298
18.377
17.381
17.320
17.709
15.995
15.224
15.618
15.800
17.016
16.776
16.529
16.857
17.557
18.736
16.710
17.658
17.596
16.166
16.027
17.197
16.367
17.663
18.781
16.853
16.295
15.021
15.503
16.012
17.909
15.853
15.825
15.394
16.850
20.549
18.572
17.787
16.165
15.159
