12.732
13.877
14.317
14.060
12.989
14.519
13.080
14.136
12.671
12.586
12.840
13.855
12.907
13.496
13.661
13.438
13.094
13.032
13.358
13.721
13.277
13.177
12.927
11.917
13.935
13.554
14.701
15.682
12.987
12.823
12.520
13.172
13.093
12.238
14.188
13.819
12.744
13.560
14.989
13.699
13.857
16.660
13.391
13.131
15.245
12.967
13.380
13.399
13.562
14.686
50.628
14.110
12.040
12.094
12.256
13.206
12.397
14.086
13.249
12.127
13.375
12.637
12.574
12.607
13.268
13.223
13.388
13.142
12.867
13.389
14.334
12.665
13.192
12.925
12.581
12.440
12.516
11.554
12.525
12.377
12.136
12.274
13.028
12.487
31.010
13.396
12.397
12.873
12.461
13.302
13.061
13.564
13.337
12.152
17.005
13.430
12.949
12.548
13.365
13.057
12.924
10.254
14.197
13.540
14.422
13.100
12.852
13.485
12.848
11.716
15.398
13.827
12.560
13.801
12.997
13.453
13.923
15.570
14.698
14.538
12.848
12.444
11.985
11.995
12.657
13.237
13.754
12.788
12.064
15.039
13.171
12.864
13.525
11.879
12.020
12.948
12.283
12.533
12.535
15.457
12.138
11.806
11.968
12.502
12.612
13.934
76.663
12.824
30.720
14.616
13.372
12.184
13.939
13.182
14.844
13.303
12.667
12.122
11.828
11.788
11.969
12.166
13.791
12.298
13.100
12.989
12.872
12.847
12.132
13.337
12.181
11.632
