17.711
18.514
19.407
17.295
19.743
19.221
19.536
20.875
15.858
15.895
17.361
16.187
17.094
15.895
20.261
18.343
17.931
19.833
20.057
16.391
16.291
15.706
17.416
16.384
17.419
17.911
18.263
17.223
18.364
16.449
16.998
15.753
17.200
16.117
15.841
16.871
16.589
16.857
16.579
17.347
17.987
16.156
19.623
16.757
16.954
16.027
15.793
17.270
16.791
16.462
17.488
18.465
60.204
15.568
15.818
15.772
18.402
16.869
19.119
17.113
17.656
20.042
18.907
17.679
18.459
18.242
16.611
16.712
16.772
16.593
17.016
17.186
17.748
17.894
17.556
25.190
15.375
15.628
16.377
16.522
16.490
16.136
16.579
16.564
16.816
16.240
17.178
16.494
16.426
17.917
16.492
17.036
16.027
17.692
17.123
20.955
19.142
17.695
16.536
16.811
16.299
17.717
16.496
16.668
17.083
15.339
23.145
20.775
16.389
16.444
17.252
16.722
18.195
17.295
17.972
17.466
18.413
17.764
17.752
19.702
15.790
17.192
18.008
17.195
16.188
18.038
20.607
19.625
17.642
18.707
17.847
17.765
18.143
16.342
15.560
15.936
16.105
