17.569
20.332
18.355
18.124
19.815
19.073
9.193
21.619
22.699
18.887
18.197
17.425
16.868
16.532
18.194
17.538
20.550
20.210
23.280
18.807
15.913
15.610
16.727
17.301
18.864
17.775
18.447
19.523
19.700
17.267
17.749
16.905
16.166
16.365
18.265
16.764
17.219
19.315
19.546
22.123
17.786
18.653
19.520
19.375
16.831
16.635
18.074
18.470
21.377
20.970
19.236
17.298
16.312
16.736
16.852
16.269
16.607
19.247
18.515
14.233
18.105
17.885
19.852
19.301
17.886
17.921
16.315
18.598
16.147
16.290
18.566
18.665
18.822
18.254
23.565
20.948
15.196
15.967
15.704
15.552
17.520
17.127
17.388
15.442
19.207
17.822
18.258
18.133
18.718
17.160
15.536
16.186
16.330
17.039
16.199
15.268
16.599
16.050
17.192
19.120
17.762
16.846
15.325
17.508
14.825
17.822
16.624
16.978
15.877
16.457
34.685
16.207
14.941
15.629
15.493
16.951
15.354
17.883
16.767
16.665
19.136
17.141
21.484
18.625
16.253
15.422
16.127
13.734
16.546
15.799
18.665
17.195
16.156
22.465
17.845
22.189
16.326
16.441
17.132
15.848
16.997
16.547
18.608
17.995
17.142
17.957
16.098
18.211
16.748
16.933
15.158
15.813
17.272
16.061
18.040
16.300
14.160
15.600
15.268
17.219
15.917
15.453
16.156
17.310
15.404
14.711
16.412
13.666
16.265
17.083
17.476
19.065
16.965
