130851471
130851474
130851476
130851478
130851480
130851482
130851484
130851485
130851486
130851487
130851490
130851492
130851493
130851506
130851508
130851511
130851516
130851518
130851520
130851717
130851718
130851719
130851720
130851722
130851723
130851728
130851729
130851732
130851736
130851982
130851983
130851984
130851986
130851997
130852000
130852001
130852002
130852004
130852005
130852006
130852007
130852018
130852020
130852022
130852025
130852027
130852031
130852035
130852190
130852202
130852206
130852208
130852210
130852213
130852246
130852293
130852296
130852298
130852401
130852405
130852406
130852407
130852408
130852421
130852422
130852424
130852425
130852426
130852432
130852434
130852644
130852649
130852665
130852667
130852669
130852832
130852834
130852836
130852838
130852841
130852842
130852843
130852845
130852856
130852860
130852863
130852865
130852960
130852961
130852962
130852963
130852964
130852969
130853035
130853038
130853040
130853044
130853185
130853187
130853189
130853190
130853192
130853277
130853279
130853283
130853285
130853287
130853288
130853290
130853293
130853295
130853298
130853300
130853302
130853303
130853309
130853310
130853312
130853313
130853325
130853326
130853479
130853481
130853483
130853485
130853486
130853487
130853497
130853546
130853548
130853551
130853554
130853555
130853568
130853571
130853573
130853574
130853636
130853637
130853641
130853642
130853645
130853647
130853702
130853705
130853708
130853720
130853722
130853723
130853726
130853727
130853728
130853730
130853731
130853896
130853898
130853901
130853904
130853907
130853909
130853910
130853911
130853912
130853924
130853926
130853928
130853929
130853933
130853934
130853935
130853936
130853999
130854003
130854007
130854010
130854015
130854017
130854019
130854021
130854278
130854282
130854285
130854287
130854289
130854293
130854298
130854299
130854300
130854317
130854320
130854323
130854325
130854327
130854329
130854331
130854334
130854340
130854342
130854388
130854390
130854397
130854398
130854399
130854400
130854622
130854627
130854630
130854638
130854641
130854649
130854654
130854658
130854668
130854681
130854688
130854694
130854695
130854701
130854809
130854811
130854817
130854820
130854824
130854825
130854827
130854845
130854847
130854851
130854853
130855000
130855003
130855019
130855025
130855027
130855032
130855037
130855042
130855048
130855054
130855063
130855378
130855383
130855398
130855404
130855408
130855415
130855418
130855424
130855429
130855433
130855437
130855441
130855510
130855512
130855514
130855516
130855518
130855521
130855523
130855524
130855525
130855566
130855580
130855581
130855584
130855586
130855587
130855590
130855591
130855606
130855704
130855706
130855709
130855722
130855726
130855729
130855734
130855762
130855764
130855897
130855899
130855904
130855907
130855910
130855912
130855923
130856098
130856099
130856100
130856104
130856106
130856107
130856108
130856109
130856111
130856113
130856114
130856116
130856117
130856121
130856123
130856124
130856126
130856127
130856404
130856407
130856417
130856418
130856425
130856427
130856430
130856433
130856439
130856441
130856443
130856446
130856448
130856459
130856463
130856469
130856472
130856474
131164267
131164269
131164286
131164293
131164310
131164315
131164317
131164322
131164332
131164337
131164354
131164355
131164359
131164363
131164365
131164379
131164385
131164387
131164389
131165127
131165128
131165170
131165172
131165174
131165177
131165179
131165181
131166441
131166446
131166448
131166453
131166456
131166459
131166465
131166471
131166477
131166483
131166487
131166493
131166499
131166516
131166521
131166532
131166536
131166541
131166544
131167296
131167297
131167300
131167302
131167309
131167311
131167313
131167316
131167317
131167319
131167321
131167323
131167325
131167327
131167427
131167459
131167503
131167705
131167725
131167750
131167776
131167785
131167921
131167923
131167925
131167926
131167927
131167931
131168250
131168259
131168265
131168276
131168282
131168293
131168303
131168308
131168716
131168720
131168723
131168725
131168728
131168739
131169460
131169463
131169465
131169468
131169472
131169475
131169477
131169480
131169484
131170026
131170123
131170124
131170134
131170670
131170679
131170682
131170949
131170950
131170951
131170952
131170962
131170966
131170968
131170971
131170977
131170981
131170982
131170987
131171006
131171012
131171025
131171055
131171507
131171522
131171525
131171528
131171530
131171531
131171984
131171999
131172019
131172049
131172071
131172093
131172112
131172119
131172148
131172172
131172184
131172189
131172190
131172193
131172197
131172199
131172202
131172203
131172209
131172269
131172271
131172272
131172275
131172276
131172277
131172657
131173071
131173083
131173085
131173090
131173099
131173101
131173104
131173107
131173109
131173114
131173118
131173120
131173715
131173720
131173728
131173734
131173738
131173848
131173850
131173852
131173854
131173855
131173856
131173857
131173860
131173870
131174396
131174398
131174411
131174414
131174416
131174417
131174526
131174541
131174556
131174566
131174595
131174632
131174689
131174714
131174724
131174744
131175201
131175215
131175217
131175232
131175234
131175462
131175477
131175688
131175702
131175713
131175730
131175743
131175940
131175944
131175946
131175948
131175950
131175952
131175961
131175963
131175965
131175967
131175969
131175970
131175972
131176368
131176400
131176442
131176462
131176470
131176482
131176488
131176617
131176618
131176623
131177174
131177180
131177184
131177193
131177196
131177204
131177214
131177219
131177467
131177470
131177472
131177479
131177484
131177486
131177488
131177492
131177494
131178669
131178670
131178671
131178672
131178674
131178679
131178680
131178682
131178691
131178694
131178696
131178697
131178699
131178701
131178703
131178711
131178713
131178714
131178715
131179418
131179425
131179443
131179451
131179461
131179473
131179475
131179487
131179491
131179493
131179497
131179501
131179508
131179509
131179510
131180062
131180065
131180067
131180069
131180071
131180729
131180730
131180734
131180735
131180737
131180738
131180739
131180741
131180743
131180747
131180777
131180797
131180810
131180818
131180824
131180917
131180954
131180971
131180983
131181560
131182186
131182194
131182199
131182208
131182218
131182230
131182252
131182264
131182272
131182274
131182289
131182304
131182306
131182317
131182319
131182690
131182709
131182734
131182750
131182759
131182777
131182787
131328215
131328216
131328218
131328222
131328223
131328225
131328227
131328231
131328232
131328235
131328237
131328239
131328255
131328259
131328270
131328278
131328282
131328289
131328295
131328867
131328870
131329084
131329155
131329165
131329198
131329231
131329255
131329265
131329278
131329291
131329295
131329311
131329319
131329331
131329650
131329824
131329839
131329874
131329902
131329919
131329958
131329984
131330066
131330097
131330113
131330121
131330176
131330208
131330225
131330238
131330247
131330255
131330263
131330272
131330878
131330890
131330891
131330892
131330895
131330899
131330901
131330902
131330903
131330906
131330911
131330913
131330916
131330924
131330925
131330927
131330942
131330943
131330948
131331497
131331527
131331543
131331558
131331570
131331596
131331623
131331628
131331632
131331635
131331645
131331653
131331660
131331974
131332030
131332050
131332102
131332187
131332189
131332201
131332234
131332257
131332294
131332335
131332356
131332436
131332559
131332570
131332586
131332617
131332655
131332744
131332783
131332822
131333139
131333141
131333145
131333148
131333149
131333150
131334428
131334429
131334431
131334432
131334434
131334440
131334480
131334484
131334486
131334489
131334493
131334495
131334496
131335125
131335152
131335184
131335214
131335231
131335255
131335288
131335326
131335351
131335371
131335424
131335989
131335995
131336000
131336602
131336605
131336613
131336637
131336641
131336650
131336655
131336663
131336670
131336676
131336786
131336790
131336796
131336814
131336831
131336845
131336872
131336892
131336963
131337048
131337070
131337135
131337168
131337214
131337240
131337450
131337451
131337452
131337455
131337483
131337502
131337516
131338184
131338188
131338192
131338197
131338202
131338204
131338217
131338222
131338223
131338224
131338227
131338229
131338231
131338233
131338235
131338236
131338246
131338256
131338304
131339436
131339439
131339442
131339444
131339445
131339448
131339450
131339452
131339456
131339457
131339461
131339462
131339464
131339467
131339471
131339473
131339474
131339476
131339479
131340949
131340955
131340958
131340959
131340961
131341101
131341126
131341163
131341192
131341276
131341336
131341358
131341407
131341429
131341439
131341488
131341497
131341511
131341512
131341514
131341516
131341519
131341521
131341527
131341594
131341604
131341625
131341652
131341693
131341720
131341747
131341794
131341903
131341906
131342435
131342448
131342465
131342489
131342502
131342533
131342552
131342597
131342621
131342654
131342708
131342733
131342747
131342784
131342817
131342847
131342851
131342870
131342885
131343340
131343377
131343398
131343416
131343432
131343441
131343448
131343454
131343466
131343474
131343498
131343501
131343503
131343507
131343619
131344467
131344469
131344472
131344473
131344474
131344478
131344480
131344482
131344484
131344492
131344500
131344520
131344543
131344567
131344602
131344630
131344650
131344666
131344773
131345314
131345358
131345386
131345436
131345500
131345532
131345606
131345652
131345659
131345681
131345698
131345707
131345717
131345721
131345738
131345740
131345742
131345746
131346409
131346421
131346426
131346509
131346522
131346528
131346543
131346551
131347235
131347243
131347245
131347246
131347249
131347250
131347253
131347257
131347260
131347262
131347263
131347265
131347268
131347269
131347271
131347272
131347284
131347285
131347294
131347986
131348002
131348003
131348004
131348006
131348007
131348009
131348011
131348012
131348016
131348020
131348028
131348044
131348081
131348109
131348187
131348233
131348258
131348271
131349321
131349339
131349348
131349363
131349383
131349428
131349441
131349460
131349482
131349516
131349523
131349530
131349548
131349561
131349566
131349568
131349570
131350393
131350419
131350443
131350514
131350564
131350576
131350597
131350626
131350661
131350697
131350753
131350766
131350775
131350777
131350780
131351564
131351569
131351583
131351588
131351592
131351594
131351597
131351602
131351608
131351609
131351612
131351613
131351615
131351619
131351621
131351626
131351629
131351631
131351633
131352191
131352973
131354083
131354582
131493972
131493988
131493995
131494050
131494068
131494083
131494100
131494127
131494135
131494137
131494157
131494163
131494165
131494168
131494169
131494174
131494176
131494180
131494181
131494786
131494788
131494791
131494793
131494794
131494796
131494798
131494807
131494814
131494817
131494826
131494828
131494832
131494836
131494837
131494840
131495472
131495473
131495475
131495477
131495479
131495486
131495487
131495488
131495491
131495492
131495493
131495497
131495500
131495503
131495547
131495581
131495600
131495674
131495699
131496031
131496032
131496033
131496034
131496035
131496036
131496689
131496690
131496691
131496693
131496697
131496698
131496701
131496702
131496703
131496705
131496707
131496709
131496715
131496716
131496718
131496719
131496721
131496723
131496726
131497254
131497255
131497259
131497267
131497274
131497289
131497369
131497378
131497430
131497451
131497680
131497692
131497713
131497723
131497754
131497765
131497942
131497945
131498424
131498425
131498427
131498428
131498429
131498446
131498925
131498939
131498943
131498980
131498982
131499477
131499478
131499480
131499481
131499483
131499491
131500125
131500142
131500144
131500150
131500155
131500236
131500238
131500241
131500243
131500246
131500248
131500250
131500251
131500840
131501278
131501291
131501305
131501329
131501393
131501405
131501423
131501437
131501447
131501452
131501459
131501474
131501477
131501496
131501502
131501504
131501509
131501513
131501515
131501593
131501602
131501608
131501610
131501611
131501612
131502256
131502257
131502260
131502265
131502267
131502269
131502271
131502274
131502276
131502279
131502280
131502282
131502286
131502288
131502296
131502298
131502668
131502696
131502719
131502751
131502783
131502788
131502792
131502883
131502884
131503466
131503471
131503472
131503476
131503477
131503485
131503552
131503578
131503594
131503612
131503630
131503700
131503726
131503751
131503764
131503784
131503858
131503868
131503914
131503927
131503939
131503954
131503971
131504204
131504209
131504211
131504787
131504790
131504792
131504796
131504798
131504799
131504802
131504825
131504834
131504838
131505399
131505408
131505422
131505429
131505434
131505440
131505442
131505446
131505448
131505450
131505464
131505468
131505470
131505476
131505477
131505478
131505480
131505482
131505484
131505564
131505569
131505576
131505583
131505592
131505600
131506192
131506195
131506197
131506209
131506226
131506259
131506301
131506401
131506445
131506498
131506523
131506531
131506566
131506602
131506618
131506629
131506678
131506689
131506693
131506987
131507022
131507063
131507098
131507224
131507238
131507265
131507289
131507473
131507474
131507475
131507480
131507488
131507495
131507499
131507502
131507505
131507522
131507528
131507605
131507737
131507748
131507757
131507774
131507797
131507826
131508576
131508651
131508677
131508727
131508746
131508931
131508936
131508943
131508945
131508947
131508948
131508949
131508950
131508952
131508960
131508962
131508963
131508968
131508969
131508970
131508971
131509000
131509007
131509034
131509630
131509631
131510811
131510815
131510816
131510818
131510820
131510821
131510823
131510824
131510826
131510828
131510837
131510843
131510846
131510852
131510856
131510857
131510860
131510861
131511391
131511395
131511396
131511401
131511403
131511517
131511686
131511788
131512067
131512070
131512074
131512085
131512095
131512103
131512107
131512109
131512111
131512726
131512729
131512732
131512734
131512738
131512754
131512764
131512774
131512781
131512793
131512795
131513337
131513340
131513343
131513345
131513346
131513347
131513351
131513354
131513359
131513362
131513365
131513369
131513371
131513372
131513374
131513414
131513446
131513490
131513504
131513539
131513579
131513618
131513676
131513718
131513734
131514066
131514070
131514071
131514609
131514612
131514614
131514616
131514617
131514620
131514623
131514624
131514626
131616214
131616216
131616222
131616224
131616225
131616228
131616234
131616235
131616236
131616237
131616249
131616250
131616252
131616255
131616257
131616259
131616263
131616266
131616267
131616521
131616522
131616524
131616526
131616528
131616540
131616541
131616545
131616547
131616548
131616551
131616552
131616555
131616556
131616557
131616560
131616562
131616563
131616649
131616651
131616653
131616655
131616658
131616659
131616660
131616832
131616837
131616842
131616846
131616849
131616851
131616854
131616857
131616858
131616861
131616870
131616956
131616957
131616958
131616961
131616963
131616964
131616968
131616969
131616970
131617143
131617144
131617146
131617147
131617148
131617149
131617150
131617157
131617158
131617159
131617161
131617162
131617163
131617165
131617166
131617167
131617168
131617172
131617181
131617373
131617375
131617378
131617379
131617380
131617382
131617383
131617386
131617387
131617389
131617392
131617395
131617396
131617397
131617398
131617403
131617404
131617419
131617426
131617587
131617590
131617594
131617595
131617597
131617599
131617601
131617604
131617606
131617608
131617610
131617810
131617813
131617816
131617817
131617821
131617823
131617824
131617826
131617829
131617831
131617833
131617992
131617995
131617999
131618000
131618001
131618003
131618005
131618006
131618008
131618014
131618018
131618020
131618025
131618031
131618038
131618044
131618052
131618054
131618055
131618293
131618302
131618306
131618310
131618534
131618555
131618556
131618559
131618562
131618563
131618572
131618577
131618578
131618769
131618781
131618851
131619124
131619127
131619133
131619134
131619140
131619144
131619146
131619148
131619149
131619150
131619151
131619154
131619156
131619432
131619434
131619437
131619439
131619443
131619448
131619451
131619463
131619464
131619465
131619467
131619478
131619479
131619480
131619484
131619494
131619801
131619805
131619807
131619822
131619826
131619830
131619834
131619838
131619842
131619843
131619845
131620063
131620067
131620072
131620082
131620084
131620085
131620423
131620554
131620555
131620556
131620560
131620562
131620564
131620566
131620570
131620573
131620575
131620578
131620579
131620584
131620588
131620589
131620591
131620594
131620608
131620610
131620889
131620890
131620894
131620897
131620899
131620900
131621123
131621132
131621135
131621137
131621138
131621153
131621154
131621159
131621164
131621171
131621173
131621180
131621181
131621191
131621192
131621194
131621200
131621203
131621207
131621418
131621420
131621423
131621435
131621436
131621438
131621444
131621449
131621450
131621462
131621465
131621466
131621562
131621569
131621574
131621576
131621580
131621582
131621584
131621586
131621587
131621590
131621594
131621595
131621604
131621697
131621700
131621706
131621710
131621716
131621720
131621721
131621724
131621725
131621727
131621730
131621743
131621746
131621749
131621750
131621753
131621819
131621822
131621834
131621839
131621844
131621849
131621860
131621863
131621864
131621983
131621988
131621989
131621990
131621991
131621992
131621999
131622001
131622080
131622081
131622085
131622088
131622090
131622453
131622454
131622455
131622456
131622458
131622460
131622462
131622463
131622468
131622471
131622472
131622474
131622475
131622480
131622483
131622485
131622492
131622494
131622496
131622575
131622576
131622578
131622591
131622594
131622596
131622738
131622742
131622744
131622750
131622751
131622754
131622755
131622756
131622758
131622785
131622789
131622801
131622810
131622815
131622822
131622834
131622845
131622848
131622851
131623164
131623170
131623182
131623184
131623192
131623193
131623195
131623198
131623201
131623204
131623206
131623216
131623217
131758536
131758538
131758541
131758546
131758555
131758561
131758564
131758568
131758601
131758612
131758646
131758679
131758751
131758836
131758841
131758896
131758948
131758973
131759847
131759849
131759857
131759861
131759873
131760201
131760233
131760247
131760273
131760292
131760311
131760316
131760327
131760335
131760359
131760373
131760389
131760420
131760428
131760733
131760736
131761998
131762004
131762005
131762010
131762016
131762019
131762027
131762030
131762032
131762036
131762038
131762039
131762042
131762045
131762050
131762053
131762055
131762067
131763428
131763437
131763446
131763455
131763466
131763474
131763480
131763483
131763488
131763493
131763497
131763521
131763525
131763529
131763539
131763545
131763563
131763570
131763572
131764269
131764270
131764272
131764273
131764276
131764932
131764934
131765027
131765030
131765041
131765057
131765609
131765616
131766268
131766271
131766795
131766802
131766811
131766815
131766822
131766844
131766849
131766854
131767431
131767439
131767449
131767455
131767860
131767863
131767865
131767867
131767869
131767871
131767872
131768459
131768461
131768463
131768467
131768468
131768470
131768472
131768475
131768479
131768497
131768588
131768605
131768644
131768694
131768734
131768755
131768767
131768835
131768900
131769587
131769629
131769646
131769658
131769668
131769680
131769687
131769738
131769781
131769791
131769794
131769810
131769824
131769955
131769956
131769958
131770565
131770567
131770570
131770572
131770574
131770577
131770580
131770582
131770598
131770600
131770605
131770606
131770607
131770608
131770609
131770613
131770616
131770623
131770625
131770953
131770955
131770969
131770976
131771052
131771063
131771566
131771590
131771594
131771854
131771867
131771879
131771896
131771938
131771968
131772221
131772222
131772223
131772224
131772227
131772228
131772230
131772232
131772239
131772240
131772241
131772244
131772252
131772255
131773630
131773631
131773632
131773634
131773637
131774271
131774274
131774276
131774290
131774291
131774293
131774296
131774297
131774298
131774304
131774308
131774310
131774311
131774313
131774978
131774979
131774981
131774982
131774984
131774985
131774987
131774988
131774989
131774991
131774999
131775007
131775046
131775064
131775080
131775141
131775163
131775199
131775225
131775771
131775791
131775811
131775817
131775819
131775825
131776629
131776630
131776631
131776633
131776641
131776643
131776644
131776646
131776647
131776650
131776652
131776655
131776666
131776670
131776672
131776677
131776679
131776683
131776689
131777377
131777413
131777463
131777489
131777501
131777551
131777589
131777621
131777645
131777659
131777674
131777687
131777699
131777728
131777739
131777745
131777773
131777822
131777833
131778117
131778118
131778120
131778121
131778124
131778125
131778773
131778774
131778780
131778782
131778797
131778813
131778866
131778922
131778941
131778978
131779028
131779068
131779145
131779149
131779434
131779455
131779494
131779546
131779560
131779621
131779639
131779703
131779714
131779723
131779730
131779739
131779750
131779771
131779804
131779818
131779890
131780879
131780896
131780898
131780907
131780921
131780922
131780924
131780930
131780940
131780948
131780958
131780971
131780974
131780976
131780997
131780998
131781000
131781002
131781003
131781468
131781552
131781554
131781559
131781563
131781568
131781575
131782542
131782571
131782585
131782674
131782703
131782720
131782779
131782824
131782832
131782846
131782868
131782883
131782891
131782902
131782909
131782919
131782944
131782966
131782973
131783091
131783113
131783123
131783180
131783250
131783301
132058193
132058210
132058259
132058271
132058303
132058323
132058351
132058355
132058357
132058367
132058372
132058382
132058386
132058388
132058391
132058417
132058424
132058429
132059091
132059092
132059093
132059094
132059095
132059097
132059099
132059101
132059103
132059105
132059107
132059109
132059111
132059113
132059115
132059117
132059119
132059121
132059698
132060378
132060380
132060382
132060385
132060391
132060392
132060394
132060396
132060398
132060400
132060402
132060404
132060406
132060408
132060411
132060413
132060415
132060419
132061033
132061034
132061035
132061037
132061045
132061046
132061048
132061102
132061112
132061170
132061183
132061197
132061368
132061378
132061386
132061410
132061429
132061782
132061784
132061822
132061826
132061828
132062387
132062449
132062469
132062481
132062495
132062506
132062519
132062528
132062539
132062541
132063149
132063151
132063153
132063154
132063158
132063159
132063176
132063178
132063181
132063185
132063186
132063216
132063217
132063219
132063221
132063222
132063224
132063226
132063229
132063230
132063231
132063232
132063233
132063589
132063599
132063853
132063859
132063860
132063862
132063865
132063868
132063869
132063870
132063871
132064473
132064475
132064487
132064491
132064493
132064495
132064540
132064542
132064545
132064547
132064549
132064551
132065145
132065147
132065155
132065156
132065157
132065626
132065633
132065643
132065653
132065661
132065933
132065935
132065937
132065939
132065941
132065942
132065943
132065947
132065949
132065952
132065954
132065956
132065958
132065963
132065964
132066527
132066540
132066542
132066547
132066561
132066575
132066582
132066586
132066587
132066594
132066691
132067261
132067265
132067267
132067269
132067305
132067307
132067322
132067356
132067398
132067632
132067911
132067915
132067917
132067918
132067919
132067920
132067925
132067942
132067945
132067947
132067949
132068416
132068418
132068419
132068428
132068429
132068433
132068435
132068440
132068442
132068444
132068446
132068447
132068449
132068524
132068541
132068561
132068584
132068638
132068711
132068732
132068759
132068827
132068853
132068884
132068944
132068956
132068966
132069259
132069332
132069391
132069407
132069417
132069442
132069456
132069501
132069527
132069542
132069568
132069577
132069610
132069632
132069640
132069647
132069658
132069685
132069886
132069887
132069889
132069891
132070722
132070726
132070727
132070734
132070743
132070744
132070753
132070759
132070761
132070766
132070767
132070769
132070771
132070802
132070838
132070862
132070881
132070968
132072087
132072132
132072153
132072176
132072194
132072210
132072220
132072222
132072241
132072243
132072244
132072250
132072255
132072256
132072263
132072265
132072276
132072277
132073302
132073326
132073362
132073369
132073375
132073405
132073410
132073416
132073423
132073425
132073430
132073431
132073441
132073443
132073448
132074263
132074269
132074270
132074284
132074289
132074293
132074294
132074295
132074317
132075379
132075423
132075468
132075481
132075504
132075515
132075517
132075522
132075523
132075526
132075527
132075541
132075542
132075548
132075549
132075551
132075553
132075554
132076274
132076277
132076278
132076291
132076295
132076296
132076305
132076337
132076351
132076375
132076432
132076505
132076548
132076606
132076680
132076728
132076753
132076801
132077528
132077531
132077541
132077542
132077545
132077547
132077549
132077554
132077562
132077564
132077567
132077570
132077571
132077578
132077588
132077617
132077645
132077662
132080002
132080014
132080022
132080040
132080048
132080058
132080063
132080067
132080071
132080081
132080085
132080088
132080094
132080107
132080146
132080232
132080289
132080358
132081546
132081576
132081600
132081661
132081727
132081824
132081889
132081937
132081987
132082037
132082053
132082061
132082069
132082076
132082080
132082091
132082095
132082096
132083512
132083534
132083557
132083601
132083620
132083629
132083633
132083635
132083638
132083650
132083653
132083656
132083658
132083660
132083661
132083669
132299376
132299380
132299382
132299387
132299390
132299392
132299395
132299397
132299407
132299411
132299420
132299435
132299503
132299518
132299529
132299545
132299632
132299677
132300449
132300456
132300467
132300476
132300525
132300558
132300570
132301167
132301169
132301174
132301177
132301179
132301182
132301184
132301189
132301194
132301208
132301212
132301216
132301224
132301232
132301237
132301248
132301254
132301260
132301947
132301981
132301985
132301993
132302000
132302004
132302008
132302333
132302338
132302349
132302351
132302355
132302359
132302361
132302373
132302380
132302391
132302396
132302404
132302412
132302416
132302427
132302438
132302447
132302458
132303428
132303434
132303442
132303967
132303980
132303985
132303995
132304002
132304201
132304203
132304207
132304274
132304278
132304294
132304296
132304299
132304310
132304314
132304318
132304322
132304324
132304327
132304352
132304357
132305032
132305037
132305040
132305042
132305045
132305069
132307086
132307089
132307100
132307103
132307105
132307122
132307125
132307127
132307131
132308047
132308049
132308059
132308066
132308071
132308081
132308090
132308099
132308109
132308116
132308140
132308156
132308167
132308175
132308184
132308204
132308214
132308838
132308840
132308863
132308865
132308870
132308879
132308880
132308883
132309942
132309956
132309960
132309977
132310488
132310495
132310502
132310746
132310749
132310750
132310753
132310756
132310757
132310761
132310768
132310772
132310776
132311051
132311071
132311083
132311100
132311113
132311125
132311148
132311166
132311181
132311203
132311211
132311628
132311634
132311642
132311838
132311839
132311842
132311843
132311846
132311862
132311864
132311868
132312310
132312323
132312335
132312557
132312561
132312562
132312565
132312568
132312571
132312589
132312591
132312595
132312599
132312601
132313209
132313225
132313925
132313929
132313966
132313970
132313976
132313990
132314403
132314411
132314416
132314426
132314468
132314477
132314488
132314498
132314509
132314596
132314605
132314620
132314632
132314702
132314770
132314777
132314785
132314793
132315061
132315062
132315064
132315065
132315067
132315069
132315073
132452490
132452495
132452498
132452502
132452505
132452508
132452511
132452513
132452515
132452517
132452519
132452521
132452522
132452523
132452524
132452528
132452531
132452532
132453106
132453112
132453117
132453122
132453128
132453144
132453149
132453152
132453156
132453160
132453186
132453190
132453195
132453200
132453203
132453209
132453239
132453241
132453378
132453384
132453387
132453390
132453392
132453395
132453397
132454031
132454032
132454033
132454045
132454051
132454059
132454064
132454070
132454075
132454081
132454093
132454108
132454119
132454127
132454137
132454216
132454558
132454560
132454562
132455085
132455091
132455095
132455101
132455428
132455435
132455439
132455488
132455496
132455505
132455515
132455527
132455542
132455555
132455625
132455631
132455644
132455657
132455664
132455685
132455691
132455697
132456479
132456480
132456482
132456485
132456487
132456489
132456491
132457101
132457107
132457112
132457117
132457145
132457147
132457150
132457152
132457156
132457157
132457278
132457281
132457283
132457284
132457285
132457286
132457289
132457291
132457309
132457311
132457832
132457834
132457836
132457838
132458637
132458646
132458655
132458666
132458760
132458771
132458783
132458792
132458805
132459862
132459871
132459875
132459883
132459888
132459896
132459898
132459907
132460613
132460616
132460617
132460618
132460619
132460620
132460622
132460624
132460626
132460627
132460629
132460631
132460632
132460633
132460638
132460640
132460642
132460644
132646090
132646093
132646094
132646101
132646103
132646106
132646108
132646110
132646113
132646115
132646126
132646128
132646132
132646134
132646135
132646136
132646138
132646139
132647423
132647454
132647457
132647460
132648234
132648238
132648245
132648249
132648254
132648266
132648268
132648273
132648279
132648284
132648287
132648289
132648293
132648317
132648319
132648321
132648322
132648325
132648502
132648862
132648869
132648893
132649070
132649072
132649073
132649074
132649075
132649076
132649077
132649078
132649084
132649086
132649889
132649899
132649902
132649907
132650358
132650367
132650420
132650426
132650435
132650445
132650452
132650460
132650465
132650472
132650478
132650617
132650626
132650628
132650629
132651118
132651120
132651125
132651131
132651146
132651148
132651162
132651168
132651171
132651175
132651177
132651247
132651279
132651285
132651685
132651691
132651694
132651695
132651699
132651703
132651713
132651719
132651991
132651993
132651994
132651995
132652014
132652024
132652030
132652037
132652042
132652049
132652058
132652112
132652124
132652139
132652617
132652628
132652632
132652637
132652641
132652646
132652648
132652649
132652661
132652663
132652665
132653258
132653267
132653268
132653269
132653320
132653322
132653323
132653324
132653325
132654021
132654025
132654028
132654034
132654038
132654039
132654043
132654046
132654192
132654202
132654204
132654206
132654209
132654210
132654215
132654222
132654224
132654228
132654230
132654239
132654975
132654976
132654978
132654979
132654980
132654982
132654983
132654984
132654985
132654986
132655527
132655530
132655553
132655555
132655556
132655559
132655569
132655570
132655575
132655577
132655581
132655582
132656397
132656399
132656407
132656408
132656409
132656410
132656421
132656422
132656429
132657043
132657044
132657046
132657048
132657050
132657051
132657541
132657547
132657553
132657559
132657565
132657571
132657575
132657581
132657587
132657724
132657726
132658071
132658081
132658457
132658460
132658465
132658495
132658499
132658501
132658505
132658506
132658519
132658521
132658525
132658799
132658809
132658861
132658867
132658875
132658882
132658891
132658899
132658904
132658916
132659214
132659217
