27.827
31.566
29.910
31.017
30.201
30.385
28.378
28.055
27.757
32.185
30.911
32.296
31.947
29.897
29.625
30.199
31.283
38.476
35.073
31.078
29.975
29.824
32.983
31.235
32.390
31.576
32.138
29.973
32.143
31.172
33.495
32.467
33.746
31.545
32.958
33.242
33.375
33.328
29.802
29.260
29.471
29.499
30.736
29.968
31.145
29.927
31.901
31.216
30.089
30.596
30.028
31.246
32.626
29.612
29.629
29.136
31.030
30.427
30.390
29.403
32.255
32.968
34.701
34.425
31.165
29.401
28.839
30.439
35.031
26.343
31.961
32.261
29.639
28.102
29.240
28.577
26.649
28.202
26.858
27.235
26.643
27.336
30.292
30.614
29.720
28.669
28.759
28.789
27.185
26.675
27.142
26.869
25.586
25.976
28.132
26.770
28.923
30.526
28.605
28.201
27.938
29.294
27.094
26.982
28.966
29.788
28.899
28.225
30.050
29.070
30.597
30.061
28.676
29.255
28.806
27.161
27.430
28.341
27.394
27.061
31.125
33.394
28.667
29.807
28.334
29.433
26.181
27.077
25.182
27.579
29.002
28.752
28.437
28.480
28.282
28.027
28.924
30.062
27.144
28.529
27.516
29.442
29.040
28.381
28.696
29.501
27.690
27.690
28.787
28.255
28.248
27.456
