16.210
18.786
16.084
42.006
34.059
20.566
17.606
17.547
17.449
18.014
16.776
16.803
16.235
17.508
17.483
21.036
17.059
32.319
16.767
18.598
18.184
42.128
18.285
46.605
19.664
17.068
19.353
18.476
18.969
16.815
17.045
42.397
32.032
19.165
19.193
21.288
23.523
20.085
20.662
19.431
20.071
18.142
18.273
17.902
17.630
20.105
19.627
19.126
18.603
19.480
17.295
17.908
17.006
18.342
17.109
18.938
20.023
20.414
18.523
17.166
17.112
17.021
17.879
17.179
16.492
22.445
5.117
9.945
36.898
10.046
17.448
16.725
21.216
21.013
17.548
17.269
17.197
19.205
18.276
19.189
16.696
17.075
18.096
17.639
20.168
20.386
18.145
17.843
16.972
17.074
16.638
16.415
16.212
17.095
19.720
18.077
19.271
18.310
18.914
20.055
14.975
14.370
18.401
18.975
17.622
18.127
17.526
18.220
18.185
18.676
20.222
21.629
48.918
22.345
20.842
20.844
24.010
48.805
28.956
123.945
17.825
18.028
4.911
20.056
16.915
17.292
16.878
18.579
18.590
19.752
19.611
51.238
15.788
10.295
25.806
25.771
18.756
19.683
17.908
18.651
18.390
17.412
19.168
18.332
26.190
25.677
19.213
19.416
18.924
18.358
18.375
17.540
