76.413
77.635
82.979
83.534
89.139
78.443
73.178
70.676
71.888
76.098
78.606
72.732
74.626
71.989
71.446
73.579
69.504
76.156
84.859
72.485
72.442
70.883
74.424
192.633
81.862
73.209
67.201
70.435
69.628
71.884
72.549
70.147
74.882
78.424
71.180
70.557
70.707
68.259
71.788
70.663
73.076
70.355
68.268
69.438
71.104
72.234
68.139
68.412
69.797
69.432
80.996
226.147
67.769
67.592
70.067
69.871
72.928
70.818
71.521
72.497
79.514
77.906
82.713
81.232
74.891
73.598
70.031
71.892
71.363
73.331
72.334
74.000
83.130
83.493
76.320
76.803
57.315
68.504
69.570
72.131
47.341
89.176
9.105
37.385
42.881
68.040
66.710
73.102
72.253
71.945
69.558
74.651
73.367
66.281
66.892
68.731
66.133
70.714
74.328
68.989
67.610
69.924
68.371
73.993
74.442
67.271
67.896
69.948
69.580
68.116
72.409
69.337
67.773
71.032
70.457
75.093
73.686
50.365
45.428
71.078
72.303
66.418
66.372
65.301
65.394
74.492
76.071
67.488
71.240
68.364
71.089
66.838
69.381
176.291
69.164
69.125
67.115
64.430
66.329
67.037
70.932
69.986
71.993
72.639
69.400
67.932
69.078
69.744
71.545
70.894
69.288
70.263
64.859
73.304
71.076
76.212
70.164
68.377
69.921
68.885
