86795134
86795136
86795138
86795140
86795143
86795146
86795149
86795152
86795154
86795157
86795160
86795161
86795167
86795169
86795174
86795195
86795243
86795274
86795276
86795280
86795281
86795285
86795747
86795749
86795752
86795753
86795754
86795755
86795757
86795778
86795802
86795822
86795834
86795851
86795870
86795877
86795887
86795891
86795895
86795896
86795897
86795903
86823813
86823815
86823817
86823818
86823821
86823826
86823828
86823835
86823838
86823841
86823843
86823846
86823857
86823862
86823863
86823864
86823865
86823867
86823868
86823870
86824274
86824275
86824277
86824278
86824280
86824282
86824283
86824285
86824286
86824287
86824288
86824289
86824290
86824291
86824292
86824293
86824294
86824296
86824297
86824298
86824412
86824413
86824414
86824416
86824417
86824418
86824420
86824421
86824422
86824424
86824426
86824429
86824432
86824433
86824434
86824435
86824438
86824439
86824440
86824441
86824506
86824507
86824550
86824553
86824773
86824774
86824775
86824776
86824777
86824779
86824782
86824783
86824784
86824785
86824788
86824792
86824797
86824799
86824801
86824802
86824803
86824804
86824805
86824808
86824838
86824913
86824919
86824920
86824921
86824922
86824925
86824927
86824928
86824929
86824930
86824931
86824935
86824939
86824941
86824942
86824943
86824944
86824946
86824947
86824948
86825142
86825144
86825145
86825278
86825279
86825280
86825281
86825282
86825283
86825284
86825286
86825287
86825288
86825290
86825291
86825292
86825293
86825294
86825295
86825296
86825297
86825298
86825299
86825356
86825357
86825358
86825359
86825572
86825573
86825577
86825578
86825579
86825580
86825581
86825582
86825583
86825584
86825585
86825586
86825587
86825588
86825589
86825590
86825592
86825593
86825594
86825595
86825854
86825864
86825873
86825883
86825892
86825901
86825909
86825916
86825923
86825931
86825940
86825941
86825942
86825943
86825944
86825945
86825946
86825948
86825949
86825951
86826002
86826003
86826004
86826005
86826148
86826149
86826150
86826152
86826153
86826155
86826157
86826158
86826159
86826161
86826169
86826170
86826171
86826174
86826177
86826181
86826183
86826186
86826191
86826192
86826263
86826264
86826265
86826266
86826434
86826435
86826436
86826438
86826440
86826441
86826442
86826443
86826446
86826448
86826500
86826515
86826528
86826538
86826539
86826540
86826541
86826542
86826544
86826545
86826612
86826613
86826615
86826616
86826716
86826721
86826728
86826734
86826741
86826745
86826746
86826748
86826749
86826751
86826752
86826754
86826756
86826758
86826759
86826760
86826764
86826766
86826767
86826768
86831665
86831896
86831974
86832179
86832269
86832457
86851077
86851109
86851243
86851275
86851305
86851473
86851504
86851524
86851633
86851660
86851686
86851949
86851975
86852038
86852163
86852202
86852237
86852423
86852461
86852500
86857489
86857589
86857806
86857888
86857977
86858194
86858291
86858387
86858552
86858630
86858700
86858835
86858871
86858904
86858906
86859069
86859070
86859126
86859279
86859285
86863236
86863370
86863500
86863716
86863807
86863906
86864159
86864271
86864388
86864600
86864628
86864688
86864864
86864933
86864969
86865125
86865170
86865286
86865472
86865542
86870797
86870997
86871125
86871223
86871414
86871509
86871606
86871783
86871864
86871937
86872137
86872206
86872325
86872532
86872628
86872714
86872937
86873042
86873189
86873425
86879136
86879324
86879386
86879424
86879569
86879608
86879641
86879775
86879810
86879826
86879855
86879894
86880015
86880018
86880057
86880066
86880083
86880089
86880202
86880211
86880254
86880270
86880304
86880350
86880508
86880542
86880579
86880597
86880649
86880667
86880832
86880843
86880920
86881040
86881203
86881229
86881296
86881441
86881495
86881692
86881840
86881888
86882033
86882079
86882129
86882302
86882370
86882419
86882566
86882647
86882729
86882897
86882953
86882999
86883127
86883156
86883201
86883358
86883378
86883394
86885421
86885589
86885615
86885649
86885651
86885678
86885681
86885709
86885711
86885739
86885740
86885775
86885776
86885800
86885803
86885824
86885827
86885852
86885854
86885869
86885871
86885912
86885915
86885967
86890992
86891054
86891063
86891213
86891223
86891339
86891347
86891386
86891391
86891622
86891627
86891656
86891658
86891750
86891754
86891886
86891888
86891974
86891977
86892002
86892005
86892232
86892237
86892276
86892338
86892394
86892399
86892534
86892540
86892652
86892660
86892704
86892729
86892923
86892952
86892970
86893044
86893093
86893132
86893278
86900925
86901071
86901073
86901091
86901092
86964867
86965014
86965063
86965099
86965155
86965167
86965309
86965369
86965442
86965607
86965656
86965666
86965804
86965854
86965935
86965953
86966251
86966338
86966373
86966773
86966882
86966952
86967107
86967160
86967175
86967318
86967372
86967450
86967713
86967818
86967857
86968020
86968064
86968124
86968295
86968578
86968580
86968581
86968582
86968586
86968591
86968592
86968594
86968596
86968597
86968598
86968599
86968600
86968601
86968602
86968603
86968605
86968607
86968609
86968610
86968613
86968677
86968724
86968725
86968866
86968910
86968956
86969124
86969167
86969168
86969169
86969171
86969172
86969173
86969175
86969177
86969179
86969180
86969181
86969182
86969184
86969185
86969186
86969189
86969190
86969193
86969194
86969195
86969208
86969289
86969433
86969469
86969490
86969618
86969646
86969717
86970354
86970484
86970525
86970578
86970725
86970738
86970804
86970938
86971015
86971166
86971445
86971534
86971612
86971736
86971788
86971813
86971959
86971998
86972079
86972201
86972929
86972979
86973108
86973174
86973202
86973203
86973204
86973205
86973513
86973519
86973521
86973526
86973528
86973531
86973536
86973537
86973539
86973569
86973576
86973577
86973746
86973782
86973785
86974003
86974060
86974065
86974070
86974073
86974078
86974211
86974336
86974559
86974607
86974657
86974794
86974852
86974870
86975047
86975077
86975169
86976943
86976982
86977106
86977125
86977193
86977316
86977378
86977446
86977606
86977655
86977728
86977891
86977921
86977957
86978088
86978121
86978227
86978360
86978415
86978527
87003973
87003974
87003976
87003977
87003978
87003979
87003980
87003981
87003982
87003984
87003985
87003987
87003989
87003990
87003991
87003992
87003994
87003995
87003996
87003999
87004001
87004004
87004006
87004008
87004333
87004334
87004336
87004337
87004338
87004339
87004342
87004344
87004345
87004346
87004347
87004348
87004349
87004350
87004351
87004353
87004354
87004355
87004356
87004357
87004358
87004359
87004361
87004362
87004646
87004647
87004648
87004649
87004650
87004651
87004652
87004653
87004654
87004655
87004656
87004658
87004659
87004660
87004661
87004669
87004670
87004671
87004672
87004673
87004820
87004822
87004824
87004825
87004826
87004827
87004829
87004830
87004832
87004834
87004835
87005136
87005137
87005138
87005139
87005140
87005141
87005143
87005146
87005147
87005149
87005150
87005151
87005152
87005201
87005211
87005216
87005218
87005219
87005220
87005223
87005224
87005226
87005227
87005228
87005294
87005295
87005296
87005297
87005299
87005303
87005307
87005308
87005309
87005310
87005311
87005312
87005316
87005393
87005394
87005395
87005396
87005398
87005399
87005400
87005403
87005404
87005408
87005410
87005614
87005616
87005618
87005619
87005620
87005623
87005625
87005627
87005628
87005629
87005632
87005636
87005641
87005818
87005820
87005823
87005824
87005827
87005829
87006001
87006019
87006030
87006039
87006052
87006056
87006058
87006062
87006063
87006064
87006066
87006069
87006071
87006073
87006074
87006075
87006124
87006125
87006126
87006127
87006128
87006129
87006130
87006132
87006223
87006224
87006227
87006228
87006229
87006230
87006232
87006234
87006235
87006236
87006237
87006238
87006239
87006240
87006241
87006243
87006291
87006293
87006294
87006295
87006297
87006298
87006300
87006301
87006530
87006531
87006532
87006533
87006539
87006541
87006542
87006543
87006544
87006545
87006546
87006547
87006548
87006550
87006551
87006552
87006639
87006640
87006641
87006642
87006643
87006644
87006645
87006646
87006753
87006756
87006757
87006758
87006963
87007051
87007053
87007054
87007055
87007056
87007058
87007059
87007060
87007140
87007142
87007143
87007145
87007146
87007147
87007149
87007151
87007152
87007153
87007154
87007244
87007252
87007258
87007277
87007292
87007299
87007310
87007313
87007314
87007315
87007316
87007317
87007323
87007423
87007424
87007426
87007427
87007428
87007429
87007431
87007433
87007436
87007443
87007450
87007505
87007507
87007508
87007509
87007510
87007511
87007512
87007513
87007517
87007518
87007519
87007520
87007521
87007764
87007765
87007766
87007767
87007769
87007771
87007772
87007773
87007774
87007775
87007776
87007779
87007780
87007781
87007783
87007786
87007787
87007788
87007790
87007792
87007793
87007905
87007906
87007907
87007910
87007911
87007913
87007914
87008166
87008167
87008168
87008169
87008170
87008171
87008172
87008173
87008174
87008175
87008176
87008179
87008180
87008181
87008182
87008183
87008184
87008322
87008324
87008325
87008327
87008328
87008329
87008330
87008331
87008332
87008333
87008334
87008596
87008597
87008598
87008599
87008601
87008602
87008603
87008604
87008606
87008608
87008611
87008612
87008613
87008614
87008622
87008629
87008637
87008639
87008640
87008641
87008643
87008645
87008647
87008952
87008955
87008957
87008958
87008959
87008960
87008962
87008963
87008964
87008965
87008967
87008968
87008969
87008970
87008972
87008973
87008975
87008976
87008978
87008979
87008980
87008981
87008982
87008984
87009171
87009172
87009173
87009174
87009177
87009179
87009181
87009182
87009183
87009186
87009187
87009188
87009189
87009190
87009191
87009192
87009193
87009194
87009202
87009217
87009234
87009252
87009258
87010950
87010963
87010972
87010986
87010990
87010993
87010994
87010995
87010996
87010997
87010998
87010999
87011000
87011001
87011003
87011273
87011352
87011357
87011409
87011413
87011467
87012223
87037813
87037814
87037815
87037816
87037817
87037818
87037819
87037820
87037821
87037822
87037824
87037825
87037827
87037828
87037829
87037830
87037831
87037832
87037833
87037835
87038070
87038072
87038074
87038077
87038169
87038170
87038171
87038172
87038173
87038175
87038176
87038177
87038178
87038179
87038249
87038250
87038252
87038254
87038255
87038256
87038257
87038258
87038259
87038261
87038262
87038263
87038404
87038407
87038614
87038618
87038727
87038729
87038730
87038731
87038733
87038735
87038738
87038740
87038743
87038745
87038748
87038752
87038754
87038755
87038756
87038758
87038759
87038761
87038762
87038763
87038895
87038896
87038901
87038905
87038907
87038910
87038911
87039093
87039094
87039095
87039096
87039098
87039099
87039100
87039102
87039104
87039105
87039106
87039107
87039109
87039110
87039111
87039112
87039114
87039152
87039153
87043126
87043129
87043130
87043133
87043134
87043136
87043137
87043138
87043143
87043156
87043162
87043167
87043171
87043172
87043173
87043176
87043177
87043178
87043179
87043180
87043451
87043452
87043453
87043455
87071462
87071463
87071464
87071467
87071469
87071472
87071473
87071474
87071475
87071476
87071477
87071478
87071479
87071483
87071484
87071486
87071488
87071490
87071491
87071492
87071575
87071576
87071578
87071580
87071719
87071721
87071722
87071724
87071725
87071729
87071730
87071731
87071733
87071735
87071736
87071737
87071739
87071741
87071742
87071743
87071744
87071745
87071746
87071747
87071887
87071888
87071889
87071890
87072161
87072162
87072163
87072165
87072166
87072168
87072169
87072172
87072255
87072257
87072260
87072262
87072264
87072267
87072269
87072271
87072309
87072312
87072315
87072317
87072319
87072322
87072324
87072327
87072329
87072333
87072516
87072562
87072613
87072789
87072861
87072934
87073122
87073222
87073322
87073531
87073604
87073605
87073650
87073657
87073658
87073787
87073792
87073793
87073823
87073832
87073833
87073884
87073954
87074099
87074115
87074165
87074188
87074243
87074264
87074418
87074459
87074509
87074552
87074620
87074674
87074846
87074878
87074922
87074942
87074988
87075009
87075147
87075164
87075188
87075220
87075229
87075348
87075501
87075537
87075558
87075595
87075623
87075668
87075799
87081108
87081187
87081189
87081412
87081413
87081505
87081506
87081622
87081624
87081837
87081839
87081973
87081975
87082065
87082066
87082245
87082246
87082283
87082287
87082333
87082336
87082473
87082474
87082521
87082522
87082567
87082569
87082740
87082742
87082825
87082826
87082924
87082925
87083121
87083122
87083225
87083228
87083356
87083363
87083536
87085618
87085619
87085620
87085622
87085624
87085626
87085628
87085631
87085632
87085633
87085634
87085636
87085640
87085643
87085647
87085649
87085651
87085652
87085655
87085656
87087458
87087596
87087748
87087810
87087938
87088042
87088043
87088099
87088127
87088205
87088311
87088314
87088390
87088410
87088484
87088496
87088499
87088564
87088678
87088762
87088787
87088861
87088884
87088887
87088890
87088891
87088961
87089093
87089139
87089219
87089329
87089466
87089553
87089758
87089959
87090102
87090259
87090360
87090434
87090710
87094136
87094137
87094139
87094141
87094447
87094449
87094451
87094470
87094481
87094483
87094485
87094487
87094565
87094697
87094715
87094721
87094723
87094904
87094907
87094910
87096355
87096356
87096357
87096359
87096377
87096395
87096413
87096431
87096441
87096457
87096464
87096465
87096466
87096467
87096468
87096469
87096470
87096471
87096472
87096473
87096972
87097089
87097320
87097406
87097511
87097777
87097794
87097837
87097851
87097892
87097899
87098050
87098067
87098108
87098122
87098207
87098232
87098487
87098527
87098580
87098617
87098779
87098824
87098959
87098985
87099078
87099168
87099223
87099283
87099491
87099502
87099657
87099684
87099735
87099797
87099984
87100181
87100305
87100512
87100720
87104599
87104728
87104840
87105053
87105121
87105185
87105353
87105423
87105518
87105789
87105871
87105938
87106100
87106194
87106326
87106476
87106523
87106524
87106525
87106527
87106528
87106529
87106530
87106531
87106534
87106536
87106537
87106538
87106539
87106540
87106541
87106543
87106544
87106545
87106546
87106547
87106552
87106617
87106787
87106824
87106855
87106884
87107087
87107176
87107256
87107404
87107476
87107554
87107741
87107804
87107853
87108007
87108084
87108167
87108384
87108492
87108683
87108838
87108906
87109088
87109718
87109804
87109981
87110186
87110273
87110464
87110621
87110697
87110804
87111041
87111100
87111146
87111406
87111484
87111562
87111886
87111998
87112040
87112126
87112401
87112474
87112498
87112541
87112565
87112889
87112893
87112905
87113001
87113020
87113100
87113131
87113138
87113291
87113404
87113413
87113449
87113455
87113458
87113500
87113513
87113518
87113770
87113894
87113898
87113944
87113952
87113955
87114021
87114038
87114045
87114125
87114212
87114218
87114279
87114291
87114295
87114361
87114389
87114397
87114558
87114731
87114736
87114739
87114819
87114846
87114852
87114855
87114927
87114950
87114953
87114955
87115074
87115233
87115245
87115294
87115302
87115303
87115336
87115350
87115352
87115518
87115631
87115634
87115682
87115698
87115700
87115765
87115792
87115952
87116071
87116072
87116167
87116168
87116171
87116173
87116174
87116175
87116177
87116254
87116270
87116271
87116272
87116499
87116606
87116607
87116613
87116617
87116623
87116698
87116716
87116718
87116783
87116813
87116815
87116818
87116971
87117128
87117198
87117411
87117571
87120159
87120247
87120419
87120421
87120472
87120476
87120521
87120522
87120697
87120700
87120759
87120765
87120834
87120838
87120994
87120995
87121067
87121069
87121140
87121142
87121322
87121324
87121385
87121387
87121471
87121476
87121648
87121649
87121755
87121759
87121848
87121851
87122037
87122039
87122094
87122096
87122161
87122164
87122311
87122389
87122865
87123040
87123100
87123192
87123368
87123563
87123757
87123762
87123896
87123898
87123989
87123992
87124191
87124193
87124265
87124267
87124317
87124321
87124550
87124554
87124634
87124635
87124699
87124706
87124920
87124925
87125024
87125029
87125082
87125106
87125132
87125256
87125263
87125264
87125304
87125320
87125322
87125323
87125350
87125352
87125353
87125354
87125356
87125357
87125358
87125376
87125401
87125402
87125404
87125410
87125411
87125413
87125415
87125416
87125424
87125426
87125427
87125430
87125493
87125698
87125797
87125869
87126041
87126105
87127322
87127480
87127546
87127633
87127841
87127910
87128001
87128184
87128276
87128628
87129089
87129456
87129859
87130107
87130258
87130504
87130635
87130853
87131022
87131302
87131450
87131668
87131818
87132042
87132068
87132072
87132207
87132539
87132675
87132921
87133277
87133279
87133726
87134080
87134441
87134694
87134698
87134699
87134861
87135057
87135058
87135060
87135163
87135165
87135225
87135424
87135425
87135524
87135898
87135900
87136208
87136571
87136573
87136574
87136578
87136641
87136642
87136644
87136648
87137122
87137700
87138217
87138479
87138843
87139283
87139637
87139946
87140395
87140746
87141041
87141488
87141885
87141955
87142260
87142271
87142709
87142780
87143104
87143174
87143488
87143496
87143892
87143959
87144266
87144326
87144733
87144737
87144798
87144801
87144803
87144805
87144808
87144811
87144814
87144818
87144820
87144823
87144825
87144829
87144831
87144833
87144895
87144897
87144908
87144917
87144929
87144933
87145290
87145297
87145555
87145625
87145626
87145627
87145629
87145630
87145631
87145632
87145634
87145635
87145637
87145639
87145641
87145699
87145701
87145705
87145711
87145712
87145715
87145716
87145718
87145869
87145871
87145965
87146389
87146452
87146453
87146454
87146456
87146457
87146458
87146469
87146515
87146516
87146518
87146520
87146521
87146522
87146524
87146526
87146528
87146529
87146530
87146533
87146534
87146760
87146763
87146765
87149042
87149419
87149873
87150168
87150514
87150960
87151324
87151632
87152115
87152481
87152879
87153334
87153693
87154063
87154176
87154496
87154638
87154883
87155028
87155270
87155347
87155699
87155795
87155957
87156089
87156312
87156429
87156853
87157184
87157516
87157907
87157917
87158202
87158264
87158589
87158664
87159048
87159058
87159406
87159413
87159716
87159788
87160165
87160223
87160505
87160516
87160833
87160920
87161258
87161315
87161577
87161906
87162270
87162599
87162930
87163327
87163672
87164017
87164406
87164749
87169259
87169465
87169517
87169566
87169704
87169761
87169833
87169834
87169835
87169837
87169838
87169839
87169840
87169842
87169843
87169844
87169845
87169850
87169851
87170082
87177005
87177353
87177779
87178305
87178614
87179000
87179559
87179867
87179934
87180185
87180246
87180253
87180666
87180672
87180736
87181029
87181030
87181096
87181361
87181392
87181406
87181805
87181808
87181868
87182156
87182162
87182227
87182543
87182546
87182617
87183022
87183025
87183032
87183339
87183344
87183415
87183707
87184449
87184746
87185220
87185583
87185949
87186369
87186735
87187124
87187559
87187902
87188258
87188684
87192863
87193258
87193601
87193946
87194487
87194803
87195222
87195720
87196069
87196460
87196964
87197322
87197609
87198054
87198417
87198725
87199219
87199615
87200018
87200425
87205767
87206108
87206591
87206951
87207238
87207701
87208068
87208433
87208883
87209267
87209268
87209662
87209663
87210069
87210070
87210408
87210409
87210805
87210806
87211322
87211323
87211715
87211716
87212018
87212019
87212486
87212487
87212860
87212861
87213191
87213192
87213696
87214134
87214246
87214441
87214549
87214665
87214900
87215010
87215115
87220249
87220251
87220256
87220274
87220277
87220281
87220336
87220338
87220340
87220341
87220343
87220346
87220347
87220349
87220351
87220358
87220359
87220423
87220424
87220431
87223278
87223279
87223685
87224014
87224508
87224514
87224522
87224529
87224587
87224594
87224595
87224981
87224983
87225327
87225382
87225384
87225386
87225387
87225904
87226330
87226472
87226478
87226481
87226484
87226551
87226558
87226563
87226566
87226567
87226569
87226572
87226575
87226577
87226579
87226580
87226640
87226642
87226644
87226647
87226650
87229873
87229877
87229882
87229888
87229894
87229896
87229902
87229919
87229936
87229995
87230001
87230005
87230009
87230010
87230011
87230013
87230016
87230017
87230019
87230020
87230026
87230030
87230032
87230034
87230457
87230462
87230524
87230525
87230528
87230529
87230532
87230535
87230538
87230539
87230947
87230949
87230952
87230956
87230960
87231016
87231017
87231035
87231041
87237456
87237637
87237722
87237794
87237985
87238063
87238203
87238416
87239519
87239984
87240742
87241189
87241881
87242559
87243226
87243858
87244456
87245084
87245679
87246379
87252295
87252307
87252317
87252322
87252329
87252332
87252338
87252343
87252360
87252371
87252377
87252380
87252382
87252394
87252400
87252405
87252411
87252412
87252416
87252417
87252483
87252484
87252487
87252491
87252493
87252495
87252497
87252498
87259394
87259504
87259582
87259758
87259825
87259896
87260051
87260137
87260209
87260375
87260457
87260567
87260573
87260599
87260779
87260783
87260808
87260923
87260928
87260947
87261033
87261036
87261070
87261231
87261235
87261247
87261325
87261327
87261356
87261418
87261419
87261423
87261574
87261579
87261595
87261682
87261685
87261699
87261755
87261757
87261923
87261927
87262020
87262021
87262110
87262113
87262312
87262313
87262375
87262440
87262443
87262492
87262596
87262601
87262665
87262827
87262829
87262852
87262914
87262917
87262951
87263067
87263069
87263120
87263290
87263291
87263420
87263576
87263684
87263893
87264030
87264127
87264384
87264500
87264595
87264806
87264957
87265115
87265365
87265538
87286944
87287344
87288062
87288564
87289235
87289774
87290431
87290697
87290698
87290937
87291259
87291260
87291767
87292076
87292077
87292109
87292410
87292411
87292792
87293101
87293102
87293351
87293634
87293635
87294149
87294382
87294383
87294529
87294893
87294894
87295374
87295634
87295635
87295784
87296001
87296008
87296363
87296779
87296780
87296971
87297242
87297243
87297731
87298106
87298107
87298151
87298471
87298472
87299444
87299446
87299973
87299974
87300796
87300797
87301463
87301464
87302170
87302171
87302718
87302720
87316367
87316449
87316618
87316685
87316735
87316875
87316982
87317027
87317169
87317228
87317300
87317497
87317640
87317731
87317957
87318052
87318188
87318419
87318642
87318748
87318755
87318757
87318758
87318760
87318761
87318763
87318769
87318775
87318785
87318795
87318805
87318815
87318826
87318838
87318843
87318848
87318852
87318855
87318859
87318863
87318865
87318868
87318880
87329861
87329919
87329932
87329954
87330027
87330046
87330063
87330140
87330150
87330192
87330208
87330217
87330275
87330276
87330284
87330343
87330345
87330351
87330408
87330410
87343582
87343919
87344097
87344158
87345097
87345113
87345117
87345515
87345698
87345756
87346691
87346701
87346709
87347120
87347296
87347360
87348269
87348276
87348279
87348668
87348841
87348877
87349549
87349560
87349564
87349667
87349674
87349679
87349781
87349802
87349848
87350028
87350041
87350045
87350118
87350128
87350134
87350238
87350283
87350326
87350466
87350488
87350492
87350603
87350613
87350622
87350755
87350810
87350853
87350970
87350978
87350982
87351076
87351085
87351090
87351224
87351301
87351339
87352081
87352141
87364518
87364519
87364520
87364522
87364523
87364524
87364525
87364526
87364529
87364530
87364532
87364590
87364591
87364592
87364634
87364652
87364653
87364654
87364710
87364711
87365373
87365374
87365376
87365378
87365379
87365380
87365381
87365385
87365386
87365389
87365390
87365391
87365392
87365394
87365450
87365452
87365717
87365718
87365720
87365721
87365722
87365724
87365726
87365727
87365728
87365730
87365741
87365758
87365767
87365769
87365771
87365772
87365775
87365779
87365781
87365784
87367510
87367511
87367512
87367513
87367514
87367516
87367517
87367518
87367521
87367522
87367523
87367524
87367525
87367527
87367529
87367533
87367551
87367557
87367558
87367559
87368435
87368441
87368563
87368567
87368656
87368661
87368842
87368848
87368895
87368902
87368951
87368952
87369103
87369106
87369189
87369193
87369260
87369265
87369426
87369431
87369496
87369501
87369568
87369572
87369742
87369745
87369831
87369834
87369877
87369878
87370008
87370009
87370047
87370049
87370087
87370088
87370220
87370221
87370288
87370291
87375790
87375886
87375993
87376042
87376061
87376163
87376212
87376239
87376265
87376295
87376319
87376437
87376495
87376527
87376545
87376570
87376580
87376708
87376717
87376748
87376758
87376782
87376801
87376938
87376985
87377015
87377041
87377066
87377102
87377241
87377286
87377312
87377348
87377358
87377461
87377561
87377658
87377713
87377805
87377926
87383098
87383170
87383317
87383354
87383416
87383422
87383545
87383553
87383616
87383630
87383670
87383678
87383816
87383826
87383873
87383892
87383932
87383946
87384088
87384098
87384165
87384176
87384210
87384218
87384365
87384376
87384413
87384418
87384462
87384466
87384589
87384629
87384666
87384674
87384725
87384740
87384900
87384977
87385051
87385204
87386765
87386862
87386955
87387140
87387141
87387274
87387385
87387587
87387658
87387735
87387920
87388028
87388092
87388238
87388274
87388338
87388531
87388653
87388740
87389259
87396045
87396198
87396380
87396522
87396605
87396769
87396876
87396974
87397133
87397200
87397286
87397495
87397642
87397774
87397994
87398094
87398168
87398377
87398474
87398552
87400773
87400884
87401042
87401089
87401179
87401269
87401306
87401407
87401517
87401618
87401747
87401825
87401883
87402042
87402125
87402186
87402336
87402385
87402430
87402556
87402696
87402697
87402699
87402700
87402702
87402704
87402706
87402708
87402709
87402711
87402712
87402714
87402718
87402720
87402721
87402723
87402724
87402725
87402726
87402729
87406217
87406218
87406220
87406221
87406280
87406589
87406605
87406723
87406725
87406773
87406775
87406777
87406935
87406936
87406996
87406997
87406999
87407000
87407003
87407004
87410110
87410267
87410361
87410425
87410426
87410570
87410616
87410623
87410661
87410668
87410670
87410819
87411025
87411087
87411272
87411363
87411433
87411434
87411617
87411732
87412280
87412366
87412544
87412629
87412710
87412895
87412997
87413045
87413186
87413244
87413366
87413520
87413589
87413638
87413796
87413864
87413931
87414130
87414227
87414320
87415653
87415654
87415660
87415662
87415663
87415665
87415667
87415669
87415672
87415675
87415678
87415679
87415681
87415684
87415687
87415688
87415689
87415690
87415692
87415694
87415826
87415841
87415859
87415876
87415965
87415966
87415967
87415968
87415970
87415974
87415977
87415978
87415979
87415980
87415981
87415986
87415987
87415989
87415990
87415992
87415993
87415999
87416000
87416002
87419167
87419168
87419170
87419171
87419174
87419175
87419176
87419178
87419179
87419180
87419181
87419188
87419202
87419203
87419205
87419206
87419207
87419209
87419212
87419214
87419300
87419303
87419304
87419310
87420707
87420791
87420835
87420971
87421011
87421063
87421252
87421341
87421431
87421636
87421724
87421783
87421941
87421987
87422013
87422135
87422162
87422206
87422408
87422514
87423386
87423389
87423394
87423395
87423398
87423401
87423403
87423406
87423410
87423412
87423414
87423416
87423418
87423421
87423425
87423427
87423429
87423432
87423433
87423436
87425425
87425489
87425549
87425702
87425766
87425832
87425994
87426023
87426075
87426209
87426264
87426350
87426499
87426547
87426633
87426692
87426719
87426811
87426890
87426917
