124613156
124626940
124626941
124626942
124626944
124626945
124626946
124626947
124626948
124626949
124626951
124626952
124626953
124626954
124626955
124626956
124626959
124626960
124626961
124626962
124627792
124627793
124627832
124627833
124627834
124627836
124627838
124627839
124627840
124627842
124627843
124627844
124627846
124627847
124627848
124627849
124627866
124627871
124627876
124627880
124627885
124628589
124628590
124628591
124629098
124629100
124629101
124629102
124629103
124629105
124629106
124629107
124629109
124629112
124629113
124629114
124629115
124629116
124629118
124629120
124629121
124629122
124629123
124629267
124629271
124629275
124629832
124629838
124629839
124629886
124629887
124629888
124629923
124629924
124629927
124629928
124629930
124629931
124629932
124629933
124629934
124629935
124630162
124630177
124630192
124630640
124630663
124630666
124630668
124630670
124630671
124630674
124630675
124630676
124631210
124631228
124631233
124631236
124631242
124631245
124631247
124631367
124631371
124631375
124631378
124631382
124631386
124631392
124631399
124631404
124631411
124631532
124631534
124631535
124631536
124631537
124631538
124631539
124631541
124632217
124632220
124632223
124632225
124632226
124632227
124632229
124632363
124632377
124632383
124632392
124632400
124632407
124632413
124632473
124632482
124632977
124632978
124632979
124632980
124632981
124632983
124632984
124632985
124632986
124632989
124632991
124632992
124632993
124632994
124633007
124633013
124633696
124633699
124633720
124633772
124633774
124633775
124633776
124633777
124633778
124634152
124634160
124634170
124634583
124634584
124634586
124634587
124634588
124634589
124634591
124634593
124634596
124634597
124634598
124634599
124634600
124634601
124634602
124634604
124634608
124634614
124634622
124813971
124814134
124814159
124814168
124814179
124814182
124814353
124814778
124814792
124815195
124815228
124815231
124815235
124815240
124815241
124815246
124815250
124815253
124815255
124815277
124815279
124815283
124815288
124815289
124815292
124815328
124815367
124815375
124815614
124815615
124815617
124815619
124815621
124815624
124815989
124815993
124816004
124816005
124816006
124816012
124816014
124816180
124816204
124816208
124816234
124816239
124816243
124816269
124816273
124816277
124816282
124816286
124816290
124816607
124816682
124816724
124816725
124816728
124816730
124816738
124816740
124816741
124816743
124816745
124816749
124817028
124817121
124817362
124817365
124817370
124817372
124817376
124817379
124817381
124817384
124817395
124817397
124817398
124817399
124817401
124817547
124817750
124817752
124817755
124817759
124817760
124817762
124817766
124817776
124817777
124817780
124817783
124818163
124818165
124818167
124818168
124818169
124818171
124818175
124818215
124818216
124818220
124818228
124818232
124818237
124818247
124818661
124818664
124818667
124818668
124818669
124818674
124818675
124818676
124818679
124818809
124818813
124818829
124818834
124818856
124818860
124818865
124818887
124818911
124819241
124819636
124819639
124819641
124819644
124819647
124819649
124819652
124819753
124819763
124819772
124819778
124819791
124819798
124819807
124819828
124819841
124819859
124819871
124819887
124819901
124819917
124819936
124819950
124819966
124820552
124820553
124820555
124820557
124820558
124820563
124820564
124820566
124821109
124821110
124821111
124821112
124821113
124821115
124821116
124821117
124821119
124821121
124821125
124821129
124821132
124821137
124821141
124821145
124821268
124821297
124821323
124821367
124821377
124821389
124821467
124821546
124821610
124821990
124821995
124821998
124822020
124822023
124822028
124822032
124822036
124822041
124822044
124822047
124822051
124822052
124822055
124822327
124822337
124822350
124822410
124822417
124822433
124822441
124822633
124822637
124822669
124823374
124823394
124823395
124823397
124823398
124823401
124823444
124823458
124823931
124823935
124823940
124823954
124823960
124823997
124824007
124824012
124824036
124824040
124824045
124824049
124824053
124824059
124824065
124824068
124824072
124824361
124824874
124824876
124824880
124824909
124824937
124824941
124824946
124824957
124824966
124825236
124961339
124961341
124961344
124961346
124961349
124961350
124961351
124961355
124961375
124961377
124961380
124961384
124961387
124961389
124961393
124961395
124961398
124961404
124961406
124961608
124961616
124961624
124961637
124961650
124961665
124962693
124962695
124962698
124962702
124962704
124962705
124962706
124962710
124962715
124962716
124962722
124962732
124962735
124962737
124962741
124962752
124963747
124963752
124963757
124963759
124963762
124964012
124964023
124964040
124964044
124964048
124964066
124964072
124964078
124964086
124964097
124964117
124964188
124964851
124964854
124964860
124964867
124964874
124964877
125038395
125156549
125358194
125545716
125545717
125545723
125545725
125545727
125545728
125545729
125545731
125545733
125545734
125545736
125545738
125545739
125545741
125545743
125545745
125545747
125545750
125546103
125546111
125546122
125546130
125546139
125546527
125546529
125546678
125546686
125546693
125546702
125546712
125546722
125546733
125546743
125546757
125546770
125546781
125546790
125546802
125546810
125546825
125546833
125546885
125546935
125547730
125547738
125547750
125547811
125547842
125547846
125547867
125547875
125547928
125547935
125547974
125547981
125547989
125547994
125548040
125548188
125548190
125548191
125548192
125548194
125548195
125548196
125548201
125548202
125548752
125548760
125548765
125548770
125548775
125548783
125548790
125549053
125549059
125549060
125549063
125549067
125549070
125549073
125549077
125549243
125549245
125549246
125549247
125549249
125549250
125549252
125549256
125549258
125550125
125550126
125550127
125550135
125550136
125550138
125550409
125550418
125550426
125550435
125550445
125550452
125550459
125550469
125550476
125550534
125550543
125550550
125550562
125550572
125550581
125550587
125550599
125550725
125550727
125551390
125551402
125551410
125551417
125551422
125551430
125551437
125551442
125551448
125551454
125551708
125551712
125551714
125551715
125551717
125551719
125551723
125551724
125551725
125551727
125551729
125551730
125551732
125551733
125552570
125552571
125552579
125552580
125552582
125552583
125552586
125552588
125552590
125552593
125672467
125672471
125672478
125672487
125672493
125672499
125672506
125672514
125672517
125672528
125672536
125672539
125672548
125672553
125672560
125672562
125672568
125672575
125672701
125672702
125672708
125672713
125672715
125672721
125672736
125673101
125673140
125673210
125673258
125673259
125673263
125673269
125673273
125673283
125673288
125673295
125673299
125673306
125673313
125673324
125673332
125673341
125673349
125673355
125673367
125673381
125673784
125673831
125673833
125673835
125674058
125674136
125674150
125674158
125674203
125674212
125674430
125674448
125674449
125674451
125674453
125674457
125674458
125674459
125674460
125674461
125674462
125674463
125674464
125674465
125674466
125674829
125675048
125675050
125675051
125675052
125675057
125675058
125675059
125675060
125675063
125675064
125675216
125675292
125675309
125675323
125675336
125675351
125675362
125675482
125675491
125675609
125675610
125675613
125675614
125675616
125675617
125675997
125676051
125676090
125676221
125676222
125676223
125676224
125676225
125676226
125676227
125676228
125676229
125676234
125676235
125676236
125676237
125676238
125676239
125676242
125676245
125676247
125676779
125676780
125676781
125676782
125676783
125676785
125676788
125676845
125677323
125677331
125677335
125677363
125677365
125677368
125677370
125677373
125677374
125677375
125677377
125677379
125677380
125677381
125677385
125677387
125677388
125677389
125677492
125677501
125677515
125677534
125677566
125677654
125677666
125678080
125678101
125678110
125678187
125678188
125678189
125678190
125678191
125678194
125678196
125678197
125678199
125678200
125678203
125678204
125678205
125678206
125678207
125678209
125678210
125678211
125678787
125678788
125678789
125678790
125678791
125678792
125678793
125678794
125678795
125678796
125678798
125678799
125678800
125678802
125678803
125678804
125678806
125678807
125678937
125678945
125678955
125678968
125679378
125679388
125679390
125679392
125679393
125679394
125679395
125679396
125679397
125679398
125679399
125679400
125679401
125679402
125679406
125679407
125679409
125679410
125679414
125679840
125679960
125679966
125679989
125679991
125680016
125680017
125680021
125680022
125680049
125680054
125680063
125680069
125680521
125680530
125680531
125680539
125680560
125681048
125681051
125681053
125681055
125681056
125681058
125681060
125681061
125681062
125681063
125681064
125681065
125681066
125681067
125681068
125681069
125681070
125681072
125681115
125681423
125681466
125681646
125681667
125681675
125681687
125681737
125681853
125681863
125681942
125681952
125681964
125681976
125681989
125682003
125682013
125682024
125682036
125682043
125682053
125682069
125682080
125682089
125682095
125682105
125865598
125865610
125865615
125865628
125865637
125866004
125866005
125866011
125866017
125866022
125866053
125866060
125866068
125866078
125866519
125866522
125866523
125866526
125866529
125866537
125866538
125866540
125866542
125866543
125866544
125866545
125866549
125866550
125866552
125866650
125867145
125867149
125867152
125867153
125867156
125867165
125867168
125867169
125867172
125867173
125867179
125867181
125867182
125867183
125867185
125867187
125867188
125867190
125867284
125867291
125867299
125867310
125867324
125867754
125867757
125867899
125867928
125867937
125867945
125867955
125867961
125867971
125867982
125868494
125868495
125868560
125868562
125868564
125868565
125868567
125868586
125868590
125868594
125868602
125868611
125868615
125868622
125868632
125868641
125868647
125869107
125869108
125869109
125869111
125869112
125869114
125869116
125869144
125869619
125869622
125869626
125869634
125869704
125869705
125869709
125869710
125869712
125869713
125869716
125869717
125869719
125869721
125869723
125869724
125869725
125869726
125869727
125869728
125869729
125869731
125869745
125869749
125869771
125870218
125870219
125870220
125870295
125870296
125870297
125870298
125870300
125870301
125870302
125870303
125870304
125870305
125870776
125870778
125870780
125870782
125870884
125870885
125870886
125870887
125870889
125870895
125870896
125870897
125870898
125870899
125870900
125871702
125871712
125871722
125871736
125871744
125871755
125871761
125871778
125871787
125871793
125871804
125871813
125871825
125871829
125871837
125871885
125871895
125871904
125872154
125872156
125872157
125872158
125872160
125872161
125872162
125872163
125872164
125872165
125872167
125872168
125872169
125872170
125872171
125872172
125872173
125872175
125872422
125872488
125872500
125872509
125872522
125872712
125872715
125872825
125872832
125872839
125872846
125872853
125872861
125872869
125872879
125872892
125872899
125872911
125872924
125872989
125873000
125873008
125873020
125873035
125873050
125873361
125873362
125873364
125873365
125873367
125873368
125873369
125873891
125873895
125873897
125873899
125873901
125873904
125873906
125873909
125873910
125873912
125873913
125873915
125873916
125873918
125873919
125873920
125873921
125873922
126193532
126193541
126193564
126193570
126194135
126194139
126194143
126194144
126194145
126194146
126194147
126194148
126194151
126194153
126194155
126194157
126194351
126194365
126194367
126194371
126194660
126194662
126194664
126194667
126194671
126194674
126195092
126195094
126195096
126195098
126195100
126195102
126195110
126195111
126195112
126195113
126195117
126195120
126195122
126195124
126195219
126195226
126195234
126195245
126195250
126195257
126195265
126195279
126195292
126195302
126195310
126195799
126195802
126195804
126195805
126195806
126195807
126195808
126195809
126195810
126195812
126195820
126195821
126196074
126196082
126196087
126196114
126196478
126196480
126196485
126196490
126196492
126196497
126196500
126196504
126196514
126196776
126196781
126196788
126196798
126196808
126196816
126196824
126196831
126196841
126197162
126197164
126197171
126197172
126197176
126197177
126197495
126197502
126197509
126197514
126197519
126197523
126197530
126197538
126197540
126198003
126198030
126198032
126198036
126198041
126198043
126198045
126198051
126198058
126198065
126198072
126198081
126198342
126198360
126198365
126198369
126198385
126198667
126198678
126198758
126198763
126198770
126198782
126199017
126199019
126199021
126199024
126199032
126199034
126199035
126199066
126199068
126199074
126199208
126199273
126199290
126199303
126199311
126199324
126199335
126199352
126199362
126199369
126199416
126199423
126199431
126199435
126199443
126199448
126199469
126199472
126199736
126199737
126199740
126199741
126199756
126199760
126199765
126199800
126199843
126199851
126199856
126199860
126199861
126199882
126199884
126199899
126199907
126199914
126200280
126200292
126200295
126200299
126200301
126200305
126200306
126200865
126200879
126200880
126200881
126200883
126200884
126200885
126200886
126200889
126200890
126200891
126200894
126200895
126200896
126200897
126200898
126200900
126200901
126200943
126200944
126200966
126201002
126201012
126201019
126201067
126201440
126201443
126201444
126201445
126201446
126201447
126201448
126201449
126201450
126201451
126201452
126201453
126201454
126201455
126201456
126201457
126201458
126201459
126201937
126201941
126201944
126201947
126201951
126201953
126201958
126202090
126202091
126202095
126202117
126202126
126202165
126202170
126202177
126202186
126202196
126202205
126202214
126202220
126202226
126202231
126203534
126203535
126203536
126203537
126203538
126203539
126203540
126203541
126203542
126203543
126203544
126203545
126203546
126203547
126203548
126203809
126203810
126203811
126203812
126203813
126203814
126203815
126203816
126203817
126203818
126203819
126203820
126203821
126203822
126203823
126476606
126476631
126520692
126520693
126520694
126520695
126520697
126520698
126520701
126520703
126520704
126520705
126520734
126520735
126520736
126520737
126520738
126520739
126520740
126520741
126520742
126520743
126522817
126522821
126522876
126522877
126526492
126526497
126527441
126527457
126535709
126535739
126546376
126546380
126585607
126588813
126588815
126588816
126588817
126588821
126588824
126588829
126588835
126588842
126588846
126588851
126588858
126588868
126588876
126588885
126588896
126588905
126588912
126588924
126589413
126589414
126589902
126589907
126589910
126589912
126589916
126589921
126589924
126589929
126589931
126589932
126589933
126589935
126589936
126589937
126589938
126589940
126589942
126590340
126590371
126590377
126590384
126590394
126590399
126590408
126590411
126590625
126590630
126590631
126590635
126590636
126590637
126590645
126590646
126590647
126590648
126590649
126590650
126590651
126590652
126590654
126590655
126590656
126591242
126591244
126591245
126591246
126591247
126591732
126591749
126591752
126591753
126591755
126591756
126591757
126591758
126591759
126591763
126591767
126591768
126591770
126591773
126591775
126591776
126591777
126591941
126591958
126591966
126591980
126591989
126592004
126592012
126592030
126592343
126592345
126592347
126592349
126592352
126592355
126592359
126592393
126592394
126592788
126592839
126592846
126592856
126592860
126592863
126593006
126593020
126593055
126593060
126593071
126593141
126593151
126593166
126593241
126593576
126593578
126593581
126593582
126593584
126593585
126593586
126593587
126593589
126593649
126593654
126593660
126593665
126593670
126594039
126594044
126594050
126594059
126594099
126594105
126594110
126594118
126594123
126594128
126594152
126594335
126594341
126594342
126594344
126594347
126594351
126594354
126594355
126594358
126594724
126594734
126594747
126594795
126594800
126594921
126594926
126594927
126594931
126594932
126594935
126594936
126594937
126594938
126594941
126594942
126595364
126595370
126595399
126595407
126595412
126595418
126595447
126595454
126595459
126595506
126595507
126595598
126595607
126595614
126595621
126595631
126595643
126595650
126595716
126595731
126596211
126596212
126596213
126596216
126596218
126596219
126596220
126596221
126596222
126596223
126596224
126596226
126596227
126596229
126596230
126596232
126596233
126596235
126596236
126596746
126596749
126596754
126596758
126596762
126596788
126596792
126596794
126596795
126596799
126596802
126596803
126596807
126596808
126596811
126596812
126596815
126596816
126596817
126597254
126597265
126597275
126597277
126597293
126597432
126597433
126597436
126597459
126597460
126597461
126597462
126597464
126597466
126597467
126597468
126597469
126597471
126597472
126597473
126597475
126597476
126597477
126597478
126598261
126598262
126598263
126598264
126598266
126598267
126598268
126598270
126598271
126598272
126598273
126598274
126598275
126598277
126598278
126598280
126598281
126598282
126598283
126598834
126598835
126598836
126598839
126598840
126598841
126599383
126599384
126599385
126599386
126599387
126599388
126599390
126599394
126599395
126599396
126599398
126599399
126599400
126599401
126599402
126599403
126599405
126599406
126599407
126786123
126786198
126786611
126786613
126786615
126786617
126786621
126786626
126786628
126786631
126786633
126787157
126787163
126787167
126787170
126787173
126787181
126787969
126787974
126787979
126787982
126787984
126787986
126788005
126788009
126788012
126788015
126788016
126788020
126788022
126788024
126788026
126788039
126788040
126788042
126788045
126788743
126788750
126788757
126788763
126788768
126788778
126788826
126788835
126788846
126788859
126788875
126788887
126789255
126789257
126789259
126789261
126789264
126789266
126789267
126789268
126789269
126789270
126789271
126789272
126789274
126789822
126789826
126789832
126789837
126790037
126790044
126790055
126790126
126790136
126790149
126790159
126790172
126790184
126790201
126790215
126791125
126791137
126791139
126791141
126791143
126791146
126791148
126791151
126791155
126791157
126791159
126791162
126791164
126791846
126791850
126791854
126791867
126791872
126791881
126791885
126791888
126791892
126791894
126791905
126791915
126791918
126791920
126791923
126791929
126791931
126791932
126791934
126792463
126792469
126792472
126792479
126792484
126792491
126792592
126792594
126792597
126792603
126792605
126792606
126793011
126793023
126793073
126793081
126793193
126793200
126793201
126793203
126793206
126793209
126793212
126793214
126793216
126793231
126793232
126793233
126793317
126793326
126793335
126793343
126793352
126793366
126793898
126793900
126794434
126794436
126794437
126794438
126794483
126794485
126794488
126794489
126794492
126794493
126794494
126794495
126794496
126794502
126794504
126795041
126795043
126795045
126795675
126795678
126795683
126795684
126795686
126795687
126795690
126795692
126903227
126910877
126910879
126910882
126910887
126910890
126910892
126910894
126910896
126910898
126910899
126910900
126910902
126910903
126910905
126910907
126910909
126910911
126910913
126910915
126912214
126912216
126912217
126912220
126912768
126912770
126912771
126912773
126912774
126912965
126912976
126912990
126912999
126913350
126913352
126913358
126913955
126913957
126913960
126913962
126913964
126913966
126913968
126913970
126913972
126913973
126913975
126913976
126913977
126913978
126913979
126913981
126913983
126913984
126913985
126914420
126914432
126914445
126914450
126914454
126914468
126914662
126914664
126914666
126914669
126914671
126914673
126915341
126915344
126915346
126915348
126915350
126915352
126915354
126915356
126915358
126915360
126915362
126915364
126915366
126915368
126915370
126915372
126915373
126915374
126915375
126916001
126916006
126916008
126916009
126916010
126916023
126916024
126916025
126916029
126916033
126916035
126916038
126916040
126916042
126916044
126916046
126916055
126916059
126916063
126916583
126916599
126916607
126916615
126916660
126916666
126916672
126916676
126916681
126916685
126916687
126916689
126916693
126916695
126916699
126916700
126916703
126916705
126916713
126917390
126917392
126917394
126917396
126917397
126917398
126917401
126917402
126917403
126917404
126917406
126917408
126917410
126917412
126917415
126917417
126917419
126917420
126917421
126918192
126918590
126918600
126918609
126918616
126918629
126918642
126918645
126918654
126918662
126918672
126918676
126918686
126919234
126919245
126919255
126919258
126920034
126920036
126920050
