18.333
18.251
18.445
17.908
20.352
21.507
23.727
22.611
25.759
18.194
18.944
17.196
17.874
18.628
17.367
19.199
20.285
20.717
18.751
17.496
17.447
17.345
18.242
17.534
16.828
22.445
5.117
9.945
36.898
10.046
17.804
17.056
21.680
21.535
17.894
17.607
17.462
19.527
18.568
19.525
16.332
16.783
17.020
17.417
18.357
17.883
20.607
20.829
18.557
18.254
17.350
17.456
17.015
16.781
16.564
17.483
20.087
18.381
19.686
18.681
19.317
20.533
14.975
14.370
18.821
19.412
18.020
18.548
17.922
18.640
18.745
19.243
20.685
22.139
48.918
22.345
21.265
21.266
24.010
48.805
123.945
18.166
18.380
4.911
20.483
17.225
17.612
17.183
18.907
18.922
20.016
19.853
51.238
26.534
26.481
19.207
19.107
18.332
19.106
18.807
17.800
19.410
18.551
26.517
26.066
19.697
19.897
19.350
18.776
17.906
17.810
17.889
24.734
24.305
24.515
18.031
19.859
20.379
19.656
17.727
17.495
16.167
55.357
17.457
15.944
19.513
20.515
19.201
18.632
20.353
21.094
17.315
18.527
17.516
17.296
17.199
17.326
42.156
21.983
20.573
20.807
19.345
19.720
18.658
19.568
17.281
16.952
17.650
17.986
22.258
22.371
3.018
18.952
19.302
20.626
20.393
16.936
17.715
16.859
17.233
17.337
16.766
19.771
19.615
19.028
19.983
21.232
19.561
18.251
18.538
19.123
19.272
17.480
18.116
18.489
19.332
20.227
24.603
21.418
8.684
17.094
17.495
16.903
17.370
17.576
17.482
18.145
19.003
3.417
21.342
20.440
21.371
21.724
20.618
21.332
19.813
20.566
