27.058
27.779
30.906
31.241
30.198
29.104
29.182
29.205
27.543
26.997
27.482
27.190
25.857
26.282
28.504
27.079
28.929
30.609
29.045
28.641
28.335
29.560
27.473
27.356
29.406
30.260
29.267
28.552
30.376
29.385
31.218
30.582
29.114
29.713
29.265
27.567
27.897
28.734
27.894
27.538
31.618
34.029
29.061
30.250
28.711
29.852
26.488
27.418
25.531
27.894
29.241
28.985
28.650
28.571
28.770
28.499
29.498
29.560
27.596
28.918
27.964
28.010
29.373
28.760
29.074
29.638
27.979
27.948
29.215
28.667
28.634
27.809
28.906
29.246
33.191
34.336
34.260
31.011
30.180
29.838
27.454
28.602
28.144
27.994
28.367
27.236
27.656
29.325
28.866
28.268
21.274
21.013
19.971
20.982
19.730
19.430
19.757
19.017
24.195
24.046
21.568
21.511
21.616
21.067
20.889
20.814
20.173
20.941
19.464
19.232
24.201
23.753
22.108
21.940
20.416
21.959
19.444
19.781
19.009
18.800
19.827
19.515
21.228
21.130
20.016
20.618
16.073
16.412
15.954
15.879
16.450
15.901
16.791
16.374
16.795
16.894
17.572
20.716
19.029
16.066
17.260
15.365
16.608
19.663
19.128
18.968
20.044
19.436
19.378
19.515
19.740
16.733
18.392
16.963
18.859
