14.344
13.501
13.941
13.272
14.635
15.419
16.544
12.835
12.535
12.873
13.448
12.300
12.263
13.632
14.741
13.930
15.344
14.396
12.945
12.683
14.754
12.946
11.974
18.215
7.949
8.187
41.582
10.453
12.558
13.583
18.651
16.109
14.028
13.712
13.932
14.608
13.365
13.005
12.427
12.198
12.209
12.053
13.296
13.313
14.223
15.559
15.873
14.726
13.747
13.368
12.841
12.914
13.376
12.661
14.290
14.118
14.156
14.331
13.404
13.225
30.800
17.183
13.189
13.529
13.250
14.007
13.135
12.273
13.667
13.706
14.267
16.456
15.067
13.996
12.835
14.287
3.905
12.635
12.404
13.480
12.167
13.955
13.837
13.769
14.128
13.098
13.585
12.678
12.885
14.154
14.317
13.255
13.612
14.602
12.898
12.901
13.968
13.511
13.027
14.025
12.832
12.935
14.407
14.513
17.660
18.439
20.493
16.029
14.096
14.514
13.689
12.622
13.438
13.055
13.664
14.523
14.087
15.238
13.663
14.135
15.652
15.143
13.058
14.342
13.170
12.976
13.440
12.195
63.256
14.505
14.323
13.914
14.029
14.211
14.103
14.036
13.920
13.409
13.773
13.251
13.603
14.651
14.370
13.533
13.562
14.047
13.871
12.336
13.575
7.777
17.544
3.585
12.017
12.247
13.267
12.147
13.842
13.132
14.119
13.045
15.537
13.457
28.892
12.997
13.407
13.016
13.431
13.152
13.303
15.384
14.642
15.042
14.863
8.184
13.373
13.336
12.785
12.765
13.174
13.170
13.521
13.557
15.138
14.582
14.282
15.431
13.672
14.103
22.651
14.635
15.552
