71.001
68.839
69.567
70.590
77.221
75.723
80.789
79.234
72.974
72.240
67.973
69.879
69.948
71.445
70.795
72.098
80.559
80.614
75.165
75.471
57.683
67.308
68.842
71.029
47.341
89.176
9.105
37.385
42.881
67.370
65.392
72.551
70.755
70.744
68.335
74.857
72.571
64.939
65.562
67.381
64.674
69.424
73.216
67.522
66.788
68.656
67.055
72.919
73.053
65.688
66.172
68.446
68.087
66.533
70.971
68.277
66.815
69.839
69.267
74.097
72.568
50.365
45.428
69.994
71.249
65.186
65.149
63.985
64.077
74.030
75.675
66.279
70.624
67.179
70.158
65.158
67.799
176.291
67.578
67.544
66.201
62.629
64.624
65.955
68.935
67.976
70.600
71.296
68.250
65.689
67.910
68.595
70.467
69.783
67.552
68.555
66.254
71.646
69.955
75.286
68.967
67.114
68.723
67.644
71.030
69.910
83.541
80.480
77.384
73.378
71.307
72.748
68.245
66.867
66.973
66.341
68.443
69.496
65.002
65.610
69.292
72.105
70.162
68.138
69.305
69.737
66.685
67.334
73.228
75.686
72.127
71.075
73.459
74.608
76.675
78.985
70.980
72.145
70.460
70.649
71.890
71.708
79.126
76.124
83.562
82.212
80.674
81.943
69.562
70.445
66.094
68.472
68.217
71.076
76.563
59.400
65.959
70.269
77.548
69.511
69.015
69.968
68.261
67.588
70.564
71.453
76.287
77.013
80.718
77.627
83.076
86.580
5.848
74.059
74.996
75.741
75.435
71.746
69.958
70.274
70.712
81.922
74.685
77.717
84.547
70.091
70.747
67.798
68.036
