90547432
90550208
90552766
90554617
90555000
90557613
90560442
90562302
90565037
90565361
90566917
90569795
90573340
90573475
90576982
90577082
90578749
90579068
90579289
90581947
90582031
90584536
90584663
90587773
90590622
90590737
90593198
90593419
90595450
90596610
90596732
90599962
90601076
90602210
90603022
90605468
90605700
90608041
90609335
90612743
90613117
90615862
90618797
90620860
90623495
90623620
90626172
90626271
90629459
90631978
90634739
90637800
90637968
90638008
90641576
90643801
90646503
90649133
90649397
90651418
90655637
90658412
90658617
90661041
90661172
90663951
90666558
90667988
90668876
90670072
90670166
90671563
90671663
90674339
90674435
90675844
90676881
90678142
90680572
90680667
90681427
90684044
90684414
90687908
90690544
90690794
90692745
90694651
90695538
90697168
90698207
90700010
90700207
90700366
90704585
90704667
90979866
90979998
90980140
90980218
90980237
90980259
90980263
90980265
90980267
90980269
90980284
90980430
90980443
90980784
90980824
90981055
90981059
90981198
90981334
90981462
90988719
90988720
90988739
90988754
90988755
90988773
90988864
90989172
90989453
90989617
90989619
90989659
90989680
90989812
90989944
90990079
90990100
90990271
90990402
90990404
90997172
90997194
90997425
90997442
90997763
90997976
90997980
90998186
90998208
90998288
90998485
90998489
90998507
90998510
90998702
90998704
90998706
90998708
90998876
90999157
91006039
91006049
91006180
91006368
91006444
91006509
91006689
91006765
91006786
91006787
91006870
91007194
91007417
91007553
91007688
91007821
91007954
91007968
91008118
91008242
91014673
91014674
91014694
91014695
91014716
91014719
91014722
91014821
91015145
91015416
91015579
91015713
91015892
91015962
91015965
91015967
91016041
91016174
91016193
91016462
91024174
91024230
91024245
91024292
91024631
91024951
91024955
91025110
91025243
91025245
91025374
91025377
91025445
91025462
91025478
91025497
91025752
91026069
91026253
91026386
91035045
91035216
91035380
91035572
91035734
91035742
91035750
91036063
91036395
91036422
91036709
91036930
91036935
91037120
91037290
91037498
91037500
91037628
91037751
91037971
91120570
91120861
91120950
91121323
91121338
91121342
91121359
91121369
91121386
91121402
91121786
91121803
91121820
91121836
91177239
91177257
91177264
91177265
91177272
91177281
91177295
91177379
91177590
91177701
91177704
91177716
91177726
91177734
91177744
91177801
91177857
91177888
91178070
91178081
91180906
91180912
91180920
91180946
91181131
91181280
91181311
91181317
91181351
91181387
91181393
91181401
91181409
91181532
91181718
91181785
91181788
91181795
91181804
91181809
91184598
91184610
91184670
91184777
91184783
91184788
91184793
91184795
91184802
91184804
91184811
91184886
91185088
91185198
91185200
91185212
91185221
91185223
91185224
91185226
91187528
91187534
91187535
91187540
91187545
91187553
91187713
91187880
91187922
91187926
91187932
91187934
91187939
91187945
91187946
91187953
91187956
91188045
91188244
91188338
91190849
91190855
91190947
91191148
91191237
91191247
91191251
91191261
91191315
91191371
91191378
91191407
91191592
91191738
91191741
91191768
91191775
91191779
91191810
91191811
91194197
91194201
91194205
91194211
91194289
91194508
91194611
91194615
91194628
91194629
91194632
91194633
91194639
91194643
91194646
91194653
91194657
91194715
91194726
91194929
91197222
91197244
91197445
91197459
91197620
91197653
91197665
91197676
91197687
91197699
91197709
91197710
91197728
91197878
91198078
91198153
91198164
91198165
91198273
91198281
91201023
91201029
91201036
91201044
91201054
91201082
91201259
91201417
91201456
91201469
91201479
91201489
91201490
91201500
91201510
91201519
91201662
91201857
91201928
91201940
91204162
91204168
91204171
91204178
91204183
91204329
91204504
91204552
91204558
91204564
91204569
91204576
91204580
91204583
91204652
91204661
91204865
91204956
91204973
91204975
91207116
91207124
91207131
91207142
91207143
91207245
91207444
91207519
91207529
91207530
91207540
91207546
91207547
91207559
91207565
91207579
91207629
91207641
91207843
91207969
91210106
91210110
91210114
91210119
91210122
91210128
91210130
91210230
91210429
91210503
91210513
91210518
91210523
91210526
91210530
91210531
91210534
91210575
91210771
91213289
91213450
91213487
91213494
91213502
91213503
91213509
91213516
91213525
91213531
91213657
91213842
91213910
91213920
91213935
91213950
91213954
91213974
91213988
91214040
91220298
91220484
91525823
91561586
91561640
91561642
91561800
91562005
91562163
91562167
91562218
91562328
91562337
91562344
91562438
91562776
91562791
91563072
91563168
91563176
91563194
91563207
91563217
91565694
91565792
91565801
91565806
91565809
91565811
91565821
91565831
91565839
91565841
91565842
91565843
91565844
91565890
91566079
91566189
91566203
91566209
91566216
91566217
91568234
91568239
91568244
91568250
91568328
91568514
91568610
91568617
91568622
91568623
91568626
91568637
91568639
91568647
91568656
91568688
91568859
91568873
91569007
91569011
91571080
91571101
91571109
91571110
91571112
91571121
91571124
91571130
91571139
91571145
91571152
91571265
91571429
91571495
91571497
91571626
91571628
91571789
91571813
91571998
91574995
91574999
91575004
91575014
91575019
91575023
91575027
91575034
91575039
91575040
91575044
91575173
91575343
91575387
91575394
91575401
91575408
91575413
91575414
91575415
91577442
91577444
91577446
91577453
91577454
91577466
91577467
91577474
91577480
91577490
91577589
91577761
91577774
91577786
91577795
91577838
91577846
91577847
91577853
91577860
91580127
91580300
91580342
91580345
91580355
91580371
91580381
91580388
91580390
91580393
91580399
91580400
91580412
91580525
91580699
91580761
91580771
91580780
91580790
91580800
91585928
91585933
91586064
91586230
91586272
91586276
91586279
91586283
91586290
91586295
91586305
91586310
91586381
91586565
91586662
91586670
91586679
91586680
91586686
91586691
91588768
91588947
91589030
91589036
91589037
91589042
91589050
91589058
91589063
91589067
91589070
91589113
91589294
91589420
91589424
91589463
91589464
91589476
91589477
91589478
91591436
91591440
91591523
91591698
91591709
91591779
91591781
91591785
91591789
91591790
91591794
91591795
91591798
91591805
91591811
91591868
91592081
91592179
91592190
91592194
91597279
91597314
91597321
91597325
91597330
91597333
91597545
91597918
91598154
91598300
91598470
91598579
91598584
91598589
91598595
91598643
91598923
91599062
91599083
91599088
91603355
91603360
91603364
91603367
91603374
91603428
91603438
91603621
91603712
91603727
91603732
91603733
91603734
91603739
91603744
91603748
91603755
91603777
91603944
91604095
91712494
91712495
91712506
91712513
91712518
91712524
91712533
91712535
91712537
91712544
91712714
91712992
91713173
91713185
91713194
91713203
91713212
91713337
91713458
91713499
91717368
91717376
91717521
91717532
91717691
91717717
91717718
91717719
91717722
91717723
91717727
91717728
91717731
91717734
91717740
91717747
91717871
91718041
91718092
91718094
91720103
91720109
91720115
91720123
91720273
91720438
91720473
91720482
91720483
91720487
91720493
91720504
91720512
91720518
91720519
91720619
91720799
91720893
91720901
91720903
91723473
91723490
91723502
91723507
91723512
91723522
91723546
91723548
91723571
91723753
91723957
91724006
91724034
91724037
91724045
91724047
91724054
91724060
91724067
91724074
91726775
91726783
91726798
91726856
91726869
91726878
91726970
91726984
91726999
91727174
91727182
91727192
91727241
91727248
91727256
91727262
91727269
91727273
91727280
91727345
91729727
91729731
91729736
91729741
91729745
91729746
91729808
91729988
91730089
91730100
91730101
91730107
91730115
91730121
91730129
91730130
91730131
91730142
91730144
91730178
91732526
91732529
91732533
91732538
91732539
91732540
91732542
91732545
91732550
91732551
91732661
91732832
91732891
91732895
91732899
91732900
91732904
91732911
91732912
91732921
91734801
91734802
91734810
91734812
91734815
91734819
91734820
91734827
91734831
91735003
91735022
91735032
91735328
91735475
91735537
91735538
91735603
91735729
91735796
91735915
91742486
91742615
91742740
91742741
91742770
91742862
91742866
91743042
91743044
91743108
91743161
91743493
91743745
91743880
91743881
91743946
91744062
91744063
91744067
91744070
91750000
91750007
91750134
91750373
91750581
91750583
91750717
91750891
91750953
91750954
91751019
91751141
91751149
91751202
91751522
91751533
91751726
91751803
91751981
91752102
91755455
91755637
91755793
91755820
91755843
91755849
91755857
91755864
91755869
91755877
91756004
91756178
91756272
91756290
91756291
91756298
91756299
91756306
91756315
91756321
91758386
91758396
91758403
91758413
91758420
91758430
91758471
91758480
91758668
91758678
91758787
91758795
91758803
91758816
91758818
91758828
91758830
91758838
91758839
91758846
91760802
91760803
91760810
91760947
91761115
91761123
91761154
91761157
91761161
91761165
91761170
91761173
91761178
91761246
91761261
91761462
91761547
91761556
91761562
91761568
91766126
91766363
91766667
91766788
91766923
91766926
91766927
91766932
91766999
91767116
91767117
91767179
91767291
91767582
91767747
91767756
91767818
91767932
91767996
91767998
91774333
91774334
91774339
91774452
91985886
91985887
91985889
91985892
91986019
91986314
91986545
91986707
91986829
91986947
91987063
91987072
91987080
91987090
91987366
91987653
91987860
91987979
91988100
91993646
91993794
91993915
91994036
91994152
91994271
91994272
91994273
91994340
91994346
91994510
91994799
91994809
91994982
91995108
91995228
91995353
91995362
91995367
91995374
92001808
92002100
92002256
92002309
92002431
92002432
92002557
92002623
92002629
92002705
92002744
92002900
92003282
92003292
92003299
92003477
92003605
92003732
92003796
92003813
92009608
92009672
92009867
92009888
92010105
92010168
92010233
92010358
92010359
92010528
92010544
92010545
92010637
92010667
92010761
92010938
92011014
92011078
92011079
92011080
92016204
92016205
92016211
92016212
92016213
92016214
92016221
92016288
92016333
92016356
92016473
92016829
92016838
92016845
92017049
92017175
92017388
92017508
92017511
92017512
92023569
92023575
92023580
92023814
92024096
92024270
92024337
92024452
92024581
92024582
92024795
92024916
92025040
92025207
92025510
92025768
92025852
92025970
92025981
92025984
92032453
92032751
92032949
92033013
92033181
92033192
92033258
92033262
92033267
92033269
92033274
92033277
92033278
92033279
92033407
92033699
92033910
92033911
92034028
92034093
92038648
92038739
92038924
92038935
92038945
92039011
92039013
92039023
92039031
92039039
92039040
92039050
92039059
92039067
92039141
92039318
92039329
92039415
92039416
92039421
92041506
92041613
92041632
92041634
92041642
92041645
92041652
92041654
92041655
92041656
92041662
92041669
92041675
92041729
92042003
92042119
92042132
92042133
92044394
92044404
92044405
92044407
92044415
92044428
92044528
92044704
92044779
92044867
92044898
92044906
92044916
92044933
92044934
92044950
92044951
92044999
92045010
92045198
92047197
92047200
92047204
92047256
92047442
92047448
92047547
92047554
92047716
92047844
92048013
92048025
92048183
92048184
92048299
92048434
92048496
92048781
92048790
92048806
92054400
92054408
92054415
92054662
92054949
92055113
92055327
92055336
92055352
92055499
92055526
92055643
92055647
92055655
92055660
92055662
92055663
92055669
92055671
92055924
92061927
92061969
92062283
92062297
92062560
92062696
92062814
92062867
92062879
92063003
92063062
92063163
92063164
92063166
92063167
92063181
92063467
92063732
92063740
92063931
92069212
92069224
92069519
92069789
92069926
92070106
92070230
92070387
92070391
92070437
92076635
92076921
92076934
92077182
92077308
92077442
92077599
92077716
92077719
92077722
92077728
92077964
92078248
92078413
92078531
92078652
92078664
92078869
92078884
92078888
92221160
92221164
92221178
92221183
92221469
92221793
92221957
92221960
92222083
92222209
92222370
92222495
92222614
92222618
92222738
92223043
92223284
92223437
92223495
92223613
92238334
92238407
92238522
92238648
92238653
92238768
92238776
92238921
92239265
92239466
92239468
92239592
92239772
92239831
92239832
92239955
92240075
92240139
92240232
92240247
92246373
92246661
92246762
92246817
92246935
92246937
92247070
92247194
92247195
92247380
92247392
92247404
92247628
92247644
92247931
92248125
92248287
92248416
92248417
92248418
92254827
92254839
92254853
92254858
92255127
92255142
92255422
92255558
92255722
92255960
92256089
92256151
92256159
92256168
92256406
92256777
92256982
92257052
92257238
92257366
92263935
92263983
92263990
92264096
92264270
92264342
92264344
92264350
92264353
92264362
92264363
92264373
92264381
92264383
92264387
92264449
92264632
92264734
92264743
92264829
92267296
92267301
92267303
92267311
92267317
92267406
92267594
92267684
92267700
92267706
92267714
92267723
92267832
92267836
92267862
92268056
92268200
92268223
92268231
92268237
92270689
92270846
92270867
92270869
92270877
92270878
92270888
92270889
92270892
92270897
92270909
92270913
92271044
92271213
92271259
92271260
92271261
92271262
92271269
92271278
92274160
92274281
92274402
92274403
92274578
92274861
92275124
92275313
92275431
92275432
92275433
92275552
92275617
92275618
92275619
92275624
92275627
92275749
92275759
92275937
92279744
92280244
92280248
92280253
92280401
92280771
92280967
92280968
92281090
92281218
92281335
92281337
92281455
92281462
92281466
92281505
92281531
92281584
92281892
92288486
92288604
92288606
92288609
92288736
92288737
92288745
92288752
92288764
92288825
92289121
92289404
92289471
92289588
92289710
92289769
92289891
92290014
92290135
92290200
92292927
92293146
92293229
92293399
92293463
92299898
92299903
92300191
92300453
92300589
92300713
92300865
92301016
92301141
92301268
92301392
92301622
92301918
92302042
92302212
92302345
92302358
92302369
92302370
92302377
92304712
92304716
92304722
92304727
92304789
92304971
92305069
92305081
92307532
92307737
92307865
92307990
92308050
92308119
92308127
92308138
92308139
92308146
92308282
92308451
92308501
92308503
92308516
92308518
92308531
92308547
92308566
92308568
92309604
92309633
92309646
92309660
92309681
92309695
92309707
92311561
92311563
92311565
92311567
92311586
92311606
92311625
92311644
92311672
92311839
92312002
92312035
92312036
92312051
92312067
92312083
92312099
92312115
92312116
92312187
92315146
92315149
92315170
92315188
92315206
92315224
92315241
92315382
92315392
92315577
92315636
92315639
92315655
92315657
92315674
92315685
92315707
92315732
92315734
92315751
92414834
92415015
92415016
92415143
92415268
92415390
92415516
92415686
92415965
92415981
92416308
92416509
92416642
92416820
92416942
92417054
92417112
92417113
92417128
92417488
92422847
92422851
92422859
92422860
92422861
92422869
92422877
92423006
92423211
92423215
92423405
92423410
92423412
92423418
92423546
92423550
92423672
92423788
92423906
92424078
92428512
92428514
92428632
92428633
92428634
92428638
92428760
92428879
92428880
92429100
92429101
92429217
92429396
92429519
92429642
92429760
92429761
92429887
92430010
92430016
92434838
92434964
92434965
92435029
92435035
92435043
92435162
92435163
92435286
92435348
92435354
92435471
92435476
92435601
92435778
92435897
92436115
92436292
92436420
92436427
92441439
92441625
92441692
92441700
92441827
92441948
92442072
92442073
92442192
92442369
92442494
92442505
92442515
92442517
92442530
92442650
92442720
92442844
92442965
92443086
92446756
92446757
92446762
92446823
92446946
92447112
92447241
92447359
92447477
92447537
92447538
92447549
92447552
92447615
92447738
92447867
92447918
92448040
92448154
92448220
92452414
92452420
92452540
92452542
92452607
92452715
92452728
92452791
92452858
92453034
92453151
92453158
92453167
92453175
92453329
92453500
92453621
92453744
92453805
92453810
92457427
92457541
92457596
92457599
92457658
92457809
92457920
92458046
92458162
92458330
92458335
92458339
92458346
92458409
92458411
92458529
92458656
92458657
92458769
92458770
92462049
92462055
92462061
92462066
92462067
92462073
92462074
92462076
92462081
92462087
92462094
92462100
92462210
92462214
92462216
92462221
92462228
92462229
92462232
92462233
92465045
92465163
92465175
92465231
92465390
92465456
92465457
92465580
92465757
92465876
92465877
92465940
92465943
92465986
92466015
92466080
92466200
92466318
92466437
92466552
92468270
92468276
92468283
92468284
92468289
92468291
92468293
92468302
92468307
92468312
92468320
92468329
92468334
92468447
92468455
92468461
92468468
92468469
92468471
92468479
92469222
92469230
92469241
92469255
92469268
92469278
92469286
92469296
92469306
92469315
92469322
92469331
92469341
92469354
92469370
92469379
92469386
92469393
92469402
92469410
92469762
92469765
92469770
92469771
92469777
92469781
92469784
92469787
92469793
92469805
92469840
92469847
92469852
92469854
92469859
92469864
92469868
92469934
92470106
92474978
92474993
92475162
92475230
92475365
92475494
92475553
92475571
92475648
92475840
92475977
92475978
92476114
92476236
92476239
92476402
92480183
92480338
92480473
92480602
92480732
92480858
92480993
92481120
92481135
92481152
92481335
92481425
92482969
92483051
92483128
92483853
92483870
92483889
92483891
92483909
92483912
92483932
92484124
92484205
92484208
92484345
92484500
92484685
92484820
92484960
92485034
92485052
92485077
92485095
92486105
92486107
92486129
92486148
92486166
92486185
92486207
92486225
92486245
92486260
92486278
92486295
92625143
92625145
92625149
92625852
92625860
92625863
92625867
92625871
92625957
92626241
92626438
92626519
92626528
92626536
92626544
92626561
92626562
92626575
92626576
92626578
92626617
92626884
92627112
92630786
92630794
92630795
92630799
92630800
92630801
92630803
92630806
92630810
92630899
92631191
92631212
92631386
92631445
92631457
92631517
92631568
92631573
92631580
92631606
92635847
92635854
92635856
92635862
92635863
92635884
92635944
92636221
92636451
92636653
92636665
92636684
92636690
92636696
92636706
92636707
92636725
92636916
92637196
92637342
92640463
92640607
92640892
92641058
92641107
92641108
92641115
92641117
92641122
92641129
92641130
92641185
92641244
92641326
92641614
92641810
92641814
92641827
92641891
92641898
92645946
92646233
92646409
92646492
92646494
92646505
92646514
92646526
92646531
92646541
92646591
92646602
92646894
92646910
92647106
92647119
92647213
92647227
92647229
92647235
92651096
92651106
92651111
92651119
92651277
92651290
92651578
92651723
92651783
92651787
92651788
92651792
92651798
92651801
92651806
92651914
92652201
92652219
92652408
92652488
92655909
92656008
92656057
92656067
92656068
92656079
92656080
92656087
92656096
92656121
92656126
92656135
92656391
92656563
92656717
92656782
92656783
92656787
92656789
92656794
92660300
92660614
92660635
92660836
92660926
92660936
92660941
92660946
92660953
92660955
92660961
92660982
92660990
92660999
92661250
92661506
92661618
92661637
92661639
92661640
92664480
92664490
92664774
92664798
92665009
92665119
92665126
92665140
92665148
92665155
92665160
92665162
92665325
92665344
92665614
92665629
92665766
92665805
92665813
92665819
92668240
92668297
92668452
92668493
92668495
92668497
92668505
92671940
92671957
92671966
92671972
92671976
92671986
92671994
92672129
92672411
92672568
92672649
92672666
92672677
92672685
92672691
92672699
92672748
92673066
92673282
92673388
92677430
92677560
92677582
92677589
92677600
92677608
92677610
92677616
92677624
92677751
92678030
92678047
92678241
92678273
92678275
92678298
92678304
92678314
92678321
92678329
92682277
92682531
92682663
92682690
92682699
92682702
92682706
92682710
92682713
92682826
92683101
92683119
92683290
92683364
92683370
92683373
92683378
92683382
92683385
92683386
92687320
92690163
92690169
92690180
92690184
92690188
92690193
92690309
92690573
92690753
92690832
92690850
92690852
92690856
92690859
92690861
92690863
92690924
92691198
92691400
92691493
92692828
92692836
92692837
92692841
92692843
92692847
92692849
92693082
92693317
92693326
92693447
92693492
92693505
92693510
92693516
92693517
92693522
92693523
92693524
92693525
92697783
92697958
92698042
92698168
92698345
92698454
92698462
92698527
92698582
92698855
92699114
92699261
92699307
92699312
92699320
92699325
92699332
92699344
92699513
92699762
92842163
92842295
92842527
92842739
92842871
92842884
92842945
92842980
92842991
92842992
92842999
92843001
92843003
92843004
92843005
92843006
92843010
92843041
92843051
92843338
92846886
92846993
92847002
92847008
92847009
92847010
92847064
92847074
92847361
92847557
92847668
92847694
92847701
92847706
92847713
92847714
92847715
92847722
92847745
92847753
92852282
92852465
92852475
92852530
92852543
92852551
92852557
92852560
92852562
92852571
92852579
92852669
92852966
92853202
92853213
92853303
92853371
92853433
92853445
92853456
92857201
92857202
92857206
92857210
92857213
92857214
92857235
92857470
92857749
92857883
92857886
92857890
92857922
92857923
92857935
92857941
92857942
92857950
92861737
92861845
92862138
92862365
92862443
92862450
92862455
92862459
92862466
92862469
92862498
92862747
92862989
92863162
92863254
92863262
92863265
92863269
92863273
92870507
92870656
92870657
92870718
92870840
92870841
92870901
92870903
92870909
92871011
92871012
92871017
92871018
92871306
92871670
92871944
92872011
92872079
92872200
92872201
92877174
92877185
92877186
92877189
92877224
92877512
92877879
92878081
92878102
92878224
92878225
92878344
92878350
92878407
92878408
92878409
92878419
92878655
92879053
92879066
92883394
92883590
92883602
92883690
92883709
92883720
92883721
92883730
92883737
92883744
92883796
92883808
92884061
92884072
92884090
92884304
92884405
92884406
92884412
92884447
92887605
92887709
92887724
92888016
92888227
92888327
92888339
92888352
92888353
92888355
92888367
92888381
92888396
92888458
92888737
92888975
92889105
92889133
92889150
92889151
92892237
92892308
92892606
92892817
92892828
92892839
92892926
92892946
92892947
92892948
92892959
92892966
92892970
92892978
92892987
92893043
92893317
92893544
92893671
92893695
92898003
92898102
92898172
92898359
92898484
92898606
92898730
92898891
92899233
92899247
92899260
92899580
92899633
92899637
92899638
92899644
92899645
92899649
92899656
92899664
92903288
92903289
92903318
92903560
92903582
92903605
92903837
92903962
92903966
92903991
92904001
92904007
92904013
92904020
92904026
92904190
92904471
92904638
92904703
92904717
93002011
93002012
93002013
93002017
93002021
93002027
93002033
93002062
93002252
93002457
93002458
93002609
93002770
93002975
93003181
93003343
93003389
93003391
93003393
93003395
93005903
93005904
93005912
93005913
93005914
93005918
93005919
93005925
93005932
93005933
93005935
93005941
93006027
93006278
93006290
93006425
93006428
93006432
93006437
93006459
93009333
93009341
93009349
93009480
93009730
93009859
93009869
93009878
93009885
93009892
93009899
93009900
93009901
93009909
93009979
93010227
93010389
93010420
93010429
93010435
93013701
93013891
93013900
93013907
93013942
93013950
93013954
93013956
93013960
93013963
93013964
93013965
93013969
93013985
93014184
93014399
93014464
93014465
93014469
93014473
93018819
93018825
93018833
93018838
93018839
93018844
93018845
93018907
93019151
93019323
93019354
93019361
93019368
93019373
93019381
93019382
93019386
93019399
93019593
93019613
93023091
93023094
93023098
93023109
93023113
93023227
93023475
93023601
93023603
93023613
93023615
93023619
93023622
93023626
93023630
93023631
93023780
93023789
93024184
93024394
93027143
93027151
93027158
93027166
93027169
93027275
93027545
93027557
93027571
93027689
93027706
93027866
93028023
93028228
93028428
93028587
93028829
93029216
93029542
93029790
93032673
93032679
93032683
93032684
93032689
93032692
93032698
93032703
93032704
93032800
93032812
93033064
93033201
93033216
93033221
93033227
93033230
93033234
93033235
93033242
93036640
93036641
93036657
93036856
93036870
93036884
93037094
93037100
93037106
93037160
93037162
93037170
93037177
93037178
93037187
93037194
93037203
93037204
93037350
93037627
93040333
93040347
93040595
93040725
93040728
93040729
93040732
93040739
93040740
93040750
93040758
93040767
93040768
93040777
93040782
93040872
93041118
93041140
93041429
93041621
93045825
93046069
93046226
93046264
93046265
93046266
93046272
93046275
93046277
93046278
93046283
93046286
93046288
93046315
93046537
93046738
93046788
93046795
93046799
93400064
93400078
93400258
93400511
93400614
93400617
93400651
93400691
93400719
93400758
93400789
93400815
93400934
93400947
93400965
93401211
93401333
93401357
93401359
93405415
93405707
93406095
93406108
93406315
93406362
93406399
93406437
93406453
93406457
93406462
93406488
93406697
93406896
93406908
93406970
93406971
93406972
93406974
93409875
93409882
93409887
93410130
93410337
93410401
93410416
93410423
93410437
93410441
93410442
93410447
93410448
93410449
93410453
93410603
93410618
93410839
93411012
93414612
93414765
93414779
93414793
93414794
93414802
93414803
93414810
93414813
93414818
93414823
93414824
93414892
93415151
93415329
93415337
93415390
93415392
93415417
93418340
93418597
93418616
93418828
93418865
93418884
93418903
93419018
93419236
93419410
93419428
93419665
93420065
93420398
93420663
93420941
93420943
93421108
93421111
93425251
93425252
93425267
93425273
93425277
93425279
93425282
93425283
93425285
93425286
93425305
93425413
93425675
93425836
93425884
93425911
93425921
93425980
93425983
93429023
93429056
93429121
93429125
93429126
93429131
93429371
93429703
93429805
93429808
93429829
93429849
93429869
93429893
93429894
93429913
93429932
93429937
93430118
93433316
93433553
93433761
93433850
93433878
93433904
93433907
93433940
93433969
93433983
93433994
93434219
93434474
93434589
93434592
93434609
93434624
93434625
93434635
93439488
93439509
93439526
93439545
93439564
93439584
93439604
93439806
93439877
93439896
93439904
93439912
93439918
93439924
93439926
93440082
93440313
93440480
93440487
93442970
93442996
93442998
93443003
93443006
93443009
93443122
93443369
93443381
93443506
93443548
93443609
93443804
93443972
93444128
93444284
93444285
93444323
93444430
93448220
93448321
93448356
93448396
93448399
93448401
93448404
93448426
93448428
93448458
93448467
93448468
93448475
93448481
93448489
93448500
93448505
93448530
93448532
93448997
93449002
93449003
93449008
93449013
93449018
93449022
93449027
93449029
93449049
93449051
93449077
93449080
93449082
93449106
93449130
93449131
93449140
93449167
93449695
93449722
93449745
93449771
93449794
93449819
93449821
93449845
93449863
93449872
93449879
93449885
93449896
93449902
93449907
93449914
93449915
93449926
93449932
93558244
93558258
93558310
93558478
93558523
93558615
93558867
93559086
93559164
93559197
93559235
93559265
93559281
93559299
93559315
93559463
93559728
93559853
93559881
93568952
93569512
93569534
93569553
93569577
93569708
93569720
93569981
93570178
93570193
93570207
93570235
93570438
93570670
93570757
93570759
93574545
93574795
93574941
93574969
93574991
93575010
93575027
93575048
93575050
93575052
93575053
93575073
93575151
93575410
93575578
93575616
93575619
93575635
93575638
