13.287
12.431
13.761
13.846
14.003
15.456
14.948
13.895
12.631
14.092
3.905
12.765
12.517
13.588
12.247
13.926
13.768
13.592
13.952
12.940
13.425
12.460
12.603
14.240
14.394
13.285
13.657
14.715
12.994
12.997
14.011
13.410
12.914
13.948
12.741
12.770
12.861
14.174
14.383
17.652
18.460
20.447
15.903
13.979
14.385
13.550
12.489
13.346
12.952
13.574
14.454
13.992
15.220
13.533
14.008
15.549
15.023
12.975
14.284
13.045
12.864
13.294
12.008
63.256
14.326
14.119
13.796
13.907
14.105
13.988
13.902
13.783
13.254
13.641
13.091
13.464
14.495
14.188
13.533
13.411
13.897
13.794
12.152
13.419
7.777
17.544
3.585
11.961
12.179
13.208
12.094
13.801
13.108
13.971
12.873
15.461
13.389
28.892
12.968
13.383
12.970
14.019
13.569
13.256
13.411
15.409
14.683
15.105
14.928
8.184
13.477
13.454
12.872
12.854
13.241
13.256
13.598
13.638
15.269
14.669
14.368
15.544
13.583
14.018
22.651
14.565
15.511
15.676
16.122
13.196
13.648
13.422
14.430
15.200
15.755
12.696
12.947
12.608
13.058
13.482
13.502
14.264
13.194
13.105
13.093
13.861
14.216
14.632
13.274
14.089
13.399
13.079
13.210
15.322
15.996
13.903
14.004
15.018
15.506
13.494
13.629
13.085
12.920
13.770
14.118
14.309
13.497
13.891
13.702
13.306
13.307
12.878
13.999
13.063
13.241
13.596
14.945
13.797
13.857
14.022
3.577
15.543
13.903
13.480
13.026
12.737
