18.048
18.782
18.880
19.398
20.580
22.036
48.918
22.345
21.316
21.290
24.010
48.805
28.956
123.945
18.137
18.333
4.911
20.694
17.408
17.554
17.137
18.755
18.789
19.675
19.532
15.788
10.295
26.293
26.219
18.789
18.663
18.434
19.202
18.921
17.921
19.601
18.752
26.816
26.169
19.793
19.874
19.351
18.765
18.742
17.880
17.665
17.854
24.853
24.411
24.559
17.982
19.741
20.227
19.531
17.584
17.477
16.180
17.510
15.993
19.561
20.639
19.173
18.503
20.386
21.129
17.299
18.557
17.476
17.274
16.944
17.079
42.156
21.762
20.346
22.369
20.584
19.642
18.551
19.417
17.111
16.793
16.903
17.502
17.878
21.220
21.337
3.018
19.293
19.439
20.752
20.537
16.631
17.687
16.938
17.313
17.419
16.840
19.916
19.771
18.970
19.939
21.178
19.538
18.296
18.608
19.181
19.346
17.659
18.067
18.364
19.274
20.197
24.668
21.418
8.684
17.169
17.570
17.214
17.684
17.878
17.771
18.485
19.336
3.417
22.388
21.414
21.639
22.020
20.775
21.488
19.685
20.452
19.864
18.693
18.865
19.679
19.405
20.347
22.724
21.360
17.494
17.614
17.804
17.634
18.849
18.387
21.448
19.265
18.722
19.454
18.232
19.265
21.452
21.075
18.632
17.537
18.274
19.430
21.700
20.011
18.278
29.832
26.388
17.964
18.572
18.594
18.888
17.705
18.725
18.964
18.148
20.027
18.917
19.676
22.804
17.825
18.670
18.902
16.879
18.222
16.807
22.083
18.858
21.915
18.650
34.851
35.399
19.122
19.549
19.896
20.312
