128442517
128442591
128442672
128442750
128442802
128442860
128442895
128442917
128442927
128442931
128443515
128443516
128443518
128443524
128443565
128443624
128443704
128445130
128445133
128445136
128445140
128445145
128445148
128445191
128445257
128445354
128445428
128445522
128445612
128445691
128445731
128445755
128445766
128445774
128445780
128445786
128445790
128445794
128445799
128445804
128445808
128445814
128445825
128446031
128446121
128446198
128446248
128446311
128446326
128446332
128458786
128487690
128492264
128509400
128509597
128509644
128510722
128510747
128510882
128511106
128511371
128511472
128511502
128513962
128514520
128514534
128514618
128515057
128515204
128515358
128515374
128516017
128516095
128516707
128516737
128516742
128517039
128517308
128517379
128517414
128517953
128518020
128518046
128518057
128518581
128518633
128519840
128520496
128520525
128542256
128568554
128569071
128571862
128571901
128571988
128572185
128572478
128572570
128575506
128575565
128575790
128576018
128576114
128576227
128576624
128576763
128577406
128577486
128577609
128578166
128578301
128578364
128578874
128578918
128579165
128579377
128579550
128579595
128580096
128580743
128581558
128581858
128582037
128582161
128582272
128582589
128582766
128582986
128583476
128583506
128583872
128583986
128584513
128584568
128584569
128584608
128584613
128584616
128585575
128586012
128586134
128586181
128587208
128587452
128589135
128589454
128589479
128590821
128591032
128591179
128591855
128592181
128592487
128592523
128594103
128594349
128594817
128594845
128594856
128595443
128596786
128597162
128623354
128645610
128645739
128645951
128646456
128646477
128646751
128646786
128647099
128647294
128647353
128647363
128647367
128647369
128647374
128647380
128647384
128647388
128647394
128647449
128647549
128647650
128647710
128647767
128647821
128647895
128647963
128648044
128648092
128648146
128648220
128648289
128648335
128648411
128648492
128648542
128648620
128648676
128648728
128648810
128648860
128648910
128648980
128649058
128649128
128649195
128649247
128649300
128649333
128649345
128649529
128650671
128650684
128650716
128651266
128651485
128675282
128675454
128676917
128705991
128734566
128761448
128789075
128811632
128815541
128816656
128834878
128834977
128847961
128848520
128876234
128894537
128894538
128894540
128894542
128894543
128894544
128894546
128894550
128894825
128894980
128896132
128897188
128897230
128897709
128902170
128902180
128902190
128902197
128902219
128902273
128902351
128902439
128902516
128902581
128902636
128902681
128902712
128902733
128902740
128902754
128902787
128902813
128902821
128902829
128902839
128902850
128902859
128902866
128902875
128902922
128902982
128903074
128903170
128903301
128903350
128903381
128903406
128903422
128903431
128903440
128903449
128903456
128903476
128903491
128903499
128904876
128906262
128906268
128906273
128906304
128906366
128906525
128907190
128907439
128907536
128908253
128908260
128908276
128908283
128908290
128908303
128908342
128908408
128908488
128908587
128908648
128908722
128908769
128908813
128908832
128908849
128908864
128908871
128908885
128908898
128908905
128908914
128908919
128908936
128908946
128908960
128908983
128909045
128909250
128909330
128911182
128912195
128912211
128912269
128912347
128912429
128912501
128912565
128912667
128912704
128912725
128912732
128912967
128913200
128913950
128914027
128914416
128914501
128914508
128914543
128914546
128914550
128914552
128914555
128914564
128914571
128914573
128914577
128914579
128914650
128914738
128914995
128915028
128915069
128915079
128915082
128915088
128917570
128918039
128918041
128918043
128918045
128918047
128918048
128918051
128918053
128918057
128918058
128919062
128919065
128919068
128919072
128919081
128919085
128919088
128920558
128920568
128920581
128920592
128920596
128920604
128920622
128920627
128920631
128920632
128920715
128920842
128920982
128921047
128921080
128921097
128921118
128921124
128921129
128921131
128921137
128921140
128921155
128921162
128921187
128921191
128921193
128921196
128921197
128921211
128921264
128921418
128921485
128921557
128921651
128921679
128923615
128924066
128924187
128925633
128925794
128926104
128926371
128926454
128926511
128926544
128928215
128930204
128930320
128934903
128935142
128935477
128935530
128937695
128937726
128937774
128938197
128938229
128938273
128938806
128938834
128938855
128939152
128939176
128939204
128941241
128953654
128962943
128974454
128974455
128974459
128990312
129017922
129023777
129024206
129031215
129043325
129069094
129095215
129123446
129148397
129148418
129151664
129177632
129178734
129181410
129207534
129232165
129242571
129251607
129264340
129269350
129298453
129298474
129298824
129298875
129325910
129353526
129378577
129403652
129404110
129428541
129457165
129486439
129511124
129511183
129511206
129511229
129511243
129511269
129511291
129511341
129511425
129511500
129511552
129511582
129511673
129511708
129511739
129511766
129511803
129511815
129511826
129511834
129511838
129511842
129511848
129511862
129511903
129512310
129512339
129512353
129512365
129512370
129512374
129512379
129512383
129512388
129512394
129512433
129512489
129512552
129512607
129512679
129512766
129512837
129512856
129512880
129512888
129515315
129515384
129515385
129516909
129516933
129516945
129516964
129516986
129516998
129517001
129517003
129517007
129517008
129517010
129517014
129517016
129517017
129517018
129517023
129517037
129517084
129517230
129517276
129517328
129517389
129517436
129517472
129517509
129517513
129517517
129517519
129517523
129519203
129519841
129519846
129519850
129519851
129519852
129519863
129519882
129519885
129519886
129519887
129519888
129521424
129521425
129521427
129521428
129521451
129521516
129521590
129521723
129521789
129521808
129521823
129521832
129521838
129521843
129521847
129521849
129521850
129521854
129521855
129521858
129524483
129524484
129524487
129524488
129524506
129524555
129524624
129524694
129524755
129524805
129525412
129525425
129525441
129525469
129525478
129525492
129527043
129527055
129527060
129527064
129527065
129527066
129527067
129527068
129527069
129527078
129527244
129527355
129527506
129527534
129527538
129527539
129527541
129527542
129527543
129527544
129527545
129527546
129527547
129527548
129527550
129527553
129527556
129527592
129527667
129527745
129527835
129527886
129527937
129534588
129537149
129555457
129570877
129580937
129606719
129633461
129667874
129695888
129722896
129723442
129726145
129749810
129750883
129778534
129790680
129797722
129804618
129809550
129818849
129829925
129838014
129843895
129854530
129868213
129870690
129883185
129911003
129924051
129934898
129934900
129934902
129934914
129934965
129935042
129935130
129935196
129935242
129935299
129935359
129935411
129935452
129935492
129935522
129935529
129935535
129935553
129935557
129935563
129935566
129935569
129935573
129935574
129935579
129935605
129935649
129935726
129935954
129936005
129936038
129936063
129936078
129936089
129936094
129936101
129936107
129936113
129936115
129936124
129936128
129937415
129938570
129938571
129938576
129938615
129938684
129938764
129940190
129940191
129940193
129940194
129940197
129940211
129940267
129940350
129940443
129940515
129940582
129940624
129940648
129940661
129940664
129940668
129940669
129940670
129940672
129940673
129940674
129940676
129940677
129940681
129940682
129940691
129940735
129940798
129940964
129943533
129943560
129943618
129943710
129943801
129943862
129943910
129943980
129943997
129944002
129944004
129945712
129945741
129945874
129945966
129946039
129946104
129946158
129946213
129946214
129946215
129946218
129946223
129946226
129946228
129946229
129946230
129946231
129946233
129946234
129946256
129949515
129949517
129949519
129949522
129949547
129949615
129949696
129949787
129949828
129949873
129950663
129950664
129950665
129950670
129950671
129950672
129952372
129952373
129952374
129952375
129952376
129952377
129952380
129952381
129952382
129952383
129952533
129952700
129952838
129952852
129952854
129952855
129952856
129952857
129952859
129952860
129952862
129952863
129952864
129952866
129952867
129952869
129952871
129952913
129952991
129953137
129953168
129953211
129964268
129978069
129991499
130018116
130032010
130037595
130044539
130070904
130071828
130099071
130126516
130142128
130143249
130144632
130144949
130144951
130145070
130145216
130145253
130147852
130148030
130150690
130163198
130170961
130190916
130210777
130217406
130218138
130246017
130276705
130286858
130300226
130313364
130347070
130373477
130400103
130403290
130426836
130444141
130444413
130444415
130446193
130448159
130448173
130449823
130449824
130449827
130449831
130449834
130449837
130449839
130449842
130449844
130449846
130449849
130449853
130449855
130449883
130449894
130449896
130449899
130449909
130449911
130449915
130449917
130449921
130449923
130449925
130449929
130449939
130449943
130449950
130449954
130449959
130449961
130449964
130449967
130449970
130449973
130449977
130449980
130449984
130449987
130449995
130449998
130450226
130450330
130450336
130450337
130450338
130450342
130450344
130450481
130450483
130450486
130450490
130450491
130450492
130450496
130450497
130450503
130450505
130450506
130450507
130450508
130450509
130450510
130450512
130450515
130450516
130450517
130450519
130450520
130450523
130450525
130450526
130450535
130450536
130450539
130450541
130450544
130450792
130450795
130450799
130450801
130450805
130450806
130450812
130450816
130450817
130450822
130450824
130451006
130451007
130451011
130451012
130451017
130451018
130451021
130451024
130451034
130451036
130451037
130451039
130451043
130451045
130451048
130451049
130451050
130451051
130451053
130451055
130451309
130451310
130451313
130451314
130451317
130451319
130451322
130451323
130451328
130451332
130451415
130451420
130451423
130451427
130451428
130451432
130451568
130451570
130451571
130451573
130451577
130451578
130451581
130451583
130451584
130451585
130451589
130451590
130451594
130451598
130451600
130451601
130451604
130451606
130451607
130451608
130451611
130451612
130451614
130451617
130451620
130451623
130451624
130451625
130451630
130451634
130451637
130451639
130452935
130454410
130454414
130454424
130454425
130454428
130454430
130454432
130454449
130454450
130454452
130455018
130457195
130459190
130461258
130462102
130462108
130462117
130462118
130462121
130462123
130462127
130462140
130462141
130462143
130462248
130462249
130462255
130462256
130462258
130462259
130462260
130462267
130462268
130462269
130462343
130462345
130462347
130462351
130462352
130462353
130462357
130462366
130462367
130462368
130463104
130463129
130463131
130463132
130463133
130463135
130463145
130463147
130463149
130463170
130463171
130463172
130463173
130463175
130463248
130463249
130463251
130465204
130465389
130465390
130465391
130465392
130465393
130465412
130465414
130465415
130465425
130465426
130465428
130465429
130465430
130465441
130465443
130465445
130465606
130465608
130465650
130465654
130465672
130465675
130465682
130465688
130465694
130465699
