14.853
12.429
2.404
14.741
16.031
17.351
13.174
14.326
12.804
15.193
19.694
13.819
13.141
13.924
14.437
14.059
14.023
14.880
13.657
12.796
17.409
13.309
13.977
13.702
13.811
15.892
13.821
13.440
15.735
16.792
13.747
13.393
23.641
13.340
13.166
13.699
14.234
13.571
13.158
13.110
13.710
13.231
12.999
13.882
19.435
14.920
13.499
13.394
14.288
8.695
14.233
19.164
12.925
12.643
13.801
17.234
17.192
13.837
17.351
13.094
13.856
13.199
16.811
13.806
16.997
13.432
13.157
13.421
16.264
14.702
16.805
14.099
13.231
13.565
14.938
14.949
16.657
13.251
12.363
13.434
14.864
13.061
18.341
12.569
12.653
13.022
15.587
13.398
20.042
12.525
12.935
12.577
13.434
13.338
13.256
17.469
14.880
12.942
12.264
