49.894
47.566
47.856
48.688
53.866
48.256
49.826
51.581
50.219
52.094
53.340
49.932
52.073
49.898
51.475
48.407
46.613
43.466
45.261
41.757
48.026
50.376
51.067
50.975
49.467
49.212
54.324
51.518
48.247
51.521
46.326
47.497
47.389
47.888
45.927
49.226
45.217
45.479
46.590
48.272
49.735
50.268
45.196
48.651
47.095
48.148
47.391
49.105
49.038
48.136
49.457
47.976
47.750
47.269
50.799
50.268
49.497
50.085
49.510
48.183
46.860
47.273
44.857
46.060
45.957
46.685
47.891
46.729
40.825
44.650
45.287
42.141
48.706
47.670
43.481
44.761
43.818
45.754
49.303
51.804
47.182
46.246
48.607
47.209
46.035
36.449
45.547
44.456
46.711
47.860
48.127
51.635
49.815
50.186
47.568
45.299
