12.360
12.558
14.814
15.001
13.361
12.398
13.131
13.830
14.870
12.881
13.103
12.590
13.579
14.047
13.513
14.398
13.323
13.264
13.325
14.695
12.757
12.215
12.991
14.277
13.992
13.110
14.002
14.248
14.136
15.065
13.334
12.435
16.911
14.063
13.934
15.251
13.484
14.260
14.345
13.869
13.002
15.141
14.248
13.305
15.029
15.035
13.484
14.654
14.144
13.761
14.159
14.280
14.560
13.969
16.057
14.951
11.958
14.852
14.956
14.720
16.014
13.404
12.798
12.842
13.288
13.058
14.571
13.683
14.603
12.003
11.881
12.244
12.714
12.400
12.983
12.104
12.748
14.160
13.230
13.077
18.237
24.339
12.602
13.033
12.838
15.009
12.248
13.702
12.370
12.981
14.124
13.598
17.756
15.534
14.557
14.605
