45.847
53.954
31.795
31.044
29.836
27.404
27.658
30.376
31.758
29.210
28.789
29.572
30.569
30.650
28.441
50.819
46.524
49.236
48.542
48.821
50.572
33.420
33.084
32.535
32.440
51.354
52.411
47.130
51.379
36.449
49.529
49.548
48.191
65.155
62.914
63.673
64.551
65.414
60.648
63.888
62.808
61.300
62.370
63.140
64.166
64.501
60.805
62.473
61.155
62.281
61.119
60.836
63.699
62.720
61.633
66.206
62.450
61.514
62.051
64.713
65.769
78.598
87.661
70.253
68.020
69.371
69.349
72.422
61.686
64.339
65.284
65.570
65.563
70.348
67.226
67.039
58.582
61.827
60.744
59.891
66.250
60.837
71.410
70.812
71.580
71.931
77.589
71.363
71.348
72.504
72.289
75.779
77.268
70.071
69.917
