12.445
17.976
14.177
19.266
12.813
12.649
13.598
18.281
14.649
16.371
18.747
13.780
13.962
12.909
14.265
14.436
17.861
17.467
13.141
13.205
13.950
14.263
13.220
17.777
13.137
13.338
14.396
15.532
14.427
18.093
14.075
13.986
14.284
13.101
15.786
17.891
13.189
36.415
13.557
14.270
14.627
17.345
13.056
14.165
14.190
13.682
13.880
11.834
24.520
14.477
4.440
11.239
9.934
9.927
11.914
17.226
14.285
13.421
12.625
15.059
13.524
19.642
13.260
12.965
13.084
14.850
14.206
14.464
12.971
12.714
12.481
13.008
14.905
14.490
15.930
1.359
14.198
14.131
13.125
13.477
13.862
13.184
13.770
13.283
13.348
14.224
15.858
13.838
14.135
14.577
15.188
13.436
13.803
13.449
13.511
13.604
14.348
15.315
14.030
24.049
13.846
13.313
