17.358
18.102
19.237
18.714
19.906
18.138
18.051
18.936
19.681
18.225
18.855
17.820
19.095
18.304
18.628
18.353
18.879
17.405
19.050
18.132
19.173
17.583
18.473
17.804
17.670
17.736
17.405
20.599
20.232
18.284
18.501
19.004
18.463
19.149
20.059
17.551
18.849
19.094
18.778
18.524
19.654
19.676
19.005
20.058
20.496
19.167
19.635
19.065
19.339
19.337
18.356
19.851
18.780
21.232
18.079
17.510
18.035
20.785
22.700
17.760
18.841
17.855
18.763
18.146
21.087
19.120
20.024
18.754
18.956
18.596
20.855
19.705
19.107
17.633
19.825
19.676
18.989
21.142
19.881
19.420
16.512
20.173
20.232
18.702
17.643
17.406
18.301
21.005
21.235
21.322
20.397
18.680
