13.512
15.065
15.113
17.459
13.368
12.415
13.358
14.737
13.151
18.794
12.516
12.607
13.018
15.676
13.388
20.530
12.457
12.909
12.485
13.431
13.327
13.303
17.777
15.098
13.016
12.324
17.850
14.136
19.150
12.670
12.493
13.465
18.264
14.498
14.842
18.741
13.822
13.962
12.924
14.186
17.582
14.282
17.811
17.388
13.150
13.223
13.923
14.212
13.268
17.778
12.944
13.351
14.462
16.210
15.380
18.320
13.983
13.789
13.965
12.718
16.280
19.246
13.161
36.365
13.572
14.040
14.453
16.960
12.632
13.923
13.967
13.413
13.546
11.834
21.099
14.477
4.821
11.239
9.934
9.927
11.914
16.859
14.000
13.127
12.482
14.870
13.322
19.386
13.126
12.783
12.932
14.089
14.031
14.303
12.855
12.587
12.335
12.920
14.735
14.382
15.828
1.359
14.069
