11.644
13.861
12.811
12.630
11.904
11.617
12.468
14.609
11.883
16.450
12.712
12.070
12.410
13.027
12.611
15.132
12.287
12.485
14.051
13.462
13.783
14.290
11.850
12.286
12.465
14.319
14.867
13.268
12.248
12.980
13.581
14.451
12.728
13.081
12.621
13.603
13.908
13.256
14.256
13.230
13.169
13.311
14.580
12.680
12.079
12.938
14.015
13.784
12.918
14.115
14.953
13.944
14.705
13.002
12.151
16.911
13.797
13.486
15.971
14.621
14.118
14.175
13.640
12.750
14.860
13.961
13.035
14.827
14.891
13.214
14.141
13.648
13.261
13.605
13.922
14.911
13.870
16.217
15.320
11.693
15.161
14.264
14.572
16.153
13.831
13.239
12.525
13.646
13.317
14.189
14.271
14.936
11.874
