44.407
41.057
48.059
47.147
43.021
44.050
43.189
44.824
49.128
51.884
46.867
45.649
48.117
46.519
45.272
37.029
45.022
43.629
45.953
47.511
47.826
50.777
48.969
49.399
46.649
44.244
51.881
31.905
30.851
29.650
27.264
27.431
30.123
31.271
28.919
28.521
29.529
30.410
30.361
28.042
48.562
44.036
46.795
46.453
46.528
48.298
33.563
33.212
32.559
32.441
49.559
50.918
45.145
49.414
36.449
20.475
47.610
47.371
45.772
63.521
62.177
62.906
62.334
63.365
58.340
61.610
60.902
59.288
60.345
61.246
62.572
62.790
59.038
61.693
60.351
61.460
60.203
59.689
63.294
61.799
60.802
65.045
61.218
60.318
60.848
63.280
64.779
77.283
86.787
68.787
66.649
68.148
68.081
71.805
60.684
63.311
