12.548
12.783
12.345
14.663
15.029
13.498
13.109
13.205
13.259
12.900
12.926
13.018
12.737
12.520
12.527
13.321
13.213
13.548
12.834
12.669
12.290
13.320
12.622
13.304
11.643
12.345
12.239
13.074
12.403
12.704
13.246
14.330
12.222
12.619
12.231
12.032
13.066
12.744
13.213
12.031
12.351
11.894
13.315
13.164
13.593
13.123
13.311
12.950
12.368
13.413
12.778
12.978
12.731
13.473
13.321
12.429
13.697
14.447
15.140
13.939
13.636
15.378
16.422
12.508
12.325
13.335
12.929
12.320
13.233
12.659
13.435
13.151
14.798
14.067
13.576
16.939
19.768
13.400
13.246
12.775
12.998
13.422
12.946
13.688
14.703
14.914
13.989
12.187
12.703
19.878
12.476
13.469
11.767
13.227
13.517
12.890
12.859
13.163
12.946
13.064
12.750
13.884
12.856
13.922
13.265
8.479
12.651
13.527
12.982
12.996
14.713
13.340
11.949
12.582
12.826
12.794
13.770
12.844
12.262
13.532
14.033
12.728
13.417
12.737
12.893
12.805
13.621
12.637
12.448
13.618
12.859
13.684
12.321
12.298
11.286
12.968
13.229
12.245
13.141
12.441
13.001
13.050
12.786
12.856
15.428
12.321
13.595
13.783
13.065
12.318
10.508
14.069
13.030
13.829
13.261
13.357
13.147
13.246
13.678
11.761
15.472
15.122
13.957
12.867
12.536
12.731
12.052
13.053
12.437
12.101
13.323
12.902
12.655
11.287
13.092
14.265
14.322
12.257
14.470
13.518
12.486
12.767
12.812
15.151
14.088
13.040
12.575
15.280
13.308
15.155
14.375
14.084
14.070
14.050
14.102
13.030
13.408
12.575
13.703
12.562
12.369
13.537
13.521
13.176
13.372
13.541
12.323
13.943
13.988
12.963
12.727
13.078
13.633
13.467
13.019
11.160
13.118
