82.243
82.123
79.410
87.533
87.403
83.274
81.400
85.098
84.380
86.024
81.820
81.503
82.639
82.363
81.898
83.567
86.317
87.737
86.833
86.259
89.446
86.856
83.548
83.907
80.779
81.138
81.029
81.722
82.986
84.787
90.666
89.886
100.613
89.836
88.752
87.287
82.280
82.034
79.296
79.050
80.429
75.762
56.506
80.658
79.548
83.577
83.476
82.026
80.725
78.186
77.469
81.320
80.538
82.760
81.861
81.374
80.751
85.405
88.479
86.328
84.324
83.862
83.180
83.212
82.198
81.424
78.210
78.320
73.773
83.103
84.397
87.466
78.018
78.858
88.817
71.457
70.251
70.611
71.902
70.562
71.590
70.689
85.335
78.424
78.358
74.340
71.714
77.959
75.935
74.043
72.576
68.565
84.162
73.265
74.459
74.168
73.466
72.678
73.893
71.341
74.927
75.841
66.953
80.965
76.005
75.313
74.289
72.692
83.725
79.588
76.617
80.528
77.306
76.100
78.838
77.409
81.223
79.400
80.198
84.131
80.070
79.621
79.110
70.269
78.458
88.548
79.907
82.503
76.202
73.375
84.921
59.875
77.496
64.321
73.353
79.312
75.278
71.527
44.389
68.114
74.633
100.322
54.131
77.790
83.485
79.884
81.816
64.893
81.787
81.842
84.706
79.138
82.729
84.336
89.703
74.981
92.731
91.078
89.325
88.382
73.237
90.060
80.096
77.856
83.764
84.978
76.987
80.829
79.161
89.035
80.242
86.110
80.141
82.509
79.359
86.860
81.975
80.175
82.659
81.856
84.919
76.765
88.253
84.904
91.489
88.129
91.038
82.586
88.918
77.009
78.469
92.473
75.207
75.952
78.388
83.098
82.157
89.384
83.437
93.875
85.776
78.504
71.444
93.330
81.424
76.722
88.547
93.015
89.203
91.994
86.280
83.527
83.480
