15.682
15.573
15.631
16.616
17.094
16.271
17.800
13.788
16.716
16.319
16.440
16.092
15.625
15.463
15.921
16.500
19.257
20.017
15.700
15.455
17.408
16.759
15.395
15.747
15.216
14.578
15.409
15.714
16.525
16.563
17.726
16.652
14.720
16.352
15.771
15.699
15.582
15.602
15.910
15.116
15.187
14.853
25.516
18.155
16.622
15.876
17.896
15.306
15.058
15.011
2.360
15.374
15.232
15.155
15.495
16.309
17.310
17.457
17.519
18.243
18.128
18.017
15.922
15.223
15.865
16.394
15.498
17.513
15.026
27.827
27.622
16.683
17.218
17.919
22.391
21.501
15.743
16.011
17.093
15.417
15.372
16.046
14.313
17.382
17.693
17.602
17.074
15.921
18.389
15.252
14.969
14.775
15.741
16.582
17.258
15.658
15.036
16.597
16.200
15.824
18.194
21.015
15.644
15.810
17.239
15.598
15.157
15.612
13.592
19.458
18.393
16.908
16.147
15.188
15.954
15.380
14.877
17.598
15.342
15.653
16.853
18.313
15.591
15.913
15.413
15.154
16.614
16.369
16.499
17.299
16.062
6.518
16.489
15.894
15.314
14.412
15.878
14.063
17.891
16.149
14.918
15.254
15.583
18.128
17.480
17.559
14.567
15.538
16.468
16.759
16.777
15.985
17.389
16.406
15.734
15.713
14.795
16.819
15.347
16.751
15.266
17.490
13.238
15.740
18.299
16.580
17.182
14.532
14.175
15.120
15.874
14.005
17.095
16.517
15.817
16.043
15.675
17.693
16.664
16.749
16.558
16.954
16.415
17.349
20.300
15.950
17.246
16.814
15.879
17.821
16.791
15.529
16.319
16.801
17.432
14.424
17.408
15.739
13.455
15.298
14.871
17.055
17.786
14.417
16.293
15.661
16.868
16.217
16.767
16.694
15.336
16.348
13.986
17.689
16.693
15.778
16.255
