87037813
87037814
87037815
87037816
87037817
87037818
87037819
87037820
87037821
87037822
87037824
87037825
87037827
87037828
87037829
87037830
87037831
87037832
87037833
87037835
87038070
87038072
87038074
87038077
87038169
87038170
87038171
87038172
87038173
87038175
87038176
87038177
87038178
87038179
87038249
87038250
87038252
87038254
87038255
87038256
87038257
87038258
87038259
87038261
87038262
87038263
87038404
87038407
87038614
87038618
87038727
87038729
87038730
87038731
87038733
87038735
87038738
87038740
87038743
87038745
87038748
87038752
87038754
87038755
87038756
87038758
87038759
87038761
87038762
87038763
87038895
87038896
87038901
87038905
87038907
87038910
87038911
87039093
87039094
87039095
87039096
87039098
87039099
87039100
87039102
87039104
87039105
87039106
87039107
87039109
87039110
87039111
87039112
87039114
87039152
87039153
87043126
87043129
87043130
87043133
87043134
87043136
87043137
87043138
87043143
87043156
87043162
87043167
87043171
87043172
87043173
87043176
87043177
87043178
87043179
87043180
87043451
87043452
87043453
87043455
87071462
87071463
87071464
87071467
87071469
87071472
87071473
87071474
87071475
87071476
87071477
87071478
87071479
87071483
87071484
87071486
87071488
87071490
87071491
87071492
87071575
87071576
87071578
87071580
87071719
87071721
87071722
87071724
87071725
87071729
87071730
87071731
87071733
87071735
87071736
87071737
87071739
87071741
87071742
87071743
87071744
87071745
87071746
87071747
87071887
87071888
87071889
87071890
87072161
87072162
87072163
87072165
87072166
87072168
87072169
87072172
87072255
87072257
87072260
87072262
87072264
87072267
87072269
87072271
87072309
87072312
87072315
87072317
87072319
87072322
87072324
87072327
87072329
87072333
87072516
87072562
87072613
87072789
87072861
87072934
87073122
87073222
87073322
87073531
87073604
87073605
87073650
87073657
87073658
87073787
87073792
87073793
87073823
87073832
87073833
87073884
87073954
87074099
87074115
87074165
87074188
87074243
87074264
87074418
87074459
87074509
87074552
87074620
87074674
87074846
87074878
87074922
87074942
87074988
87075009
87075147
87075164
87075188
87075220
87075229
87075348
87075501
87075537
87075558
87075595
87075623
87075668
87075799
87081108
87081187
87081189
87081412
87081413
87081505
87081506
87081622
87081624
87081837
87081839
87081973
87081975
87082065
87082066
87082245
87082246
87082283
87082287
87082333
87082336
87082473
87082474
87082521
87082522
87082567
87082569
87082740
87082742
87082825
87082826
87082924
87082925
87083121
87083122
87083225
87083228
87083356
87083363
87083536
87085618
87085619
87085620
87085622
87085624
87085626
87085628
87085631
87085632
87085633
87085634
87085636
87085640
87085643
87085647
87085649
87085651
87085652
87085655
87085656
87087458
87087596
87087748
87087810
87087938
87088042
87088043
87088099
87088127
87088205
87088311
87088314
87088390
87088410
87088484
87088496
87088499
87088564
87088678
87088762
87088787
87088861
87088884
87088887
87088890
87088891
87088961
87089093
87089139
87089219
87089329
87089466
87089553
87089758
87089959
87090102
87090259
87090360
87090434
87090710
87094136
87094137
87094139
87094141
87094447
87094449
87094451
87094470
87094481
87094483
87094485
87094487
87094565
87094697
87094715
87094721
87094723
87094904
87094907
87094910
87096355
87096356
87096357
87096359
87096377
87096395
87096413
87096431
87096441
87096457
87096464
87096465
87096466
87096467
87096468
87096469
87096470
87096471
87096472
87096473
87096972
87097089
87097320
87097406
87097511
87097777
87097794
87097837
87097851
87097892
87097899
87098050
87098067
87098108
87098122
87098207
87098232
87098487
87098527
87098580
87098617
87098779
87098824
87098959
87098985
87099078
87099168
87099223
87099283
87099491
87099502
87099657
87099684
87099735
87099797
87099984
87100181
87100305
87100512
87100720
87104599
87104728
87104840
87105053
87105121
87105185
87105353
87105423
87105518
87105789
87105871
87105938
87106100
87106194
87106326
87106476
87106523
87106524
87106525
87106527
87106528
87106529
87106530
87106531
87106534
87106536
87106537
87106538
87106539
87106540
87106541
87106543
87106544
87106545
87106546
87106547
87106552
87106617
87106787
87106824
87106855
87106884
87107087
87107176
87107256
87107404
87107476
87107554
87107741
87107804
87107853
87108007
87108084
87108167
87108384
87108492
87108683
87108838
87108906
87109088
87109718
87109804
87109981
87110186
87110273
87110464
87110621
87110697
87110804
87111041
87111100
87111146
87111406
87111484
87111562
87111886
87111998
87112040
87112126
87112401
87112474
87112498
87112541
87112565
87112889
87112893
87112905
87113001
87113020
87113100
87113131
87113138
87113291
87113404
87113413
87113449
87113455
87113458
87113500
87113513
87113518
87113770
87113894
87113898
87113944
87113952
87113955
87114021
87114038
87114045
87114125
87114212
87114218
87114279
87114291
87114295
87114361
87114389
87114397
87114558
87114731
87114736
87114739
87114819
87114846
87114852
87114855
87114927
87114950
87114953
87114955
87115074
87115233
87115245
87115294
87115302
87115303
87115336
87115350
87115352
87115518
87115631
87115634
87115682
87115698
87115700
87115765
87115792
87115952
87116071
87116072
87116167
87116168
87116171
87116173
87116174
87116175
87116177
87116254
87116270
87116271
87116272
87116499
87116606
87116607
87116613
87116617
87116623
87116698
87116716
87116718
87116783
87116813
87116815
87116818
87116971
87117128
87117198
87117411
87117571
87120159
87120247
87120419
87120421
87120472
87120476
87120521
87120522
87120697
87120700
87120759
87120765
87120834
87120838
87120994
87120995
87121067
87121069
87121140
87121142
87121322
87121324
87121385
87121387
87121471
87121476
87121648
87121649
87121755
87121759
87121848
87121851
87122037
87122039
87122094
87122096
87122161
87122164
87122311
87122389
87122865
87123040
87123100
87123192
87123368
87123563
87123757
87123762
87123896
87123898
87123989
87123992
87124191
87124193
87124265
87124267
87124317
87124321
87124550
87124554
87124634
87124635
87124699
87124706
87124920
87124925
87125024
87125029
87125082
87125106
87125132
87125256
87125263
87125264
87125304
87125320
87125322
87125323
87125350
87125352
87125353
87125354
87125356
87125357
87125358
87125376
87125401
87125402
87125404
87125410
87125411
87125413
87125415
87125416
87125424
87125426
87125427
87125430
87125493
87125698
87125797
87125869
87126041
87126105
87127322
87127480
87127546
87127633
87127841
87127910
87128001
87128184
87128276
87128628
87129089
87129456
87129859
87130107
87130258
87130504
87130635
87130853
87131022
87131302
87131450
87131668
87131818
87132042
87132068
87132072
87132207
87132539
87132675
87132921
87133277
87133279
87133726
87134080
87134441
87134694
87134698
87134699
87134861
87135057
87135058
87135060
87135163
87135165
87135225
87135424
87135425
87135524
87135898
87135900
87136208
87136571
87136573
87136574
87136578
87136641
87136642
87136644
87136648
87137122
87137700
87138217
87138479
87138843
87139283
87139637
87139946
87140395
87140746
87141041
87141488
87141885
87141955
87142260
87142271
87142709
87142780
87143104
87143174
87143488
87143496
87143892
87143959
87144266
87144326
87144733
87144737
87144798
87144801
87144803
87144805
87144808
87144811
87144814
87144818
87144820
87144823
87144825
87144829
87144831
87144833
87144895
87144897
87144908
87144917
87144929
87144933
87145290
87145297
87145555
87145625
87145626
87145627
87145629
87145630
87145631
87145632
87145634
87145635
87145637
87145639
87145641
87145699
87145701
87145705
87145711
87145712
87145715
87145716
87145718
87145869
87145871
87145965
87146389
87146452
87146453
87146454
87146456
87146457
87146458
87146469
87146515
87146516
87146518
87146520
87146521
87146522
87146524
87146526
87146528
87146529
87146530
87146533
87146534
87146760
87146763
87146765
87149042
87149419
87149873
87150168
87150514
87150960
87151324
87151632
87152115
87152481
87152879
87153334
87153693
87154063
87154176
87154496
87154638
87154883
87155028
87155270
87155347
87155699
87155795
87155957
87156089
87156312
87156429
87156853
87157184
87157516
87157907
87157917
87158202
87158264
87158589
87158664
87159048
87159058
87159406
87159413
87159716
87159788
87160165
87160223
87160505
87160516
87160833
87160920
87161258
87161315
87161577
87161906
87162270
87162599
87162930
87163327
87163672
87164017
87164406
87164749
87169259
87169465
87169517
87169566
87169704
87169761
87169833
87169834
87169835
87169837
87169838
87169839
87169840
87169842
87169843
87169844
87169845
87169850
87169851
87170082
87177005
87177353
87177779
87178305
87178614
87179000
87179559
87179867
87179934
87180185
87180246
87180253
87180666
87180672
87180736
87181029
87181030
87181096
87181361
87181392
87181406
87181805
87181808
87181868
87182156
87182162
87182227
87182543
87182546
87182617
87183022
87183025
87183032
87183339
87183344
87183415
87183707
87184449
87184746
87185220
87185583
87185949
87186369
87186735
87187124
87187559
87187902
87188258
87188684
87192863
87193258
87193601
87193946
87194487
87194803
87195222
87195720
87196069
87196460
87196964
87197322
87197609
87198054
87198417
87198725
87199219
87199615
87200018
87200425
87205767
87206108
87206591
87206951
87207238
87207701
87208068
87208433
87208883
87209267
87209268
87209662
87209663
87210069
87210070
87210408
87210409
87210805
87210806
87211322
87211323
87211715
87211716
87212018
87212019
87212486
87212487
87212860
87212861
87213191
87213192
87213696
87214134
87214246
87214441
87214549
87214665
87214900
87215010
87215115
87220249
87220251
87220256
87220274
87220277
87220281
87220336
87220338
87220340
87220341
87220343
87220346
87220347
87220349
87220351
87220358
87220359
87220423
87220424
87220431
87223278
87223279
87223685
87224014
87224508
87224514
87224522
87224529
87224587
87224594
87224595
87224981
87224983
87225327
87225382
87225384
87225386
87225387
87225904
87226330
87226472
87226478
87226481
87226484
87226551
87226558
87226563
87226566
87226567
87226569
87226572
87226575
87226577
87226579
87226580
87226640
87226642
87226644
87226647
87226650
87229873
87229877
87229882
87229888
87229894
87229896
87229902
87229919
87229936
87229995
87230001
87230005
87230009
87230010
87230011
87230013
87230016
87230017
87230019
87230020
87230026
87230030
87230032
87230034
87230457
87230462
87230524
87230525
87230528
87230529
87230532
87230535
87230538
87230539
87230947
87230949
87230952
87230956
87230960
87231016
87231017
87231035
87231041
87237456
87237637
87237722
87237794
87237985
87238063
87238203
87238416
87239519
87239984
87240742
87241189
87241881
87242559
87243226
87243858
87244456
87245084
87245679
87246379
87252295
87252307
87252317
87252322
87252329
87252332
87252338
87252343
87252360
87252371
87252377
87252380
87252382
87252394
87252400
87252405
87252411
87252412
87252416
87252417
87252483
87252484
87252487
87252491
87252493
87252495
87252497
87252498
87259394
87259504
87259582
87259758
87259825
87259896
87260051
87260137
87260209
87260375
87260457
87260567
87260573
87260599
87260779
87260783
87260808
87260923
87260928
87260947
87261033
87261036
87261070
87261231
87261235
87261247
87261325
87261327
87261356
87261418
87261419
87261423
87261574
87261579
87261595
87261682
87261685
87261699
87261755
87261757
87261923
87261927
87262020
87262021
87262110
87262113
87262312
87262313
87262375
87262440
87262443
87262492
87262596
87262601
87262665
87262827
87262829
87262852
87262914
87262917
87262951
87263067
87263069
87263120
87263290
87263291
87263420
87263576
87263684
87263893
87264030
87264127
87264384
87264500
87264595
87264806
87264957
87265115
87265365
87265538
87286944
87287344
87288062
87288564
87289235
87289774
87290431
87290697
87290698
87290937
87291259
87291260
87291767
87292076
87292077
87292109
87292410
87292411
87292792
87293101
87293102
87293351
87293634
87293635
87294149
87294382
87294383
87294529
87294893
87294894
87295374
87295634
87295635
87295784
87296001
87296008
87296363
87296779
87296780
87296971
87297242
87297243
87297731
87298106
87298107
87298151
87298471
87298472
87299444
87299446
87299973
87299974
87300796
87300797
87301463
87301464
87302170
87302171
87302718
87302720
87316367
87316449
87316618
87316685
87316735
87316875
87316982
87317027
87317169
87317228
87317300
87317497
87317640
87317731
87317957
87318052
87318188
87318419
87318642
87318748
87318755
87318757
87318758
87318760
87318761
87318763
87318769
87318775
87318785
87318795
87318805
87318815
87318826
87318838
87318843
87318848
87318852
87318855
87318859
87318863
87318865
87318868
87318880
87329861
87329919
87329932
87329954
87330027
87330046
87330063
87330140
87330150
87330192
87330208
87330217
87330275
87330276
87330284
87330343
87330345
87330351
87330408
87330410
87343582
87343919
87344097
87344158
87345097
87345113
87345117
87345515
87345698
87345756
87346691
87346701
87346709
87347120
87347296
87347360
87348269
87348276
87348279
87348668
87348841
87348877
87349549
87349560
87349564
87349667
87349674
87349679
87349781
87349802
87349848
87350028
87350041
87350045
87350118
87350128
87350134
87350238
87350283
87350326
87350466
87350488
87350492
87350603
87350613
87350622
87350755
87350810
87350853
87350970
87350978
87350982
87351076
87351085
87351090
87351224
87351301
87351339
87352081
87352141
87364518
87364519
87364520
87364522
87364523
87364524
87364525
87364526
87364529
87364530
87364532
87364590
87364591
87364592
87364634
87364652
87364653
87364654
87364710
87364711
87365373
87365374
87365376
87365378
87365379
87365380
87365381
87365385
87365386
87365389
87365390
87365391
87365392
87365394
87365450
87365452
87365717
87365718
87365720
87365721
87365722
87365724
87365726
87365727
87365728
87365730
87365741
87365758
87365767
87365769
87365771
87365772
87365775
87365779
87365781
87365784
87367510
87367511
87367512
87367513
87367514
87367516
87367517
87367518
87367521
87367522
87367523
87367524
87367525
87367527
87367529
87367533
87367551
87367557
87367558
87367559
87368435
87368441
87368563
87368567
87368656
87368661
87368842
87368848
87368895
87368902
87368951
87368952
87369103
87369106
87369189
87369193
87369260
87369265
87369426
87369431
87369496
87369501
87369568
87369572
87369742
87369745
87369831
87369834
87369877
87369878
87370008
87370009
87370047
87370049
87370087
87370088
87370220
87370221
87370288
87370291
87375790
87375886
87375993
87376042
87376061
87376163
87376212
87376239
87376265
87376295
87376319
87376437
87376495
87376527
87376545
87376570
87376580
87376708
87376717
87376748
87376758
87376782
87376801
87376938
87376985
87377015
87377041
87377066
87377102
87377241
87377286
87377312
87377348
87377358
87377461
87377561
87377658
87377713
87377805
87377926
87383098
87383170
87383317
87383354
87383416
87383422
87383545
87383553
87383616
87383630
87383670
87383678
87383816
87383826
87383873
87383892
87383932
87383946
87384088
87384098
87384165
87384176
87384210
87384218
87384365
87384376
87384413
87384418
87384462
87384466
87384589
87384629
87384666
87384674
87384725
87384740
87384900
87384977
87385051
87385204
87386765
87386862
87386955
87387140
87387141
87387274
87387385
87387587
87387658
87387735
87387920
87388028
87388092
87388238
87388274
87388338
87388531
87388653
87388740
87389259
87396045
87396198
87396380
87396522
87396605
87396769
87396876
87396974
87397133
87397200
87397286
87397495
87397642
87397774
87397994
87398094
87398168
87398377
87398474
87398552
87400773
87400884
87401042
87401089
87401179
87401269
87401306
87401407
87401517
87401618
87401747
87401825
87401883
87402042
87402125
87402186
87402336
87402385
87402430
87402556
87402696
87402697
87402699
87402700
87402702
87402704
87402706
87402708
87402709
87402711
87402712
87402714
87402718
87402720
87402721
87402723
87402724
87402725
87402726
87402729
87406217
87406218
87406220
87406221
87406280
87406589
87406605
87406723
87406725
87406773
87406775
87406777
87406935
87406936
87406996
87406997
87406999
87407000
87407003
87407004
87410110
87410267
87410361
87410425
87410426
87410570
87410616
87410623
87410661
87410668
87410670
87410819
87411025
87411087
87411272
87411363
87411433
87411434
87411617
87411732
87412280
87412366
87412544
87412629
87412710
87412895
87412997
87413045
87413186
87413244
87413366
87413520
87413589
87413638
87413796
87413864
87413931
87414130
87414227
87414320
87415653
87415654
87415660
87415662
87415663
87415665
87415667
87415669
87415672
87415675
87415678
87415679
87415681
87415684
87415687
87415688
87415689
87415690
87415692
87415694
87415826
87415841
87415859
87415876
87415965
87415966
87415967
87415968
87415970
87415974
87415977
87415978
87415979
87415980
87415981
87415986
87415987
87415989
87415990
87415992
87415993
87415999
87416000
87416002
87419167
87419168
87419170
87419171
87419174
87419175
87419176
87419178
87419179
87419180
87419181
87419188
87419202
87419203
87419205
87419206
87419207
87419209
87419212
87419214
87419300
87419303
87419304
87419310
87420707
87420791
87420835
87420971
87421011
87421063
87421252
87421341
87421431
87421636
87421724
87421783
87421941
87421987
87422013
87422135
87422162
87422206
87422408
87422514
87423386
87423389
87423394
87423395
87423398
87423401
87423403
87423406
87423410
87423412
87423414
87423416
87423418
87423421
87423425
87423427
87423429
87423432
87423433
87423436
87425425
87425489
87425549
87425702
87425766
87425832
87425994
87426023
87426075
87426209
87426264
87426350
87426499
87426547
87426633
87426692
87426719
87426811
87426890
87426917
87430129
87430130
87430131
87430132
87430137
87430139
87430141
87430144
87430146
87430147
87430148
87430151
87430153
87430154
87430155
87430156
87430157
87430158
87430159
87430160
87430265
87430266
87430269
87430270
87430272
87430274
87430275
87430277
87430278
87436738
87436744
87436753
87436821
87436827
87436834
87437004
87437008
87437012
87437102
87437103
87437106
87437165
87437170
87437174
87437301
87437304
87437309
87437341
87437344
87437359
87437426
87437429
87437433
87437568
87437572
87437579
87437654
87437658
87437661
87437696
87437699
87437708
87437870
87437878
87437886
87437891
87437945
87437951
87437960
87437968
87438026
87438029
87438033
87438040
87438190
87438191
87438201
87438226
87438388
87438400
87438411
87438421
87438445
87438464
87438468
87438474
87438481
87438487
87438605
87438617
87438624
87438632
87438638
87438642
87438657
87438674
87438678
87438706
87438711
87438721
87438739
87438754
87438757
87438765
87438775
87438781
87438892
87438977
87438992
87439023
87439076
87439083
87439105
87439131
87439141
87439255
87439302
87439309
87439323
87439339
87439343
87439366
87439394
87439396
87439500
87439558
87439563
87439587
87439616
87439620
87439634
87439684
87439689
87439799
87439838
87439843
87439862
87439894
87439901
87439921
87439961
87440074
87440131
87440150
87440202
87440225
87440263
87440369
87440396
87444863
87444866
87444929
87444943
87445034
87445068
87445224
87445235
87445314
87445317
87445445
87445507
87445644
87445654
87445710
87445716
87445867
87445950
87446034
87446046
87446164
87446173
87446357
87446439
87446479
87446532
87446537
87446544
87446587
87446591
87446596
87446738
87446804
87446827
87446848
87446853
87446860
87446883
87446904
87446907
87446911
87446915
87446964
87447069
87447108
87447135
87447139
87447179
87447197
87447202
87447212
87447226
87447235
87447248
87447251
87447258
87447264
87447318
87447470
87447475
87447486
87447507
87447513
87447532
87447560
87447567
87447588
87447712
87447715
87447764
87447798
87447803
87447822
87447847
87447851
87447870
87447994
87447999
87448018
87448044
87448052
87448066
87448087
87448090
87448100
87448222
87448225
87448278
87448311
87448317
87448340
87448374
87448403
87448540
87448561
87448604
87448632
87448681
87448704
87448829
87451570
87451572
87451573
87451574
87451575
87451576
87451579
87451580
87451584
87451585
87451588
87451589
87451592
87451593
87451654
87451656
87451660
87451661
87451664
87451666
87451668
87451669
87451675
87451677
87453526
87453527
87453529
87453531
87453532
87453534
87453535
87453537
87453539
87453541
87453543
87453550
87453687
87453691
87453693
87453698
87453704
87453721
87453725
87453727
87453728
87453730
87453731
87453743
87453745
87453757
87453761
87453769
87453770
87453908
87454032
87454035
87454210
87454231
87454233
87454235
87454236
87454242
87454306
87454393
87454574
87454678
87454731
87454879
87454924
87454962
87455082
87455100
87455181
87455211
87455254
87455276
87455417
87455442
87455500
87455529
87455583
87455604
87455745
87455765
87455818
87455821
87455829
87455876
87455885
87455890
87455891
87455892
87455893
87455894
87455895
87455896
87455897
87455898
87455899
87455900
87455901
87455905
87455909
87455910
87455911
87455912
87455913
87455914
87455915
87455916
87456069
87456070
87456072
87456073
87456077
87456141
87456151
87456152
87456153
87456154
87456157
87456159
87456161
87456163
87456165
87456167
87456169
87456171
87456174
87456175
87456176
87456177
87456178
87456179
87456208
87456209
87456212
87456214
87456216
87456582
87456583
87456585
87456586
87456588
87456589
87456590
87456596
87456598
87456601
87456602
87456607
87456779
87456782
87456784
87456789
87456790
87456793
87456796
87456798
87458433
87458460
87458478
87458587
87458647
87458703
87458834
87458871
87458919
87459066
87459130
87459165
87459280
87459298
87459316
87459433
87459489
87459519
87459556
87459668
87459687
87459699
87459703
87459724
87459742
87459764
87459876
87459926
87459941
87459958
87459967
87459975
87460078
87460083
87460089
87460099
87460101
87460107
87460116
87460213
87460217
87460347
87460350
87460356
87460390
87460396
87460413
87460433
87460535
87460547
87460601
87460666
87460809
87460905
87460912
87460930
87460982
87461074
87461085
87461137
87461142
87461153
87461171
87461176
87461180
87461230
87461293
87461300
87461311
87461313
87461320
87461331
87461335
87461440
87461538
87461618
87461793
87461830
87461904
87462044
87464578
87464581
87464582
87464584
87464587
87464588
87464590
87464592
87464593
87464596
87464599
87464600
87464646
87464649
87464651
87464658
87464659
87464661
87464662
87464665
87465196
87465202
87465208
87465210
87465212
87465213
87465216
87465218
87465219
87465220
87465221
87465227
87465229
87465242
87465341
87465359
87465384
87465402
87465414
87465418
87465420
87465421
87465422
87465424
87465425
87465433
87465536
87465556
87465613
87465627
87465749
87465758
87465788
87465795
87465841
87465868
87465985
87466021
87466042
87466046
87466063
87466111
87466185
87466189
87466233
87466250
87466299
87466300
87466377
87466512
87466547
87466551
87466569
87466604
87466665
87466673
87466674
87466682
87466689
87466737
87466741
87466742
87466744
87466832
87466868
87466873
87466875
87466877
87466881
87466888
87466911
87466915
87466918
87466919
87466921
87466926
87466962
87466966
87466970
87466971
87466974
87467076
87467107
87467114
87467124
87467130
87467150
87467157
87467210
87467215
87467221
87467222
87467225
87467287
87467293
87467301
87467316
87467446
87467448
87467450
87467455
87467458
87467501
87467503
87467505
87467508
87467513
87467547
87467548
87467549
87467555
87467590
87467699
87467704
87467705
87467716
87467743
87467799
87467804
87467807
87467813
87467819
87467873
87467878
87467880
87467891
87467944
87468052
87468054
87468059
87468066
87468070
87468118
87468120
87468122
87468131
87468136
87468200
87468202
87468205
87468229
87468420
87468423
87468428
87468516
87468519
87468573
87468576
87468701
87468703
87468747
87468749
87468814
87468815
87468981
87468982
87469045
87469046
87469116
87469117
87469229
87469289
87469290
87469319
87469322
87469324
87469325
87469328
87469329
87469331
87469332
87469333
87469334
87469337
87469338
87469341
87469342
87469386
87469387
87469401
87469402
87469405
87469406
87469408
87469409
87469427
87469553
87469652
87469653
87469717
87469718
87469870
87469871
87469920
87469921
87469988
87469989
87470143
87470144
87470232
87470233
87470294
87470295
87470503
87470506
87470596
87470600
87470658
87470662
87470810
87470814
87470926
87470929
87470981
87470984
87471150
87471244
87471433
87471606
87471607
87471689
87471690
87471755
87471756
87471963
87472044
87472140
87472335
87472338
87472435
87472437
87472480
87472483
87472601
87472603
87472635
87472636
87472731
87472732
87472906
87472910
87472993
87472994
87473076
87473077
87473270
87473273
87473371
87473375
87473454
87473456
87473626
87473628
87473730
87473731
87473793
87473910
87473954
87473966
87473970
87474092
87474097
87474156
87474161
87474200
87474347
87474389
87474462
87474645
87474676
87474706
87474830
87474857
87474872
87475016
87475054
87475103
87475248
87475296
87475345
87475512
87476340
87476341
87476343
87476417
87476480
87476541
87476739
87476876
87477810
87477904
87478073
87478191
87478252
87478407
87478483
87478557
87478750
87478821
87478985
87479213
87479265
87479336
87479484
87479564
87479654
87479874
87479944
87480021
87490882
87490924
87490942
87491003
87491004
87491059
87491061
87491118
87491120
87491122
87491123
87491124
87491125
87491128
87491131
87491132
87491135
87491136
87491138
87491140
87491318
87491321
87491322
87491325
87491326
87491328
87491330
87491331
87491332
87491334
87491336
87491338
87491340
87491341
87491343
87491344
87491350
87796234
87796385
87796405
87796412
87796432
87796499
87796569
87796630
87796693
87796756
87797350
87797376
87797443
87797510
87797780
87797785
87797848
87798002
87798093
87798099
87798214
87798223
87798229
87798259
87798264
87798328
87798393
87798461
87798526
87798533
87798646
87798652
87798718
87802024
87809406
87810200
87811013
87811034
87812037
87812896
87812974
87813168
87813474
87813806
87813893
87813898
87814533
88026067
88026075
88026080
88026086
88026090
88026093
88026098
88026102
88026106
88026111
88026115
88026120
88026121
88026128
88026131
88026133
88026136
88026140
88026142
88026145
88274360
88274416
88274484
88274543
88274658
88275493
88275634
88285949
88285951
88286006
88286066
88286124
88286188
88286196
88286248
88286300
88286361
88286420
88286479
88286549
88487055
88487112
88487174
88487231
88487291
88487348
88487404
88487406
88487469
88487531
88487587
88487596
88487649
88487709
88487712
88487714
88487718
88487720
88487725
88487728
88704979
88705045
88705101
88705162
88705167
88705172
88705182
88705186
88705248
88705304
88705332
88705403
88705415
88705554
88705566
88705588
88705667
88705739
88705807
88743795
